-8.00000000 -12.00000000 	800.0000000000
-8.00000000 -11.50000000 	800.0000000000
-8.00000000 -11.00000000 	800.0000000000
-8.00000000 -10.50000000 	800.0000000000
-8.00000000 -10.00000000 	800.0000000000
-8.00000000 -9.50000000 	800.0000000000
-8.00000000 -9.00000000 	800.0000000000
-8.00000000 -8.50000000 	800.0000000000
-8.00000000 -8.00000000 	800.0000000000
-8.00000000 -7.50000000 	800.0000000000
-8.00000000 -7.00000000 	800.0000000000
-8.00000000 -6.50000000 	800.0000000000
-8.00000000 -6.00000000 	800.0000000000
-8.00000000 -5.50000000 	800.0000000000
-8.00000000 -5.00000000 	800.0000000000
-8.00000000 -4.50000000 	800.0000000000
-8.00000000 -4.00000000 	800.0000000000
-8.00000000 -3.50000000 	800.0000000000
-8.00000000 -3.00000000 	800.0000000000
-8.00000000 -2.50000000 	800.0000000000
-8.00000000 -2.00000000 	800.0000000000
-8.00000000 -1.50000000 	800.0000000000
-8.00000000 -1.00000000 	800.0000000000
-8.00000000 -0.50000000 	800.0000000000
-8.00000000 0.00000000 	800.0000000000
-8.00000000 0.50000000 	800.0000000000
-8.00000000 1.00000000 	800.0000000000
-8.00000000 1.50000000 	800.0000000000
-8.00000000 2.00000000 	800.0000000000
-8.00000000 2.50000000 	800.0000000000
-8.00000000 3.00000000 	800.0000000000
-8.00000000 3.50000000 	800.0000000000
-8.00000000 4.00000000 	800.0000000000
-8.00000000 4.50000000 	800.0000000000
-8.00000000 5.00000000 	800.0000000000
-8.00000000 5.50000000 	800.0000000000
-8.00000000 6.00000000 	800.0000000000
-8.00000000 6.50000000 	800.0000000000
-8.00000000 7.00000000 	800.0000000000
-8.00000000 7.50000000 	800.0000000000
-8.00000000 8.00000000 	800.0000000000
-7.50000000 -12.00000000 	800.0000000000
-7.50000000 -11.50000000 	800.0000000000
-7.50000000 -11.00000000 	800.0000000000
-7.50000000 -10.50000000 	800.0000000000
-7.50000000 -10.00000000 	800.0000000000
-7.50000000 -9.50000000 	800.0000000000
-7.50000000 -9.00000000 	800.0000000000
-7.50000000 -8.50000000 	800.0000000000
-7.50000000 -8.00000000 	800.0000000000
-7.50000000 -7.50000000 	800.0000000000
-7.50000000 -7.00000000 	800.0000000000
-7.50000000 -6.50000000 	800.0000000000
-7.50000000 -6.00000000 	800.0000000000
-7.50000000 -5.50000000 	800.0000000000
-7.50000000 -5.00000000 	800.0000000000
-7.50000000 -4.50000000 	800.0000000000
-7.50000000 -4.00000000 	800.0000000000
-7.50000000 -3.50000000 	800.0000000000
-7.50000000 -3.00000000 	800.0000000000
-7.50000000 -2.50000000 	800.0000000000
-7.50000000 -2.00000000 	800.0000000000
-7.50000000 -1.50000000 	800.0000000000
-7.50000000 -1.00000000 	800.0000000000
-7.50000000 -0.50000000 	800.0000000000
-7.50000000 0.00000000 	800.0000000000
-7.50000000 0.50000000 	800.0000000000
-7.50000000 1.00000000 	800.0000000000
-7.50000000 1.50000000 	800.0000000000
-7.50000000 2.00000000 	800.0000000000
-7.50000000 2.50000000 	800.0000000000
-7.50000000 3.00000000 	800.0000000000
-7.50000000 3.50000000 	800.0000000000
-7.50000000 4.00000000 	800.0000000000
-7.50000000 4.50000000 	800.0000000000
-7.50000000 5.00000000 	800.0000000000
-7.50000000 5.50000000 	800.0000000000
-7.50000000 6.00000000 	800.0000000000
-7.50000000 6.50000000 	800.0000000000
-7.50000000 7.00000000 	800.0000000000
-7.50000000 7.50000000 	800.0000000000
-7.50000000 8.00000000 	800.0000000000
-7.00000000 -12.00000000 	800.0000000000
-7.00000000 -11.50000000 	800.0000000000
-7.00000000 -11.00000000 	800.0000000000
-7.00000000 -10.50000000 	800.0000000000
-7.00000000 -10.00000000 	800.0000000000
-7.00000000 -9.50000000 	800.0000000000
-7.00000000 -9.00000000 	800.0000000000
-7.00000000 -8.50000000 	800.0000000000
-7.00000000 -8.00000000 	800.0000000000
-7.00000000 -7.50000000 	800.0000000000
-7.00000000 -7.00000000 	800.0000000000
-7.00000000 -6.50000000 	800.0000000000
-7.00000000 -6.00000000 	800.0000000000
-7.00000000 -5.50000000 	800.0000000000
-7.00000000 -5.00000000 	800.0000000000
-7.00000000 -4.50000000 	800.0000000000
-7.00000000 -4.00000000 	800.0000000000
-7.00000000 -3.50000000 	800.0000000000
-7.00000000 -3.00000000 	800.0000000000
-7.00000000 -2.50000000 	800.0000000000
-7.00000000 -2.00000000 	800.0000000000
-7.00000000 -1.50000000 	800.0000000000
-7.00000000 -1.00000000 	800.0000000000
-7.00000000 -0.50000000 	800.0000000000
-7.00000000 0.00000000 	800.0000000000
-7.00000000 0.50000000 	800.0000000000
-7.00000000 1.00000000 	800.0000000000
-7.00000000 1.50000000 	800.0000000000
-7.00000000 2.00000000 	800.0000000000
-7.00000000 2.50000000 	800.0000000000
-7.00000000 3.00000000 	800.0000000000
-7.00000000 3.50000000 	800.0000000000
-7.00000000 4.00000000 	800.0000000000
-7.00000000 4.50000000 	800.0000000000
-7.00000000 5.00000000 	800.0000000000
-7.00000000 5.50000000 	800.0000000000
-7.00000000 6.00000000 	800.0000000000
-7.00000000 6.50000000 	800.0000000000
-7.00000000 7.00000000 	800.0000000000
-7.00000000 7.50000000 	800.0000000000
-7.00000000 8.00000000 	800.0000000000
-6.50000000 -12.00000000 	800.0000000000
-6.50000000 -11.50000000 	800.0000000000
-6.50000000 -11.00000000 	800.0000000000
-6.50000000 -10.50000000 	800.0000000000
-6.50000000 -10.00000000 	800.0000000000
-6.50000000 -9.50000000 	800.0000000000
-6.50000000 -9.00000000 	800.0000000000
-6.50000000 -8.50000000 	800.0000000000
-6.50000000 -8.00000000 	800.0000000000
-6.50000000 -7.50000000 	800.0000000000
-6.50000000 -7.00000000 	800.0000000000
-6.50000000 -6.50000000 	800.0000000000
-6.50000000 -6.00000000 	800.0000000000
-6.50000000 -5.50000000 	800.0000000000
-6.50000000 -5.00000000 	800.0000000000
-6.50000000 -4.50000000 	800.0000000000
-6.50000000 -4.00000000 	800.0000000000
-6.50000000 -3.50000000 	800.0000000000
-6.50000000 -3.00000000 	800.0000000000
-6.50000000 -2.50000000 	800.0000000000
-6.50000000 -2.00000000 	800.0000000000
-6.50000000 -1.50000000 	800.0000000000
-6.50000000 -1.00000000 	800.0000000000
-6.50000000 -0.50000000 	800.0000000000
-6.50000000 0.00000000 	800.0000000000
-6.50000000 0.50000000 	800.0000000000
-6.50000000 1.00000000 	800.0000000000
-6.50000000 1.50000000 	800.0000000000
-6.50000000 2.00000000 	800.0000000000
-6.50000000 2.50000000 	800.0000000000
-6.50000000 3.00000000 	800.0000000000
-6.50000000 3.50000000 	800.0000000000
-6.50000000 4.00000000 	800.0000000000
-6.50000000 4.50000000 	800.0000000000
-6.50000000 5.00000000 	800.0000000000
-6.50000000 5.50000000 	800.0000000000
-6.50000000 6.00000000 	800.0000000000
-6.50000000 6.50000000 	800.0000000000
-6.50000000 7.00000000 	800.0000000000
-6.50000000 7.50000000 	800.0000000000
-6.50000000 8.00000000 	800.0000000000
-6.00000000 -12.00000000 	800.0000000000
-6.00000000 -11.50000000 	800.0000000000
-6.00000000 -11.00000000 	800.0000000000
-6.00000000 -10.50000000 	800.0000000000
-6.00000000 -10.00000000 	800.0000000000
-6.00000000 -9.50000000 	800.0000000000
-6.00000000 -9.00000000 	800.0000000000
-6.00000000 -8.50000000 	800.0000000000
-6.00000000 -8.00000000 	800.0000000000
-6.00000000 -7.50000000 	800.0000000000
-6.00000000 -7.00000000 	800.0000000000
-6.00000000 -6.50000000 	800.0000000000
-6.00000000 -6.00000000 	800.0000000000
-6.00000000 -5.50000000 	800.0000000000
-6.00000000 -5.00000000 	800.0000000000
-6.00000000 -4.50000000 	800.0000000000
-6.00000000 -4.00000000 	800.0000000000
-6.00000000 -3.50000000 	800.0000000000
-6.00000000 -3.00000000 	800.0000000000
-6.00000000 -2.50000000 	800.0000000000
-6.00000000 -2.00000000 	800.0000000000
-6.00000000 -1.50000000 	800.0000000000
-6.00000000 -1.00000000 	800.0000000000
-6.00000000 -0.50000000 	800.0000000000
-6.00000000 0.00000000 	800.0000000000
-6.00000000 0.50000000 	800.0000000000
-6.00000000 1.00000000 	800.0000000000
-6.00000000 1.50000000 	800.0000000000
-6.00000000 2.00000000 	800.0000000000
-6.00000000 2.50000000 	800.0000000000
-6.00000000 3.00000000 	800.0000000000
-6.00000000 3.50000000 	800.0000000000
-6.00000000 4.00000000 	800.0000000000
-6.00000000 4.50000000 	800.0000000000
-6.00000000 5.00000000 	800.0000000000
-6.00000000 5.50000000 	800.0000000000
-6.00000000 6.00000000 	800.0000000000
-6.00000000 6.50000000 	800.0000000000
-6.00000000 7.00000000 	800.0000000000
-6.00000000 7.50000000 	800.0000000000
-6.00000000 8.00000000 	800.0000000000
-5.50000000 -12.00000000 	800.0000000000
-5.50000000 -11.50000000 	800.0000000000
-5.50000000 -11.00000000 	800.0000000000
-5.50000000 -10.50000000 	800.0000000000
-5.50000000 -10.00000000 	800.0000000000
-5.50000000 -9.50000000 	800.0000000000
-5.50000000 -9.00000000 	800.0000000000
-5.50000000 -8.50000000 	800.0000000000
-5.50000000 -8.00000000 	800.0000000000
-5.50000000 -7.50000000 	800.0000000000
-5.50000000 -7.00000000 	800.0000000000
-5.50000000 -6.50000000 	800.0000000000
-5.50000000 -6.00000000 	800.0000000000
-5.50000000 -5.50000000 	800.0000000000
-5.50000000 -5.00000000 	800.0000000000
-5.50000000 -4.50000000 	800.0000000000
-5.50000000 -4.00000000 	800.0000000000
-5.50000000 -3.50000000 	800.0000000000
-5.50000000 -3.00000000 	800.0000000000
-5.50000000 -2.50000000 	800.0000000000
-5.50000000 -2.00000000 	800.0000000000
-5.50000000 -1.50000000 	800.0000000000
-5.50000000 -1.00000000 	800.0000000000
-5.50000000 -0.50000000 	800.0000000000
-5.50000000 0.00000000 	800.0000000000
-5.50000000 0.50000000 	800.0000000000
-5.50000000 1.00000000 	800.0000000000
-5.50000000 1.50000000 	800.0000000000
-5.50000000 2.00000000 	800.0000000000
-5.50000000 2.50000000 	800.0000000000
-5.50000000 3.00000000 	800.0000000000
-5.50000000 3.50000000 	800.0000000000
-5.50000000 4.00000000 	800.0000000000
-5.50000000 4.50000000 	800.0000000000
-5.50000000 5.00000000 	800.0000000000
-5.50000000 5.50000000 	800.0000000000
-5.50000000 6.00000000 	800.0000000000
-5.50000000 6.50000000 	800.0000000000
-5.50000000 7.00000000 	800.0000000000
-5.50000000 7.50000000 	800.0000000000
-5.50000000 8.00000000 	800.0000000000
-5.00000000 -12.00000000 	800.0000000000
-5.00000000 -11.50000000 	800.0000000000
-5.00000000 -11.00000000 	800.0000000000
-5.00000000 -10.50000000 	800.0000000000
-5.00000000 -10.00000000 	800.0000000000
-5.00000000 -9.50000000 	800.0000000000
-5.00000000 -9.00000000 	800.0000000000
-5.00000000 -8.50000000 	800.0000000000
-5.00000000 -8.00000000 	800.0000000000
-5.00000000 -7.50000000 	800.0000000000
-5.00000000 -7.00000000 	800.0000000000
-5.00000000 -6.50000000 	800.0000000000
-5.00000000 -6.00000000 	800.0000000000
-5.00000000 -5.50000000 	800.0000000000
-5.00000000 -5.00000000 	800.0000000000
-5.00000000 -4.50000000 	800.0000000000
-5.00000000 -4.00000000 	800.0000000000
-5.00000000 -3.50000000 	800.0000000000
-5.00000000 -3.00000000 	800.0000000000
-5.00000000 -2.50000000 	800.0000000000
-5.00000000 -2.00000000 	800.0000000000
-5.00000000 -1.50000000 	800.0000000000
-5.00000000 -1.00000000 	800.0000000000
-5.00000000 -0.50000000 	800.0000000000
-5.00000000 0.00000000 	800.0000000000
-5.00000000 0.50000000 	800.0000000000
-5.00000000 1.00000000 	800.0000000000
-5.00000000 1.50000000 	800.0000000000
-5.00000000 2.00000000 	800.0000000000
-5.00000000 2.50000000 	800.0000000000
-5.00000000 3.00000000 	800.0000000000
-5.00000000 3.50000000 	800.0000000000
-5.00000000 4.00000000 	800.0000000000
-5.00000000 4.50000000 	800.0000000000
-5.00000000 5.00000000 	800.0000000000
-5.00000000 5.50000000 	800.0000000000
-5.00000000 6.00000000 	800.0000000000
-5.00000000 6.50000000 	800.0000000000
-5.00000000 7.00000000 	800.0000000000
-5.00000000 7.50000000 	800.0000000000
-5.00000000 8.00000000 	800.0000000000
-4.50000000 -12.00000000 	800.0000000000
-4.50000000 -11.50000000 	800.0000000000
-4.50000000 -11.00000000 	800.0000000000
-4.50000000 -10.50000000 	800.0000000000
-4.50000000 -10.00000000 	800.0000000000
-4.50000000 -9.50000000 	800.0000000000
-4.50000000 -9.00000000 	800.0000000000
-4.50000000 -8.50000000 	800.0000000000
-4.50000000 -8.00000000 	800.0000000000
-4.50000000 -7.50000000 	800.0000000000
-4.50000000 -7.00000000 	800.0000000000
-4.50000000 -6.50000000 	800.0000000000
-4.50000000 -6.00000000 	800.0000000000
-4.50000000 -5.50000000 	800.0000000000
-4.50000000 -5.00000000 	800.0000000000
-4.50000000 -4.50000000 	800.0000000000
-4.50000000 -4.00000000 	800.0000000000
-4.50000000 -3.50000000 	800.0000000000
-4.50000000 -3.00000000 	800.0000000000
-4.50000000 -2.50000000 	800.0000000000
-4.50000000 -2.00000000 	800.0000000000
-4.50000000 -1.50000000 	800.0000000000
-4.50000000 -1.00000000 	800.0000000000
-4.50000000 -0.50000000 	800.0000000000
-4.50000000 0.00000000 	800.0000000000
-4.50000000 0.50000000 	800.0000000000
-4.50000000 1.00000000 	800.0000000000
-4.50000000 1.50000000 	800.0000000000
-4.50000000 2.00000000 	800.0000000000
-4.50000000 2.50000000 	800.0000000000
-4.50000000 3.00000000 	800.0000000000
-4.50000000 3.50000000 	800.0000000000
-4.50000000 4.00000000 	800.0000000000
-4.50000000 4.50000000 	800.0000000000
-4.50000000 5.00000000 	800.0000000000
-4.50000000 5.50000000 	800.0000000000
-4.50000000 6.00000000 	800.0000000000
-4.50000000 6.50000000 	800.0000000000
-4.50000000 7.00000000 	800.0000000000
-4.50000000 7.50000000 	800.0000000000
-4.50000000 8.00000000 	800.0000000000
-4.00000000 -12.00000000 	800.0000000000
-4.00000000 -11.50000000 	800.0000000000
-4.00000000 -11.00000000 	800.0000000000
-4.00000000 -10.50000000 	800.0000000000
-4.00000000 -10.00000000 	800.0000000000
-4.00000000 -9.50000000 	800.0000000000
-4.00000000 -9.00000000 	800.0000000000
-4.00000000 -8.50000000 	800.0000000000
-4.00000000 -8.00000000 	800.0000000000
-4.00000000 -7.50000000 	800.0000000000
-4.00000000 -7.00000000 	800.0000000000
-4.00000000 -6.50000000 	800.0000000000
-4.00000000 -6.00000000 	800.0000000000
-4.00000000 -5.50000000 	800.0000000000
-4.00000000 -5.00000000 	800.0000000000
-4.00000000 -4.50000000 	800.0000000000
-4.00000000 -4.00000000 	800.0000000000
-4.00000000 -3.50000000 	800.0000000000
-4.00000000 -3.00000000 	800.0000000000
-4.00000000 -2.50000000 	800.0000000000
-4.00000000 -2.00000000 	800.0000000000
-4.00000000 -1.50000000 	800.0000000000
-4.00000000 -1.00000000 	800.0000000000
-4.00000000 -0.50000000 	800.0000000000
-4.00000000 0.00000000 	800.0000000000
-4.00000000 0.50000000 	800.0000000000
-4.00000000 1.00000000 	800.0000000000
-4.00000000 1.50000000 	800.0000000000
-4.00000000 2.00000000 	800.0000000000
-4.00000000 2.50000000 	800.0000000000
-4.00000000 3.00000000 	800.0000000000
-4.00000000 3.50000000 	800.0000000000
-4.00000000 4.00000000 	800.0000000000
-4.00000000 4.50000000 	800.0000000000
-4.00000000 5.00000000 	800.0000000000
-4.00000000 5.50000000 	800.0000000000
-4.00000000 6.00000000 	800.0000000000
-4.00000000 6.50000000 	800.0000000000
-4.00000000 7.00000000 	800.0000000000
-4.00000000 7.50000000 	800.0000000000
-4.00000000 8.00000000 	800.0000000000
-3.50000000 -12.00000000 	800.0000000000
-3.50000000 -11.50000000 	800.0000000000
-3.50000000 -11.00000000 	800.0000000000
-3.50000000 -10.50000000 	800.0000000000
-3.50000000 -10.00000000 	800.0000000000
-3.50000000 -9.50000000 	800.0000000000
-3.50000000 -9.00000000 	800.0000000000
-3.50000000 -8.50000000 	800.0000000000
-3.50000000 -8.00000000 	800.0000000000
-3.50000000 -7.50000000 	800.0000000000
-3.50000000 -7.00000000 	800.0000000000
-3.50000000 -6.50000000 	800.0000000000
-3.50000000 -6.00000000 	800.0000000000
-3.50000000 -5.50000000 	800.0000000000
-3.50000000 -5.00000000 	800.0000000000
-3.50000000 -4.50000000 	800.0000000000
-3.50000000 -4.00000000 	800.0000000000
-3.50000000 -3.50000000 	800.0000000000
-3.50000000 -3.00000000 	800.0000000000
-3.50000000 -2.50000000 	800.0000000000
-3.50000000 -2.00000000 	800.0000000000
-3.50000000 -1.50000000 	800.0000000000
-3.50000000 -1.00000000 	800.0000000000
-3.50000000 -0.50000000 	800.0000000000
-3.50000000 0.00000000 	800.0000000000
-3.50000000 0.50000000 	800.0000000000
-3.50000000 1.00000000 	800.0000000000
-3.50000000 1.50000000 	800.0000000000
-3.50000000 2.00000000 	800.0000000000
-3.50000000 2.50000000 	800.0000000000
-3.50000000 3.00000000 	800.0000000000
-3.50000000 3.50000000 	800.0000000000
-3.50000000 4.00000000 	800.0000000000
-3.50000000 4.50000000 	800.0000000000
-3.50000000 5.00000000 	800.0000000000
-3.50000000 5.50000000 	800.0000000000
-3.50000000 6.00000000 	800.0000000000
-3.50000000 6.50000000 	800.0000000000
-3.50000000 7.00000000 	800.0000000000
-3.50000000 7.50000000 	800.0000000000
-3.50000000 8.00000000 	800.0000000000
-3.00000000 -12.00000000 	800.0000000000
-3.00000000 -11.50000000 	800.0000000000
-3.00000000 -11.00000000 	800.0000000000
-3.00000000 -10.50000000 	800.0000000000
-3.00000000 -10.00000000 	800.0000000000
-3.00000000 -9.50000000 	800.0000000000
-3.00000000 -9.00000000 	800.0000000000
-3.00000000 -8.50000000 	800.0000000000
-3.00000000 -8.00000000 	800.0000000000
-3.00000000 -7.50000000 	800.0000000000
-3.00000000 -7.00000000 	800.0000000000
-3.00000000 -6.50000000 	800.0000000000
-3.00000000 -6.00000000 	800.0000000000
-3.00000000 -5.50000000 	800.0000000000
-3.00000000 -5.00000000 	800.0000000000
-3.00000000 -4.50000000 	800.0000000000
-3.00000000 -4.00000000 	800.0000000000
-3.00000000 -3.50000000 	800.0000000000
-3.00000000 -3.00000000 	800.0000000000
-3.00000000 -2.50000000 	800.0000000000
-3.00000000 -2.00000000 	800.0000000000
-3.00000000 -1.50000000 	800.0000000000
-3.00000000 -1.00000000 	800.0000000000
-3.00000000 -0.50000000 	800.0000000000
-3.00000000 0.00000000 	800.0000000000
-3.00000000 0.50000000 	800.0000000000
-3.00000000 1.00000000 	800.0000000000
-3.00000000 1.50000000 	800.0000000000
-3.00000000 2.00000000 	800.0000000000
-3.00000000 2.50000000 	800.0000000000
-3.00000000 3.00000000 	800.0000000000
-3.00000000 3.50000000 	800.0000000000
-3.00000000 4.00000000 	800.0000000000
-3.00000000 4.50000000 	800.0000000000
-3.00000000 5.00000000 	800.0000000000
-3.00000000 5.50000000 	800.0000000000
-3.00000000 6.00000000 	800.0000000000
-3.00000000 6.50000000 	800.0000000000
-3.00000000 7.00000000 	800.0000000000
-3.00000000 7.50000000 	800.0000000000
-3.00000000 8.00000000 	800.0000000000
-2.50000000 -12.00000000 	800.0000000000
-2.50000000 -11.50000000 	800.0000000000
-2.50000000 -11.00000000 	800.0000000000
-2.50000000 -10.50000000 	800.0000000000
-2.50000000 -10.00000000 	800.0000000000
-2.50000000 -9.50000000 	800.0000000000
-2.50000000 -9.00000000 	800.0000000000
-2.50000000 -8.50000000 	800.0000000000
-2.50000000 -8.00000000 	800.0000000000
-2.50000000 -7.50000000 	800.0000000000
-2.50000000 -7.00000000 	800.0000000000
-2.50000000 -6.50000000 	800.0000000000
-2.50000000 -6.00000000 	800.0000000000
-2.50000000 -5.50000000 	800.0000000000
-2.50000000 -5.00000000 	800.0000000000
-2.50000000 -4.50000000 	800.0000000000
-2.50000000 -4.00000000 	800.0000000000
-2.50000000 -3.50000000 	800.0000000000
-2.50000000 -3.00000000 	800.0000000000
-2.50000000 -2.50000000 	800.0000000000
-2.50000000 -2.00000000 	800.0000000000
-2.50000000 -1.50000000 	800.0000000000
-2.50000000 -1.00000000 	800.0000000000
-2.50000000 -0.50000000 	800.0000000000
-2.50000000 0.00000000 	800.0000000000
-2.50000000 0.50000000 	800.0000000000
-2.50000000 1.00000000 	800.0000000000
-2.50000000 1.50000000 	800.0000000000
-2.50000000 2.00000000 	800.0000000000
-2.50000000 2.50000000 	800.0000000000
-2.50000000 3.00000000 	800.0000000000
-2.50000000 3.50000000 	800.0000000000
-2.50000000 4.00000000 	800.0000000000
-2.50000000 4.50000000 	800.0000000000
-2.50000000 5.00000000 	800.0000000000
-2.50000000 5.50000000 	800.0000000000
-2.50000000 6.00000000 	800.0000000000
-2.50000000 6.50000000 	800.0000000000
-2.50000000 7.00000000 	800.0000000000
-2.50000000 7.50000000 	800.0000000000
-2.50000000 8.00000000 	800.0000000000
-2.00000000 -12.00000000 	800.0000000000
-2.00000000 -11.50000000 	800.0000000000
-2.00000000 -11.00000000 	800.0000000000
-2.00000000 -10.50000000 	800.0000000000
-2.00000000 -10.00000000 	800.0000000000
-2.00000000 -9.50000000 	800.0000000000
-2.00000000 -9.00000000 	800.0000000000
-2.00000000 -8.50000000 	800.0000000000
-2.00000000 -8.00000000 	800.0000000000
-2.00000000 -7.50000000 	800.0000000000
-2.00000000 -7.00000000 	800.0000000000
-2.00000000 -6.50000000 	800.0000000000
-2.00000000 -6.00000000 	800.0000000000
-2.00000000 -5.50000000 	800.0000000000
-2.00000000 -5.00000000 	800.0000000000
-2.00000000 -4.50000000 	800.0000000000
-2.00000000 -4.00000000 	800.0000000000
-2.00000000 -3.50000000 	800.0000000000
-2.00000000 -3.00000000 	800.0000000000
-2.00000000 -2.50000000 	800.0000000000
-2.00000000 -2.00000000 	800.0000000000
-2.00000000 -1.50000000 	800.0000000000
-2.00000000 -1.00000000 	800.0000000000
-2.00000000 -0.50000000 	800.0000000000
-2.00000000 0.00000000 	800.0000000000
-2.00000000 0.50000000 	800.0000000000
-2.00000000 1.00000000 	800.0000000000
-2.00000000 1.50000000 	800.0000000000
-2.00000000 2.00000000 	800.0000000000
-2.00000000 2.50000000 	800.0000000000
-2.00000000 3.00000000 	800.0000000000
-2.00000000 3.50000000 	800.0000000000
-2.00000000 4.00000000 	800.0000000000
-2.00000000 4.50000000 	800.0000000000
-2.00000000 5.00000000 	800.0000000000
-2.00000000 5.50000000 	800.0000000000
-2.00000000 6.00000000 	800.0000000000
-2.00000000 6.50000000 	800.0000000000
-2.00000000 7.00000000 	800.0000000000
-2.00000000 7.50000000 	800.0000000000
-2.00000000 8.00000000 	800.0000000000
-1.50000000 -12.00000000 	800.0000000000
-1.50000000 -11.50000000 	800.0000000000
-1.50000000 -11.00000000 	800.0000000000
-1.50000000 -10.50000000 	800.0000000000
-1.50000000 -10.00000000 	800.0000000000
-1.50000000 -9.50000000 	800.0000000000
-1.50000000 -9.00000000 	800.0000000000
-1.50000000 -8.50000000 	800.0000000000
-1.50000000 -8.00000000 	800.0000000000
-1.50000000 -7.50000000 	800.0000000000
-1.50000000 -7.00000000 	800.0000000000
-1.50000000 -6.50000000 	800.0000000000
-1.50000000 -6.00000000 	800.0000000000
-1.50000000 -5.50000000 	800.0000000000
-1.50000000 -5.00000000 	800.0000000000
-1.50000000 -4.50000000 	800.0000000000
-1.50000000 -4.00000000 	800.0000000000
-1.50000000 -3.50000000 	800.0000000000
-1.50000000 -3.00000000 	800.0000000000
-1.50000000 -2.50000000 	800.0000000000
-1.50000000 -2.00000000 	800.0000000000
-1.50000000 -1.50000000 	800.0000000000
-1.50000000 -1.00000000 	800.0000000000
-1.50000000 -0.50000000 	800.0000000000
-1.50000000 0.00000000 	800.0000000000
-1.50000000 0.50000000 	800.0000000000
-1.50000000 1.00000000 	800.0000000000
-1.50000000 1.50000000 	800.0000000000
-1.50000000 2.00000000 	800.0000000000
-1.50000000 2.50000000 	800.0000000000
-1.50000000 3.00000000 	800.0000000000
-1.50000000 3.50000000 	800.0000000000
-1.50000000 4.00000000 	800.0000000000
-1.50000000 4.50000000 	800.0000000000
-1.50000000 5.00000000 	800.0000000000
-1.50000000 5.50000000 	800.0000000000
-1.50000000 6.00000000 	800.0000000000
-1.50000000 6.50000000 	800.0000000000
-1.50000000 7.00000000 	800.0000000000
-1.50000000 7.50000000 	800.0000000000
-1.50000000 8.00000000 	800.0000000000
-1.00000000 -12.00000000 	799.9853049610
-1.00000000 -11.50000000 	799.9853049610
-1.00000000 -11.00000000 	799.9853049610
-1.00000000 -10.50000000 	799.9853049610
-1.00000000 -10.00000000 	799.9853049610
-1.00000000 -9.50000000 	799.9853049610
-1.00000000 -9.00000000 	799.9853049610
-1.00000000 -8.50000000 	799.9853049610
-1.00000000 -8.00000000 	799.9853049610
-1.00000000 -7.50000000 	799.9853049610
-1.00000000 -7.00000000 	799.9853049610
-1.00000000 -6.50000000 	799.9853049610
-1.00000000 -6.00000000 	799.9853049610
-1.00000000 -5.50000000 	799.9853049610
-1.00000000 -5.00000000 	799.9853049610
-1.00000000 -4.50000000 	799.9853049610
-1.00000000 -4.00000000 	799.9853049610
-1.00000000 -3.50000000 	799.9853049610
-1.00000000 -3.00000000 	799.9853049610
-1.00000000 -2.50000000 	799.9853049610
-1.00000000 -2.00000000 	799.9853049610
-1.00000000 -1.50000000 	799.9853049610
-1.00000000 -1.00000000 	799.9853049610
-1.00000000 -0.50000000 	799.9853049610
-1.00000000 0.00000000 	799.9853049610
-1.00000000 0.50000000 	799.9853049610
-1.00000000 1.00000000 	799.9853049610
-1.00000000 1.50000000 	799.9853049610
-1.00000000 2.00000000 	799.9853049610
-1.00000000 2.50000000 	799.9853049610
-1.00000000 3.00000000 	799.9853049610
-1.00000000 3.50000000 	799.9853049610
-1.00000000 4.00000000 	799.9853049610
-1.00000000 4.50000000 	799.9853049610
-1.00000000 5.00000000 	799.9853049610
-1.00000000 5.50000000 	799.9853049610
-1.00000000 6.00000000 	799.9853049610
-1.00000000 6.50000000 	799.9853049610
-1.00000000 7.00000000 	799.9853049610
-1.00000000 7.50000000 	799.9853049610
-1.00000000 8.00000000 	799.9853049610
-0.50000000 -12.00000000 	799.7296495419
-0.50000000 -11.50000000 	799.7296495419
-0.50000000 -11.00000000 	799.7296495419
-0.50000000 -10.50000000 	799.7296495419
-0.50000000 -10.00000000 	799.7296495419
-0.50000000 -9.50000000 	799.7296495419
-0.50000000 -9.00000000 	799.7296495419
-0.50000000 -8.50000000 	799.7296495419
-0.50000000 -8.00000000 	799.7296495419
-0.50000000 -7.50000000 	799.7296495419
-0.50000000 -7.00000000 	799.7296495419
-0.50000000 -6.50000000 	799.7296495419
-0.50000000 -6.00000000 	799.7296495419
-0.50000000 -5.50000000 	799.7296495419
-0.50000000 -5.00000000 	799.7296495419
-0.50000000 -4.50000000 	799.7296495419
-0.50000000 -4.00000000 	799.7296495419
-0.50000000 -3.50000000 	799.7296495419
-0.50000000 -3.00000000 	799.7296495419
-0.50000000 -2.50000000 	799.7296495419
-0.50000000 -2.00000000 	799.7296495419
-0.50000000 -1.50000000 	799.7296495419
-0.50000000 -1.00000000 	799.7296495419
-0.50000000 -0.50000000 	799.7296495419
-0.50000000 0.00000000 	799.7296495419
-0.50000000 0.50000000 	799.7296495419
-0.50000000 1.00000000 	799.7296495419
-0.50000000 1.50000000 	799.7296495419
-0.50000000 2.00000000 	799.7296495419
-0.50000000 2.50000000 	799.7296495419
-0.50000000 3.00000000 	799.7296495419
-0.50000000 3.50000000 	799.7296495419
-0.50000000 4.00000000 	799.7296495419
-0.50000000 4.50000000 	799.7296495419
-0.50000000 5.00000000 	799.7296495419
-0.50000000 5.50000000 	799.7296495419
-0.50000000 6.00000000 	799.7296495419
-0.50000000 6.50000000 	799.7296495419
-0.50000000 7.00000000 	799.7296495419
-0.50000000 7.50000000 	799.7296495419
-0.50000000 8.00000000 	799.7296495419
0.00000000 -12.00000000 	778.5555787540
0.00000000 -11.50000000 	778.5555787540
0.00000000 -11.00000000 	778.5555787540
0.00000000 -10.50000000 	778.5555787540
0.00000000 -10.00000000 	778.5555787540
0.00000000 -9.50000000 	778.5555787540
0.00000000 -9.00000000 	778.5555787540
0.00000000 -8.50000000 	778.5555787540
0.00000000 -8.00000000 	778.5555787540
0.00000000 -7.50000000 	778.5555787540
0.00000000 -7.00000000 	778.5555787540
0.00000000 -6.50000000 	778.5555787540
0.00000000 -6.00000000 	778.5555787540
0.00000000 -5.50000000 	778.5555787540
0.00000000 -5.00000000 	778.5555787540
0.00000000 -4.50000000 	778.5555787540
0.00000000 -4.00000000 	778.5555787540
0.00000000 -3.50000000 	778.5555787540
0.00000000 -3.00000000 	778.5555787540
0.00000000 -2.50000000 	778.5555787540
0.00000000 -2.00000000 	778.5555787540
0.00000000 -1.50000000 	778.5555787540
0.00000000 -1.00000000 	778.5555787540
0.00000000 -0.50000000 	778.5555787540
0.00000000 0.00000000 	778.5555787540
0.00000000 0.50000000 	778.5555787540
0.00000000 1.00000000 	778.5555787540
0.00000000 1.50000000 	778.5555787540
0.00000000 2.00000000 	778.5555787540
0.00000000 2.50000000 	778.5555787540
0.00000000 3.00000000 	778.5555787540
0.00000000 3.50000000 	778.5555787540
0.00000000 4.00000000 	778.5555787540
0.00000000 4.50000000 	778.5555787540
0.00000000 5.00000000 	778.5555787540
0.00000000 5.50000000 	778.5555787540
0.00000000 6.00000000 	778.5555787540
0.00000000 6.50000000 	778.5555787540
0.00000000 7.00000000 	778.5555787540
0.00000000 7.50000000 	778.5555787540
0.00000000 8.00000000 	778.5555787540
0.50000000 -12.00000000 	778.5555787540
0.50000000 -11.50000000 	778.5555787540
0.50000000 -11.00000000 	778.5555787540
0.50000000 -10.50000000 	778.5555787540
0.50000000 -10.00000000 	778.5555787540
0.50000000 -9.50000000 	778.5555787540
0.50000000 -9.00000000 	778.5555787540
0.50000000 -8.50000000 	778.5555787540
0.50000000 -8.00000000 	778.5555787540
0.50000000 -7.50000000 	778.5555787540
0.50000000 -7.00000000 	778.5555787540
0.50000000 -6.50000000 	778.5555787540
0.50000000 -6.00000000 	778.5555787540
0.50000000 -5.50000000 	778.5555787540
0.50000000 -5.00000000 	778.5555787540
0.50000000 -4.50000000 	778.5555787540
0.50000000 -4.00000000 	778.5555787540
0.50000000 -3.50000000 	778.5555787540
0.50000000 -3.00000000 	778.5555787540
0.50000000 -2.50000000 	778.5555787540
0.50000000 -2.00000000 	778.5555787540
0.50000000 -1.50000000 	778.5555787540
0.50000000 -1.00000000 	778.5555787540
0.50000000 -0.50000000 	778.5555787540
0.50000000 0.00000000 	778.5555787540
0.50000000 0.50000000 	778.5555787540
0.50000000 1.00000000 	778.5555787540
0.50000000 1.50000000 	778.5555787540
0.50000000 2.00000000 	778.5555787540
0.50000000 2.50000000 	778.5555787540
0.50000000 3.00000000 	778.5555787540
0.50000000 3.50000000 	778.5555787540
0.50000000 4.00000000 	778.5555787540
0.50000000 4.50000000 	778.5555787540
0.50000000 5.00000000 	778.5555787540
0.50000000 5.50000000 	778.5555787540
0.50000000 6.00000000 	778.5555787540
0.50000000 6.50000000 	778.5555787540
0.50000000 7.00000000 	778.5555787540
0.50000000 7.50000000 	778.5555787540
0.50000000 8.00000000 	778.5555787540
1.00000000 -12.00000000 	799.7296495419
1.00000000 -11.50000000 	799.7296495419
1.00000000 -11.00000000 	799.7296495419
1.00000000 -10.50000000 	799.7296495419
1.00000000 -10.00000000 	799.7296495419
1.00000000 -9.50000000 	799.7296495419
1.00000000 -9.00000000 	799.7296495419
1.00000000 -8.50000000 	799.7296495419
1.00000000 -8.00000000 	799.7296495419
1.00000000 -7.50000000 	799.7296495419
1.00000000 -7.00000000 	799.7296495419
1.00000000 -6.50000000 	799.7296495419
1.00000000 -6.00000000 	799.7296495419
1.00000000 -5.50000000 	799.7296495419
1.00000000 -5.00000000 	799.7296495419
1.00000000 -4.50000000 	799.7296495419
1.00000000 -4.00000000 	799.7296495419
1.00000000 -3.50000000 	799.7296495419
1.00000000 -3.00000000 	799.7296495419
1.00000000 -2.50000000 	799.7296495419
1.00000000 -2.00000000 	799.7296495419
1.00000000 -1.50000000 	799.7296495419
1.00000000 -1.00000000 	799.7296495419
1.00000000 -0.50000000 	799.7296495419
1.00000000 0.00000000 	799.7296495419
1.00000000 0.50000000 	799.7296495419
1.00000000 1.00000000 	799.7296495419
1.00000000 1.50000000 	799.7296495419
1.00000000 2.00000000 	799.7296495419
1.00000000 2.50000000 	799.7296495419
1.00000000 3.00000000 	799.7296495419
1.00000000 3.50000000 	799.7296495419
1.00000000 4.00000000 	799.7296495419
1.00000000 4.50000000 	799.7296495419
1.00000000 5.00000000 	799.7296495419
1.00000000 5.50000000 	799.7296495419
1.00000000 6.00000000 	799.7296495419
1.00000000 6.50000000 	799.7296495419
1.00000000 7.00000000 	799.7296495419
1.00000000 7.50000000 	799.7296495419
1.00000000 8.00000000 	799.7296495419
1.50000000 -12.00000000 	799.9853049610
1.50000000 -11.50000000 	799.9853049610
1.50000000 -11.00000000 	799.9853049610
1.50000000 -10.50000000 	799.9853049610
1.50000000 -10.00000000 	799.9853049610
1.50000000 -9.50000000 	799.9853049610
1.50000000 -9.00000000 	799.9853049610
1.50000000 -8.50000000 	799.9853049610
1.50000000 -8.00000000 	799.9853049610
1.50000000 -7.50000000 	799.9853049610
1.50000000 -7.00000000 	799.9853049610
1.50000000 -6.50000000 	799.9853049610
1.50000000 -6.00000000 	799.9853049610
1.50000000 -5.50000000 	799.9853049610
1.50000000 -5.00000000 	799.9853049610
1.50000000 -4.50000000 	799.9853049610
1.50000000 -4.00000000 	799.9853049610
1.50000000 -3.50000000 	799.9853049610
1.50000000 -3.00000000 	799.9853049610
1.50000000 -2.50000000 	799.9853049610
1.50000000 -2.00000000 	799.9853049610
1.50000000 -1.50000000 	799.9853049610
1.50000000 -1.00000000 	799.9853049610
1.50000000 -0.50000000 	799.9853049610
1.50000000 0.00000000 	799.9853049610
1.50000000 0.50000000 	799.9853049610
1.50000000 1.00000000 	799.9853049610
1.50000000 1.50000000 	799.9853049610
1.50000000 2.00000000 	799.9853049610
1.50000000 2.50000000 	799.9853049610
1.50000000 3.00000000 	799.9853049610
1.50000000 3.50000000 	799.9853049610
1.50000000 4.00000000 	799.9853049610
1.50000000 4.50000000 	799.9853049610
1.50000000 5.00000000 	799.9853049610
1.50000000 5.50000000 	799.9853049610
1.50000000 6.00000000 	799.9853049610
1.50000000 6.50000000 	799.9853049610
1.50000000 7.00000000 	799.9853049610
1.50000000 7.50000000 	799.9853049610
1.50000000 8.00000000 	799.9853049610
2.00000000 -12.00000000 	800.0000000000
2.00000000 -11.50000000 	800.0000000000
2.00000000 -11.00000000 	800.0000000000
2.00000000 -10.50000000 	800.0000000000
2.00000000 -10.00000000 	800.0000000000
2.00000000 -9.50000000 	800.0000000000
2.00000000 -9.00000000 	800.0000000000
2.00000000 -8.50000000 	800.0000000000
2.00000000 -8.00000000 	800.0000000000
2.00000000 -7.50000000 	800.0000000000
2.00000000 -7.00000000 	800.0000000000
2.00000000 -6.50000000 	800.0000000000
2.00000000 -6.00000000 	800.0000000000
2.00000000 -5.50000000 	800.0000000000
2.00000000 -5.00000000 	800.0000000000
2.00000000 -4.50000000 	800.0000000000
2.00000000 -4.00000000 	800.0000000000
2.00000000 -3.50000000 	800.0000000000
2.00000000 -3.00000000 	800.0000000000
2.00000000 -2.50000000 	800.0000000000
2.00000000 -2.00000000 	800.0000000000
2.00000000 -1.50000000 	800.0000000000
2.00000000 -1.00000000 	800.0000000000
2.00000000 -0.50000000 	800.0000000000
2.00000000 0.00000000 	800.0000000000
2.00000000 0.50000000 	800.0000000000
2.00000000 1.00000000 	800.0000000000
2.00000000 1.50000000 	800.0000000000
2.00000000 2.00000000 	800.0000000000
2.00000000 2.50000000 	800.0000000000
2.00000000 3.00000000 	800.0000000000
2.00000000 3.50000000 	800.0000000000
2.00000000 4.00000000 	800.0000000000
2.00000000 4.50000000 	800.0000000000
2.00000000 5.00000000 	800.0000000000
2.00000000 5.50000000 	800.0000000000
2.00000000 6.00000000 	800.0000000000
2.00000000 6.50000000 	800.0000000000
2.00000000 7.00000000 	800.0000000000
2.00000000 7.50000000 	800.0000000000
2.00000000 8.00000000 	800.0000000000
