-11.31370850 	800.0000000000
-10.60660172 	800.0000000000
-9.89949494 	800.0000000000
-9.19238816 	800.0000000000
-8.48528137 	800.0000000000
-7.77817459 	800.0000000000
-7.07106781 	800.0000000000
-6.36396103 	800.0000000000
-5.65685425 	800.0000000000
-4.94974747 	800.0000000000
-4.24264069 	800.0000000000
-3.53553391 	800.0000000000
-2.82842712 	800.0000000000
-2.12132034 	800.0000000000
-1.41421356 	800.0000000000
-0.70710678 	796.3275782337
0.00000000 	787.5456824370
0.70710678 	784.1186592025
1.41421356 	791.0774900554
2.12132034 	798.1839023189
2.82842712 	800.0000000000
