-8.00000000 -12.00000000 	800.0000000000
-8.00000000 -11.50000000 	800.0000000000
-8.00000000 -11.00000000 	800.0000000000
-8.00000000 -10.50000000 	799.9999855643
-8.00000000 -10.00000000 	799.9989543591
-8.00000000 -9.50000000 	799.9247545978
-8.00000000 -9.00000000 	799.3313858701
-8.00000000 -8.50000000 	775.4574796620
-8.00000000 -8.00000000 	763.7270819344
-8.00000000 -7.50000000 	787.1467661333
-8.00000000 -7.00000000 	799.5168028781
-8.00000000 -6.50000000 	799.7769639449
-8.00000000 -6.00000000 	799.9576056361
-8.00000000 -5.50000000 	799.9930585279
-8.00000000 -5.00000000 	799.9997651383
-8.00000000 -4.50000000 	799.9999636199
-8.00000000 -4.00000000 	799.9999982475
-8.00000000 -3.50000000 	799.9999998293
-8.00000000 -3.00000000 	800.0000000000
-8.00000000 -2.50000000 	800.0000000000
-8.00000000 -2.00000000 	800.0000000000
-8.00000000 -1.50000000 	800.0000000000
-8.00000000 -1.00000000 	800.0000000000
-8.00000000 -0.50000000 	800.0000000000
-8.00000000 0.00000000 	800.0000000000
-8.00000000 0.50000000 	800.0000000000
-8.00000000 1.00000000 	800.0000000000
-8.00000000 1.50000000 	800.0000000000
-8.00000000 2.00000000 	800.0000000000
-8.00000000 2.50000000 	800.0000000000
-8.00000000 3.00000000 	800.0000000000
-8.00000000 3.50000000 	800.0000000000
-8.00000000 4.00000000 	800.0000000000
-8.00000000 4.50000000 	800.0000000000
-8.00000000 5.00000000 	800.0000000000
-8.00000000 5.50000000 	800.0000000000
-8.00000000 6.00000000 	800.0000000000
-8.00000000 6.50000000 	800.0000000000
-8.00000000 7.00000000 	800.0000000000
-8.00000000 7.50000000 	800.0000000000
-8.00000000 8.00000000 	800.0000000000
-7.50000000 -12.00000000 	800.0000000000
-7.50000000 -11.50000000 	800.0000000000
-7.50000000 -11.00000000 	800.0000000000
-7.50000000 -10.50000000 	799.9999886163
-7.50000000 -10.00000000 	799.9991789411
-7.50000000 -9.50000000 	799.9481904300
-7.50000000 -9.00000000 	799.4859058299
-7.50000000 -8.50000000 	787.1480778513
-7.50000000 -8.00000000 	763.7201535592
-7.50000000 -7.50000000 	763.5009861015
-7.50000000 -7.00000000 	787.0993286902
-7.50000000 -6.50000000 	799.5594288222
-7.50000000 -6.00000000 	799.7825802266
-7.50000000 -5.50000000 	799.9578344190
-7.50000000 -5.00000000 	799.9930920138
-7.50000000 -4.50000000 	799.9997712255
-7.50000000 -4.00000000 	799.9999638112
-7.50000000 -3.50000000 	799.9999982576
-7.50000000 -3.00000000 	799.9999998293
-7.50000000 -2.50000000 	800.0000000000
-7.50000000 -2.00000000 	800.0000000000
-7.50000000 -1.50000000 	800.0000000000
-7.50000000 -1.00000000 	800.0000000000
-7.50000000 -0.50000000 	800.0000000000
-7.50000000 0.00000000 	800.0000000000
-7.50000000 0.50000000 	800.0000000000
-7.50000000 1.00000000 	800.0000000000
-7.50000000 1.50000000 	800.0000000000
-7.50000000 2.00000000 	800.0000000000
-7.50000000 2.50000000 	800.0000000000
-7.50000000 3.00000000 	800.0000000000
-7.50000000 3.50000000 	800.0000000000
-7.50000000 4.00000000 	800.0000000000
-7.50000000 4.50000000 	800.0000000000
-7.50000000 5.00000000 	800.0000000000
-7.50000000 5.50000000 	800.0000000000
-7.50000000 6.00000000 	800.0000000000
-7.50000000 6.50000000 	800.0000000000
-7.50000000 7.00000000 	800.0000000000
-7.50000000 7.50000000 	800.0000000000
-7.50000000 8.00000000 	800.0000000000
-7.00000000 -12.00000000 	800.0000000000
-7.00000000 -11.50000000 	800.0000000000
-7.00000000 -11.00000000 	800.0000000000
-7.00000000 -10.50000000 	799.9999926298
-7.00000000 -10.00000000 	799.9994965855
-7.00000000 -9.50000000 	799.9726683018
-7.00000000 -9.00000000 	799.7259156895
-7.00000000 -8.50000000 	799.3690063002
-7.00000000 -8.00000000 	787.1112391530
-7.00000000 -7.50000000 	763.6372313242
-7.00000000 -7.00000000 	763.5160828895
-7.00000000 -6.50000000 	787.1206181467
-7.00000000 -6.00000000 	799.5651680418
-7.00000000 -5.50000000 	799.7826617559
-7.00000000 -5.00000000 	799.9578506866
-7.00000000 -4.50000000 	799.9930930877
-7.00000000 -4.00000000 	799.9997713659
-7.00000000 -3.50000000 	799.9999638112
-7.00000000 -3.00000000 	799.9999982576
-7.00000000 -2.50000000 	799.9999998293
-7.00000000 -2.00000000 	800.0000000000
-7.00000000 -1.50000000 	800.0000000000
-7.00000000 -1.00000000 	800.0000000000
-7.00000000 -0.50000000 	800.0000000000
-7.00000000 0.00000000 	800.0000000000
-7.00000000 0.50000000 	800.0000000000
-7.00000000 1.00000000 	800.0000000000
-7.00000000 1.50000000 	800.0000000000
-7.00000000 2.00000000 	800.0000000000
-7.00000000 2.50000000 	800.0000000000
-7.00000000 3.00000000 	800.0000000000
-7.00000000 3.50000000 	800.0000000000
-7.00000000 4.00000000 	800.0000000000
-7.00000000 4.50000000 	800.0000000000
-7.00000000 5.00000000 	800.0000000000
-7.00000000 5.50000000 	800.0000000000
-7.00000000 6.00000000 	800.0000000000
-7.00000000 6.50000000 	800.0000000000
-7.00000000 7.00000000 	800.0000000000
-7.00000000 7.50000000 	800.0000000000
-7.00000000 8.00000000 	800.0000000000
-6.50000000 -12.00000000 	800.0000000000
-6.50000000 -11.50000000 	800.0000000000
-6.50000000 -11.00000000 	800.0000000000
-6.50000000 -10.50000000 	799.9999963174
-6.50000000 -10.00000000 	799.9997710420
-6.50000000 -9.50000000 	799.9920738133
-6.50000000 -9.00000000 	799.9548485594
-6.50000000 -8.50000000 	799.7030371051
-6.50000000 -8.00000000 	799.3461897417
-6.50000000 -7.50000000 	787.0950104922
-6.50000000 -7.00000000 	763.6317910801
-6.50000000 -6.50000000 	763.5160624656
-6.50000000 -6.00000000 	787.1206620815
-6.50000000 -5.50000000 	799.5651841094
-6.50000000 -5.00000000 	799.7826622023
-6.50000000 -4.50000000 	799.9578506995
-6.50000000 -4.00000000 	799.9930930877
-6.50000000 -3.50000000 	799.9997713659
-6.50000000 -3.00000000 	799.9999638112
-6.50000000 -2.50000000 	799.9999982576
-6.50000000 -2.00000000 	799.9999998293
-6.50000000 -1.50000000 	800.0000000000
-6.50000000 -1.00000000 	800.0000000000
-6.50000000 -0.50000000 	800.0000000000
-6.50000000 0.00000000 	800.0000000000
-6.50000000 0.50000000 	800.0000000000
-6.50000000 1.00000000 	800.0000000000
-6.50000000 1.50000000 	800.0000000000
-6.50000000 2.00000000 	800.0000000000
-6.50000000 2.50000000 	800.0000000000
-6.50000000 3.00000000 	800.0000000000
-6.50000000 3.50000000 	800.0000000000
-6.50000000 4.00000000 	800.0000000000
-6.50000000 4.50000000 	800.0000000000
-6.50000000 5.00000000 	800.0000000000
-6.50000000 5.50000000 	800.0000000000
-6.50000000 6.00000000 	800.0000000000
-6.50000000 6.50000000 	800.0000000000
-6.50000000 7.00000000 	800.0000000000
-6.50000000 7.50000000 	800.0000000000
-6.50000000 8.00000000 	800.0000000000
-6.00000000 -12.00000000 	800.0000000000
-6.00000000 -11.50000000 	800.0000000000
-6.00000000 -11.00000000 	800.0000000000
-6.00000000 -10.50000000 	799.9999986825
-6.00000000 -10.00000000 	799.9999420522
-6.00000000 -9.50000000 	799.9996319590
-6.00000000 -9.00000000 	799.9918763791
-6.00000000 -8.50000000 	799.9546148853
-6.00000000 -8.00000000 	799.7028358083
-6.00000000 -7.50000000 	799.3460787090
-6.00000000 -7.00000000 	787.0949573035
-6.00000000 -6.50000000 	763.6317738049
-6.00000000 -6.00000000 	763.5160636952
-6.00000000 -5.50000000 	787.1206628270
-6.00000000 -5.00000000 	799.5651842437
-6.00000000 -4.50000000 	799.7826622023
-6.00000000 -4.00000000 	799.9578506995
-6.00000000 -3.50000000 	799.9930930877
-6.00000000 -3.00000000 	799.9997713659
-6.00000000 -2.50000000 	799.9999638112
-6.00000000 -2.00000000 	799.9999982576
-6.00000000 -1.50000000 	799.9999998293
-6.00000000 -1.00000000 	800.0000000000
-6.00000000 -0.50000000 	800.0000000000
-6.00000000 0.00000000 	800.0000000000
-6.00000000 0.50000000 	800.0000000000
-6.00000000 1.00000000 	800.0000000000
-6.00000000 1.50000000 	800.0000000000
-6.00000000 2.00000000 	800.0000000000
-6.00000000 2.50000000 	800.0000000000
-6.00000000 3.00000000 	800.0000000000
-6.00000000 3.50000000 	800.0000000000
-6.00000000 4.00000000 	800.0000000000
-6.00000000 4.50000000 	800.0000000000
-6.00000000 5.00000000 	800.0000000000
-6.00000000 5.50000000 	800.0000000000
-6.00000000 6.00000000 	800.0000000000
-6.00000000 6.50000000 	800.0000000000
-6.00000000 7.00000000 	800.0000000000
-6.00000000 7.50000000 	800.0000000000
-6.00000000 8.00000000 	800.0000000000
-5.50000000 -12.00000000 	800.0000000000
-5.50000000 -11.50000000 	800.0000000000
-5.50000000 -11.00000000 	800.0000000000
-5.50000000 -10.50000000 	799.9999997557
-5.50000000 -10.00000000 	799.9999977219
-5.50000000 -9.50000000 	799.9999400245
-5.50000000 -9.00000000 	799.9996287716
-5.50000000 -8.50000000 	799.9918724724
-5.50000000 -8.00000000 	799.9546111856
-5.50000000 -7.50000000 	799.7028330455
-5.50000000 -7.00000000 	799.3460771139
-5.50000000 -6.50000000 	787.0949566663
-5.50000000 -6.00000000 	763.6317736760
-5.50000000 -5.50000000 	763.5160636952
-5.50000000 -5.00000000 	787.1206628270
-5.50000000 -4.50000000 	799.5651842437
-5.50000000 -4.00000000 	799.7826622023
-5.50000000 -3.50000000 	799.9578506995
-5.50000000 -3.00000000 	799.9930930877
-5.50000000 -2.50000000 	799.9997713659
-5.50000000 -2.00000000 	799.9999638112
-5.50000000 -1.50000000 	799.9999982576
-5.50000000 -1.00000000 	799.9999998293
-5.50000000 -0.50000000 	800.0000000000
-5.50000000 0.00000000 	800.0000000000
-5.50000000 0.50000000 	800.0000000000
-5.50000000 1.00000000 	800.0000000000
-5.50000000 1.50000000 	800.0000000000
-5.50000000 2.00000000 	800.0000000000
-5.50000000 2.50000000 	800.0000000000
-5.50000000 3.00000000 	800.0000000000
-5.50000000 3.50000000 	800.0000000000
-5.50000000 4.00000000 	800.0000000000
-5.50000000 4.50000000 	800.0000000000
-5.50000000 5.00000000 	800.0000000000
-5.50000000 5.50000000 	800.0000000000
-5.50000000 6.00000000 	800.0000000000
-5.50000000 6.50000000 	800.0000000000
-5.50000000 7.00000000 	800.0000000000
-5.50000000 7.50000000 	800.0000000000
-5.50000000 8.00000000 	800.0000000000
-5.00000000 -12.00000000 	800.0000000000
-5.00000000 -11.50000000 	800.0000000000
-5.00000000 -11.00000000 	800.0000000000
-5.00000000 -10.50000000 	800.0000000000
-5.00000000 -10.00000000 	799.9999997557
-5.00000000 -9.50000000 	799.9999977219
-5.00000000 -9.00000000 	799.9999400245
-5.00000000 -8.50000000 	799.9996287716
-5.00000000 -8.00000000 	799.9918724724
-5.00000000 -7.50000000 	799.9546111856
-5.00000000 -7.00000000 	799.7028330455
-5.00000000 -6.50000000 	799.3460771139
-5.00000000 -6.00000000 	787.0949566663
-5.00000000 -5.50000000 	763.6317736760
-5.00000000 -5.00000000 	763.5160636952
-5.00000000 -4.50000000 	787.1206628270
-5.00000000 -4.00000000 	799.5651842437
-5.00000000 -3.50000000 	799.7826622023
-5.00000000 -3.00000000 	799.9578506995
-5.00000000 -2.50000000 	799.9930930877
-5.00000000 -2.00000000 	799.9997713659
-5.00000000 -1.50000000 	799.9999638112
-5.00000000 -1.00000000 	799.9999982576
-5.00000000 -0.50000000 	799.9999998293
-5.00000000 0.00000000 	800.0000000000
-5.00000000 0.50000000 	800.0000000000
-5.00000000 1.00000000 	800.0000000000
-5.00000000 1.50000000 	800.0000000000
-5.00000000 2.00000000 	800.0000000000
-5.00000000 2.50000000 	800.0000000000
-5.00000000 3.00000000 	800.0000000000
-5.00000000 3.50000000 	800.0000000000
-5.00000000 4.00000000 	800.0000000000
-5.00000000 4.50000000 	800.0000000000
-5.00000000 5.00000000 	800.0000000000
-5.00000000 5.50000000 	800.0000000000
-5.00000000 6.00000000 	800.0000000000
-5.00000000 6.50000000 	800.0000000000
-5.00000000 7.00000000 	800.0000000000
-5.00000000 7.50000000 	800.0000000000
-5.00000000 8.00000000 	800.0000000000
-4.50000000 -12.00000000 	800.0000000000
-4.50000000 -11.50000000 	800.0000000000
-4.50000000 -11.00000000 	800.0000000000
-4.50000000 -10.50000000 	800.0000000000
-4.50000000 -10.00000000 	800.0000000000
-4.50000000 -9.50000000 	799.9999997557
-4.50000000 -9.00000000 	799.9999977219
-4.50000000 -8.50000000 	799.9999400245
-4.50000000 -8.00000000 	799.9996287716
-4.50000000 -7.50000000 	799.9918724724
-4.50000000 -7.00000000 	799.9546111856
-4.50000000 -6.50000000 	799.7028330455
-4.50000000 -6.00000000 	799.3460771139
-4.50000000 -5.50000000 	787.0949566663
-4.50000000 -5.00000000 	763.6317736760
-4.50000000 -4.50000000 	763.5160636952
-4.50000000 -4.00000000 	787.1206628270
-4.50000000 -3.50000000 	799.5651842437
-4.50000000 -3.00000000 	799.7826622023
-4.50000000 -2.50000000 	799.9578506995
-4.50000000 -2.00000000 	799.9930930877
-4.50000000 -1.50000000 	799.9997713659
-4.50000000 -1.00000000 	799.9999638112
-4.50000000 -0.50000000 	799.9999982576
-4.50000000 0.00000000 	799.9999998293
-4.50000000 0.50000000 	800.0000000000
-4.50000000 1.00000000 	800.0000000000
-4.50000000 1.50000000 	800.0000000000
-4.50000000 2.00000000 	800.0000000000
-4.50000000 2.50000000 	800.0000000000
-4.50000000 3.00000000 	800.0000000000
-4.50000000 3.50000000 	800.0000000000
-4.50000000 4.00000000 	800.0000000000
-4.50000000 4.50000000 	800.0000000000
-4.50000000 5.00000000 	800.0000000000
-4.50000000 5.50000000 	800.0000000000
-4.50000000 6.00000000 	800.0000000000
-4.50000000 6.50000000 	800.0000000000
-4.50000000 7.00000000 	800.0000000000
-4.50000000 7.50000000 	800.0000000000
-4.50000000 8.00000000 	800.0000000000
-4.00000000 -12.00000000 	800.0000000000
-4.00000000 -11.50000000 	800.0000000000
-4.00000000 -11.00000000 	800.0000000000
-4.00000000 -10.50000000 	800.0000000000
-4.00000000 -10.00000000 	800.0000000000
-4.00000000 -9.50000000 	800.0000000000
-4.00000000 -9.00000000 	799.9999997557
-4.00000000 -8.50000000 	799.9999977219
-4.00000000 -8.00000000 	799.9999400245
-4.00000000 -7.50000000 	799.9996287716
-4.00000000 -7.00000000 	799.9918724724
-4.00000000 -6.50000000 	799.9546111856
-4.00000000 -6.00000000 	799.7028330455
-4.00000000 -5.50000000 	799.3460771139
-4.00000000 -5.00000000 	787.0949566663
-4.00000000 -4.50000000 	763.6317736760
-4.00000000 -4.00000000 	763.5160636952
-4.00000000 -3.50000000 	787.1206628270
-4.00000000 -3.00000000 	799.5651842437
-4.00000000 -2.50000000 	799.7826622023
-4.00000000 -2.00000000 	799.9578506995
-4.00000000 -1.50000000 	799.9930930877
-4.00000000 -1.00000000 	799.9997713659
-4.00000000 -0.50000000 	799.9999638112
-4.00000000 0.00000000 	799.9999982576
-4.00000000 0.50000000 	799.9999998293
-4.00000000 1.00000000 	800.0000000000
-4.00000000 1.50000000 	800.0000000000
-4.00000000 2.00000000 	800.0000000000
-4.00000000 2.50000000 	800.0000000000
-4.00000000 3.00000000 	800.0000000000
-4.00000000 3.50000000 	800.0000000000
-4.00000000 4.00000000 	800.0000000000
-4.00000000 4.50000000 	800.0000000000
-4.00000000 5.00000000 	800.0000000000
-4.00000000 5.50000000 	800.0000000000
-4.00000000 6.00000000 	800.0000000000
-4.00000000 6.50000000 	800.0000000000
-4.00000000 7.00000000 	800.0000000000
-4.00000000 7.50000000 	800.0000000000
-4.00000000 8.00000000 	800.0000000000
-3.50000000 -12.00000000 	800.0000000000
-3.50000000 -11.50000000 	800.0000000000
-3.50000000 -11.00000000 	800.0000000000
-3.50000000 -10.50000000 	800.0000000000
-3.50000000 -10.00000000 	800.0000000000
-3.50000000 -9.50000000 	800.0000000000
-3.50000000 -9.00000000 	800.0000000000
-3.50000000 -8.50000000 	799.9999997557
-3.50000000 -8.00000000 	799.9999977219
-3.50000000 -7.50000000 	799.9999400245
-3.50000000 -7.00000000 	799.9996287716
-3.50000000 -6.50000000 	799.9918724724
-3.50000000 -6.00000000 	799.9546111856
-3.50000000 -5.50000000 	799.7028330455
-3.50000000 -5.00000000 	799.3460771139
-3.50000000 -4.50000000 	787.0949566663
-3.50000000 -4.00000000 	763.6317736760
-3.50000000 -3.50000000 	763.5160636952
-3.50000000 -3.00000000 	787.1206628270
-3.50000000 -2.50000000 	799.5651842437
-3.50000000 -2.00000000 	799.7826622023
-3.50000000 -1.50000000 	799.9578506995
-3.50000000 -1.00000000 	799.9930930877
-3.50000000 -0.50000000 	799.9997713659
-3.50000000 0.00000000 	799.9999638112
-3.50000000 0.50000000 	799.9999982576
-3.50000000 1.00000000 	799.9999998293
-3.50000000 1.50000000 	800.0000000000
-3.50000000 2.00000000 	800.0000000000
-3.50000000 2.50000000 	800.0000000000
-3.50000000 3.00000000 	800.0000000000
-3.50000000 3.50000000 	800.0000000000
-3.50000000 4.00000000 	800.0000000000
-3.50000000 4.50000000 	800.0000000000
-3.50000000 5.00000000 	800.0000000000
-3.50000000 5.50000000 	800.0000000000
-3.50000000 6.00000000 	800.0000000000
-3.50000000 6.50000000 	800.0000000000
-3.50000000 7.00000000 	800.0000000000
-3.50000000 7.50000000 	800.0000000000
-3.50000000 8.00000000 	800.0000000000
-3.00000000 -12.00000000 	800.0000000000
-3.00000000 -11.50000000 	800.0000000000
-3.00000000 -11.00000000 	800.0000000000
-3.00000000 -10.50000000 	800.0000000000
-3.00000000 -10.00000000 	800.0000000000
-3.00000000 -9.50000000 	800.0000000000
-3.00000000 -9.00000000 	800.0000000000
-3.00000000 -8.50000000 	800.0000000000
-3.00000000 -8.00000000 	799.9999997557
-3.00000000 -7.50000000 	799.9999977219
-3.00000000 -7.00000000 	799.9999400245
-3.00000000 -6.50000000 	799.9996287716
-3.00000000 -6.00000000 	799.9918724724
-3.00000000 -5.50000000 	799.9546111856
-3.00000000 -5.00000000 	799.7028330455
-3.00000000 -4.50000000 	799.3460771139
-3.00000000 -4.00000000 	787.0949566663
-3.00000000 -3.50000000 	763.6317736760
-3.00000000 -3.00000000 	763.5160636952
-3.00000000 -2.50000000 	787.1206628270
-3.00000000 -2.00000000 	799.5651842437
-3.00000000 -1.50000000 	799.7826622023
-3.00000000 -1.00000000 	799.9578506995
-3.00000000 -0.50000000 	799.9930930877
-3.00000000 0.00000000 	799.9997713659
-3.00000000 0.50000000 	799.9999638112
-3.00000000 1.00000000 	799.9999982576
-3.00000000 1.50000000 	799.9999998293
-3.00000000 2.00000000 	800.0000000000
-3.00000000 2.50000000 	800.0000000000
-3.00000000 3.00000000 	800.0000000000
-3.00000000 3.50000000 	800.0000000000
-3.00000000 4.00000000 	800.0000000000
-3.00000000 4.50000000 	800.0000000000
-3.00000000 5.00000000 	800.0000000000
-3.00000000 5.50000000 	800.0000000000
-3.00000000 6.00000000 	800.0000000000
-3.00000000 6.50000000 	800.0000000000
-3.00000000 7.00000000 	800.0000000000
-3.00000000 7.50000000 	800.0000000000
-3.00000000 8.00000000 	800.0000000000
-2.50000000 -12.00000000 	800.0000000000
-2.50000000 -11.50000000 	800.0000000000
-2.50000000 -11.00000000 	800.0000000000
-2.50000000 -10.50000000 	800.0000000000
-2.50000000 -10.00000000 	800.0000000000
-2.50000000 -9.50000000 	800.0000000000
-2.50000000 -9.00000000 	800.0000000000
-2.50000000 -8.50000000 	800.0000000000
-2.50000000 -8.00000000 	800.0000000000
-2.50000000 -7.50000000 	799.9999997557
-2.50000000 -7.00000000 	799.9999977219
-2.50000000 -6.50000000 	799.9999400245
-2.50000000 -6.00000000 	799.9996287716
-2.50000000 -5.50000000 	799.9918724724
-2.50000000 -5.00000000 	799.9546111856
-2.50000000 -4.50000000 	799.7028330455
-2.50000000 -4.00000000 	799.3460771139
-2.50000000 -3.50000000 	787.0949566663
-2.50000000 -3.00000000 	763.6317736760
-2.50000000 -2.50000000 	763.5160636952
-2.50000000 -2.00000000 	787.1206628270
-2.50000000 -1.50000000 	799.5651842437
-2.50000000 -1.00000000 	799.7826622023
-2.50000000 -0.50000000 	799.9578506995
-2.50000000 0.00000000 	799.9930930877
-2.50000000 0.50000000 	799.9997713659
-2.50000000 1.00000000 	799.9999638112
-2.50000000 1.50000000 	799.9999982576
-2.50000000 2.00000000 	799.9999998293
-2.50000000 2.50000000 	800.0000000000
-2.50000000 3.00000000 	800.0000000000
-2.50000000 3.50000000 	800.0000000000
-2.50000000 4.00000000 	800.0000000000
-2.50000000 4.50000000 	800.0000000000
-2.50000000 5.00000000 	800.0000000000
-2.50000000 5.50000000 	800.0000000000
-2.50000000 6.00000000 	800.0000000000
-2.50000000 6.50000000 	800.0000000000
-2.50000000 7.00000000 	800.0000000000
-2.50000000 7.50000000 	800.0000000000
-2.50000000 8.00000000 	800.0000000000
-2.00000000 -12.00000000 	800.0000000000
-2.00000000 -11.50000000 	800.0000000000
-2.00000000 -11.00000000 	800.0000000000
-2.00000000 -10.50000000 	800.0000000000
-2.00000000 -10.00000000 	800.0000000000
-2.00000000 -9.50000000 	800.0000000000
-2.00000000 -9.00000000 	800.0000000000
-2.00000000 -8.50000000 	800.0000000000
-2.00000000 -8.00000000 	800.0000000000
-2.00000000 -7.50000000 	800.0000000000
-2.00000000 -7.00000000 	799.9999997557
-2.00000000 -6.50000000 	799.9999977219
-2.00000000 -6.00000000 	799.9999400245
-2.00000000 -5.50000000 	799.9996287716
-2.00000000 -5.00000000 	799.9918724724
-2.00000000 -4.50000000 	799.9546111856
-2.00000000 -4.00000000 	799.7028330455
-2.00000000 -3.50000000 	799.3460771139
-2.00000000 -3.00000000 	787.0949566663
-2.00000000 -2.50000000 	763.6317736760
-2.00000000 -2.00000000 	763.5160636952
-2.00000000 -1.50000000 	787.1206628270
-2.00000000 -1.00000000 	799.5651842437
-2.00000000 -0.50000000 	799.7826622023
-2.00000000 0.00000000 	799.9578506995
-2.00000000 0.50000000 	799.9930930877
-2.00000000 1.00000000 	799.9997713659
-2.00000000 1.50000000 	799.9999638112
-2.00000000 2.00000000 	799.9999982576
-2.00000000 2.50000000 	799.9999998293
-2.00000000 3.00000000 	800.0000000000
-2.00000000 3.50000000 	800.0000000000
-2.00000000 4.00000000 	800.0000000000
-2.00000000 4.50000000 	800.0000000000
-2.00000000 5.00000000 	800.0000000000
-2.00000000 5.50000000 	800.0000000000
-2.00000000 6.00000000 	800.0000000000
-2.00000000 6.50000000 	800.0000000000
-2.00000000 7.00000000 	800.0000000000
-2.00000000 7.50000000 	800.0000000000
-2.00000000 8.00000000 	800.0000000000
-1.50000000 -12.00000000 	800.0000000000
-1.50000000 -11.50000000 	800.0000000000
-1.50000000 -11.00000000 	800.0000000000
-1.50000000 -10.50000000 	800.0000000000
-1.50000000 -10.00000000 	800.0000000000
-1.50000000 -9.50000000 	800.0000000000
-1.50000000 -9.00000000 	800.0000000000
-1.50000000 -8.50000000 	800.0000000000
-1.50000000 -8.00000000 	800.0000000000
-1.50000000 -7.50000000 	800.0000000000
-1.50000000 -7.00000000 	800.0000000000
-1.50000000 -6.50000000 	799.9999997557
-1.50000000 -6.00000000 	799.9999977219
-1.50000000 -5.50000000 	799.9999400245
-1.50000000 -5.00000000 	799.9996287716
-1.50000000 -4.50000000 	799.9918724724
-1.50000000 -4.00000000 	799.9546111856
-1.50000000 -3.50000000 	799.7028330455
-1.50000000 -3.00000000 	799.3460771139
-1.50000000 -2.50000000 	787.0949566663
-1.50000000 -2.00000000 	763.6317736760
-1.50000000 -1.50000000 	763.5160636952
-1.50000000 -1.00000000 	787.1206628270
-1.50000000 -0.50000000 	799.5651842437
-1.50000000 0.00000000 	799.7826622023
-1.50000000 0.50000000 	799.9578506995
-1.50000000 1.00000000 	799.9930930877
-1.50000000 1.50000000 	799.9997713659
-1.50000000 2.00000000 	799.9999638112
-1.50000000 2.50000000 	799.9999982576
-1.50000000 3.00000000 	799.9999998293
-1.50000000 3.50000000 	800.0000000000
-1.50000000 4.00000000 	800.0000000000
-1.50000000 4.50000000 	800.0000000000
-1.50000000 5.00000000 	800.0000000000
-1.50000000 5.50000000 	800.0000000000
-1.50000000 6.00000000 	800.0000000000
-1.50000000 6.50000000 	800.0000000000
-1.50000000 7.00000000 	800.0000000000
-1.50000000 7.50000000 	800.0000000000
-1.50000000 8.00000000 	800.0000000000
-1.00000000 -12.00000000 	800.0000000000
-1.00000000 -11.50000000 	800.0000000000
-1.00000000 -11.00000000 	800.0000000000
-1.00000000 -10.50000000 	800.0000000000
-1.00000000 -10.00000000 	800.0000000000
-1.00000000 -9.50000000 	800.0000000000
-1.00000000 -9.00000000 	800.0000000000
-1.00000000 -8.50000000 	800.0000000000
-1.00000000 -8.00000000 	800.0000000000
-1.00000000 -7.50000000 	800.0000000000
-1.00000000 -7.00000000 	800.0000000000
-1.00000000 -6.50000000 	800.0000000000
-1.00000000 -6.00000000 	799.9999997557
-1.00000000 -5.50000000 	799.9999977219
-1.00000000 -5.00000000 	799.9999400245
-1.00000000 -4.50000000 	799.9996287716
-1.00000000 -4.00000000 	799.9918724724
-1.00000000 -3.50000000 	799.9546111856
-1.00000000 -3.00000000 	799.7028330455
-1.00000000 -2.50000000 	799.3460771139
-1.00000000 -2.00000000 	787.0949566663
-1.00000000 -1.50000000 	763.6317736760
-1.00000000 -1.00000000 	763.5160636952
-1.00000000 -0.50000000 	787.1206628270
-1.00000000 0.00000000 	799.5651842437
-1.00000000 0.50000000 	799.7826622023
-1.00000000 1.00000000 	799.9578506995
-1.00000000 1.50000000 	799.9930930877
-1.00000000 2.00000000 	799.9997713659
-1.00000000 2.50000000 	799.9999638112
-1.00000000 3.00000000 	799.9999982576
-1.00000000 3.50000000 	799.9999998293
-1.00000000 4.00000000 	800.0000000000
-1.00000000 4.50000000 	800.0000000000
-1.00000000 5.00000000 	800.0000000000
-1.00000000 5.50000000 	800.0000000000
-1.00000000 6.00000000 	800.0000000000
-1.00000000 6.50000000 	800.0000000000
-1.00000000 7.00000000 	800.0000000000
-1.00000000 7.50000000 	800.0000000000
-1.00000000 8.00000000 	800.0000000000
-0.50000000 -12.00000000 	800.0000000000
-0.50000000 -11.50000000 	800.0000000000
-0.50000000 -11.00000000 	800.0000000000
-0.50000000 -10.50000000 	800.0000000000
-0.50000000 -10.00000000 	800.0000000000
-0.50000000 -9.50000000 	800.0000000000
-0.50000000 -9.00000000 	800.0000000000
-0.50000000 -8.50000000 	800.0000000000
-0.50000000 -8.00000000 	800.0000000000
-0.50000000 -7.50000000 	800.0000000000
-0.50000000 -7.00000000 	800.0000000000
-0.50000000 -6.50000000 	800.0000000000
-0.50000000 -6.00000000 	800.0000000000
-0.50000000 -5.50000000 	799.9999997557
-0.50000000 -5.00000000 	799.9999977219
-0.50000000 -4.50000000 	799.9999400245
-0.50000000 -4.00000000 	799.9996287716
-0.50000000 -3.50000000 	799.9918724724
-0.50000000 -3.00000000 	799.9546111856
-0.50000000 -2.50000000 	799.7028330455
-0.50000000 -2.00000000 	799.3460771139
-0.50000000 -1.50000000 	787.0949566663
-0.50000000 -1.00000000 	763.6317736760
-0.50000000 -0.50000000 	763.5160636952
-0.50000000 0.00000000 	787.1206628270
-0.50000000 0.50000000 	799.5651842437
-0.50000000 1.00000000 	799.7826622023
-0.50000000 1.50000000 	799.9578506995
-0.50000000 2.00000000 	799.9930930877
-0.50000000 2.50000000 	799.9997713659
-0.50000000 3.00000000 	799.9999638112
-0.50000000 3.50000000 	799.9999982576
-0.50000000 4.00000000 	799.9999998293
-0.50000000 4.50000000 	800.0000000000
-0.50000000 5.00000000 	800.0000000000
-0.50000000 5.50000000 	800.0000000000
-0.50000000 6.00000000 	800.0000000000
-0.50000000 6.50000000 	800.0000000000
-0.50000000 7.00000000 	800.0000000000
-0.50000000 7.50000000 	800.0000000000
-0.50000000 8.00000000 	800.0000000000
0.00000000 -12.00000000 	800.0000000000
0.00000000 -11.50000000 	800.0000000000
0.00000000 -11.00000000 	800.0000000000
0.00000000 -10.50000000 	800.0000000000
0.00000000 -10.00000000 	800.0000000000
0.00000000 -9.50000000 	800.0000000000
0.00000000 -9.00000000 	800.0000000000
0.00000000 -8.50000000 	800.0000000000
0.00000000 -8.00000000 	800.0000000000
0.00000000 -7.50000000 	800.0000000000
0.00000000 -7.00000000 	800.0000000000
0.00000000 -6.50000000 	800.0000000000
0.00000000 -6.00000000 	800.0000000000
0.00000000 -5.50000000 	800.0000000000
0.00000000 -5.00000000 	799.9999997557
0.00000000 -4.50000000 	799.9999977219
0.00000000 -4.00000000 	799.9999400245
0.00000000 -3.50000000 	799.9996287716
0.00000000 -3.00000000 	799.9918724724
0.00000000 -2.50000000 	799.9546111856
0.00000000 -2.00000000 	799.7028330455
0.00000000 -1.50000000 	799.3460771139
0.00000000 -1.00000000 	787.0949566663
0.00000000 -0.50000000 	763.6317736760
0.00000000 0.00000000 	763.5160638270
0.00000000 0.50000000 	787.1206634957
0.00000000 1.00000000 	799.5651859161
0.00000000 1.50000000 	799.7826650740
0.00000000 2.00000000 	799.9578545099
0.00000000 2.50000000 	799.9930969903
0.00000000 3.00000000 	799.9997744330
0.00000000 3.50000000 	799.9999656797
0.00000000 4.00000000 	799.9999990599
0.00000000 4.50000000 	800.0000000000
0.00000000 5.00000000 	800.0000000000
0.00000000 5.50000000 	800.0000000000
0.00000000 6.00000000 	800.0000000000
0.00000000 6.50000000 	800.0000000000
0.00000000 7.00000000 	800.0000000000
0.00000000 7.50000000 	800.0000000000
0.00000000 8.00000000 	800.0000000000
0.50000000 -12.00000000 	800.0000000000
0.50000000 -11.50000000 	800.0000000000
0.50000000 -11.00000000 	800.0000000000
0.50000000 -10.50000000 	800.0000000000
0.50000000 -10.00000000 	800.0000000000
0.50000000 -9.50000000 	800.0000000000
0.50000000 -9.00000000 	800.0000000000
0.50000000 -8.50000000 	800.0000000000
0.50000000 -8.00000000 	800.0000000000
0.50000000 -7.50000000 	800.0000000000
0.50000000 -7.00000000 	800.0000000000
0.50000000 -6.50000000 	800.0000000000
0.50000000 -6.00000000 	800.0000000000
0.50000000 -5.50000000 	800.0000000000
0.50000000 -5.00000000 	800.0000000000
0.50000000 -4.50000000 	799.9999997557
0.50000000 -4.00000000 	799.9999977219
0.50000000 -3.50000000 	799.9999400245
0.50000000 -3.00000000 	799.9996287716
0.50000000 -2.50000000 	799.9918724724
0.50000000 -2.00000000 	799.9546111856
0.50000000 -1.50000000 	799.7028330455
0.50000000 -1.00000000 	799.3460769805
0.50000000 -0.50000000 	787.0949559641
0.50000000 0.00000000 	763.6317724993
0.50000000 0.50000000 	763.5160814218
0.50000000 1.00000000 	787.1207263818
0.50000000 1.50000000 	799.5653247670
0.50000000 2.00000000 	799.7828791791
0.50000000 2.50000000 	799.9580804453
0.50000000 3.00000000 	799.9932726643
0.50000000 3.50000000 	799.9998765067
0.50000000 4.00000000 	799.9999972975
0.50000000 4.50000000 	800.0000000000
0.50000000 5.00000000 	800.0000000000
0.50000000 5.50000000 	800.0000000000
0.50000000 6.00000000 	800.0000000000
0.50000000 6.50000000 	800.0000000000
0.50000000 7.00000000 	800.0000000000
0.50000000 7.50000000 	800.0000000000
0.50000000 8.00000000 	800.0000000000
1.00000000 -12.00000000 	800.0000000000
1.00000000 -11.50000000 	800.0000000000
1.00000000 -11.00000000 	800.0000000000
1.00000000 -10.50000000 	800.0000000000
1.00000000 -10.00000000 	800.0000000000
1.00000000 -9.50000000 	800.0000000000
1.00000000 -9.00000000 	800.0000000000
1.00000000 -8.50000000 	800.0000000000
1.00000000 -8.00000000 	800.0000000000
1.00000000 -7.50000000 	800.0000000000
1.00000000 -7.00000000 	800.0000000000
1.00000000 -6.50000000 	800.0000000000
1.00000000 -6.00000000 	800.0000000000
1.00000000 -5.50000000 	800.0000000000
1.00000000 -5.00000000 	800.0000000000
1.00000000 -4.50000000 	800.0000000000
1.00000000 -4.00000000 	799.9999997557
1.00000000 -3.50000000 	799.9999977219
1.00000000 -3.00000000 	799.9999400245
1.00000000 -2.50000000 	799.9996287716
1.00000000 -2.00000000 	799.9918724724
1.00000000 -1.50000000 	799.9546111633
1.00000000 -1.00000000 	799.7028325784
1.00000000 -0.50000000 	799.3460611666
1.00000000 0.00000000 	787.0949306785
1.00000000 0.50000000 	763.6318309306
1.00000000 1.00000000 	763.5215806322
1.00000000 1.50000000 	787.1374273568
1.00000000 2.00000000 	799.5883452240
1.00000000 2.50000000 	799.8059804219
1.00000000 3.00000000 	799.9757685362
1.00000000 3.50000000 	799.9997367864
1.00000000 4.00000000 	799.9999944260
1.00000000 4.50000000 	800.0000000000
1.00000000 5.00000000 	800.0000000000
1.00000000 5.50000000 	800.0000000000
1.00000000 6.00000000 	800.0000000000
1.00000000 6.50000000 	800.0000000000
1.00000000 7.00000000 	800.0000000000
1.00000000 7.50000000 	800.0000000000
1.00000000 8.00000000 	800.0000000000
1.50000000 -12.00000000 	800.0000000000
1.50000000 -11.50000000 	800.0000000000
1.50000000 -11.00000000 	800.0000000000
1.50000000 -10.50000000 	800.0000000000
1.50000000 -10.00000000 	800.0000000000
1.50000000 -9.50000000 	800.0000000000
1.50000000 -9.00000000 	800.0000000000
1.50000000 -8.50000000 	800.0000000000
1.50000000 -8.00000000 	800.0000000000
1.50000000 -7.50000000 	800.0000000000
1.50000000 -7.00000000 	800.0000000000
1.50000000 -6.50000000 	800.0000000000
1.50000000 -6.00000000 	800.0000000000
1.50000000 -5.50000000 	800.0000000000
1.50000000 -5.00000000 	800.0000000000
1.50000000 -4.50000000 	800.0000000000
1.50000000 -4.00000000 	800.0000000000
1.50000000 -3.50000000 	799.9999997557
1.50000000 -3.00000000 	799.9999977219
1.50000000 -2.50000000 	799.9999400245
1.50000000 -2.00000000 	799.9996286103
1.50000000 -1.50000000 	799.9918712844
1.50000000 -1.00000000 	799.9545858084
1.50000000 -0.50000000 	799.7027101507
1.50000000 0.00000000 	799.3403383358
1.50000000 0.50000000 	787.0743046108
1.50000000 1.00000000 	763.6163212440
1.50000000 1.50000000 	763.6057949419
1.50000000 2.00000000 	787.2106058495
1.50000000 2.50000000 	799.7110176474
1.50000000 3.00000000 	799.9527784599
1.50000000 3.50000000 	799.9995677682
1.50000000 4.00000000 	799.9999911894
1.50000000 4.50000000 	800.0000000000
1.50000000 5.00000000 	800.0000000000
1.50000000 5.50000000 	800.0000000000
1.50000000 6.00000000 	800.0000000000
1.50000000 6.50000000 	800.0000000000
1.50000000 7.00000000 	800.0000000000
1.50000000 7.50000000 	800.0000000000
1.50000000 8.00000000 	800.0000000000
2.00000000 -12.00000000 	800.0000000000
2.00000000 -11.50000000 	800.0000000000
2.00000000 -11.00000000 	800.0000000000
2.00000000 -10.50000000 	800.0000000000
2.00000000 -10.00000000 	800.0000000000
2.00000000 -9.50000000 	800.0000000000
2.00000000 -9.00000000 	800.0000000000
2.00000000 -8.50000000 	800.0000000000
2.00000000 -8.00000000 	800.0000000000
2.00000000 -7.50000000 	800.0000000000
2.00000000 -7.00000000 	800.0000000000
2.00000000 -6.50000000 	800.0000000000
2.00000000 -6.00000000 	800.0000000000
2.00000000 -5.50000000 	800.0000000000
2.00000000 -5.00000000 	800.0000000000
2.00000000 -4.50000000 	800.0000000000
2.00000000 -4.00000000 	800.0000000000
2.00000000 -3.50000000 	800.0000000000
2.00000000 -3.00000000 	799.9999997557
2.00000000 -2.50000000 	799.9999977039
2.00000000 -2.00000000 	799.9999398062
2.00000000 -1.50000000 	799.9996218091
2.00000000 -1.00000000 	799.9918384982
2.00000000 -0.50000000 	799.9542547718
2.00000000 0.00000000 	799.6975251934
2.00000000 0.50000000 	799.3003339454
2.00000000 1.00000000 	787.1968195497
2.00000000 1.50000000 	763.8787104711
2.00000000 2.00000000 	775.2280341398
2.00000000 2.50000000 	799.6261639425
2.00000000 3.00000000 	799.9300062142
2.00000000 3.50000000 	799.9994422006
2.00000000 4.00000000 	799.9999885740
2.00000000 4.50000000 	800.0000000000
2.00000000 5.00000000 	800.0000000000
2.00000000 5.50000000 	800.0000000000
2.00000000 6.00000000 	800.0000000000
2.00000000 6.50000000 	800.0000000000
2.00000000 7.00000000 	800.0000000000
2.00000000 7.50000000 	800.0000000000
2.00000000 8.00000000 	800.0000000000
