-8.00000000 -12.00000000 	10.0000000000
-8.00000000 -11.50000000 	10.0000000000
-8.00000000 -11.00000000 	10.0000000000
-8.00000000 -10.50000000 	10.0000000000
-8.00000000 -10.00000000 	10.0000000000
-8.00000000 -9.50000000 	10.0000000000
-8.00000000 -9.00000000 	10.0000000000
-8.00000000 -8.50000000 	10.0000000000
-8.00000000 -8.00000000 	10.0000000000
-8.00000000 -7.50000000 	10.0000000000
-8.00000000 -7.00000000 	10.0000000000
-8.00000000 -6.50000000 	10.0000000000
-8.00000000 -6.00000000 	10.0000000000
-8.00000000 -5.50000000 	10.0000000000
-8.00000000 -5.00000000 	10.0000000000
-8.00000000 -4.50000000 	10.0000000000
-8.00000000 -4.00000000 	10.0000000000
-8.00000000 -3.50000000 	10.0000000000
-8.00000000 -3.00000000 	10.0000000000
-8.00000000 -2.50000000 	10.0000000000
-8.00000000 -2.00000000 	10.0000000000
-8.00000000 -1.50000000 	10.0000000000
-8.00000000 -1.00000000 	10.0000000000
-8.00000000 -0.50000000 	10.0000000000
-8.00000000 0.00000000 	10.0000000000
-8.00000000 0.50000000 	10.0000000000
-8.00000000 1.00000000 	10.0000000000
-8.00000000 1.50000000 	10.0000000000
-8.00000000 2.00000000 	10.0000000000
-8.00000000 2.50000000 	10.0000000000
-8.00000000 3.00000000 	10.0000000000
-8.00000000 3.50000000 	10.0000000000
-8.00000000 4.00000000 	10.0000000000
-8.00000000 4.50000000 	10.0000000000
-8.00000000 5.00000000 	10.0000000000
-8.00000000 5.50000000 	10.0000000000
-8.00000000 6.00000000 	10.0000000000
-8.00000000 6.50000000 	10.0000000000
-8.00000000 7.00000000 	10.0000000000
-8.00000000 7.50000000 	10.0000000000
-8.00000000 8.00000000 	10.0000000000
-7.50000000 -12.00000000 	10.0000000000
-7.50000000 -11.50000000 	10.0000000000
-7.50000000 -11.00000000 	10.0000000000
-7.50000000 -10.50000000 	10.0000000000
-7.50000000 -10.00000000 	10.0000000000
-7.50000000 -9.50000000 	10.0000000000
-7.50000000 -9.00000000 	10.0000000000
-7.50000000 -8.50000000 	10.0000000000
-7.50000000 -8.00000000 	10.0000000000
-7.50000000 -7.50000000 	10.0000000000
-7.50000000 -7.00000000 	10.0000000000
-7.50000000 -6.50000000 	10.0000000000
-7.50000000 -6.00000000 	10.0000000000
-7.50000000 -5.50000000 	10.0000000000
-7.50000000 -5.00000000 	10.0000000000
-7.50000000 -4.50000000 	10.0000000000
-7.50000000 -4.00000000 	10.0000000000
-7.50000000 -3.50000000 	10.0000000000
-7.50000000 -3.00000000 	10.0000000000
-7.50000000 -2.50000000 	10.0000000000
-7.50000000 -2.00000000 	10.0000000000
-7.50000000 -1.50000000 	10.0000000000
-7.50000000 -1.00000000 	10.0000000000
-7.50000000 -0.50000000 	10.0000000000
-7.50000000 0.00000000 	10.0000000000
-7.50000000 0.50000000 	10.0000000000
-7.50000000 1.00000000 	10.0000000000
-7.50000000 1.50000000 	10.0000000000
-7.50000000 2.00000000 	10.0000000000
-7.50000000 2.50000000 	10.0000000000
-7.50000000 3.00000000 	10.0000000000
-7.50000000 3.50000000 	10.0000000000
-7.50000000 4.00000000 	10.0000000000
-7.50000000 4.50000000 	10.0000000000
-7.50000000 5.00000000 	10.0000000000
-7.50000000 5.50000000 	10.0000000000
-7.50000000 6.00000000 	10.0000000000
-7.50000000 6.50000000 	10.0000000000
-7.50000000 7.00000000 	10.0000000000
-7.50000000 7.50000000 	10.0000000000
-7.50000000 8.00000000 	10.0000000000
-7.00000000 -12.00000000 	9.8981323711
-7.00000000 -11.50000000 	9.8981323711
-7.00000000 -11.00000000 	9.8981323711
-7.00000000 -10.50000000 	9.8981323711
-7.00000000 -10.00000000 	9.8981323711
-7.00000000 -9.50000000 	9.8981323711
-7.00000000 -9.00000000 	9.8981323711
-7.00000000 -8.50000000 	9.8981323711
-7.00000000 -8.00000000 	9.8981323711
-7.00000000 -7.50000000 	9.8981323711
-7.00000000 -7.00000000 	9.8981323711
-7.00000000 -6.50000000 	9.8981323711
-7.00000000 -6.00000000 	9.8981323711
-7.00000000 -5.50000000 	9.8981323711
-7.00000000 -5.00000000 	9.8981323711
-7.00000000 -4.50000000 	9.8981323711
-7.00000000 -4.00000000 	9.8981323711
-7.00000000 -3.50000000 	9.8981323711
-7.00000000 -3.00000000 	9.8981323711
-7.00000000 -2.50000000 	9.8981323711
-7.00000000 -2.00000000 	9.8981323711
-7.00000000 -1.50000000 	9.8981323711
-7.00000000 -1.00000000 	9.8981323711
-7.00000000 -0.50000000 	9.8981323711
-7.00000000 0.00000000 	9.8981323711
-7.00000000 0.50000000 	9.8981323711
-7.00000000 1.00000000 	9.8981323711
-7.00000000 1.50000000 	9.8981323711
-7.00000000 2.00000000 	9.8981323711
-7.00000000 2.50000000 	9.8981323711
-7.00000000 3.00000000 	9.8981323711
-7.00000000 3.50000000 	9.8981323711
-7.00000000 4.00000000 	9.8981323711
-7.00000000 4.50000000 	9.8981323711
-7.00000000 5.00000000 	9.8981323711
-7.00000000 5.50000000 	9.8981323711
-7.00000000 6.00000000 	9.8981323711
-7.00000000 6.50000000 	9.8981323711
-7.00000000 7.00000000 	9.8981323711
-7.00000000 7.50000000 	9.8981323711
-7.00000000 8.00000000 	9.8981323711
-6.50000000 -12.00000000 	10.6342714399
-6.50000000 -11.50000000 	10.6342714399
-6.50000000 -11.00000000 	10.6342714399
-6.50000000 -10.50000000 	10.6342714399
-6.50000000 -10.00000000 	10.6342714399
-6.50000000 -9.50000000 	10.6342714399
-6.50000000 -9.00000000 	10.6342714399
-6.50000000 -8.50000000 	10.6342714399
-6.50000000 -8.00000000 	10.6342714399
-6.50000000 -7.50000000 	10.6342714399
-6.50000000 -7.00000000 	10.6342714399
-6.50000000 -6.50000000 	10.6342714399
-6.50000000 -6.00000000 	10.6342714399
-6.50000000 -5.50000000 	10.6342714399
-6.50000000 -5.00000000 	10.6342714399
-6.50000000 -4.50000000 	10.6342714399
-6.50000000 -4.00000000 	10.6342714399
-6.50000000 -3.50000000 	10.6342714399
-6.50000000 -3.00000000 	10.6342714399
-6.50000000 -2.50000000 	10.6342714399
-6.50000000 -2.00000000 	10.6342714399
-6.50000000 -1.50000000 	10.6342714399
-6.50000000 -1.00000000 	10.6342714399
-6.50000000 -0.50000000 	10.6342714399
-6.50000000 0.00000000 	10.6342714399
-6.50000000 0.50000000 	10.6342714399
-6.50000000 1.00000000 	10.6342714399
-6.50000000 1.50000000 	10.6342714399
-6.50000000 2.00000000 	10.6342714399
-6.50000000 2.50000000 	10.6342714399
-6.50000000 3.00000000 	10.6342714399
-6.50000000 3.50000000 	10.6342714399
-6.50000000 4.00000000 	10.6342714399
-6.50000000 4.50000000 	10.6342714399
-6.50000000 5.00000000 	10.6342714399
-6.50000000 5.50000000 	10.6342714399
-6.50000000 6.00000000 	10.6342714399
-6.50000000 6.50000000 	10.6342714399
-6.50000000 7.00000000 	10.6342714399
-6.50000000 7.50000000 	10.6342714399
-6.50000000 8.00000000 	10.6342714399
-6.00000000 -12.00000000 	14.1760133953
-6.00000000 -11.50000000 	14.1760133953
-6.00000000 -11.00000000 	14.1760133953
-6.00000000 -10.50000000 	14.1760133953
-6.00000000 -10.00000000 	14.1760133953
-6.00000000 -9.50000000 	14.1760133953
-6.00000000 -9.00000000 	14.1760133953
-6.00000000 -8.50000000 	14.1760133953
-6.00000000 -8.00000000 	14.1760133953
-6.00000000 -7.50000000 	14.1760133953
-6.00000000 -7.00000000 	14.1760133953
-6.00000000 -6.50000000 	14.1760133953
-6.00000000 -6.00000000 	14.1760133953
-6.00000000 -5.50000000 	14.1760133953
-6.00000000 -5.00000000 	14.1760133953
-6.00000000 -4.50000000 	14.1760133953
-6.00000000 -4.00000000 	14.1760133953
-6.00000000 -3.50000000 	14.1760133953
-6.00000000 -3.00000000 	14.1760133953
-6.00000000 -2.50000000 	14.1760133953
-6.00000000 -2.00000000 	14.1760133953
-6.00000000 -1.50000000 	14.1760133953
-6.00000000 -1.00000000 	14.1760133953
-6.00000000 -0.50000000 	14.1760133953
-6.00000000 0.00000000 	14.1760133953
-6.00000000 0.50000000 	14.1760133953
-6.00000000 1.00000000 	14.1760133953
-6.00000000 1.50000000 	14.1760133953
-6.00000000 2.00000000 	14.1760133953
-6.00000000 2.50000000 	14.1760133953
-6.00000000 3.00000000 	14.1760133953
-6.00000000 3.50000000 	14.1760133953
-6.00000000 4.00000000 	14.1760133953
-6.00000000 4.50000000 	14.1760133953
-6.00000000 5.00000000 	14.1760133953
-6.00000000 5.50000000 	14.1760133953
-6.00000000 6.00000000 	14.1760133953
-6.00000000 6.50000000 	14.1760133953
-6.00000000 7.00000000 	14.1760133953
-6.00000000 7.50000000 	14.1760133953
-6.00000000 8.00000000 	14.1760133953
-5.50000000 -12.00000000 	17.7037352578
-5.50000000 -11.50000000 	17.7037352578
-5.50000000 -11.00000000 	17.7037352578
-5.50000000 -10.50000000 	17.7037352578
-5.50000000 -10.00000000 	17.7037352578
-5.50000000 -9.50000000 	17.7037352578
-5.50000000 -9.00000000 	17.7037352578
-5.50000000 -8.50000000 	17.7037352578
-5.50000000 -8.00000000 	17.7037352578
-5.50000000 -7.50000000 	17.7037352578
-5.50000000 -7.00000000 	17.7037352578
-5.50000000 -6.50000000 	17.7037352578
-5.50000000 -6.00000000 	17.7037352578
-5.50000000 -5.50000000 	17.7037352578
-5.50000000 -5.00000000 	17.7037352578
-5.50000000 -4.50000000 	17.7037352578
-5.50000000 -4.00000000 	17.7037352578
-5.50000000 -3.50000000 	17.7037352578
-5.50000000 -3.00000000 	17.7037352578
-5.50000000 -2.50000000 	17.7037352578
-5.50000000 -2.00000000 	17.7037352578
-5.50000000 -1.50000000 	17.7037352578
-5.50000000 -1.00000000 	17.7037352578
-5.50000000 -0.50000000 	17.7037352578
-5.50000000 0.00000000 	17.7037352578
-5.50000000 0.50000000 	17.7037352578
-5.50000000 1.00000000 	17.7037352578
-5.50000000 1.50000000 	17.7037352578
-5.50000000 2.00000000 	17.7037352578
-5.50000000 2.50000000 	17.7037352578
-5.50000000 3.00000000 	17.7037352578
-5.50000000 3.50000000 	17.7037352578
-5.50000000 4.00000000 	17.7037352578
-5.50000000 4.50000000 	17.7037352578
-5.50000000 5.00000000 	17.7037352578
-5.50000000 5.50000000 	17.7037352578
-5.50000000 6.00000000 	17.7037352578
-5.50000000 6.50000000 	17.7037352578
-5.50000000 7.00000000 	17.7037352578
-5.50000000 7.50000000 	17.7037352578
-5.50000000 8.00000000 	17.7037352578
-5.00000000 -12.00000000 	15.9258542336
-5.00000000 -11.50000000 	15.9258542336
-5.00000000 -11.00000000 	15.9258542336
-5.00000000 -10.50000000 	15.9258542336
-5.00000000 -10.00000000 	15.9258542336
-5.00000000 -9.50000000 	15.9258542336
-5.00000000 -9.00000000 	15.9258542336
-5.00000000 -8.50000000 	15.9258542336
-5.00000000 -8.00000000 	15.9258542336
-5.00000000 -7.50000000 	15.9258542336
-5.00000000 -7.00000000 	15.9258542336
-5.00000000 -6.50000000 	15.9258542336
-5.00000000 -6.00000000 	15.9258542336
-5.00000000 -5.50000000 	15.9258542336
-5.00000000 -5.00000000 	15.9258542336
-5.00000000 -4.50000000 	15.9258542336
-5.00000000 -4.00000000 	15.9258542336
-5.00000000 -3.50000000 	15.9258542336
-5.00000000 -3.00000000 	15.9258542336
-5.00000000 -2.50000000 	15.9258542336
-5.00000000 -2.00000000 	15.9258542336
-5.00000000 -1.50000000 	15.9258542336
-5.00000000 -1.00000000 	15.9258542336
-5.00000000 -0.50000000 	15.9258542336
-5.00000000 0.00000000 	15.9258542336
-5.00000000 0.50000000 	15.9258542336
-5.00000000 1.00000000 	15.9258542336
-5.00000000 1.50000000 	15.9258542336
-5.00000000 2.00000000 	15.9258542336
-5.00000000 2.50000000 	15.9258542336
-5.00000000 3.00000000 	15.9258542336
-5.00000000 3.50000000 	15.9258542336
-5.00000000 4.00000000 	15.9258542336
-5.00000000 4.50000000 	15.9258542336
-5.00000000 5.00000000 	15.9258542336
-5.00000000 5.50000000 	15.9258542336
-5.00000000 6.00000000 	15.9258542336
-5.00000000 6.50000000 	15.9258542336
-5.00000000 7.00000000 	15.9258542336
-5.00000000 7.50000000 	15.9258542336
-5.00000000 8.00000000 	15.9258542336
-4.50000000 -12.00000000 	11.6619933024
-4.50000000 -11.50000000 	11.6619933024
-4.50000000 -11.00000000 	11.6619933024
-4.50000000 -10.50000000 	11.6619933024
-4.50000000 -10.00000000 	11.6619933024
-4.50000000 -9.50000000 	11.6619933024
-4.50000000 -9.00000000 	11.6619933024
-4.50000000 -8.50000000 	11.6619933024
-4.50000000 -8.00000000 	11.6619933024
-4.50000000 -7.50000000 	11.6619933024
-4.50000000 -7.00000000 	11.6619933024
-4.50000000 -6.50000000 	11.6619933024
-4.50000000 -6.00000000 	11.6619933024
-4.50000000 -5.50000000 	11.6619933024
-4.50000000 -5.00000000 	11.6619933024
-4.50000000 -4.50000000 	11.6619933024
-4.50000000 -4.00000000 	11.6619933024
-4.50000000 -3.50000000 	11.6619933024
-4.50000000 -3.00000000 	11.6619933024
-4.50000000 -2.50000000 	11.6619933024
-4.50000000 -2.00000000 	11.6619933024
-4.50000000 -1.50000000 	11.6619933024
-4.50000000 -1.00000000 	11.6619933024
-4.50000000 -0.50000000 	11.6619933024
-4.50000000 0.00000000 	11.6619933024
-4.50000000 0.50000000 	11.6619933024
-4.50000000 1.00000000 	11.6619933024
-4.50000000 1.50000000 	11.6619933024
-4.50000000 2.00000000 	11.6619933024
-4.50000000 2.50000000 	11.6619933024
-4.50000000 3.00000000 	11.6619933024
-4.50000000 3.50000000 	11.6619933024
-4.50000000 4.00000000 	11.6619933024
-4.50000000 4.50000000 	11.6619933024
-4.50000000 5.00000000 	11.6619933024
-4.50000000 5.50000000 	11.6619933024
-4.50000000 6.00000000 	11.6619933024
-4.50000000 6.50000000 	11.6619933024
-4.50000000 7.00000000 	11.6619933024
-4.50000000 7.50000000 	11.6619933024
-4.50000000 8.00000000 	11.6619933024
-4.00000000 -12.00000000 	10.0000000000
-4.00000000 -11.50000000 	10.0000000000
-4.00000000 -11.00000000 	10.0000000000
-4.00000000 -10.50000000 	10.0000000000
-4.00000000 -10.00000000 	10.0000000000
-4.00000000 -9.50000000 	10.0000000000
-4.00000000 -9.00000000 	10.0000000000
-4.00000000 -8.50000000 	10.0000000000
-4.00000000 -8.00000000 	10.0000000000
-4.00000000 -7.50000000 	10.0000000000
-4.00000000 -7.00000000 	10.0000000000
-4.00000000 -6.50000000 	10.0000000000
-4.00000000 -6.00000000 	10.0000000000
-4.00000000 -5.50000000 	10.0000000000
-4.00000000 -5.00000000 	10.0000000000
-4.00000000 -4.50000000 	10.0000000000
-4.00000000 -4.00000000 	10.0000000000
-4.00000000 -3.50000000 	10.0000000000
-4.00000000 -3.00000000 	10.0000000000
-4.00000000 -2.50000000 	10.0000000000
-4.00000000 -2.00000000 	10.0000000000
-4.00000000 -1.50000000 	10.0000000000
-4.00000000 -1.00000000 	10.0000000000
-4.00000000 -0.50000000 	10.0000000000
-4.00000000 0.00000000 	10.0000000000
-4.00000000 0.50000000 	10.0000000000
-4.00000000 1.00000000 	10.0000000000
-4.00000000 1.50000000 	10.0000000000
-4.00000000 2.00000000 	10.0000000000
-4.00000000 2.50000000 	10.0000000000
-4.00000000 3.00000000 	10.0000000000
-4.00000000 3.50000000 	10.0000000000
-4.00000000 4.00000000 	10.0000000000
-4.00000000 4.50000000 	10.0000000000
-4.00000000 5.00000000 	10.0000000000
-4.00000000 5.50000000 	10.0000000000
-4.00000000 6.00000000 	10.0000000000
-4.00000000 6.50000000 	10.0000000000
-4.00000000 7.00000000 	10.0000000000
-4.00000000 7.50000000 	10.0000000000
-4.00000000 8.00000000 	10.0000000000
-3.50000000 -12.00000000 	10.0000000000
-3.50000000 -11.50000000 	10.0000000000
-3.50000000 -11.00000000 	10.0000000000
-3.50000000 -10.50000000 	10.0000000000
-3.50000000 -10.00000000 	10.0000000000
-3.50000000 -9.50000000 	10.0000000000
-3.50000000 -9.00000000 	10.0000000000
-3.50000000 -8.50000000 	10.0000000000
-3.50000000 -8.00000000 	10.0000000000
-3.50000000 -7.50000000 	10.0000000000
-3.50000000 -7.00000000 	10.0000000000
-3.50000000 -6.50000000 	10.0000000000
-3.50000000 -6.00000000 	10.0000000000
-3.50000000 -5.50000000 	10.0000000000
-3.50000000 -5.00000000 	10.0000000000
-3.50000000 -4.50000000 	10.0000000000
-3.50000000 -4.00000000 	10.0000000000
-3.50000000 -3.50000000 	10.0000000000
-3.50000000 -3.00000000 	10.0000000000
-3.50000000 -2.50000000 	10.0000000000
-3.50000000 -2.00000000 	10.0000000000
-3.50000000 -1.50000000 	10.0000000000
-3.50000000 -1.00000000 	10.0000000000
-3.50000000 -0.50000000 	10.0000000000
-3.50000000 0.00000000 	10.0000000000
-3.50000000 0.50000000 	10.0000000000
-3.50000000 1.00000000 	10.0000000000
-3.50000000 1.50000000 	10.0000000000
-3.50000000 2.00000000 	10.0000000000
-3.50000000 2.50000000 	10.0000000000
-3.50000000 3.00000000 	10.0000000000
-3.50000000 3.50000000 	10.0000000000
-3.50000000 4.00000000 	10.0000000000
-3.50000000 4.50000000 	10.0000000000
-3.50000000 5.00000000 	10.0000000000
-3.50000000 5.50000000 	10.0000000000
-3.50000000 6.00000000 	10.0000000000
-3.50000000 6.50000000 	10.0000000000
-3.50000000 7.00000000 	10.0000000000
-3.50000000 7.50000000 	10.0000000000
-3.50000000 8.00000000 	10.0000000000
-3.00000000 -12.00000000 	10.0000000000
-3.00000000 -11.50000000 	10.0000000000
-3.00000000 -11.00000000 	10.0000000000
-3.00000000 -10.50000000 	10.0000000000
-3.00000000 -10.00000000 	10.0000000000
-3.00000000 -9.50000000 	10.0000000000
-3.00000000 -9.00000000 	10.0000000000
-3.00000000 -8.50000000 	10.0000000000
-3.00000000 -8.00000000 	10.0000000000
-3.00000000 -7.50000000 	10.0000000000
-3.00000000 -7.00000000 	10.0000000000
-3.00000000 -6.50000000 	10.0000000000
-3.00000000 -6.00000000 	10.0000000000
-3.00000000 -5.50000000 	10.0000000000
-3.00000000 -5.00000000 	10.0000000000
-3.00000000 -4.50000000 	10.0000000000
-3.00000000 -4.00000000 	10.0000000000
-3.00000000 -3.50000000 	10.0000000000
-3.00000000 -3.00000000 	10.0000000000
-3.00000000 -2.50000000 	10.0000000000
-3.00000000 -2.00000000 	10.0000000000
-3.00000000 -1.50000000 	10.0000000000
-3.00000000 -1.00000000 	10.0000000000
-3.00000000 -0.50000000 	10.0000000000
-3.00000000 0.00000000 	10.0000000000
-3.00000000 0.50000000 	10.0000000000
-3.00000000 1.00000000 	10.0000000000
-3.00000000 1.50000000 	10.0000000000
-3.00000000 2.00000000 	10.0000000000
-3.00000000 2.50000000 	10.0000000000
-3.00000000 3.00000000 	10.0000000000
-3.00000000 3.50000000 	10.0000000000
-3.00000000 4.00000000 	10.0000000000
-3.00000000 4.50000000 	10.0000000000
-3.00000000 5.00000000 	10.0000000000
-3.00000000 5.50000000 	10.0000000000
-3.00000000 6.00000000 	10.0000000000
-3.00000000 6.50000000 	10.0000000000
-3.00000000 7.00000000 	10.0000000000
-3.00000000 7.50000000 	10.0000000000
-3.00000000 8.00000000 	10.0000000000
-2.50000000 -12.00000000 	10.0000000000
-2.50000000 -11.50000000 	10.0000000000
-2.50000000 -11.00000000 	10.0000000000
-2.50000000 -10.50000000 	10.0000000000
-2.50000000 -10.00000000 	10.0000000000
-2.50000000 -9.50000000 	10.0000000000
-2.50000000 -9.00000000 	10.0000000000
-2.50000000 -8.50000000 	10.0000000000
-2.50000000 -8.00000000 	10.0000000000
-2.50000000 -7.50000000 	10.0000000000
-2.50000000 -7.00000000 	10.0000000000
-2.50000000 -6.50000000 	10.0000000000
-2.50000000 -6.00000000 	10.0000000000
-2.50000000 -5.50000000 	10.0000000000
-2.50000000 -5.00000000 	10.0000000000
-2.50000000 -4.50000000 	10.0000000000
-2.50000000 -4.00000000 	10.0000000000
-2.50000000 -3.50000000 	10.0000000000
-2.50000000 -3.00000000 	10.0000000000
-2.50000000 -2.50000000 	10.0000000000
-2.50000000 -2.00000000 	10.0000000000
-2.50000000 -1.50000000 	10.0000000000
-2.50000000 -1.00000000 	10.0000000000
-2.50000000 -0.50000000 	10.0000000000
-2.50000000 0.00000000 	10.0000000000
-2.50000000 0.50000000 	10.0000000000
-2.50000000 1.00000000 	10.0000000000
-2.50000000 1.50000000 	10.0000000000
-2.50000000 2.00000000 	10.0000000000
-2.50000000 2.50000000 	10.0000000000
-2.50000000 3.00000000 	10.0000000000
-2.50000000 3.50000000 	10.0000000000
-2.50000000 4.00000000 	10.0000000000
-2.50000000 4.50000000 	10.0000000000
-2.50000000 5.00000000 	10.0000000000
-2.50000000 5.50000000 	10.0000000000
-2.50000000 6.00000000 	10.0000000000
-2.50000000 6.50000000 	10.0000000000
-2.50000000 7.00000000 	10.0000000000
-2.50000000 7.50000000 	10.0000000000
-2.50000000 8.00000000 	10.0000000000
-2.00000000 -12.00000000 	10.0000000000
-2.00000000 -11.50000000 	10.0000000000
-2.00000000 -11.00000000 	10.0000000000
-2.00000000 -10.50000000 	10.0000000000
-2.00000000 -10.00000000 	10.0000000000
-2.00000000 -9.50000000 	10.0000000000
-2.00000000 -9.00000000 	10.0000000000
-2.00000000 -8.50000000 	10.0000000000
-2.00000000 -8.00000000 	10.0000000000
-2.00000000 -7.50000000 	10.0000000000
-2.00000000 -7.00000000 	10.0000000000
-2.00000000 -6.50000000 	10.0000000000
-2.00000000 -6.00000000 	10.0000000000
-2.00000000 -5.50000000 	10.0000000000
-2.00000000 -5.00000000 	10.0000000000
-2.00000000 -4.50000000 	10.0000000000
-2.00000000 -4.00000000 	10.0000000000
-2.00000000 -3.50000000 	10.0000000000
-2.00000000 -3.00000000 	10.0000000000
-2.00000000 -2.50000000 	10.0000000000
-2.00000000 -2.00000000 	10.0000000000
-2.00000000 -1.50000000 	10.0000000000
-2.00000000 -1.00000000 	10.0000000000
-2.00000000 -0.50000000 	10.0000000000
-2.00000000 0.00000000 	9.8749770732
-2.00000000 0.50000000 	9.8749770732
-2.00000000 1.00000000 	9.8749770732
-2.00000000 1.50000000 	9.8749770732
-2.00000000 2.00000000 	9.8749770732
-2.00000000 2.50000000 	9.8749770732
-2.00000000 3.00000000 	10.0000000000
-2.00000000 3.50000000 	10.0000000000
-2.00000000 4.00000000 	10.0000000000
-2.00000000 4.50000000 	10.0000000000
-2.00000000 5.00000000 	10.0000000000
-2.00000000 5.50000000 	10.0000000000
-2.00000000 6.00000000 	10.0000000000
-2.00000000 6.50000000 	10.0000000000
-2.00000000 7.00000000 	10.0000000000
-2.00000000 7.50000000 	10.0000000000
-2.00000000 8.00000000 	10.0000000000
-1.50000000 -12.00000000 	10.0000000000
-1.50000000 -11.50000000 	10.0000000000
-1.50000000 -11.00000000 	10.0000000000
-1.50000000 -10.50000000 	10.0000000000
-1.50000000 -10.00000000 	10.0000000000
-1.50000000 -9.50000000 	10.0000000000
-1.50000000 -9.00000000 	10.0000000000
-1.50000000 -8.50000000 	10.0000000000
-1.50000000 -8.00000000 	10.0000000000
-1.50000000 -7.50000000 	10.0000000000
-1.50000000 -7.00000000 	10.0000000000
-1.50000000 -6.50000000 	10.0000000000
-1.50000000 -6.00000000 	10.0000000000
-1.50000000 -5.50000000 	10.0000000000
-1.50000000 -5.00000000 	10.0000000000
-1.50000000 -4.50000000 	10.0000000000
-1.50000000 -4.00000000 	10.0000000000
-1.50000000 -3.50000000 	10.0000000000
-1.50000000 -3.00000000 	10.0000000000
-1.50000000 -2.50000000 	10.0000000000
-1.50000000 -2.00000000 	10.0000000000
-1.50000000 -1.50000000 	10.0000000000
-1.50000000 -1.00000000 	10.0000000000
-1.50000000 -0.50000000 	9.6249770732
-1.50000000 0.00000000 	9.6249770732
-1.50000000 0.50000000 	9.3749770732
-1.50000000 1.00000000 	9.3749770732
-1.50000000 1.50000000 	9.3749770732
-1.50000000 2.00000000 	9.3749770732
-1.50000000 2.50000000 	9.6249770732
-1.50000000 3.00000000 	9.6249770732
-1.50000000 3.50000000 	10.0000000000
-1.50000000 4.00000000 	10.0000000000
-1.50000000 4.50000000 	10.0000000000
-1.50000000 5.00000000 	10.0000000000
-1.50000000 5.50000000 	10.0000000000
-1.50000000 6.00000000 	10.0000000000
-1.50000000 6.50000000 	10.0000000000
-1.50000000 7.00000000 	10.0000000000
-1.50000000 7.50000000 	10.0000000000
-1.50000000 8.00000000 	10.0000000000
-1.00000000 -12.00000000 	10.0000000000
-1.00000000 -11.50000000 	10.0000000000
-1.00000000 -11.00000000 	10.0000000000
-1.00000000 -10.50000000 	10.0000000000
-1.00000000 -10.00000000 	10.0000000000
-1.00000000 -9.50000000 	10.0000000000
-1.00000000 -9.00000000 	10.0000000000
-1.00000000 -8.50000000 	10.0000000000
-1.00000000 -8.00000000 	10.0000000000
-1.00000000 -7.50000000 	10.0000000000
-1.00000000 -7.00000000 	10.0000000000
-1.00000000 -6.50000000 	10.0000000000
-1.00000000 -6.00000000 	10.0000000000
-1.00000000 -5.50000000 	10.0000000000
-1.00000000 -5.00000000 	10.0000000000
-1.00000000 -4.50000000 	10.0000000000
-1.00000000 -4.00000000 	10.0000000000
-1.00000000 -3.50000000 	10.0000000000
-1.00000000 -3.00000000 	10.0000000000
-1.00000000 -2.50000000 	10.0000000000
-1.00000000 -2.00000000 	10.0000000000
-1.00000000 -1.50000000 	10.0000000000
-1.00000000 -1.00000000 	9.4999541464
-1.00000000 -0.50000000 	9.4999541464
-1.00000000 0.00000000 	8.7500458536
-1.00000000 0.50000000 	8.7500458536
-1.00000000 1.00000000 	8.6250229268
-1.00000000 1.50000000 	8.6250229268
-1.00000000 2.00000000 	8.7500458536
-1.00000000 2.50000000 	8.7500458536
-1.00000000 3.00000000 	9.4999541464
-1.00000000 3.50000000 	9.4999541464
-1.00000000 4.00000000 	10.0000000000
-1.00000000 4.50000000 	10.0000000000
-1.00000000 5.00000000 	10.0000000000
-1.00000000 5.50000000 	10.0000000000
-1.00000000 6.00000000 	10.0000000000
-1.00000000 6.50000000 	10.0000000000
-1.00000000 7.00000000 	10.0000000000
-1.00000000 7.50000000 	10.0000000000
-1.00000000 8.00000000 	10.0000000000
-0.50000000 -12.00000000 	10.0000000000
-0.50000000 -11.50000000 	10.0000000000
-0.50000000 -11.00000000 	10.0000000000
-0.50000000 -10.50000000 	10.0000000000
-0.50000000 -10.00000000 	10.0000000000
-0.50000000 -9.50000000 	10.0000000000
-0.50000000 -9.00000000 	10.0000000000
-0.50000000 -8.50000000 	10.0000000000
-0.50000000 -8.00000000 	10.0000000000
-0.50000000 -7.50000000 	10.0000000000
-0.50000000 -7.00000000 	10.0000000000
-0.50000000 -6.50000000 	10.0000000000
-0.50000000 -6.00000000 	10.0000000000
-0.50000000 -5.50000000 	10.0000000000
-0.50000000 -5.00000000 	10.0000000000
-0.50000000 -4.50000000 	10.0000000000
-0.50000000 -4.00000000 	10.0000000000
-0.50000000 -3.50000000 	10.0000000000
-0.50000000 -3.00000000 	10.0000000000
-0.50000000 -2.50000000 	10.0000000000
-0.50000000 -2.00000000 	10.0000000000
-0.50000000 -1.50000000 	9.6249770732
-0.50000000 -1.00000000 	9.4999541464
-0.50000000 -0.50000000 	8.5000458536
-0.50000000 0.00000000 	8.5000458536
-0.50000000 0.50000000 	8.1250229268
-0.50000000 1.00000000 	8.1250229268
-0.50000000 1.50000000 	8.1250229268
-0.50000000 2.00000000 	8.1250229268
-0.50000000 2.50000000 	8.5000458536
-0.50000000 3.00000000 	8.5000458536
-0.50000000 3.50000000 	9.4999541464
-0.50000000 4.00000000 	9.4999541464
-0.50000000 4.50000000 	10.0000000000
-0.50000000 5.00000000 	10.0000000000
-0.50000000 5.50000000 	10.0000000000
-0.50000000 6.00000000 	10.0000000000
-0.50000000 6.50000000 	10.0000000000
-0.50000000 7.00000000 	10.0000000000
-0.50000000 7.50000000 	10.0000000000
-0.50000000 8.00000000 	10.0000000000
0.00000000 -12.00000000 	10.0000000000
0.00000000 -11.50000000 	10.0000000000
0.00000000 -11.00000000 	10.0000000000
0.00000000 -10.50000000 	10.0000000000
0.00000000 -10.00000000 	10.0000000000
0.00000000 -9.50000000 	10.0000000000
0.00000000 -9.00000000 	10.0000000000
0.00000000 -8.50000000 	10.0000000000
0.00000000 -8.00000000 	10.0000000000
0.00000000 -7.50000000 	10.0000000000
0.00000000 -7.00000000 	10.0000000000
0.00000000 -6.50000000 	10.0000000000
0.00000000 -6.00000000 	10.0000000000
0.00000000 -5.50000000 	10.0000000000
0.00000000 -5.00000000 	10.0000000000
0.00000000 -4.50000000 	10.0000000000
0.00000000 -4.00000000 	10.0000000000
0.00000000 -3.50000000 	10.0000000000
0.00000000 -3.00000000 	10.0000000000
0.00000000 -2.50000000 	10.0000000000
0.00000000 -2.00000000 	9.8749770732
0.00000000 -1.50000000 	9.4999541464
0.00000000 -1.00000000 	8.7500458536
0.00000000 -0.50000000 	8.5000458536
0.00000000 0.00000000 	8.0000000000
0.00000000 0.50000000 	8.0000000000
0.00000000 1.00000000 	8.0000000000
0.00000000 1.50000000 	8.0000000000
0.00000000 2.00000000 	8.0000000000
0.00000000 2.50000000 	8.0000000000
0.00000000 3.00000000 	8.5000458536
0.00000000 3.50000000 	8.5000458536
0.00000000 4.00000000 	9.4999541464
0.00000000 4.50000000 	9.6249770732
0.00000000 5.00000000 	10.0000000000
0.00000000 5.50000000 	10.0000000000
0.00000000 6.00000000 	10.0000000000
0.00000000 6.50000000 	10.0000000000
0.00000000 7.00000000 	10.0000000000
0.00000000 7.50000000 	10.0000000000
0.00000000 8.00000000 	10.0000000000
0.50000000 -12.00000000 	10.0000000000
0.50000000 -11.50000000 	10.0000000000
0.50000000 -11.00000000 	10.0000000000
0.50000000 -10.50000000 	10.0000000000
0.50000000 -10.00000000 	10.0000000000
0.50000000 -9.50000000 	10.0000000000
0.50000000 -9.00000000 	10.0000000000
0.50000000 -8.50000000 	10.0000000000
0.50000000 -8.00000000 	10.0000000000
0.50000000 -7.50000000 	10.0000000000
0.50000000 -7.00000000 	10.0000000000
0.50000000 -6.50000000 	10.0000000000
0.50000000 -6.00000000 	10.0000000000
0.50000000 -5.50000000 	10.0000000000
0.50000000 -5.00000000 	10.0000000000
0.50000000 -4.50000000 	10.0000000000
0.50000000 -4.00000000 	10.0000000000
0.50000000 -3.50000000 	10.0000000000
0.50000000 -3.00000000 	10.0000000000
0.50000000 -2.50000000 	10.0000000000
0.50000000 -2.00000000 	9.6249770732
0.50000000 -1.50000000 	9.2499541464
0.50000000 -1.00000000 	8.5000458536
0.50000000 -0.50000000 	8.1250229268
0.50000000 0.00000000 	8.0000000000
0.50000000 0.50000000 	8.0000000000
0.50000000 1.00000000 	8.0000000000
0.50000000 1.50000000 	8.0000000000
0.50000000 2.00000000 	8.0000000000
0.50000000 2.50000000 	8.0000000000
0.50000000 3.00000000 	8.0000000000
0.50000000 3.50000000 	8.5000458536
0.50000000 4.00000000 	8.7500458536
0.50000000 4.50000000 	9.6249770732
0.50000000 5.00000000 	9.8749770732
0.50000000 5.50000000 	10.0000000000
0.50000000 6.00000000 	10.0000000000
0.50000000 6.50000000 	10.0000000000
0.50000000 7.00000000 	10.0000000000
0.50000000 7.50000000 	10.0000000000
0.50000000 8.00000000 	10.0000000000
1.00000000 -12.00000000 	10.0000000000
1.00000000 -11.50000000 	10.0000000000
1.00000000 -11.00000000 	10.0000000000
1.00000000 -10.50000000 	10.0000000000
1.00000000 -10.00000000 	10.0000000000
1.00000000 -9.50000000 	10.0000000000
1.00000000 -9.00000000 	10.0000000000
1.00000000 -8.50000000 	10.0000000000
1.00000000 -8.00000000 	10.0000000000
1.00000000 -7.50000000 	10.0000000000
1.00000000 -7.00000000 	10.0000000000
1.00000000 -6.50000000 	10.0000000000
1.00000000 -6.00000000 	10.0000000000
1.00000000 -5.50000000 	10.0000000000
1.00000000 -5.00000000 	10.0000000000
1.00000000 -4.50000000 	10.0000000000
1.00000000 -4.00000000 	10.0000000000
1.00000000 -3.50000000 	10.0000000000
1.00000000 -3.00000000 	10.0000000000
1.00000000 -2.50000000 	9.8749770732
1.00000000 -2.00000000 	9.6249770732
1.00000000 -1.50000000 	8.7500458536
1.00000000 -1.00000000 	8.3750229268
1.00000000 -0.50000000 	8.0000000000
1.00000000 0.00000000 	8.0000000000
1.00000000 0.50000000 	8.0000000000
1.00000000 1.00000000 	8.0000000000
1.00000000 1.50000000 	8.0000000000
1.00000000 2.00000000 	8.0000000000
1.00000000 2.50000000 	8.0000000000
1.00000000 3.00000000 	8.0000000000
1.00000000 3.50000000 	8.1250229268
1.00000000 4.00000000 	8.7500458536
1.00000000 4.50000000 	9.3749770732
1.00000000 5.00000000 	9.8749770732
1.00000000 5.50000000 	10.0000000000
1.00000000 6.00000000 	10.0000000000
1.00000000 6.50000000 	10.0000000000
1.00000000 7.00000000 	10.0000000000
1.00000000 7.50000000 	10.0000000000
1.00000000 8.00000000 	10.0000000000
1.50000000 -12.00000000 	10.0000000000
1.50000000 -11.50000000 	10.0000000000
1.50000000 -11.00000000 	10.0000000000
1.50000000 -10.50000000 	10.0000000000
1.50000000 -10.00000000 	10.0000000000
1.50000000 -9.50000000 	10.0000000000
1.50000000 -9.00000000 	10.0000000000
1.50000000 -8.50000000 	10.0000000000
1.50000000 -8.00000000 	10.0000000000
1.50000000 -7.50000000 	10.0000000000
1.50000000 -7.00000000 	10.0000000000
1.50000000 -6.50000000 	10.0000000000
1.50000000 -6.00000000 	10.0000000000
1.50000000 -5.50000000 	10.0000000000
1.50000000 -5.00000000 	10.0000000000
1.50000000 -4.50000000 	10.0000000000
1.50000000 -4.00000000 	10.0000000000
1.50000000 -3.50000000 	10.0000000000
1.50000000 -3.00000000 	10.0000000000
1.50000000 -2.50000000 	9.8749770732
1.50000000 -2.00000000 	9.3749770732
1.50000000 -1.50000000 	8.7500458536
1.50000000 -1.00000000 	8.1250229268
1.50000000 -0.50000000 	8.0000000000
1.50000000 0.00000000 	8.0000000000
1.50000000 0.50000000 	8.0000000000
1.50000000 1.00000000 	8.0000000000
1.50000000 1.50000000 	8.0000000000
1.50000000 2.00000000 	8.0000000000
1.50000000 2.50000000 	8.0000000000
1.50000000 3.00000000 	8.0000000000
1.50000000 3.50000000 	8.1250229268
1.50000000 4.00000000 	8.6250229268
1.50000000 4.50000000 	9.3749770732
1.50000000 5.00000000 	9.8749770732
1.50000000 5.50000000 	10.0000000000
1.50000000 6.00000000 	10.0000000000
1.50000000 6.50000000 	10.0000000000
1.50000000 7.00000000 	10.0000000000
1.50000000 7.50000000 	10.0000000000
1.50000000 8.00000000 	10.0000000000
2.00000000 -12.00000000 	10.0000000000
2.00000000 -11.50000000 	10.0000000000
2.00000000 -11.00000000 	10.0000000000
2.00000000 -10.50000000 	10.0000000000
2.00000000 -10.00000000 	10.0000000000
2.00000000 -9.50000000 	10.0000000000
2.00000000 -9.00000000 	10.0000000000
2.00000000 -8.50000000 	10.0000000000
2.00000000 -8.00000000 	10.0000000000
2.00000000 -7.50000000 	10.0000000000
2.00000000 -7.00000000 	10.0000000000
2.00000000 -6.50000000 	10.0000000000
2.00000000 -6.00000000 	10.0000000000
2.00000000 -5.50000000 	10.0000000000
2.00000000 -5.00000000 	10.0000000000
2.00000000 -4.50000000 	10.0000000000
2.00000000 -4.00000000 	10.0000000000
2.00000000 -3.50000000 	10.0000000000
2.00000000 -3.00000000 	10.0000000000
2.00000000 -2.50000000 	9.8749770732
2.00000000 -2.00000000 	9.3749770732
2.00000000 -1.50000000 	8.6250229268
2.00000000 -1.00000000 	8.1250229268
2.00000000 -0.50000000 	8.0000000000
2.00000000 0.00000000 	8.0000000000
2.00000000 0.50000000 	8.0000000000
2.00000000 1.00000000 	8.0000000000
2.00000000 1.50000000 	8.0000000000
2.00000000 2.00000000 	8.0000000000
2.00000000 2.50000000 	8.0000000000
2.00000000 3.00000000 	8.0000000000
2.00000000 3.50000000 	8.1250229268
2.00000000 4.00000000 	8.6250229268
2.00000000 4.50000000 	9.3749770732
2.00000000 5.00000000 	9.8749770732
2.00000000 5.50000000 	10.0000000000
2.00000000 6.00000000 	10.0000000000
2.00000000 6.50000000 	10.0000000000
2.00000000 7.00000000 	10.0000000000
2.00000000 7.50000000 	10.0000000000
2.00000000 8.00000000 	10.0000000000
