-8.00000000 -12.00000000 	10.0000000000
-8.00000000 -11.50000000 	10.0000000000
-8.00000000 -11.00000000 	10.0000000000
-8.00000000 -10.50000000 	10.0000000000
-8.00000000 -10.00000000 	10.0000000000
-8.00000000 -9.50000000 	10.0000000000
-8.00000000 -9.00000000 	10.0000000000
-8.00000000 -8.50000000 	10.0000000000
-8.00000000 -8.00000000 	10.0000000000
-8.00000000 -7.50000000 	10.0000000000
-8.00000000 -7.00000000 	10.0000000000
-8.00000000 -6.50000000 	10.0000000000
-8.00000000 -6.00000000 	10.0000000000
-8.00000000 -5.50000000 	10.0000000000
-8.00000000 -5.00000000 	10.0000000000
-8.00000000 -4.50000000 	10.0000000000
-8.00000000 -4.00000000 	10.0000000000
-8.00000000 -3.50000000 	10.0000000000
-8.00000000 -3.00000000 	10.0000000000
-8.00000000 -2.50000000 	10.0000000000
-8.00000000 -2.00000000 	10.0000000000
-8.00000000 -1.50000000 	10.0000000000
-8.00000000 -1.00000000 	10.0000000000
-8.00000000 -0.50000000 	10.0000000000
-8.00000000 0.00000000 	10.0000000000
-8.00000000 0.50000000 	10.0000000000
-8.00000000 1.00000000 	10.0000000000
-8.00000000 1.50000000 	10.0000000000
-8.00000000 2.00000000 	10.0000000000
-8.00000000 2.50000000 	10.0000000000
-8.00000000 3.00000000 	10.0000000000
-8.00000000 3.50000000 	10.0000000000
-8.00000000 4.00000000 	10.0000000000
-8.00000000 4.50000000 	10.0000000000
-8.00000000 5.00000000 	10.0000000000
-8.00000000 5.50000000 	10.0000000000
-8.00000000 6.00000000 	10.0000000000
-8.00000000 6.50000000 	10.0000000000
-8.00000000 7.00000000 	10.0000000000
-8.00000000 7.50000000 	10.0000000000
-8.00000000 8.00000000 	10.0000000000
-7.50000000 -12.00000000 	10.0000000000
-7.50000000 -11.50000000 	10.0000000000
-7.50000000 -11.00000000 	10.0000000000
-7.50000000 -10.50000000 	10.0000000000
-7.50000000 -10.00000000 	10.0000000000
-7.50000000 -9.50000000 	10.0000000000
-7.50000000 -9.00000000 	10.0000000000
-7.50000000 -8.50000000 	10.0000000000
-7.50000000 -8.00000000 	10.0000000000
-7.50000000 -7.50000000 	10.0000000000
-7.50000000 -7.00000000 	10.0000000000
-7.50000000 -6.50000000 	10.0000000000
-7.50000000 -6.00000000 	10.0000000000
-7.50000000 -5.50000000 	10.0000000000
-7.50000000 -5.00000000 	10.0000000000
-7.50000000 -4.50000000 	10.0000000000
-7.50000000 -4.00000000 	10.0000000000
-7.50000000 -3.50000000 	10.0000000000
-7.50000000 -3.00000000 	10.0000000000
-7.50000000 -2.50000000 	10.0000000000
-7.50000000 -2.00000000 	10.0000000000
-7.50000000 -1.50000000 	10.0000000000
-7.50000000 -1.00000000 	10.0000000000
-7.50000000 -0.50000000 	10.0000000000
-7.50000000 0.00000000 	10.0000000000
-7.50000000 0.50000000 	10.0000000000
-7.50000000 1.00000000 	10.0000000000
-7.50000000 1.50000000 	10.0000000000
-7.50000000 2.00000000 	10.0000000000
-7.50000000 2.50000000 	10.0000000000
-7.50000000 3.00000000 	10.0000000000
-7.50000000 3.50000000 	10.0000000000
-7.50000000 4.00000000 	10.0000000000
-7.50000000 4.50000000 	10.0000000000
-7.50000000 5.00000000 	10.0000000000
-7.50000000 5.50000000 	10.0000000000
-7.50000000 6.00000000 	10.0000000000
-7.50000000 6.50000000 	10.0000000000
-7.50000000 7.00000000 	10.0000000000
-7.50000000 7.50000000 	10.0000000000
-7.50000000 8.00000000 	10.0000000000
-7.00000000 -12.00000000 	10.0000000000
-7.00000000 -11.50000000 	10.0000000000
-7.00000000 -11.00000000 	10.0000000000
-7.00000000 -10.50000000 	10.0000000000
-7.00000000 -10.00000000 	10.0000000000
-7.00000000 -9.50000000 	10.0000000000
-7.00000000 -9.00000000 	10.0000000000
-7.00000000 -8.50000000 	10.0000000000
-7.00000000 -8.00000000 	10.0000000000
-7.00000000 -7.50000000 	10.0000000000
-7.00000000 -7.00000000 	10.0000000000
-7.00000000 -6.50000000 	10.0000000000
-7.00000000 -6.00000000 	10.0000000000
-7.00000000 -5.50000000 	10.0000000000
-7.00000000 -5.00000000 	10.0000000000
-7.00000000 -4.50000000 	10.0000000000
-7.00000000 -4.00000000 	10.0000000000
-7.00000000 -3.50000000 	10.0000000000
-7.00000000 -3.00000000 	10.0000000000
-7.00000000 -2.50000000 	10.0000000000
-7.00000000 -2.00000000 	10.0000000000
-7.00000000 -1.50000000 	10.0000000000
-7.00000000 -1.00000000 	10.0000000000
-7.00000000 -0.50000000 	10.0000000000
-7.00000000 0.00000000 	10.0000000000
-7.00000000 0.50000000 	10.0000000000
-7.00000000 1.00000000 	10.0000000000
-7.00000000 1.50000000 	10.0000000000
-7.00000000 2.00000000 	10.0000000000
-7.00000000 2.50000000 	10.0000000000
-7.00000000 3.00000000 	10.0000000000
-7.00000000 3.50000000 	10.0000000000
-7.00000000 4.00000000 	10.0000000000
-7.00000000 4.50000000 	10.0000000000
-7.00000000 5.00000000 	10.0000000000
-7.00000000 5.50000000 	10.0000000000
-7.00000000 6.00000000 	10.0000000000
-7.00000000 6.50000000 	10.0000000000
-7.00000000 7.00000000 	10.0000000000
-7.00000000 7.50000000 	10.0000000000
-7.00000000 8.00000000 	10.0000000000
-6.50000000 -12.00000000 	8.7021201085
-6.50000000 -11.50000000 	8.7021201085
-6.50000000 -11.00000000 	8.7021201085
-6.50000000 -10.50000000 	8.7021201085
-6.50000000 -10.00000000 	8.7021201085
-6.50000000 -9.50000000 	8.7021201085
-6.50000000 -9.00000000 	8.7021201085
-6.50000000 -8.50000000 	8.7021201085
-6.50000000 -8.00000000 	8.7021201085
-6.50000000 -7.50000000 	8.7021201085
-6.50000000 -7.00000000 	8.7021201085
-6.50000000 -6.50000000 	8.7021201085
-6.50000000 -6.00000000 	8.7021201085
-6.50000000 -5.50000000 	8.7021201085
-6.50000000 -5.00000000 	8.7021201085
-6.50000000 -4.50000000 	8.7021201085
-6.50000000 -4.00000000 	8.7021201085
-6.50000000 -3.50000000 	8.7021201085
-6.50000000 -3.00000000 	8.7021201085
-6.50000000 -2.50000000 	8.7021201085
-6.50000000 -2.00000000 	8.7021201085
-6.50000000 -1.50000000 	8.7021201085
-6.50000000 -1.00000000 	8.7021201085
-6.50000000 -0.50000000 	8.7021201085
-6.50000000 0.00000000 	8.7021201085
-6.50000000 0.50000000 	8.7021201085
-6.50000000 1.00000000 	8.7021201085
-6.50000000 1.50000000 	8.7021201085
-6.50000000 2.00000000 	8.7021201085
-6.50000000 2.50000000 	8.7021201085
-6.50000000 3.00000000 	8.7021201085
-6.50000000 3.50000000 	8.7021201085
-6.50000000 4.00000000 	8.7021201085
-6.50000000 4.50000000 	8.7021201085
-6.50000000 5.00000000 	8.7021201085
-6.50000000 5.50000000 	8.7021201085
-6.50000000 6.00000000 	8.7021201085
-6.50000000 6.50000000 	8.7021201085
-6.50000000 7.00000000 	8.7021201085
-6.50000000 7.50000000 	8.7021201085
-6.50000000 8.00000000 	8.7021201085
-6.00000000 -12.00000000 	17.9959869423
-6.00000000 -11.50000000 	17.9959869423
-6.00000000 -11.00000000 	17.9959869423
-6.00000000 -10.50000000 	17.9959869423
-6.00000000 -10.00000000 	17.9959869423
-6.00000000 -9.50000000 	17.9959869423
-6.00000000 -9.00000000 	17.9959869423
-6.00000000 -8.50000000 	17.9959869423
-6.00000000 -8.00000000 	17.9959869423
-6.00000000 -7.50000000 	17.9959869423
-6.00000000 -7.00000000 	17.9959869423
-6.00000000 -6.50000000 	17.9959869423
-6.00000000 -6.00000000 	17.9959869423
-6.00000000 -5.50000000 	17.9959869423
-6.00000000 -5.00000000 	17.9959869423
-6.00000000 -4.50000000 	17.9959869423
-6.00000000 -4.00000000 	17.9959869423
-6.00000000 -3.50000000 	17.9959869423
-6.00000000 -3.00000000 	17.9959869423
-6.00000000 -2.50000000 	17.9959869423
-6.00000000 -2.00000000 	17.9959869423
-6.00000000 -1.50000000 	17.9959869423
-6.00000000 -1.00000000 	17.9959869423
-6.00000000 -0.50000000 	17.9959869423
-6.00000000 0.00000000 	17.9959869423
-6.00000000 0.50000000 	17.9959869423
-6.00000000 1.00000000 	17.9959869423
-6.00000000 1.50000000 	17.9959869423
-6.00000000 2.00000000 	17.9959869423
-6.00000000 2.50000000 	17.9959869423
-6.00000000 3.00000000 	17.9959869423
-6.00000000 3.50000000 	17.9959869423
-6.00000000 4.00000000 	17.9959869423
-6.00000000 4.50000000 	17.9959869423
-6.00000000 5.00000000 	17.9959869423
-6.00000000 5.50000000 	17.9959869423
-6.00000000 6.00000000 	17.9959869423
-6.00000000 6.50000000 	17.9959869423
-6.00000000 7.00000000 	17.9959869423
-6.00000000 7.50000000 	17.9959869423
-6.00000000 8.00000000 	17.9959869423
-5.50000000 -12.00000000 	21.2777925615
-5.50000000 -11.50000000 	21.2777925615
-5.50000000 -11.00000000 	21.2777925615
-5.50000000 -10.50000000 	21.2777925615
-5.50000000 -10.00000000 	21.2777925615
-5.50000000 -9.50000000 	21.2777925615
-5.50000000 -9.00000000 	21.2777925615
-5.50000000 -8.50000000 	21.2777925615
-5.50000000 -8.00000000 	21.2777925615
-5.50000000 -7.50000000 	21.2777925615
-5.50000000 -7.00000000 	21.2777925615
-5.50000000 -6.50000000 	21.2777925615
-5.50000000 -6.00000000 	21.2777925615
-5.50000000 -5.50000000 	21.2777925615
-5.50000000 -5.00000000 	21.2777925615
-5.50000000 -4.50000000 	21.2777925615
-5.50000000 -4.00000000 	21.2777925615
-5.50000000 -3.50000000 	21.2777925615
-5.50000000 -3.00000000 	21.2777925615
-5.50000000 -2.50000000 	21.2777925615
-5.50000000 -2.00000000 	21.2777925615
-5.50000000 -1.50000000 	21.2777925615
-5.50000000 -1.00000000 	21.2777925615
-5.50000000 -0.50000000 	21.2777925615
-5.50000000 0.00000000 	21.2777925615
-5.50000000 0.50000000 	21.2777925615
-5.50000000 1.00000000 	21.2777925615
-5.50000000 1.50000000 	21.2777925615
-5.50000000 2.00000000 	21.2777925615
-5.50000000 2.50000000 	21.2777925615
-5.50000000 3.00000000 	21.2777925615
-5.50000000 3.50000000 	21.2777925615
-5.50000000 4.00000000 	21.2777925615
-5.50000000 4.50000000 	21.2777925615
-5.50000000 5.00000000 	21.2777925615
-5.50000000 5.50000000 	21.2777925615
-5.50000000 6.00000000 	21.2777925615
-5.50000000 6.50000000 	21.2777925615
-5.50000000 7.00000000 	21.2777925615
-5.50000000 7.50000000 	21.2777925615
-5.50000000 8.00000000 	21.2777925615
-5.00000000 -12.00000000 	12.0241003877
-5.00000000 -11.50000000 	12.0241003877
-5.00000000 -11.00000000 	12.0241003877
-5.00000000 -10.50000000 	12.0241003877
-5.00000000 -10.00000000 	12.0241003877
-5.00000000 -9.50000000 	12.0241003877
-5.00000000 -9.00000000 	12.0241003877
-5.00000000 -8.50000000 	12.0241003877
-5.00000000 -8.00000000 	12.0241003877
-5.00000000 -7.50000000 	12.0241003877
-5.00000000 -7.00000000 	12.0241003877
-5.00000000 -6.50000000 	12.0241003877
-5.00000000 -6.00000000 	12.0241003877
-5.00000000 -5.50000000 	12.0241003877
-5.00000000 -5.00000000 	12.0241003877
-5.00000000 -4.50000000 	12.0241003877
-5.00000000 -4.00000000 	12.0241003877
-5.00000000 -3.50000000 	12.0241003877
-5.00000000 -3.00000000 	12.0241003877
-5.00000000 -2.50000000 	12.0241003877
-5.00000000 -2.00000000 	12.0241003877
-5.00000000 -1.50000000 	12.0241003877
-5.00000000 -1.00000000 	12.0241003877
-5.00000000 -0.50000000 	12.0241003877
-5.00000000 0.00000000 	12.0241003877
-5.00000000 0.50000000 	12.0241003877
-5.00000000 1.00000000 	12.0241003877
-5.00000000 1.50000000 	12.0241003877
-5.00000000 2.00000000 	12.0241003877
-5.00000000 2.50000000 	12.0241003877
-5.00000000 3.00000000 	12.0241003877
-5.00000000 3.50000000 	12.0241003877
-5.00000000 4.00000000 	12.0241003877
-5.00000000 4.50000000 	12.0241003877
-5.00000000 5.00000000 	12.0241003877
-5.00000000 5.50000000 	12.0241003877
-5.00000000 6.00000000 	12.0241003877
-5.00000000 6.50000000 	12.0241003877
-5.00000000 7.00000000 	12.0241003877
-5.00000000 7.50000000 	12.0241003877
-5.00000000 8.00000000 	12.0241003877
-4.50000000 -12.00000000 	10.0000000000
-4.50000000 -11.50000000 	10.0000000000
-4.50000000 -11.00000000 	10.0000000000
-4.50000000 -10.50000000 	10.0000000000
-4.50000000 -10.00000000 	10.0000000000
-4.50000000 -9.50000000 	10.0000000000
-4.50000000 -9.00000000 	10.0000000000
-4.50000000 -8.50000000 	10.0000000000
-4.50000000 -8.00000000 	10.0000000000
-4.50000000 -7.50000000 	10.0000000000
-4.50000000 -7.00000000 	10.0000000000
-4.50000000 -6.50000000 	10.0000000000
-4.50000000 -6.00000000 	10.0000000000
-4.50000000 -5.50000000 	10.0000000000
-4.50000000 -5.00000000 	10.0000000000
-4.50000000 -4.50000000 	10.0000000000
-4.50000000 -4.00000000 	10.0000000000
-4.50000000 -3.50000000 	10.0000000000
-4.50000000 -3.00000000 	10.0000000000
-4.50000000 -2.50000000 	10.0000000000
-4.50000000 -2.00000000 	10.0000000000
-4.50000000 -1.50000000 	10.0000000000
-4.50000000 -1.00000000 	10.0000000000
-4.50000000 -0.50000000 	10.0000000000
-4.50000000 0.00000000 	10.0000000000
-4.50000000 0.50000000 	10.0000000000
-4.50000000 1.00000000 	10.0000000000
-4.50000000 1.50000000 	10.0000000000
-4.50000000 2.00000000 	10.0000000000
-4.50000000 2.50000000 	10.0000000000
-4.50000000 3.00000000 	10.0000000000
-4.50000000 3.50000000 	10.0000000000
-4.50000000 4.00000000 	10.0000000000
-4.50000000 4.50000000 	10.0000000000
-4.50000000 5.00000000 	10.0000000000
-4.50000000 5.50000000 	10.0000000000
-4.50000000 6.00000000 	10.0000000000
-4.50000000 6.50000000 	10.0000000000
-4.50000000 7.00000000 	10.0000000000
-4.50000000 7.50000000 	10.0000000000
-4.50000000 8.00000000 	10.0000000000
-4.00000000 -12.00000000 	10.0000000000
-4.00000000 -11.50000000 	10.0000000000
-4.00000000 -11.00000000 	10.0000000000
-4.00000000 -10.50000000 	10.0000000000
-4.00000000 -10.00000000 	10.0000000000
-4.00000000 -9.50000000 	10.0000000000
-4.00000000 -9.00000000 	10.0000000000
-4.00000000 -8.50000000 	10.0000000000
-4.00000000 -8.00000000 	10.0000000000
-4.00000000 -7.50000000 	10.0000000000
-4.00000000 -7.00000000 	10.0000000000
-4.00000000 -6.50000000 	10.0000000000
-4.00000000 -6.00000000 	10.0000000000
-4.00000000 -5.50000000 	10.0000000000
-4.00000000 -5.00000000 	10.0000000000
-4.00000000 -4.50000000 	10.0000000000
-4.00000000 -4.00000000 	10.0000000000
-4.00000000 -3.50000000 	10.0000000000
-4.00000000 -3.00000000 	10.0000000000
-4.00000000 -2.50000000 	10.0000000000
-4.00000000 -2.00000000 	10.0000000000
-4.00000000 -1.50000000 	10.0000000000
-4.00000000 -1.00000000 	10.0000000000
-4.00000000 -0.50000000 	10.0000000000
-4.00000000 0.00000000 	10.0000000000
-4.00000000 0.50000000 	10.0000000000
-4.00000000 1.00000000 	10.0000000000
-4.00000000 1.50000000 	10.0000000000
-4.00000000 2.00000000 	10.0000000000
-4.00000000 2.50000000 	10.0000000000
-4.00000000 3.00000000 	10.0000000000
-4.00000000 3.50000000 	10.0000000000
-4.00000000 4.00000000 	10.0000000000
-4.00000000 4.50000000 	10.0000000000
-4.00000000 5.00000000 	10.0000000000
-4.00000000 5.50000000 	10.0000000000
-4.00000000 6.00000000 	10.0000000000
-4.00000000 6.50000000 	10.0000000000
-4.00000000 7.00000000 	10.0000000000
-4.00000000 7.50000000 	10.0000000000
-4.00000000 8.00000000 	10.0000000000
-3.50000000 -12.00000000 	10.0000000000
-3.50000000 -11.50000000 	10.0000000000
-3.50000000 -11.00000000 	10.0000000000
-3.50000000 -10.50000000 	10.0000000000
-3.50000000 -10.00000000 	10.0000000000
-3.50000000 -9.50000000 	10.0000000000
-3.50000000 -9.00000000 	10.0000000000
-3.50000000 -8.50000000 	10.0000000000
-3.50000000 -8.00000000 	10.0000000000
-3.50000000 -7.50000000 	10.0000000000
-3.50000000 -7.00000000 	10.0000000000
-3.50000000 -6.50000000 	10.0000000000
-3.50000000 -6.00000000 	10.0000000000
-3.50000000 -5.50000000 	10.0000000000
-3.50000000 -5.00000000 	10.0000000000
-3.50000000 -4.50000000 	10.0000000000
-3.50000000 -4.00000000 	10.0000000000
-3.50000000 -3.50000000 	10.0000000000
-3.50000000 -3.00000000 	10.0000000000
-3.50000000 -2.50000000 	10.0000000000
-3.50000000 -2.00000000 	10.0000000000
-3.50000000 -1.50000000 	10.0000000000
-3.50000000 -1.00000000 	10.0000000000
-3.50000000 -0.50000000 	10.0000000000
-3.50000000 0.00000000 	10.0000000000
-3.50000000 0.50000000 	10.0000000000
-3.50000000 1.00000000 	10.0000000000
-3.50000000 1.50000000 	10.0000000000
-3.50000000 2.00000000 	10.0000000000
-3.50000000 2.50000000 	10.0000000000
-3.50000000 3.00000000 	10.0000000000
-3.50000000 3.50000000 	10.0000000000
-3.50000000 4.00000000 	10.0000000000
-3.50000000 4.50000000 	10.0000000000
-3.50000000 5.00000000 	10.0000000000
-3.50000000 5.50000000 	10.0000000000
-3.50000000 6.00000000 	10.0000000000
-3.50000000 6.50000000 	10.0000000000
-3.50000000 7.00000000 	10.0000000000
-3.50000000 7.50000000 	10.0000000000
-3.50000000 8.00000000 	10.0000000000
-3.00000000 -12.00000000 	10.0000000000
-3.00000000 -11.50000000 	10.0000000000
-3.00000000 -11.00000000 	10.0000000000
-3.00000000 -10.50000000 	10.0000000000
-3.00000000 -10.00000000 	10.0000000000
-3.00000000 -9.50000000 	10.0000000000
-3.00000000 -9.00000000 	10.0000000000
-3.00000000 -8.50000000 	10.0000000000
-3.00000000 -8.00000000 	10.0000000000
-3.00000000 -7.50000000 	10.0000000000
-3.00000000 -7.00000000 	10.0000000000
-3.00000000 -6.50000000 	10.0000000000
-3.00000000 -6.00000000 	10.0000000000
-3.00000000 -5.50000000 	10.0000000000
-3.00000000 -5.00000000 	10.0000000000
-3.00000000 -4.50000000 	10.0000000000
-3.00000000 -4.00000000 	10.0000000000
-3.00000000 -3.50000000 	10.0000000000
-3.00000000 -3.00000000 	10.0000000000
-3.00000000 -2.50000000 	10.0000000000
-3.00000000 -2.00000000 	10.0000000000
-3.00000000 -1.50000000 	10.0000000000
-3.00000000 -1.00000000 	10.0000000000
-3.00000000 -0.50000000 	10.0000000000
-3.00000000 0.00000000 	10.0000000000
-3.00000000 0.50000000 	10.0000000000
-3.00000000 1.00000000 	10.0000000000
-3.00000000 1.50000000 	10.0000000000
-3.00000000 2.00000000 	10.0000000000
-3.00000000 2.50000000 	10.0000000000
-3.00000000 3.00000000 	10.0000000000
-3.00000000 3.50000000 	10.0000000000
-3.00000000 4.00000000 	10.0000000000
-3.00000000 4.50000000 	10.0000000000
-3.00000000 5.00000000 	10.0000000000
-3.00000000 5.50000000 	10.0000000000
-3.00000000 6.00000000 	10.0000000000
-3.00000000 6.50000000 	10.0000000000
-3.00000000 7.00000000 	10.0000000000
-3.00000000 7.50000000 	10.0000000000
-3.00000000 8.00000000 	10.0000000000
-2.50000000 -12.00000000 	10.0000000000
-2.50000000 -11.50000000 	10.0000000000
-2.50000000 -11.00000000 	10.0000000000
-2.50000000 -10.50000000 	10.0000000000
-2.50000000 -10.00000000 	10.0000000000
-2.50000000 -9.50000000 	10.0000000000
-2.50000000 -9.00000000 	10.0000000000
-2.50000000 -8.50000000 	10.0000000000
-2.50000000 -8.00000000 	10.0000000000
-2.50000000 -7.50000000 	10.0000000000
-2.50000000 -7.00000000 	10.0000000000
-2.50000000 -6.50000000 	10.0000000000
-2.50000000 -6.00000000 	10.0000000000
-2.50000000 -5.50000000 	10.0000000000
-2.50000000 -5.00000000 	10.0000000000
-2.50000000 -4.50000000 	10.0000000000
-2.50000000 -4.00000000 	10.0000000000
-2.50000000 -3.50000000 	10.0000000000
-2.50000000 -3.00000000 	10.0000000000
-2.50000000 -2.50000000 	10.0000000000
-2.50000000 -2.00000000 	10.0000000000
-2.50000000 -1.50000000 	10.0000000000
-2.50000000 -1.00000000 	10.0000000000
-2.50000000 -0.50000000 	10.0000000000
-2.50000000 0.00000000 	10.0000000000
-2.50000000 0.50000000 	10.0000000000
-2.50000000 1.00000000 	10.0000000000
-2.50000000 1.50000000 	10.0000000000
-2.50000000 2.00000000 	10.0000000000
-2.50000000 2.50000000 	10.0000000000
-2.50000000 3.00000000 	10.0000000000
-2.50000000 3.50000000 	10.0000000000
-2.50000000 4.00000000 	10.0000000000
-2.50000000 4.50000000 	10.0000000000
-2.50000000 5.00000000 	10.0000000000
-2.50000000 5.50000000 	10.0000000000
-2.50000000 6.00000000 	10.0000000000
-2.50000000 6.50000000 	10.0000000000
-2.50000000 7.00000000 	10.0000000000
-2.50000000 7.50000000 	10.0000000000
-2.50000000 8.00000000 	10.0000000000
-2.00000000 -12.00000000 	10.0000000000
-2.00000000 -11.50000000 	10.0000000000
-2.00000000 -11.00000000 	10.0000000000
-2.00000000 -10.50000000 	10.0000000000
-2.00000000 -10.00000000 	10.0000000000
-2.00000000 -9.50000000 	10.0000000000
-2.00000000 -9.00000000 	10.0000000000
-2.00000000 -8.50000000 	10.0000000000
-2.00000000 -8.00000000 	10.0000000000
-2.00000000 -7.50000000 	10.0000000000
-2.00000000 -7.00000000 	10.0000000000
-2.00000000 -6.50000000 	10.0000000000
-2.00000000 -6.00000000 	10.0000000000
-2.00000000 -5.50000000 	10.0000000000
-2.00000000 -5.00000000 	10.0000000000
-2.00000000 -4.50000000 	10.0000000000
-2.00000000 -4.00000000 	10.0000000000
-2.00000000 -3.50000000 	10.0000000000
-2.00000000 -3.00000000 	10.0000000000
-2.00000000 -2.50000000 	10.0000000000
-2.00000000 -2.00000000 	10.0000000000
-2.00000000 -1.50000000 	10.0000000000
-2.00000000 -1.00000000 	10.0000000000
-2.00000000 -0.50000000 	10.0000000000
-2.00000000 0.00000000 	10.0000000000
-2.00000000 0.50000000 	10.0000000000
-2.00000000 1.00000000 	10.0000000000
-2.00000000 1.50000000 	10.0000000000
-2.00000000 2.00000000 	10.0000000000
-2.00000000 2.50000000 	10.0000000000
-2.00000000 3.00000000 	10.0000000000
-2.00000000 3.50000000 	10.0000000000
-2.00000000 4.00000000 	10.0000000000
-2.00000000 4.50000000 	10.0000000000
-2.00000000 5.00000000 	10.0000000000
-2.00000000 5.50000000 	10.0000000000
-2.00000000 6.00000000 	10.0000000000
-2.00000000 6.50000000 	10.0000000000
-2.00000000 7.00000000 	10.0000000000
-2.00000000 7.50000000 	10.0000000000
-2.00000000 8.00000000 	10.0000000000
-1.50000000 -12.00000000 	10.0000000000
-1.50000000 -11.50000000 	10.0000000000
-1.50000000 -11.00000000 	10.0000000000
-1.50000000 -10.50000000 	10.0000000000
-1.50000000 -10.00000000 	10.0000000000
-1.50000000 -9.50000000 	10.0000000000
-1.50000000 -9.00000000 	10.0000000000
-1.50000000 -8.50000000 	10.0000000000
-1.50000000 -8.00000000 	10.0000000000
-1.50000000 -7.50000000 	10.0000000000
-1.50000000 -7.00000000 	10.0000000000
-1.50000000 -6.50000000 	10.0000000000
-1.50000000 -6.00000000 	10.0000000000
-1.50000000 -5.50000000 	10.0000000000
-1.50000000 -5.00000000 	10.0000000000
-1.50000000 -4.50000000 	10.0000000000
-1.50000000 -4.00000000 	10.0000000000
-1.50000000 -3.50000000 	10.0000000000
-1.50000000 -3.00000000 	10.0000000000
-1.50000000 -2.50000000 	10.0000000000
-1.50000000 -2.00000000 	10.0000000000
-1.50000000 -1.50000000 	10.0000000000
-1.50000000 -1.00000000 	10.0000000000
-1.50000000 -0.50000000 	9.9999804139
-1.50000000 0.00000000 	9.9999798319
-1.50000000 0.50000000 	9.9999596638
-1.50000000 1.00000000 	9.9999596638
-1.50000000 1.50000000 	9.9999596638
-1.50000000 2.00000000 	9.9999596638
-1.50000000 2.50000000 	9.9999798319
-1.50000000 3.00000000 	9.9999782377
-1.50000000 3.50000000 	10.0000000000
-1.50000000 4.00000000 	10.0000000000
-1.50000000 4.50000000 	10.0000000000
-1.50000000 5.00000000 	10.0000000000
-1.50000000 5.50000000 	10.0000000000
-1.50000000 6.00000000 	10.0000000000
-1.50000000 6.50000000 	10.0000000000
-1.50000000 7.00000000 	10.0000000000
-1.50000000 7.50000000 	10.0000000000
-1.50000000 8.00000000 	10.0000000000
-1.00000000 -12.00000000 	10.0000000000
-1.00000000 -11.50000000 	10.0000000000
-1.00000000 -11.00000000 	10.0000000000
-1.00000000 -10.50000000 	10.0000000000
-1.00000000 -10.00000000 	10.0000000000
-1.00000000 -9.50000000 	10.0000000000
-1.00000000 -9.00000000 	10.0000000000
-1.00000000 -8.50000000 	10.0000000000
-1.00000000 -8.00000000 	10.0000000000
-1.00000000 -7.50000000 	10.0000000000
-1.00000000 -7.00000000 	10.0000000000
-1.00000000 -6.50000000 	10.0000000000
-1.00000000 -6.00000000 	10.0000000000
-1.00000000 -5.50000000 	10.0000000000
-1.00000000 -5.00000000 	10.0000000000
-1.00000000 -4.50000000 	10.0000000000
-1.00000000 -4.00000000 	10.0000000000
-1.00000000 -3.50000000 	10.0000000000
-1.00000000 -3.00000000 	10.0000000000
-1.00000000 -2.50000000 	10.0000000000
-1.00000000 -2.00000000 	10.0000000000
-1.00000000 -1.50000000 	10.0000000000
-1.00000000 -1.00000000 	9.9999804139
-1.00000000 -0.50000000 	9.9999813763
-1.00000000 0.00000000 	8.0000397542
-1.00000000 0.50000000 	8.0000403362
-1.00000000 1.00000000 	8.0000403362
-1.00000000 1.50000000 	8.0000403362
-1.00000000 2.00000000 	8.0000403362
-1.00000000 2.50000000 	8.0000419304
-1.00000000 3.00000000 	9.9999790483
-1.00000000 3.50000000 	9.9999782377
-1.00000000 4.00000000 	10.0000000000
-1.00000000 4.50000000 	10.0000000000
-1.00000000 5.00000000 	10.0000000000
-1.00000000 5.50000000 	10.0000000000
-1.00000000 6.00000000 	10.0000000000
-1.00000000 6.50000000 	10.0000000000
-1.00000000 7.00000000 	10.0000000000
-1.00000000 7.50000000 	10.0000000000
-1.00000000 8.00000000 	10.0000000000
-0.50000000 -12.00000000 	10.0000000000
-0.50000000 -11.50000000 	10.0000000000
-0.50000000 -11.00000000 	10.0000000000
-0.50000000 -10.50000000 	10.0000000000
-0.50000000 -10.00000000 	10.0000000000
-0.50000000 -9.50000000 	10.0000000000
-0.50000000 -9.00000000 	10.0000000000
-0.50000000 -8.50000000 	10.0000000000
-0.50000000 -8.00000000 	10.0000000000
-0.50000000 -7.50000000 	10.0000000000
-0.50000000 -7.00000000 	10.0000000000
-0.50000000 -6.50000000 	10.0000000000
-0.50000000 -6.00000000 	10.0000000000
-0.50000000 -5.50000000 	10.0000000000
-0.50000000 -5.00000000 	10.0000000000
-0.50000000 -4.50000000 	10.0000000000
-0.50000000 -4.00000000 	10.0000000000
-0.50000000 -3.50000000 	10.0000000000
-0.50000000 -3.00000000 	10.0000000000
-0.50000000 -2.50000000 	10.0000000000
-0.50000000 -2.00000000 	10.0000000000
-0.50000000 -1.50000000 	9.9999804139
-0.50000000 -1.00000000 	9.9999813763
-0.50000000 -0.50000000 	8.0000195861
-0.50000000 0.00000000 	8.0000186237
-0.50000000 0.50000000 	8.0000000000
-0.50000000 1.00000000 	8.0000000000
-0.50000000 1.50000000 	8.0000000000
-0.50000000 2.00000000 	8.0000000000
-0.50000000 2.50000000 	8.0000209517
-0.50000000 3.00000000 	8.0000217623
-0.50000000 3.50000000 	9.9999790483
-0.50000000 4.00000000 	9.9999782377
-0.50000000 4.50000000 	10.0000000000
-0.50000000 5.00000000 	10.0000000000
-0.50000000 5.50000000 	10.0000000000
-0.50000000 6.00000000 	10.0000000000
-0.50000000 6.50000000 	10.0000000000
-0.50000000 7.00000000 	10.0000000000
-0.50000000 7.50000000 	10.0000000000
-0.50000000 8.00000000 	10.0000000000
0.00000000 -12.00000000 	10.0000000000
0.00000000 -11.50000000 	10.0000000000
0.00000000 -11.00000000 	10.0000000000
0.00000000 -10.50000000 	10.0000000000
0.00000000 -10.00000000 	10.0000000000
0.00000000 -9.50000000 	10.0000000000
0.00000000 -9.00000000 	10.0000000000
0.00000000 -8.50000000 	10.0000000000
0.00000000 -8.00000000 	10.0000000000
0.00000000 -7.50000000 	10.0000000000
0.00000000 -7.00000000 	10.0000000000
0.00000000 -6.50000000 	10.0000000000
0.00000000 -6.00000000 	10.0000000000
0.00000000 -5.50000000 	10.0000000000
0.00000000 -5.00000000 	10.0000000000
0.00000000 -4.50000000 	10.0000000000
0.00000000 -4.00000000 	10.0000000000
0.00000000 -3.50000000 	10.0000000000
0.00000000 -3.00000000 	10.0000000000
0.00000000 -2.50000000 	10.0000000000
0.00000000 -2.00000000 	10.0000000000
0.00000000 -1.50000000 	9.9999818487
0.00000000 -1.00000000 	8.0000377373
0.00000000 -0.50000000 	8.0000186237
0.00000000 0.00000000 	8.0000000000
0.00000000 0.50000000 	8.0000000000
0.00000000 1.00000000 	8.0000000000
0.00000000 1.50000000 	8.0000000000
0.00000000 2.00000000 	8.0000000000
0.00000000 2.50000000 	8.0000000000
0.00000000 3.00000000 	8.0000209517
0.00000000 3.50000000 	8.0000217623
0.00000000 4.00000000 	9.9999790483
0.00000000 4.50000000 	9.9999782377
0.00000000 5.00000000 	10.0000000000
0.00000000 5.50000000 	10.0000000000
0.00000000 6.00000000 	10.0000000000
0.00000000 6.50000000 	10.0000000000
0.00000000 7.00000000 	10.0000000000
0.00000000 7.50000000 	10.0000000000
0.00000000 8.00000000 	10.0000000000
0.50000000 -12.00000000 	10.0000000000
0.50000000 -11.50000000 	10.0000000000
0.50000000 -11.00000000 	10.0000000000
0.50000000 -10.50000000 	10.0000000000
0.50000000 -10.00000000 	10.0000000000
0.50000000 -9.50000000 	10.0000000000
0.50000000 -9.00000000 	10.0000000000
0.50000000 -8.50000000 	10.0000000000
0.50000000 -8.00000000 	10.0000000000
0.50000000 -7.50000000 	10.0000000000
0.50000000 -7.00000000 	10.0000000000
0.50000000 -6.50000000 	10.0000000000
0.50000000 -6.00000000 	10.0000000000
0.50000000 -5.50000000 	10.0000000000
0.50000000 -5.00000000 	10.0000000000
0.50000000 -4.50000000 	10.0000000000
0.50000000 -4.00000000 	10.0000000000
0.50000000 -3.50000000 	10.0000000000
0.50000000 -3.00000000 	10.0000000000
0.50000000 -2.50000000 	10.0000000000
0.50000000 -2.00000000 	9.9999804139
0.50000000 -1.50000000 	9.9999632250
0.50000000 -1.00000000 	8.0000181513
0.50000000 -0.50000000 	8.0000000000
0.50000000 0.00000000 	8.0000000000
0.50000000 0.50000000 	8.0000000000
0.50000000 1.00000000 	8.0000000000
0.50000000 1.50000000 	8.0000000000
0.50000000 2.00000000 	8.0000000000
0.50000000 2.50000000 	8.0000000000
0.50000000 3.00000000 	8.0000000000
0.50000000 3.50000000 	8.0000209517
0.50000000 4.00000000 	8.0000444514
0.50000000 4.50000000 	9.9999773109
0.50000000 5.00000000 	10.0000000000
0.50000000 5.50000000 	10.0000000000
0.50000000 6.00000000 	10.0000000000
0.50000000 6.50000000 	10.0000000000
0.50000000 7.00000000 	10.0000000000
0.50000000 7.50000000 	10.0000000000
0.50000000 8.00000000 	10.0000000000
1.00000000 -12.00000000 	10.0000000000
1.00000000 -11.50000000 	10.0000000000
1.00000000 -11.00000000 	10.0000000000
1.00000000 -10.50000000 	10.0000000000
1.00000000 -10.00000000 	10.0000000000
1.00000000 -9.50000000 	10.0000000000
1.00000000 -9.00000000 	10.0000000000
1.00000000 -8.50000000 	10.0000000000
1.00000000 -8.00000000 	10.0000000000
1.00000000 -7.50000000 	10.0000000000
1.00000000 -7.00000000 	10.0000000000
1.00000000 -6.50000000 	10.0000000000
1.00000000 -6.00000000 	10.0000000000
1.00000000 -5.50000000 	10.0000000000
1.00000000 -5.00000000 	10.0000000000
1.00000000 -4.50000000 	10.0000000000
1.00000000 -4.00000000 	10.0000000000
1.00000000 -3.50000000 	10.0000000000
1.00000000 -3.00000000 	10.0000000000
1.00000000 -2.50000000 	10.0000000000
1.00000000 -2.00000000 	9.9999818487
1.00000000 -1.50000000 	8.0000377373
1.00000000 -1.00000000 	8.0000186237
1.00000000 -0.50000000 	8.0000000000
1.00000000 0.00000000 	8.0000000000
1.00000000 0.50000000 	8.0000000000
1.00000000 1.00000000 	8.0000000000
1.00000000 1.50000000 	8.0000000000
1.00000000 2.00000000 	8.0000000000
1.00000000 2.50000000 	8.0000000000
1.00000000 3.00000000 	8.0000000000
1.00000000 3.50000000 	8.0000000000
1.00000000 4.00000000 	8.0000453782
1.00000000 4.50000000 	9.9999546218
1.00000000 5.00000000 	10.0000000000
1.00000000 5.50000000 	10.0000000000
1.00000000 6.00000000 	10.0000000000
1.00000000 6.50000000 	10.0000000000
1.00000000 7.00000000 	10.0000000000
1.00000000 7.50000000 	10.0000000000
1.00000000 8.00000000 	10.0000000000
1.50000000 -12.00000000 	10.0000000000
1.50000000 -11.50000000 	10.0000000000
1.50000000 -11.00000000 	10.0000000000
1.50000000 -10.50000000 	10.0000000000
1.50000000 -10.00000000 	10.0000000000
1.50000000 -9.50000000 	10.0000000000
1.50000000 -9.00000000 	10.0000000000
1.50000000 -8.50000000 	10.0000000000
1.50000000 -8.00000000 	10.0000000000
1.50000000 -7.50000000 	10.0000000000
1.50000000 -7.00000000 	10.0000000000
1.50000000 -6.50000000 	10.0000000000
1.50000000 -6.00000000 	10.0000000000
1.50000000 -5.50000000 	10.0000000000
1.50000000 -5.00000000 	10.0000000000
1.50000000 -4.50000000 	10.0000000000
1.50000000 -4.00000000 	10.0000000000
1.50000000 -3.50000000 	10.0000000000
1.50000000 -3.00000000 	10.0000000000
1.50000000 -2.50000000 	10.0000000000
1.50000000 -2.00000000 	9.9999636975
1.50000000 -1.50000000 	8.0000363025
1.50000000 -1.00000000 	8.0000000000
1.50000000 -0.50000000 	8.0000000000
1.50000000 0.00000000 	8.0000000000
1.50000000 0.50000000 	8.0000000000
1.50000000 1.00000000 	8.0000000000
1.50000000 1.50000000 	8.0000000000
1.50000000 2.00000000 	8.0000000000
1.50000000 2.50000000 	8.0000000000
1.50000000 3.00000000 	8.0000000000
1.50000000 3.50000000 	8.0000000000
1.50000000 4.00000000 	8.0000453782
1.50000000 4.50000000 	9.9999546218
1.50000000 5.00000000 	10.0000000000
1.50000000 5.50000000 	10.0000000000
1.50000000 6.00000000 	10.0000000000
1.50000000 6.50000000 	10.0000000000
1.50000000 7.00000000 	10.0000000000
1.50000000 7.50000000 	10.0000000000
1.50000000 8.00000000 	10.0000000000
2.00000000 -12.00000000 	10.0000000000
2.00000000 -11.50000000 	10.0000000000
2.00000000 -11.00000000 	10.0000000000
2.00000000 -10.50000000 	10.0000000000
2.00000000 -10.00000000 	10.0000000000
2.00000000 -9.50000000 	10.0000000000
2.00000000 -9.00000000 	10.0000000000
2.00000000 -8.50000000 	10.0000000000
2.00000000 -8.00000000 	10.0000000000
2.00000000 -7.50000000 	10.0000000000
2.00000000 -7.00000000 	10.0000000000
2.00000000 -6.50000000 	10.0000000000
2.00000000 -6.00000000 	10.0000000000
2.00000000 -5.50000000 	10.0000000000
2.00000000 -5.00000000 	10.0000000000
2.00000000 -4.50000000 	10.0000000000
2.00000000 -4.00000000 	10.0000000000
2.00000000 -3.50000000 	10.0000000000
2.00000000 -3.00000000 	10.0000000000
2.00000000 -2.50000000 	10.0000000000
2.00000000 -2.00000000 	9.9999636975
2.00000000 -1.50000000 	8.0000363025
2.00000000 -1.00000000 	8.0000000000
2.00000000 -0.50000000 	8.0000000000
2.00000000 0.00000000 	8.0000000000
2.00000000 0.50000000 	8.0000000000
2.00000000 1.00000000 	8.0000000000
2.00000000 1.50000000 	8.0000000000
2.00000000 2.00000000 	8.0000000000
2.00000000 2.50000000 	8.0000000000
2.00000000 3.00000000 	8.0000000000
2.00000000 3.50000000 	8.0000000000
2.00000000 4.00000000 	8.0000453782
2.00000000 4.50000000 	9.9999546218
2.00000000 5.00000000 	10.0000000000
2.00000000 5.50000000 	10.0000000000
2.00000000 6.00000000 	10.0000000000
2.00000000 6.50000000 	10.0000000000
2.00000000 7.00000000 	10.0000000000
2.00000000 7.50000000 	10.0000000000
2.00000000 8.00000000 	10.0000000000
