-8.00000000 -12.00000000 	800.0000000000
-8.00000000 -11.50000000 	800.0000000000
-8.00000000 -11.00000000 	800.0000000000
-8.00000000 -10.50000000 	800.0000000000
-8.00000000 -10.00000000 	800.0000000000
-8.00000000 -9.50000000 	800.0000000000
-8.00000000 -9.00000000 	800.0000000000
-8.00000000 -8.50000000 	800.0000000000
-8.00000000 -8.00000000 	800.0000000000
-8.00000000 -7.50000000 	800.0000000000
-8.00000000 -7.00000000 	800.0000000000
-8.00000000 -6.50000000 	800.0000000000
-8.00000000 -6.00000000 	800.0000000000
-8.00000000 -5.50000000 	800.0000000000
-8.00000000 -5.00000000 	800.0000000000
-8.00000000 -4.50000000 	800.0000000000
-8.00000000 -4.00000000 	800.0000000000
-8.00000000 -3.50000000 	800.0000000000
-8.00000000 -3.00000000 	800.0000000000
-8.00000000 -2.50000000 	800.0000000000
-8.00000000 -2.00000000 	800.0000000000
-8.00000000 -1.50000000 	800.0000000000
-8.00000000 -1.00000000 	800.0000000000
-8.00000000 -0.50000000 	800.0000000000
-8.00000000 0.00000000 	800.0000000000
-8.00000000 0.50000000 	800.0000000000
-8.00000000 1.00000000 	800.0000000000
-8.00000000 1.50000000 	800.0000000000
-8.00000000 2.00000000 	800.0000000000
-8.00000000 2.50000000 	800.0000000000
-8.00000000 3.00000000 	800.0000000000
-8.00000000 3.50000000 	800.0000000000
-8.00000000 4.00000000 	800.0000000000
-8.00000000 4.50000000 	800.0000000000
-8.00000000 5.00000000 	800.0000000000
-8.00000000 5.50000000 	800.0000000000
-8.00000000 6.00000000 	800.0000000000
-8.00000000 6.50000000 	800.0000000000
-8.00000000 7.00000000 	800.0000000000
-8.00000000 7.50000000 	800.0000000000
-8.00000000 8.00000000 	800.0000000000
-7.50000000 -12.00000000 	800.0000000000
-7.50000000 -11.50000000 	800.0000000000
-7.50000000 -11.00000000 	800.0000000000
-7.50000000 -10.50000000 	800.0000000000
-7.50000000 -10.00000000 	800.0000000000
-7.50000000 -9.50000000 	800.0000000000
-7.50000000 -9.00000000 	800.0000000000
-7.50000000 -8.50000000 	800.0000000000
-7.50000000 -8.00000000 	800.0000000000
-7.50000000 -7.50000000 	800.0000000000
-7.50000000 -7.00000000 	800.0000000000
-7.50000000 -6.50000000 	800.0000000000
-7.50000000 -6.00000000 	800.0000000000
-7.50000000 -5.50000000 	800.0000000000
-7.50000000 -5.00000000 	800.0000000000
-7.50000000 -4.50000000 	800.0000000000
-7.50000000 -4.00000000 	800.0000000000
-7.50000000 -3.50000000 	800.0000000000
-7.50000000 -3.00000000 	800.0000000000
-7.50000000 -2.50000000 	800.0000000000
-7.50000000 -2.00000000 	800.0000000000
-7.50000000 -1.50000000 	800.0000000000
-7.50000000 -1.00000000 	800.0000000000
-7.50000000 -0.50000000 	800.0000000000
-7.50000000 0.00000000 	800.0000000000
-7.50000000 0.50000000 	800.0000000000
-7.50000000 1.00000000 	800.0000000000
-7.50000000 1.50000000 	800.0000000000
-7.50000000 2.00000000 	800.0000000000
-7.50000000 2.50000000 	800.0000000000
-7.50000000 3.00000000 	800.0000000000
-7.50000000 3.50000000 	800.0000000000
-7.50000000 4.00000000 	800.0000000000
-7.50000000 4.50000000 	800.0000000000
-7.50000000 5.00000000 	800.0000000000
-7.50000000 5.50000000 	800.0000000000
-7.50000000 6.00000000 	800.0000000000
-7.50000000 6.50000000 	800.0000000000
-7.50000000 7.00000000 	800.0000000000
-7.50000000 7.50000000 	800.0000000000
-7.50000000 8.00000000 	800.0000000000
-7.00000000 -12.00000000 	800.0000000000
-7.00000000 -11.50000000 	800.0000000000
-7.00000000 -11.00000000 	800.0000000000
-7.00000000 -10.50000000 	800.0000000000
-7.00000000 -10.00000000 	800.0000000000
-7.00000000 -9.50000000 	800.0000000000
-7.00000000 -9.00000000 	800.0000000000
-7.00000000 -8.50000000 	800.0000000000
-7.00000000 -8.00000000 	800.0000000000
-7.00000000 -7.50000000 	800.0000000000
-7.00000000 -7.00000000 	800.0000000000
-7.00000000 -6.50000000 	800.0000000000
-7.00000000 -6.00000000 	800.0000000000
-7.00000000 -5.50000000 	800.0000000000
-7.00000000 -5.00000000 	800.0000000000
-7.00000000 -4.50000000 	800.0000000000
-7.00000000 -4.00000000 	800.0000000000
-7.00000000 -3.50000000 	800.0000000000
-7.00000000 -3.00000000 	800.0000000000
-7.00000000 -2.50000000 	800.0000000000
-7.00000000 -2.00000000 	800.0000000000
-7.00000000 -1.50000000 	800.0000000000
-7.00000000 -1.00000000 	800.0000000000
-7.00000000 -0.50000000 	800.0000000000
-7.00000000 0.00000000 	800.0000000000
-7.00000000 0.50000000 	800.0000000000
-7.00000000 1.00000000 	800.0000000000
-7.00000000 1.50000000 	800.0000000000
-7.00000000 2.00000000 	800.0000000000
-7.00000000 2.50000000 	800.0000000000
-7.00000000 3.00000000 	800.0000000000
-7.00000000 3.50000000 	800.0000000000
-7.00000000 4.00000000 	800.0000000000
-7.00000000 4.50000000 	800.0000000000
-7.00000000 5.00000000 	800.0000000000
-7.00000000 5.50000000 	800.0000000000
-7.00000000 6.00000000 	800.0000000000
-7.00000000 6.50000000 	800.0000000000
-7.00000000 7.00000000 	800.0000000000
-7.00000000 7.50000000 	800.0000000000
-7.00000000 8.00000000 	800.0000000000
-6.50000000 -12.00000000 	800.0000000000
-6.50000000 -11.50000000 	800.0000000000
-6.50000000 -11.00000000 	800.0000000000
-6.50000000 -10.50000000 	800.0000000000
-6.50000000 -10.00000000 	800.0000000000
-6.50000000 -9.50000000 	800.0000000000
-6.50000000 -9.00000000 	800.0000000000
-6.50000000 -8.50000000 	800.0000000000
-6.50000000 -8.00000000 	800.0000000000
-6.50000000 -7.50000000 	800.0000000000
-6.50000000 -7.00000000 	800.0000000000
-6.50000000 -6.50000000 	800.0000000000
-6.50000000 -6.00000000 	800.0000000000
-6.50000000 -5.50000000 	800.0000000000
-6.50000000 -5.00000000 	800.0000000000
-6.50000000 -4.50000000 	800.0000000000
-6.50000000 -4.00000000 	800.0000000000
-6.50000000 -3.50000000 	800.0000000000
-6.50000000 -3.00000000 	800.0000000000
-6.50000000 -2.50000000 	800.0000000000
-6.50000000 -2.00000000 	800.0000000000
-6.50000000 -1.50000000 	800.0000000000
-6.50000000 -1.00000000 	800.0000000000
-6.50000000 -0.50000000 	800.0000000000
-6.50000000 0.00000000 	800.0000000000
-6.50000000 0.50000000 	800.0000000000
-6.50000000 1.00000000 	800.0000000000
-6.50000000 1.50000000 	800.0000000000
-6.50000000 2.00000000 	800.0000000000
-6.50000000 2.50000000 	800.0000000000
-6.50000000 3.00000000 	800.0000000000
-6.50000000 3.50000000 	800.0000000000
-6.50000000 4.00000000 	800.0000000000
-6.50000000 4.50000000 	800.0000000000
-6.50000000 5.00000000 	800.0000000000
-6.50000000 5.50000000 	800.0000000000
-6.50000000 6.00000000 	800.0000000000
-6.50000000 6.50000000 	800.0000000000
-6.50000000 7.00000000 	800.0000000000
-6.50000000 7.50000000 	800.0000000000
-6.50000000 8.00000000 	800.0000000000
-6.00000000 -12.00000000 	799.9349608920
-6.00000000 -11.50000000 	799.9492637749
-6.00000000 -11.00000000 	799.9698520712
-6.00000000 -10.50000000 	799.9892448509
-6.00000000 -10.00000000 	800.0000000000
-6.00000000 -9.50000000 	800.0000000000
-6.00000000 -9.00000000 	800.0000000000
-6.00000000 -8.50000000 	800.0000000000
-6.00000000 -8.00000000 	800.0000000000
-6.00000000 -7.50000000 	800.0000000000
-6.00000000 -7.00000000 	800.0000000000
-6.00000000 -6.50000000 	800.0000000000
-6.00000000 -6.00000000 	800.0000000000
-6.00000000 -5.50000000 	800.0000000000
-6.00000000 -5.00000000 	800.0000000000
-6.00000000 -4.50000000 	800.0000000000
-6.00000000 -4.00000000 	800.0000000000
-6.00000000 -3.50000000 	800.0000000000
-6.00000000 -3.00000000 	800.0000000000
-6.00000000 -2.50000000 	800.0000000000
-6.00000000 -2.00000000 	800.0000000000
-6.00000000 -1.50000000 	800.0000000000
-6.00000000 -1.00000000 	800.0000000000
-6.00000000 -0.50000000 	800.0000000000
-6.00000000 0.00000000 	800.0000000000
-6.00000000 0.50000000 	800.0000000000
-6.00000000 1.00000000 	800.0000000000
-6.00000000 1.50000000 	800.0000000000
-6.00000000 2.00000000 	800.0000000000
-6.00000000 2.50000000 	800.0000000000
-6.00000000 3.00000000 	800.0000000000
-6.00000000 3.50000000 	800.0000000000
-6.00000000 4.00000000 	800.0000000000
-6.00000000 4.50000000 	800.0000000000
-6.00000000 5.00000000 	800.0000000000
-6.00000000 5.50000000 	800.0000000000
-6.00000000 6.00000000 	800.0000000000
-6.00000000 6.50000000 	800.0000000000
-6.00000000 7.00000000 	800.0000000000
-6.00000000 7.50000000 	800.0000000000
-6.00000000 8.00000000 	800.0000000000
-5.50000000 -12.00000000 	787.7406762180
-5.50000000 -11.50000000 	789.0060857381
-5.50000000 -11.00000000 	795.0324271351
-5.50000000 -10.50000000 	799.9478515505
-5.50000000 -10.00000000 	799.9698520712
-5.50000000 -9.50000000 	799.9892448509
-5.50000000 -9.00000000 	800.0000000000
-5.50000000 -8.50000000 	800.0000000000
-5.50000000 -8.00000000 	800.0000000000
-5.50000000 -7.50000000 	800.0000000000
-5.50000000 -7.00000000 	800.0000000000
-5.50000000 -6.50000000 	800.0000000000
-5.50000000 -6.00000000 	800.0000000000
-5.50000000 -5.50000000 	800.0000000000
-5.50000000 -5.00000000 	800.0000000000
-5.50000000 -4.50000000 	800.0000000000
-5.50000000 -4.00000000 	800.0000000000
-5.50000000 -3.50000000 	800.0000000000
-5.50000000 -3.00000000 	800.0000000000
-5.50000000 -2.50000000 	800.0000000000
-5.50000000 -2.00000000 	800.0000000000
-5.50000000 -1.50000000 	800.0000000000
-5.50000000 -1.00000000 	800.0000000000
-5.50000000 -0.50000000 	800.0000000000
-5.50000000 0.00000000 	800.0000000000
-5.50000000 0.50000000 	800.0000000000
-5.50000000 1.00000000 	800.0000000000
-5.50000000 1.50000000 	800.0000000000
-5.50000000 2.00000000 	800.0000000000
-5.50000000 2.50000000 	800.0000000000
-5.50000000 3.00000000 	800.0000000000
-5.50000000 3.50000000 	800.0000000000
-5.50000000 4.00000000 	800.0000000000
-5.50000000 4.50000000 	800.0000000000
-5.50000000 5.00000000 	800.0000000000
-5.50000000 5.50000000 	800.0000000000
-5.50000000 6.00000000 	800.0000000000
-5.50000000 6.50000000 	800.0000000000
-5.50000000 7.00000000 	800.0000000000
-5.50000000 7.50000000 	800.0000000000
-5.50000000 8.00000000 	800.0000000000
-5.00000000 -12.00000000 	787.7475236839
-5.00000000 -11.50000000 	784.3367208894
-5.00000000 -11.00000000 	784.3323597750
-5.00000000 -10.50000000 	789.0012496447
-5.00000000 -10.00000000 	795.0324271351
-5.00000000 -9.50000000 	799.9478515505
-5.00000000 -9.00000000 	799.9698520712
-5.00000000 -8.50000000 	799.9892448509
-5.00000000 -8.00000000 	800.0000000000
-5.00000000 -7.50000000 	800.0000000000
-5.00000000 -7.00000000 	800.0000000000
-5.00000000 -6.50000000 	800.0000000000
-5.00000000 -6.00000000 	800.0000000000
-5.00000000 -5.50000000 	800.0000000000
-5.00000000 -5.00000000 	800.0000000000
-5.00000000 -4.50000000 	800.0000000000
-5.00000000 -4.00000000 	800.0000000000
-5.00000000 -3.50000000 	800.0000000000
-5.00000000 -3.00000000 	800.0000000000
-5.00000000 -2.50000000 	800.0000000000
-5.00000000 -2.00000000 	800.0000000000
-5.00000000 -1.50000000 	800.0000000000
-5.00000000 -1.00000000 	800.0000000000
-5.00000000 -0.50000000 	800.0000000000
-5.00000000 0.00000000 	800.0000000000
-5.00000000 0.50000000 	800.0000000000
-5.00000000 1.00000000 	800.0000000000
-5.00000000 1.50000000 	800.0000000000
-5.00000000 2.00000000 	800.0000000000
-5.00000000 2.50000000 	800.0000000000
-5.00000000 3.00000000 	800.0000000000
-5.00000000 3.50000000 	800.0000000000
-5.00000000 4.00000000 	800.0000000000
-5.00000000 4.50000000 	800.0000000000
-5.00000000 5.00000000 	800.0000000000
-5.00000000 5.50000000 	800.0000000000
-5.00000000 6.00000000 	800.0000000000
-5.00000000 6.50000000 	800.0000000000
-5.00000000 7.00000000 	800.0000000000
-5.00000000 7.50000000 	800.0000000000
-5.00000000 8.00000000 	800.0000000000
-4.50000000 -12.00000000 	799.9203398884
-4.50000000 -11.50000000 	795.0138450413
-4.50000000 -11.00000000 	789.0083069521
-4.50000000 -10.50000000 	784.3303611383
-4.50000000 -10.00000000 	784.3323597750
-4.50000000 -9.50000000 	789.0012496447
-4.50000000 -9.00000000 	795.0324271351
-4.50000000 -8.50000000 	799.9478515505
-4.50000000 -8.00000000 	799.9698520712
-4.50000000 -7.50000000 	799.9892448509
-4.50000000 -7.00000000 	800.0000000000
-4.50000000 -6.50000000 	800.0000000000
-4.50000000 -6.00000000 	800.0000000000
-4.50000000 -5.50000000 	800.0000000000
-4.50000000 -5.00000000 	800.0000000000
-4.50000000 -4.50000000 	800.0000000000
-4.50000000 -4.00000000 	800.0000000000
-4.50000000 -3.50000000 	800.0000000000
-4.50000000 -3.00000000 	800.0000000000
-4.50000000 -2.50000000 	800.0000000000
-4.50000000 -2.00000000 	800.0000000000
-4.50000000 -1.50000000 	800.0000000000
-4.50000000 -1.00000000 	800.0000000000
-4.50000000 -0.50000000 	800.0000000000
-4.50000000 0.00000000 	800.0000000000
-4.50000000 0.50000000 	800.0000000000
-4.50000000 1.00000000 	800.0000000000
-4.50000000 1.50000000 	800.0000000000
-4.50000000 2.00000000 	800.0000000000
-4.50000000 2.50000000 	800.0000000000
-4.50000000 3.00000000 	800.0000000000
-4.50000000 3.50000000 	800.0000000000
-4.50000000 4.00000000 	800.0000000000
-4.50000000 4.50000000 	800.0000000000
-4.50000000 5.00000000 	800.0000000000
-4.50000000 5.50000000 	800.0000000000
-4.50000000 6.00000000 	800.0000000000
-4.50000000 6.50000000 	800.0000000000
-4.50000000 7.00000000 	800.0000000000
-4.50000000 7.50000000 	800.0000000000
-4.50000000 8.00000000 	800.0000000000
-4.00000000 -12.00000000 	799.9816425461
-4.00000000 -11.50000000 	799.9585482525
-4.00000000 -11.00000000 	799.9328773325
-4.00000000 -10.50000000 	795.0159967475
-4.00000000 -10.00000000 	789.0083069521
-4.00000000 -9.50000000 	784.3303611383
-4.00000000 -9.00000000 	784.3323597750
-4.00000000 -8.50000000 	789.0012496447
-4.00000000 -8.00000000 	795.0324271351
-4.00000000 -7.50000000 	799.9478515505
-4.00000000 -7.00000000 	799.9698520712
-4.00000000 -6.50000000 	799.9892448509
-4.00000000 -6.00000000 	800.0000000000
-4.00000000 -5.50000000 	800.0000000000
-4.00000000 -5.00000000 	800.0000000000
-4.00000000 -4.50000000 	800.0000000000
-4.00000000 -4.00000000 	800.0000000000
-4.00000000 -3.50000000 	800.0000000000
-4.00000000 -3.00000000 	800.0000000000
-4.00000000 -2.50000000 	800.0000000000
-4.00000000 -2.00000000 	800.0000000000
-4.00000000 -1.50000000 	800.0000000000
-4.00000000 -1.00000000 	800.0000000000
-4.00000000 -0.50000000 	800.0000000000
-4.00000000 0.00000000 	800.0000000000
-4.00000000 0.50000000 	800.0000000000
-4.00000000 1.00000000 	800.0000000000
-4.00000000 1.50000000 	800.0000000000
-4.00000000 2.00000000 	800.0000000000
-4.00000000 2.50000000 	800.0000000000
-4.00000000 3.00000000 	800.0000000000
-4.00000000 3.50000000 	800.0000000000
-4.00000000 4.00000000 	800.0000000000
-4.00000000 4.50000000 	800.0000000000
-4.00000000 5.00000000 	800.0000000000
-4.00000000 5.50000000 	800.0000000000
-4.00000000 6.00000000 	800.0000000000
-4.00000000 6.50000000 	800.0000000000
-4.00000000 7.00000000 	800.0000000000
-4.00000000 7.50000000 	800.0000000000
-4.00000000 8.00000000 	800.0000000000
-3.50000000 -12.00000000 	800.0000000000
-3.50000000 -11.50000000 	800.0000000000
-3.50000000 -11.00000000 	799.9816425461
-3.50000000 -10.50000000 	799.9585482525
-3.50000000 -10.00000000 	799.9328773325
-3.50000000 -9.50000000 	795.0159967475
-3.50000000 -9.00000000 	789.0083069521
-3.50000000 -8.50000000 	784.3303611383
-3.50000000 -8.00000000 	784.3323597750
-3.50000000 -7.50000000 	789.0012496447
-3.50000000 -7.00000000 	795.0324271351
-3.50000000 -6.50000000 	799.9478515505
-3.50000000 -6.00000000 	799.9698520712
-3.50000000 -5.50000000 	799.9892448509
-3.50000000 -5.00000000 	800.0000000000
-3.50000000 -4.50000000 	800.0000000000
-3.50000000 -4.00000000 	800.0000000000
-3.50000000 -3.50000000 	800.0000000000
-3.50000000 -3.00000000 	800.0000000000
-3.50000000 -2.50000000 	800.0000000000
-3.50000000 -2.00000000 	800.0000000000
-3.50000000 -1.50000000 	800.0000000000
-3.50000000 -1.00000000 	800.0000000000
-3.50000000 -0.50000000 	800.0000000000
-3.50000000 0.00000000 	800.0000000000
-3.50000000 0.50000000 	800.0000000000
-3.50000000 1.00000000 	800.0000000000
-3.50000000 1.50000000 	800.0000000000
-3.50000000 2.00000000 	800.0000000000
-3.50000000 2.50000000 	800.0000000000
-3.50000000 3.00000000 	800.0000000000
-3.50000000 3.50000000 	800.0000000000
-3.50000000 4.00000000 	800.0000000000
-3.50000000 4.50000000 	800.0000000000
-3.50000000 5.00000000 	800.0000000000
-3.50000000 5.50000000 	800.0000000000
-3.50000000 6.00000000 	800.0000000000
-3.50000000 6.50000000 	800.0000000000
-3.50000000 7.00000000 	800.0000000000
-3.50000000 7.50000000 	800.0000000000
-3.50000000 8.00000000 	800.0000000000
-3.00000000 -12.00000000 	800.0000000000
-3.00000000 -11.50000000 	800.0000000000
-3.00000000 -11.00000000 	800.0000000000
-3.00000000 -10.50000000 	800.0000000000
-3.00000000 -10.00000000 	799.9816425461
-3.00000000 -9.50000000 	799.9585482525
-3.00000000 -9.00000000 	799.9328773325
-3.00000000 -8.50000000 	795.0159967475
-3.00000000 -8.00000000 	789.0083069521
-3.00000000 -7.50000000 	784.3303611383
-3.00000000 -7.00000000 	784.3323597750
-3.00000000 -6.50000000 	789.0012496447
-3.00000000 -6.00000000 	795.0324271351
-3.00000000 -5.50000000 	799.9478515505
-3.00000000 -5.00000000 	799.9698520712
-3.00000000 -4.50000000 	799.9892448509
-3.00000000 -4.00000000 	800.0000000000
-3.00000000 -3.50000000 	800.0000000000
-3.00000000 -3.00000000 	800.0000000000
-3.00000000 -2.50000000 	800.0000000000
-3.00000000 -2.00000000 	800.0000000000
-3.00000000 -1.50000000 	800.0000000000
-3.00000000 -1.00000000 	800.0000000000
-3.00000000 -0.50000000 	800.0000000000
-3.00000000 0.00000000 	800.0000000000
-3.00000000 0.50000000 	800.0000000000
-3.00000000 1.00000000 	800.0000000000
-3.00000000 1.50000000 	800.0000000000
-3.00000000 2.00000000 	800.0000000000
-3.00000000 2.50000000 	800.0000000000
-3.00000000 3.00000000 	800.0000000000
-3.00000000 3.50000000 	800.0000000000
-3.00000000 4.00000000 	800.0000000000
-3.00000000 4.50000000 	800.0000000000
-3.00000000 5.00000000 	800.0000000000
-3.00000000 5.50000000 	800.0000000000
-3.00000000 6.00000000 	800.0000000000
-3.00000000 6.50000000 	800.0000000000
-3.00000000 7.00000000 	800.0000000000
-3.00000000 7.50000000 	800.0000000000
-3.00000000 8.00000000 	800.0000000000
-2.50000000 -12.00000000 	800.0000000000
-2.50000000 -11.50000000 	800.0000000000
-2.50000000 -11.00000000 	800.0000000000
-2.50000000 -10.50000000 	800.0000000000
-2.50000000 -10.00000000 	800.0000000000
-2.50000000 -9.50000000 	800.0000000000
-2.50000000 -9.00000000 	799.9816425461
-2.50000000 -8.50000000 	799.9585482525
-2.50000000 -8.00000000 	799.9328773325
-2.50000000 -7.50000000 	795.0159967475
-2.50000000 -7.00000000 	789.0083069521
-2.50000000 -6.50000000 	784.3303611383
-2.50000000 -6.00000000 	784.3323597750
-2.50000000 -5.50000000 	789.0012496447
-2.50000000 -5.00000000 	795.0324271351
-2.50000000 -4.50000000 	799.9478515505
-2.50000000 -4.00000000 	799.9698520712
-2.50000000 -3.50000000 	799.9892448509
-2.50000000 -3.00000000 	800.0000000000
-2.50000000 -2.50000000 	800.0000000000
-2.50000000 -2.00000000 	800.0000000000
-2.50000000 -1.50000000 	800.0000000000
-2.50000000 -1.00000000 	800.0000000000
-2.50000000 -0.50000000 	800.0000000000
-2.50000000 0.00000000 	800.0000000000
-2.50000000 0.50000000 	800.0000000000
-2.50000000 1.00000000 	800.0000000000
-2.50000000 1.50000000 	800.0000000000
-2.50000000 2.00000000 	800.0000000000
-2.50000000 2.50000000 	800.0000000000
-2.50000000 3.00000000 	800.0000000000
-2.50000000 3.50000000 	800.0000000000
-2.50000000 4.00000000 	800.0000000000
-2.50000000 4.50000000 	800.0000000000
-2.50000000 5.00000000 	800.0000000000
-2.50000000 5.50000000 	800.0000000000
-2.50000000 6.00000000 	800.0000000000
-2.50000000 6.50000000 	800.0000000000
-2.50000000 7.00000000 	800.0000000000
-2.50000000 7.50000000 	800.0000000000
-2.50000000 8.00000000 	800.0000000000
-2.00000000 -12.00000000 	800.0000000000
-2.00000000 -11.50000000 	800.0000000000
-2.00000000 -11.00000000 	800.0000000000
-2.00000000 -10.50000000 	800.0000000000
-2.00000000 -10.00000000 	800.0000000000
-2.00000000 -9.50000000 	800.0000000000
-2.00000000 -9.00000000 	800.0000000000
-2.00000000 -8.50000000 	800.0000000000
-2.00000000 -8.00000000 	799.9816425461
-2.00000000 -7.50000000 	799.9585482525
-2.00000000 -7.00000000 	799.9328773325
-2.00000000 -6.50000000 	795.0159967475
-2.00000000 -6.00000000 	789.0083069521
-2.00000000 -5.50000000 	784.3303611383
-2.00000000 -5.00000000 	784.3323597750
-2.00000000 -4.50000000 	789.0012496447
-2.00000000 -4.00000000 	795.0324271351
-2.00000000 -3.50000000 	799.9478515505
-2.00000000 -3.00000000 	799.9698520712
-2.00000000 -2.50000000 	799.9892448509
-2.00000000 -2.00000000 	800.0000000000
-2.00000000 -1.50000000 	800.0000000000
-2.00000000 -1.00000000 	800.0000000000
-2.00000000 -0.50000000 	800.0000000000
-2.00000000 0.00000000 	800.0000000000
-2.00000000 0.50000000 	800.0000000000
-2.00000000 1.00000000 	800.0000000000
-2.00000000 1.50000000 	800.0000000000
-2.00000000 2.00000000 	800.0000000000
-2.00000000 2.50000000 	800.0000000000
-2.00000000 3.00000000 	800.0000000000
-2.00000000 3.50000000 	800.0000000000
-2.00000000 4.00000000 	800.0000000000
-2.00000000 4.50000000 	800.0000000000
-2.00000000 5.00000000 	800.0000000000
-2.00000000 5.50000000 	800.0000000000
-2.00000000 6.00000000 	800.0000000000
-2.00000000 6.50000000 	800.0000000000
-2.00000000 7.00000000 	800.0000000000
-2.00000000 7.50000000 	800.0000000000
-2.00000000 8.00000000 	800.0000000000
-1.50000000 -12.00000000 	800.0000000000
-1.50000000 -11.50000000 	800.0000000000
-1.50000000 -11.00000000 	800.0000000000
-1.50000000 -10.50000000 	800.0000000000
-1.50000000 -10.00000000 	800.0000000000
-1.50000000 -9.50000000 	800.0000000000
-1.50000000 -9.00000000 	800.0000000000
-1.50000000 -8.50000000 	800.0000000000
-1.50000000 -8.00000000 	800.0000000000
-1.50000000 -7.50000000 	800.0000000000
-1.50000000 -7.00000000 	799.9816425461
-1.50000000 -6.50000000 	799.9585482525
-1.50000000 -6.00000000 	799.9328773325
-1.50000000 -5.50000000 	795.0159967475
-1.50000000 -5.00000000 	789.0083069521
-1.50000000 -4.50000000 	784.3303611383
-1.50000000 -4.00000000 	784.3323597750
-1.50000000 -3.50000000 	789.0012496447
-1.50000000 -3.00000000 	795.0324271351
-1.50000000 -2.50000000 	799.9478515505
-1.50000000 -2.00000000 	799.9698520712
-1.50000000 -1.50000000 	799.9892448509
-1.50000000 -1.00000000 	800.0000000000
-1.50000000 -0.50000000 	800.0000000000
-1.50000000 0.00000000 	800.0000000000
-1.50000000 0.50000000 	800.0000000000
-1.50000000 1.00000000 	800.0000000000
-1.50000000 1.50000000 	800.0000000000
-1.50000000 2.00000000 	800.0000000000
-1.50000000 2.50000000 	800.0000000000
-1.50000000 3.00000000 	800.0000000000
-1.50000000 3.50000000 	800.0000000000
-1.50000000 4.00000000 	800.0000000000
-1.50000000 4.50000000 	800.0000000000
-1.50000000 5.00000000 	800.0000000000
-1.50000000 5.50000000 	800.0000000000
-1.50000000 6.00000000 	800.0000000000
-1.50000000 6.50000000 	800.0000000000
-1.50000000 7.00000000 	800.0000000000
-1.50000000 7.50000000 	800.0000000000
-1.50000000 8.00000000 	800.0000000000
-1.00000000 -12.00000000 	800.0000000000
-1.00000000 -11.50000000 	800.0000000000
-1.00000000 -11.00000000 	800.0000000000
-1.00000000 -10.50000000 	800.0000000000
-1.00000000 -10.00000000 	800.0000000000
-1.00000000 -9.50000000 	800.0000000000
-1.00000000 -9.00000000 	800.0000000000
-1.00000000 -8.50000000 	800.0000000000
-1.00000000 -8.00000000 	800.0000000000
-1.00000000 -7.50000000 	800.0000000000
-1.00000000 -7.00000000 	800.0000000000
-1.00000000 -6.50000000 	800.0000000000
-1.00000000 -6.00000000 	799.9816425461
-1.00000000 -5.50000000 	799.9585482525
-1.00000000 -5.00000000 	799.9328773325
-1.00000000 -4.50000000 	795.0159967475
-1.00000000 -4.00000000 	789.0083069521
-1.00000000 -3.50000000 	784.3303611383
-1.00000000 -3.00000000 	784.3323597750
-1.00000000 -2.50000000 	789.0012496447
-1.00000000 -2.00000000 	795.0324271351
-1.00000000 -1.50000000 	799.9478515505
-1.00000000 -1.00000000 	799.9698520712
-1.00000000 -0.50000000 	799.9892448509
-1.00000000 0.00000000 	800.0000000000
-1.00000000 0.50000000 	800.0000000000
-1.00000000 1.00000000 	800.0000000000
-1.00000000 1.50000000 	800.0000000000
-1.00000000 2.00000000 	800.0000000000
-1.00000000 2.50000000 	800.0000000000
-1.00000000 3.00000000 	800.0000000000
-1.00000000 3.50000000 	800.0000000000
-1.00000000 4.00000000 	800.0000000000
-1.00000000 4.50000000 	800.0000000000
-1.00000000 5.00000000 	800.0000000000
-1.00000000 5.50000000 	800.0000000000
-1.00000000 6.00000000 	800.0000000000
-1.00000000 6.50000000 	800.0000000000
-1.00000000 7.00000000 	800.0000000000
-1.00000000 7.50000000 	800.0000000000
-1.00000000 8.00000000 	800.0000000000
-0.50000000 -12.00000000 	800.0000000000
-0.50000000 -11.50000000 	800.0000000000
-0.50000000 -11.00000000 	800.0000000000
-0.50000000 -10.50000000 	800.0000000000
-0.50000000 -10.00000000 	800.0000000000
-0.50000000 -9.50000000 	800.0000000000
-0.50000000 -9.00000000 	800.0000000000
-0.50000000 -8.50000000 	800.0000000000
-0.50000000 -8.00000000 	800.0000000000
-0.50000000 -7.50000000 	800.0000000000
-0.50000000 -7.00000000 	800.0000000000
-0.50000000 -6.50000000 	800.0000000000
-0.50000000 -6.00000000 	800.0000000000
-0.50000000 -5.50000000 	800.0000000000
-0.50000000 -5.00000000 	799.9816425461
-0.50000000 -4.50000000 	799.9585482525
-0.50000000 -4.00000000 	799.9328773325
-0.50000000 -3.50000000 	795.0159967475
-0.50000000 -3.00000000 	789.0083069521
-0.50000000 -2.50000000 	784.3303611383
-0.50000000 -2.00000000 	784.3323597750
-0.50000000 -1.50000000 	789.0012496447
-0.50000000 -1.00000000 	795.0324271351
-0.50000000 -0.50000000 	799.9478515505
-0.50000000 0.00000000 	799.9698520712
-0.50000000 0.50000000 	799.9892448509
-0.50000000 1.00000000 	800.0000000000
-0.50000000 1.50000000 	800.0000000000
-0.50000000 2.00000000 	800.0000000000
-0.50000000 2.50000000 	800.0000000000
-0.50000000 3.00000000 	800.0000000000
-0.50000000 3.50000000 	800.0000000000
-0.50000000 4.00000000 	800.0000000000
-0.50000000 4.50000000 	800.0000000000
-0.50000000 5.00000000 	800.0000000000
-0.50000000 5.50000000 	800.0000000000
-0.50000000 6.00000000 	800.0000000000
-0.50000000 6.50000000 	800.0000000000
-0.50000000 7.00000000 	800.0000000000
-0.50000000 7.50000000 	800.0000000000
-0.50000000 8.00000000 	800.0000000000
0.00000000 -12.00000000 	800.0000000000
0.00000000 -11.50000000 	800.0000000000
0.00000000 -11.00000000 	800.0000000000
0.00000000 -10.50000000 	800.0000000000
0.00000000 -10.00000000 	800.0000000000
0.00000000 -9.50000000 	800.0000000000
0.00000000 -9.00000000 	800.0000000000
0.00000000 -8.50000000 	800.0000000000
0.00000000 -8.00000000 	800.0000000000
0.00000000 -7.50000000 	800.0000000000
0.00000000 -7.00000000 	800.0000000000
0.00000000 -6.50000000 	800.0000000000
0.00000000 -6.00000000 	800.0000000000
0.00000000 -5.50000000 	800.0000000000
0.00000000 -5.00000000 	800.0000000000
0.00000000 -4.50000000 	800.0000000000
0.00000000 -4.00000000 	799.9816425461
0.00000000 -3.50000000 	799.9585482525
0.00000000 -3.00000000 	799.9328773325
0.00000000 -2.50000000 	795.0159967475
0.00000000 -2.00000000 	789.0083069521
0.00000000 -1.50000000 	784.3303611383
0.00000000 -1.00000000 	784.3323597750
0.00000000 -0.50000000 	789.0012496447
0.00000000 0.00000000 	795.0324271351
0.00000000 0.50000000 	799.9478515505
0.00000000 1.00000000 	799.9698520712
0.00000000 1.50000000 	799.9892448509
0.00000000 2.00000000 	800.0000000000
0.00000000 2.50000000 	800.0000000000
0.00000000 3.00000000 	800.0000000000
0.00000000 3.50000000 	800.0000000000
0.00000000 4.00000000 	800.0000000000
0.00000000 4.50000000 	800.0000000000
0.00000000 5.00000000 	800.0000000000
0.00000000 5.50000000 	800.0000000000
0.00000000 6.00000000 	800.0000000000
0.00000000 6.50000000 	800.0000000000
0.00000000 7.00000000 	800.0000000000
0.00000000 7.50000000 	800.0000000000
0.00000000 8.00000000 	800.0000000000
0.50000000 -12.00000000 	800.0000000000
0.50000000 -11.50000000 	800.0000000000
0.50000000 -11.00000000 	800.0000000000
0.50000000 -10.50000000 	800.0000000000
0.50000000 -10.00000000 	800.0000000000
0.50000000 -9.50000000 	800.0000000000
0.50000000 -9.00000000 	800.0000000000
0.50000000 -8.50000000 	800.0000000000
0.50000000 -8.00000000 	800.0000000000
0.50000000 -7.50000000 	800.0000000000
0.50000000 -7.00000000 	800.0000000000
0.50000000 -6.50000000 	800.0000000000
0.50000000 -6.00000000 	800.0000000000
0.50000000 -5.50000000 	800.0000000000
0.50000000 -5.00000000 	800.0000000000
0.50000000 -4.50000000 	800.0000000000
0.50000000 -4.00000000 	800.0000000000
0.50000000 -3.50000000 	800.0000000000
0.50000000 -3.00000000 	799.9816425461
0.50000000 -2.50000000 	799.9585482525
0.50000000 -2.00000000 	799.9328773325
0.50000000 -1.50000000 	795.0159967475
0.50000000 -1.00000000 	789.0083069521
0.50000000 -0.50000000 	784.3303611383
0.50000000 0.00000000 	784.3323597750
0.50000000 0.50000000 	789.0012496447
0.50000000 1.00000000 	795.0324271351
0.50000000 1.50000000 	799.9478515505
0.50000000 2.00000000 	799.9698520712
0.50000000 2.50000000 	799.9892448509
0.50000000 3.00000000 	800.0000000000
0.50000000 3.50000000 	800.0000000000
0.50000000 4.00000000 	800.0000000000
0.50000000 4.50000000 	800.0000000000
0.50000000 5.00000000 	800.0000000000
0.50000000 5.50000000 	800.0000000000
0.50000000 6.00000000 	800.0000000000
0.50000000 6.50000000 	800.0000000000
0.50000000 7.00000000 	800.0000000000
0.50000000 7.50000000 	800.0000000000
0.50000000 8.00000000 	800.0000000000
1.00000000 -12.00000000 	800.0000000000
1.00000000 -11.50000000 	800.0000000000
1.00000000 -11.00000000 	800.0000000000
1.00000000 -10.50000000 	800.0000000000
1.00000000 -10.00000000 	800.0000000000
1.00000000 -9.50000000 	800.0000000000
1.00000000 -9.00000000 	800.0000000000
1.00000000 -8.50000000 	800.0000000000
1.00000000 -8.00000000 	800.0000000000
1.00000000 -7.50000000 	800.0000000000
1.00000000 -7.00000000 	800.0000000000
1.00000000 -6.50000000 	800.0000000000
1.00000000 -6.00000000 	800.0000000000
1.00000000 -5.50000000 	800.0000000000
1.00000000 -5.00000000 	800.0000000000
1.00000000 -4.50000000 	800.0000000000
1.00000000 -4.00000000 	800.0000000000
1.00000000 -3.50000000 	800.0000000000
1.00000000 -3.00000000 	800.0000000000
1.00000000 -2.50000000 	800.0000000000
1.00000000 -2.00000000 	799.9816425461
1.00000000 -1.50000000 	799.9585482525
1.00000000 -1.00000000 	799.9328773325
1.00000000 -0.50000000 	795.0159967475
1.00000000 0.00000000 	789.0083069521
1.00000000 0.50000000 	784.3303611383
1.00000000 1.00000000 	784.3323597750
1.00000000 1.50000000 	789.0012496447
1.00000000 2.00000000 	795.0324271351
1.00000000 2.50000000 	799.9478515505
1.00000000 3.00000000 	799.9698520712
1.00000000 3.50000000 	799.9892448509
1.00000000 4.00000000 	800.0000000000
1.00000000 4.50000000 	800.0000000000
1.00000000 5.00000000 	800.0000000000
1.00000000 5.50000000 	800.0000000000
1.00000000 6.00000000 	800.0000000000
1.00000000 6.50000000 	800.0000000000
1.00000000 7.00000000 	800.0000000000
1.00000000 7.50000000 	800.0000000000
1.00000000 8.00000000 	800.0000000000
1.50000000 -12.00000000 	800.0000000000
1.50000000 -11.50000000 	800.0000000000
1.50000000 -11.00000000 	800.0000000000
1.50000000 -10.50000000 	800.0000000000
1.50000000 -10.00000000 	800.0000000000
1.50000000 -9.50000000 	800.0000000000
1.50000000 -9.00000000 	800.0000000000
1.50000000 -8.50000000 	800.0000000000
1.50000000 -8.00000000 	800.0000000000
1.50000000 -7.50000000 	800.0000000000
1.50000000 -7.00000000 	800.0000000000
1.50000000 -6.50000000 	800.0000000000
1.50000000 -6.00000000 	800.0000000000
1.50000000 -5.50000000 	800.0000000000
1.50000000 -5.00000000 	800.0000000000
1.50000000 -4.50000000 	800.0000000000
1.50000000 -4.00000000 	800.0000000000
1.50000000 -3.50000000 	800.0000000000
1.50000000 -3.00000000 	800.0000000000
1.50000000 -2.50000000 	800.0000000000
1.50000000 -2.00000000 	800.0000000000
1.50000000 -1.50000000 	800.0000000000
1.50000000 -1.00000000 	799.9816425461
1.50000000 -0.50000000 	799.9585482525
1.50000000 0.00000000 	799.9328773325
1.50000000 0.50000000 	795.0159967475
1.50000000 1.00000000 	789.0083069521
1.50000000 1.50000000 	784.3303611383
1.50000000 2.00000000 	784.3344817906
1.50000000 2.50000000 	789.0143154382
1.50000000 3.00000000 	795.0594347211
1.50000000 3.50000000 	799.9841588370
1.50000000 4.00000000 	800.0000000000
1.50000000 4.50000000 	800.0000000000
1.50000000 5.00000000 	800.0000000000
1.50000000 5.50000000 	800.0000000000
1.50000000 6.00000000 	800.0000000000
1.50000000 6.50000000 	800.0000000000
1.50000000 7.00000000 	800.0000000000
1.50000000 7.50000000 	800.0000000000
1.50000000 8.00000000 	800.0000000000
2.00000000 -12.00000000 	800.0000000000
2.00000000 -11.50000000 	800.0000000000
2.00000000 -11.00000000 	800.0000000000
2.00000000 -10.50000000 	800.0000000000
2.00000000 -10.00000000 	800.0000000000
2.00000000 -9.50000000 	800.0000000000
2.00000000 -9.00000000 	800.0000000000
2.00000000 -8.50000000 	800.0000000000
2.00000000 -8.00000000 	800.0000000000
2.00000000 -7.50000000 	800.0000000000
2.00000000 -7.00000000 	800.0000000000
2.00000000 -6.50000000 	800.0000000000
2.00000000 -6.00000000 	800.0000000000
2.00000000 -5.50000000 	800.0000000000
2.00000000 -5.00000000 	800.0000000000
2.00000000 -4.50000000 	800.0000000000
2.00000000 -4.00000000 	800.0000000000
2.00000000 -3.50000000 	800.0000000000
2.00000000 -3.00000000 	800.0000000000
2.00000000 -2.50000000 	800.0000000000
2.00000000 -2.00000000 	800.0000000000
2.00000000 -1.50000000 	800.0000000000
2.00000000 -1.00000000 	800.0000000000
2.00000000 -0.50000000 	800.0000000000
2.00000000 0.00000000 	799.9816425461
2.00000000 0.50000000 	799.9585482525
2.00000000 1.00000000 	799.9310169515
2.00000000 1.50000000 	795.0290889905
2.00000000 2.00000000 	789.0335644188
2.00000000 2.50000000 	785.6125731726
2.00000000 3.00000000 	791.6273479382
2.00000000 3.50000000 	799.9787619790
2.00000000 4.00000000 	800.0000000000
2.00000000 4.50000000 	800.0000000000
2.00000000 5.00000000 	800.0000000000
2.00000000 5.50000000 	800.0000000000
2.00000000 6.00000000 	800.0000000000
2.00000000 6.50000000 	800.0000000000
2.00000000 7.00000000 	800.0000000000
2.00000000 7.50000000 	800.0000000000
2.00000000 8.00000000 	800.0000000000
