-8.00000000 -12.00000000 	10.0000000000
-8.00000000 -11.50000000 	10.0000000000
-8.00000000 -11.00000000 	10.0000000000
-8.00000000 -10.50000000 	10.0000000000
-8.00000000 -10.00000000 	10.0000000000
-8.00000000 -9.50000000 	10.0000000000
-8.00000000 -9.00000000 	10.0000000000
-8.00000000 -8.50000000 	10.0000000000
-8.00000000 -8.00000000 	10.0000000000
-8.00000000 -7.50000000 	10.0000000000
-8.00000000 -7.00000000 	10.0000000000
-8.00000000 -6.50000000 	10.0000000000
-8.00000000 -6.00000000 	10.0000000000
-8.00000000 -5.50000000 	10.0000000000
-8.00000000 -5.00000000 	10.0000000000
-8.00000000 -4.50000000 	10.0000000000
-8.00000000 -4.00000000 	10.0000000000
-8.00000000 -3.50000000 	10.0000000000
-8.00000000 -3.00000000 	10.0000000000
-8.00000000 -2.50000000 	10.0000000000
-8.00000000 -2.00000000 	10.0000000000
-8.00000000 -1.50000000 	10.0000000000
-8.00000000 -1.00000000 	10.0000000000
-8.00000000 -0.50000000 	10.0000000000
-8.00000000 0.00000000 	10.0000000000
-8.00000000 0.50000000 	10.0000000000
-8.00000000 1.00000000 	10.0000000000
-8.00000000 1.50000000 	10.0000000000
-8.00000000 2.00000000 	10.0000000000
-8.00000000 2.50000000 	10.0000000000
-8.00000000 3.00000000 	10.0000000000
-8.00000000 3.50000000 	10.0000000000
-8.00000000 4.00000000 	10.0000000000
-8.00000000 4.50000000 	10.0000000000
-8.00000000 5.00000000 	10.0000000000
-8.00000000 5.50000000 	10.0000000000
-8.00000000 6.00000000 	10.0000000000
-8.00000000 6.50000000 	10.0000000000
-8.00000000 7.00000000 	10.0000000000
-8.00000000 7.50000000 	10.0000000000
-8.00000000 8.00000000 	10.0000000000
-7.50000000 -12.00000000 	10.0000000000
-7.50000000 -11.50000000 	10.0000000000
-7.50000000 -11.00000000 	10.0000000000
-7.50000000 -10.50000000 	10.0000000000
-7.50000000 -10.00000000 	10.0000000000
-7.50000000 -9.50000000 	10.0000000000
-7.50000000 -9.00000000 	10.0000000000
-7.50000000 -8.50000000 	10.0000000000
-7.50000000 -8.00000000 	10.0000000000
-7.50000000 -7.50000000 	10.0000000000
-7.50000000 -7.00000000 	10.0000000000
-7.50000000 -6.50000000 	10.0000000000
-7.50000000 -6.00000000 	10.0000000000
-7.50000000 -5.50000000 	10.0000000000
-7.50000000 -5.00000000 	10.0000000000
-7.50000000 -4.50000000 	10.0000000000
-7.50000000 -4.00000000 	10.0000000000
-7.50000000 -3.50000000 	10.0000000000
-7.50000000 -3.00000000 	10.0000000000
-7.50000000 -2.50000000 	10.0000000000
-7.50000000 -2.00000000 	10.0000000000
-7.50000000 -1.50000000 	10.0000000000
-7.50000000 -1.00000000 	10.0000000000
-7.50000000 -0.50000000 	10.0000000000
-7.50000000 0.00000000 	10.0000000000
-7.50000000 0.50000000 	10.0000000000
-7.50000000 1.00000000 	10.0000000000
-7.50000000 1.50000000 	10.0000000000
-7.50000000 2.00000000 	10.0000000000
-7.50000000 2.50000000 	10.0000000000
-7.50000000 3.00000000 	10.0000000000
-7.50000000 3.50000000 	10.0000000000
-7.50000000 4.00000000 	10.0000000000
-7.50000000 4.50000000 	10.0000000000
-7.50000000 5.00000000 	10.0000000000
-7.50000000 5.50000000 	10.0000000000
-7.50000000 6.00000000 	10.0000000000
-7.50000000 6.50000000 	10.0000000000
-7.50000000 7.00000000 	10.0000000000
-7.50000000 7.50000000 	10.0000000000
-7.50000000 8.00000000 	10.0000000000
-7.00000000 -12.00000000 	10.0627366030
-7.00000000 -11.50000000 	10.0627366030
-7.00000000 -11.00000000 	10.0627366030
-7.00000000 -10.50000000 	10.0627366030
-7.00000000 -10.00000000 	10.0627366030
-7.00000000 -9.50000000 	10.0627366030
-7.00000000 -9.00000000 	10.0627366030
-7.00000000 -8.50000000 	10.0627366030
-7.00000000 -8.00000000 	10.0627366030
-7.00000000 -7.50000000 	10.0627366030
-7.00000000 -7.00000000 	10.0627366030
-7.00000000 -6.50000000 	10.0627366030
-7.00000000 -6.00000000 	10.0627366030
-7.00000000 -5.50000000 	10.0627366030
-7.00000000 -5.00000000 	10.0627366030
-7.00000000 -4.50000000 	10.0627366030
-7.00000000 -4.00000000 	10.0627366030
-7.00000000 -3.50000000 	10.0627366030
-7.00000000 -3.00000000 	10.0627366030
-7.00000000 -2.50000000 	10.0627366030
-7.00000000 -2.00000000 	10.0627366030
-7.00000000 -1.50000000 	10.0627366030
-7.00000000 -1.00000000 	10.0627366030
-7.00000000 -0.50000000 	10.0627366030
-7.00000000 0.00000000 	10.0627366030
-7.00000000 0.50000000 	10.0627366030
-7.00000000 1.00000000 	10.0627366030
-7.00000000 1.50000000 	10.0627366030
-7.00000000 2.00000000 	10.0627366030
-7.00000000 2.50000000 	10.0627366030
-7.00000000 3.00000000 	10.0627366030
-7.00000000 3.50000000 	10.0627366030
-7.00000000 4.00000000 	10.0627366030
-7.00000000 4.50000000 	10.0627366030
-7.00000000 5.00000000 	10.0627366030
-7.00000000 5.50000000 	10.0627366030
-7.00000000 6.00000000 	10.0627366030
-7.00000000 6.50000000 	10.0627366030
-7.00000000 7.00000000 	10.0627366030
-7.00000000 7.50000000 	10.0627366030
-7.00000000 8.00000000 	10.0627366030
-6.50000000 -12.00000000 	7.5787292038
-6.50000000 -11.50000000 	7.5787292038
-6.50000000 -11.00000000 	7.5787292038
-6.50000000 -10.50000000 	7.5787292038
-6.50000000 -10.00000000 	7.5787292038
-6.50000000 -9.50000000 	7.5787292038
-6.50000000 -9.00000000 	7.5787292038
-6.50000000 -8.50000000 	7.5787292038
-6.50000000 -8.00000000 	7.5787292038
-6.50000000 -7.50000000 	7.5787292038
-6.50000000 -7.00000000 	7.5787292038
-6.50000000 -6.50000000 	7.5787292038
-6.50000000 -6.00000000 	7.5787292038
-6.50000000 -5.50000000 	7.5787292038
-6.50000000 -5.00000000 	7.5787292038
-6.50000000 -4.50000000 	7.5787292038
-6.50000000 -4.00000000 	7.5787292038
-6.50000000 -3.50000000 	7.5787292038
-6.50000000 -3.00000000 	7.5787292038
-6.50000000 -2.50000000 	7.5787292038
-6.50000000 -2.00000000 	7.5787292038
-6.50000000 -1.50000000 	7.5787292038
-6.50000000 -1.00000000 	7.5787292038
-6.50000000 -0.50000000 	7.5787292038
-6.50000000 0.00000000 	7.5787292038
-6.50000000 0.50000000 	7.5787292038
-6.50000000 1.00000000 	7.5787292038
-6.50000000 1.50000000 	7.5787292038
-6.50000000 2.00000000 	7.5787292038
-6.50000000 2.50000000 	7.5787292038
-6.50000000 3.00000000 	7.5787292038
-6.50000000 3.50000000 	7.5787292038
-6.50000000 4.00000000 	7.5787292038
-6.50000000 4.50000000 	7.5787292038
-6.50000000 5.00000000 	7.5787292038
-6.50000000 5.50000000 	7.5787292038
-6.50000000 6.00000000 	7.5787292038
-6.50000000 6.50000000 	7.5787292038
-6.50000000 7.00000000 	7.5787292038
-6.50000000 7.50000000 	7.5787292038
-6.50000000 8.00000000 	7.5787292038
-6.00000000 -12.00000000 	15.9894885283
-6.00000000 -11.50000000 	15.9894885283
-6.00000000 -11.00000000 	15.9894885283
-6.00000000 -10.50000000 	15.9894885283
-6.00000000 -10.00000000 	15.9894885283
-6.00000000 -9.50000000 	15.9894885283
-6.00000000 -9.00000000 	15.9894885283
-6.00000000 -8.50000000 	15.9894885283
-6.00000000 -8.00000000 	15.9894885283
-6.00000000 -7.50000000 	15.9894885283
-6.00000000 -7.00000000 	15.9894885283
-6.00000000 -6.50000000 	15.9894885283
-6.00000000 -6.00000000 	15.9894885283
-6.00000000 -5.50000000 	15.9894885283
-6.00000000 -5.00000000 	15.9894885283
-6.00000000 -4.50000000 	15.9894885283
-6.00000000 -4.00000000 	15.9894885283
-6.00000000 -3.50000000 	15.9894885283
-6.00000000 -3.00000000 	15.9894885283
-6.00000000 -2.50000000 	15.9894885283
-6.00000000 -2.00000000 	15.9894885283
-6.00000000 -1.50000000 	15.9894885283
-6.00000000 -1.00000000 	15.9894885283
-6.00000000 -0.50000000 	15.9894885283
-6.00000000 0.00000000 	15.9894885283
-6.00000000 0.50000000 	15.9894885283
-6.00000000 1.00000000 	15.9894885283
-6.00000000 1.50000000 	15.9894885283
-6.00000000 2.00000000 	15.9894885283
-6.00000000 2.50000000 	15.9894885283
-6.00000000 3.00000000 	15.9894885283
-6.00000000 3.50000000 	15.9894885283
-6.00000000 4.00000000 	15.9894885283
-6.00000000 4.50000000 	15.9894885283
-6.00000000 5.00000000 	15.9894885283
-6.00000000 5.50000000 	15.9894885283
-6.00000000 6.00000000 	15.9894885283
-6.00000000 6.50000000 	15.9894885283
-6.00000000 7.00000000 	15.9894885283
-6.00000000 7.50000000 	15.9894885283
-6.00000000 8.00000000 	15.9894885283
-5.50000000 -12.00000000 	22.0765196944
-5.50000000 -11.50000000 	22.0765196944
-5.50000000 -11.00000000 	22.0765196944
-5.50000000 -10.50000000 	22.0765196944
-5.50000000 -10.00000000 	22.0765196944
-5.50000000 -9.50000000 	22.0765196944
-5.50000000 -9.00000000 	22.0765196944
-5.50000000 -8.50000000 	22.0765196944
-5.50000000 -8.00000000 	22.0765196944
-5.50000000 -7.50000000 	22.0765196944
-5.50000000 -7.00000000 	22.0765196944
-5.50000000 -6.50000000 	22.0765196944
-5.50000000 -6.00000000 	22.0765196944
-5.50000000 -5.50000000 	22.0765196944
-5.50000000 -5.00000000 	22.0765196944
-5.50000000 -4.50000000 	22.0765196944
-5.50000000 -4.00000000 	22.0765196944
-5.50000000 -3.50000000 	22.0765196944
-5.50000000 -3.00000000 	22.0765196944
-5.50000000 -2.50000000 	22.0765196944
-5.50000000 -2.00000000 	22.0765196944
-5.50000000 -1.50000000 	22.0765196944
-5.50000000 -1.00000000 	22.0765196944
-5.50000000 -0.50000000 	22.0765196944
-5.50000000 0.00000000 	22.0765196944
-5.50000000 0.50000000 	22.0765196944
-5.50000000 1.00000000 	22.0765196944
-5.50000000 1.50000000 	22.0765196944
-5.50000000 2.00000000 	22.0765196944
-5.50000000 2.50000000 	22.0765196944
-5.50000000 3.00000000 	22.0765196944
-5.50000000 3.50000000 	22.0765196944
-5.50000000 4.00000000 	22.0765196944
-5.50000000 4.50000000 	22.0765196944
-5.50000000 5.00000000 	22.0765196944
-5.50000000 5.50000000 	22.0765196944
-5.50000000 6.00000000 	22.0765196944
-5.50000000 6.50000000 	22.0765196944
-5.50000000 7.00000000 	22.0765196944
-5.50000000 7.50000000 	22.0765196944
-5.50000000 8.00000000 	22.0765196944
-5.00000000 -12.00000000 	14.1691282792
-5.00000000 -11.50000000 	14.1691282792
-5.00000000 -11.00000000 	14.1691282792
-5.00000000 -10.50000000 	14.1691282792
-5.00000000 -10.00000000 	14.1691282792
-5.00000000 -9.50000000 	14.1691282792
-5.00000000 -9.00000000 	14.1691282792
-5.00000000 -8.50000000 	14.1691282792
-5.00000000 -8.00000000 	14.1691282792
-5.00000000 -7.50000000 	14.1691282792
-5.00000000 -7.00000000 	14.1691282792
-5.00000000 -6.50000000 	14.1691282792
-5.00000000 -6.00000000 	14.1691282792
-5.00000000 -5.50000000 	14.1691282792
-5.00000000 -5.00000000 	14.1691282792
-5.00000000 -4.50000000 	14.1691282792
-5.00000000 -4.00000000 	14.1691282792
-5.00000000 -3.50000000 	14.1691282792
-5.00000000 -3.00000000 	14.1691282792
-5.00000000 -2.50000000 	14.1691282792
-5.00000000 -2.00000000 	14.1691282792
-5.00000000 -1.50000000 	14.1691282792
-5.00000000 -1.00000000 	14.1691282792
-5.00000000 -0.50000000 	14.1691282792
-5.00000000 0.00000000 	14.1691282792
-5.00000000 0.50000000 	14.1691282792
-5.00000000 1.00000000 	14.1691282792
-5.00000000 1.50000000 	14.1691282792
-5.00000000 2.00000000 	14.1691282792
-5.00000000 2.50000000 	14.1691282792
-5.00000000 3.00000000 	14.1691282792
-5.00000000 3.50000000 	14.1691282792
-5.00000000 4.00000000 	14.1691282792
-5.00000000 4.50000000 	14.1691282792
-5.00000000 5.00000000 	14.1691282792
-5.00000000 5.50000000 	14.1691282792
-5.00000000 6.00000000 	14.1691282792
-5.00000000 6.50000000 	14.1691282792
-5.00000000 7.00000000 	14.1691282792
-5.00000000 7.50000000 	14.1691282792
-5.00000000 8.00000000 	14.1691282792
-4.50000000 -12.00000000 	10.1233976913
-4.50000000 -11.50000000 	10.1233976913
-4.50000000 -11.00000000 	10.1233976913
-4.50000000 -10.50000000 	10.1233976913
-4.50000000 -10.00000000 	10.1233976913
-4.50000000 -9.50000000 	10.1233976913
-4.50000000 -9.00000000 	10.1233976913
-4.50000000 -8.50000000 	10.1233976913
-4.50000000 -8.00000000 	10.1233976913
-4.50000000 -7.50000000 	10.1233976913
-4.50000000 -7.00000000 	10.1233976913
-4.50000000 -6.50000000 	10.1233976913
-4.50000000 -6.00000000 	10.1233976913
-4.50000000 -5.50000000 	10.1233976913
-4.50000000 -5.00000000 	10.1233976913
-4.50000000 -4.50000000 	10.1233976913
-4.50000000 -4.00000000 	10.1233976913
-4.50000000 -3.50000000 	10.1233976913
-4.50000000 -3.00000000 	10.1233976913
-4.50000000 -2.50000000 	10.1233976913
-4.50000000 -2.00000000 	10.1233976913
-4.50000000 -1.50000000 	10.1233976913
-4.50000000 -1.00000000 	10.1233976913
-4.50000000 -0.50000000 	10.1233976913
-4.50000000 0.00000000 	10.1233976913
-4.50000000 0.50000000 	10.1233976913
-4.50000000 1.00000000 	10.1233976913
-4.50000000 1.50000000 	10.1233976913
-4.50000000 2.00000000 	10.1233976913
-4.50000000 2.50000000 	10.1233976913
-4.50000000 3.00000000 	10.1233976913
-4.50000000 3.50000000 	10.1233976913
-4.50000000 4.00000000 	10.1233976913
-4.50000000 4.50000000 	10.1233976913
-4.50000000 5.00000000 	10.1233976913
-4.50000000 5.50000000 	10.1233976913
-4.50000000 6.00000000 	10.1233976913
-4.50000000 6.50000000 	10.1233976913
-4.50000000 7.00000000 	10.1233976913
-4.50000000 7.50000000 	10.1233976913
-4.50000000 8.00000000 	10.1233976913
-4.00000000 -12.00000000 	10.0000000000
-4.00000000 -11.50000000 	10.0000000000
-4.00000000 -11.00000000 	10.0000000000
-4.00000000 -10.50000000 	10.0000000000
-4.00000000 -10.00000000 	10.0000000000
-4.00000000 -9.50000000 	10.0000000000
-4.00000000 -9.00000000 	10.0000000000
-4.00000000 -8.50000000 	10.0000000000
-4.00000000 -8.00000000 	10.0000000000
-4.00000000 -7.50000000 	10.0000000000
-4.00000000 -7.00000000 	10.0000000000
-4.00000000 -6.50000000 	10.0000000000
-4.00000000 -6.00000000 	10.0000000000
-4.00000000 -5.50000000 	10.0000000000
-4.00000000 -5.00000000 	10.0000000000
-4.00000000 -4.50000000 	10.0000000000
-4.00000000 -4.00000000 	10.0000000000
-4.00000000 -3.50000000 	10.0000000000
-4.00000000 -3.00000000 	10.0000000000
-4.00000000 -2.50000000 	10.0000000000
-4.00000000 -2.00000000 	10.0000000000
-4.00000000 -1.50000000 	10.0000000000
-4.00000000 -1.00000000 	10.0000000000
-4.00000000 -0.50000000 	10.0000000000
-4.00000000 0.00000000 	10.0000000000
-4.00000000 0.50000000 	10.0000000000
-4.00000000 1.00000000 	10.0000000000
-4.00000000 1.50000000 	10.0000000000
-4.00000000 2.00000000 	10.0000000000
-4.00000000 2.50000000 	10.0000000000
-4.00000000 3.00000000 	10.0000000000
-4.00000000 3.50000000 	10.0000000000
-4.00000000 4.00000000 	10.0000000000
-4.00000000 4.50000000 	10.0000000000
-4.00000000 5.00000000 	10.0000000000
-4.00000000 5.50000000 	10.0000000000
-4.00000000 6.00000000 	10.0000000000
-4.00000000 6.50000000 	10.0000000000
-4.00000000 7.00000000 	10.0000000000
-4.00000000 7.50000000 	10.0000000000
-4.00000000 8.00000000 	10.0000000000
-3.50000000 -12.00000000 	10.0000000000
-3.50000000 -11.50000000 	10.0000000000
-3.50000000 -11.00000000 	10.0000000000
-3.50000000 -10.50000000 	10.0000000000
-3.50000000 -10.00000000 	10.0000000000
-3.50000000 -9.50000000 	10.0000000000
-3.50000000 -9.00000000 	10.0000000000
-3.50000000 -8.50000000 	10.0000000000
-3.50000000 -8.00000000 	10.0000000000
-3.50000000 -7.50000000 	10.0000000000
-3.50000000 -7.00000000 	10.0000000000
-3.50000000 -6.50000000 	10.0000000000
-3.50000000 -6.00000000 	10.0000000000
-3.50000000 -5.50000000 	10.0000000000
-3.50000000 -5.00000000 	10.0000000000
-3.50000000 -4.50000000 	10.0000000000
-3.50000000 -4.00000000 	10.0000000000
-3.50000000 -3.50000000 	10.0000000000
-3.50000000 -3.00000000 	10.0000000000
-3.50000000 -2.50000000 	10.0000000000
-3.50000000 -2.00000000 	10.0000000000
-3.50000000 -1.50000000 	10.0000000000
-3.50000000 -1.00000000 	10.0000000000
-3.50000000 -0.50000000 	10.0000000000
-3.50000000 0.00000000 	10.0000000000
-3.50000000 0.50000000 	10.0000000000
-3.50000000 1.00000000 	10.0000000000
-3.50000000 1.50000000 	10.0000000000
-3.50000000 2.00000000 	10.0000000000
-3.50000000 2.50000000 	10.0000000000
-3.50000000 3.00000000 	10.0000000000
-3.50000000 3.50000000 	10.0000000000
-3.50000000 4.00000000 	10.0000000000
-3.50000000 4.50000000 	10.0000000000
-3.50000000 5.00000000 	10.0000000000
-3.50000000 5.50000000 	10.0000000000
-3.50000000 6.00000000 	10.0000000000
-3.50000000 6.50000000 	10.0000000000
-3.50000000 7.00000000 	10.0000000000
-3.50000000 7.50000000 	10.0000000000
-3.50000000 8.00000000 	10.0000000000
-3.00000000 -12.00000000 	10.0000000000
-3.00000000 -11.50000000 	10.0000000000
-3.00000000 -11.00000000 	10.0000000000
-3.00000000 -10.50000000 	10.0000000000
-3.00000000 -10.00000000 	10.0000000000
-3.00000000 -9.50000000 	10.0000000000
-3.00000000 -9.00000000 	10.0000000000
-3.00000000 -8.50000000 	10.0000000000
-3.00000000 -8.00000000 	10.0000000000
-3.00000000 -7.50000000 	10.0000000000
-3.00000000 -7.00000000 	10.0000000000
-3.00000000 -6.50000000 	10.0000000000
-3.00000000 -6.00000000 	10.0000000000
-3.00000000 -5.50000000 	10.0000000000
-3.00000000 -5.00000000 	10.0000000000
-3.00000000 -4.50000000 	10.0000000000
-3.00000000 -4.00000000 	10.0000000000
-3.00000000 -3.50000000 	10.0000000000
-3.00000000 -3.00000000 	10.0000000000
-3.00000000 -2.50000000 	10.0000000000
-3.00000000 -2.00000000 	10.0000000000
-3.00000000 -1.50000000 	10.0000000000
-3.00000000 -1.00000000 	10.0000000000
-3.00000000 -0.50000000 	10.0000000000
-3.00000000 0.00000000 	10.0000000000
-3.00000000 0.50000000 	10.0000000000
-3.00000000 1.00000000 	10.0000000000
-3.00000000 1.50000000 	10.0000000000
-3.00000000 2.00000000 	10.0000000000
-3.00000000 2.50000000 	10.0000000000
-3.00000000 3.00000000 	10.0000000000
-3.00000000 3.50000000 	10.0000000000
-3.00000000 4.00000000 	10.0000000000
-3.00000000 4.50000000 	10.0000000000
-3.00000000 5.00000000 	10.0000000000
-3.00000000 5.50000000 	10.0000000000
-3.00000000 6.00000000 	10.0000000000
-3.00000000 6.50000000 	10.0000000000
-3.00000000 7.00000000 	10.0000000000
-3.00000000 7.50000000 	10.0000000000
-3.00000000 8.00000000 	10.0000000000
-2.50000000 -12.00000000 	10.0000000000
-2.50000000 -11.50000000 	10.0000000000
-2.50000000 -11.00000000 	10.0000000000
-2.50000000 -10.50000000 	10.0000000000
-2.50000000 -10.00000000 	10.0000000000
-2.50000000 -9.50000000 	10.0000000000
-2.50000000 -9.00000000 	10.0000000000
-2.50000000 -8.50000000 	10.0000000000
-2.50000000 -8.00000000 	10.0000000000
-2.50000000 -7.50000000 	10.0000000000
-2.50000000 -7.00000000 	10.0000000000
-2.50000000 -6.50000000 	10.0000000000
-2.50000000 -6.00000000 	10.0000000000
-2.50000000 -5.50000000 	10.0000000000
-2.50000000 -5.00000000 	10.0000000000
-2.50000000 -4.50000000 	10.0000000000
-2.50000000 -4.00000000 	10.0000000000
-2.50000000 -3.50000000 	10.0000000000
-2.50000000 -3.00000000 	10.0000000000
-2.50000000 -2.50000000 	10.0000000000
-2.50000000 -2.00000000 	10.0000000000
-2.50000000 -1.50000000 	10.0000000000
-2.50000000 -1.00000000 	10.0000000000
-2.50000000 -0.50000000 	10.0000000000
-2.50000000 0.00000000 	10.0000000000
-2.50000000 0.50000000 	10.0000000000
-2.50000000 1.00000000 	10.0000000000
-2.50000000 1.50000000 	10.0000000000
-2.50000000 2.00000000 	10.0000000000
-2.50000000 2.50000000 	10.0000000000
-2.50000000 3.00000000 	10.0000000000
-2.50000000 3.50000000 	10.0000000000
-2.50000000 4.00000000 	10.0000000000
-2.50000000 4.50000000 	10.0000000000
-2.50000000 5.00000000 	10.0000000000
-2.50000000 5.50000000 	10.0000000000
-2.50000000 6.00000000 	10.0000000000
-2.50000000 6.50000000 	10.0000000000
-2.50000000 7.00000000 	10.0000000000
-2.50000000 7.50000000 	10.0000000000
-2.50000000 8.00000000 	10.0000000000
-2.00000000 -12.00000000 	10.0000000000
-2.00000000 -11.50000000 	10.0000000000
-2.00000000 -11.00000000 	10.0000000000
-2.00000000 -10.50000000 	10.0000000000
-2.00000000 -10.00000000 	10.0000000000
-2.00000000 -9.50000000 	10.0000000000
-2.00000000 -9.00000000 	10.0000000000
-2.00000000 -8.50000000 	10.0000000000
-2.00000000 -8.00000000 	10.0000000000
-2.00000000 -7.50000000 	10.0000000000
-2.00000000 -7.00000000 	10.0000000000
-2.00000000 -6.50000000 	10.0000000000
-2.00000000 -6.00000000 	10.0000000000
-2.00000000 -5.50000000 	10.0000000000
-2.00000000 -5.00000000 	10.0000000000
-2.00000000 -4.50000000 	10.0000000000
-2.00000000 -4.00000000 	10.0000000000
-2.00000000 -3.50000000 	10.0000000000
-2.00000000 -3.00000000 	10.0000000000
-2.00000000 -2.50000000 	10.0000000000
-2.00000000 -2.00000000 	10.0000000000
-2.00000000 -1.50000000 	10.0000000000
-2.00000000 -1.00000000 	9.9999974568
-2.00000000 -0.50000000 	9.9999924240
-2.00000000 0.00000000 	9.9999873909
-2.00000000 0.50000000 	9.9999823580
-2.00000000 1.00000000 	9.9999798679
-2.00000000 1.50000000 	9.9999798679
-2.00000000 2.00000000 	9.9999823580
-2.00000000 2.50000000 	9.9999873908
-2.00000000 3.00000000 	9.9999924240
-2.00000000 3.50000000 	9.9999974568
-2.00000000 4.00000000 	10.0000000000
-2.00000000 4.50000000 	10.0000000000
-2.00000000 5.00000000 	10.0000000000
-2.00000000 5.50000000 	10.0000000000
-2.00000000 6.00000000 	10.0000000000
-2.00000000 6.50000000 	10.0000000000
-2.00000000 7.00000000 	10.0000000000
-2.00000000 7.50000000 	10.0000000000
-2.00000000 8.00000000 	10.0000000000
-1.50000000 -12.00000000 	10.0000000000
-1.50000000 -11.50000000 	10.0000000000
-1.50000000 -11.00000000 	10.0000000000
-1.50000000 -10.50000000 	10.0000000000
-1.50000000 -10.00000000 	10.0000000000
-1.50000000 -9.50000000 	10.0000000000
-1.50000000 -9.00000000 	10.0000000000
-1.50000000 -8.50000000 	10.0000000000
-1.50000000 -8.00000000 	10.0000000000
-1.50000000 -7.50000000 	10.0000000000
-1.50000000 -7.00000000 	10.0000000000
-1.50000000 -6.50000000 	10.0000000000
-1.50000000 -6.00000000 	10.0000000000
-1.50000000 -5.50000000 	10.0000000000
-1.50000000 -5.00000000 	10.0000000000
-1.50000000 -4.50000000 	10.0000000000
-1.50000000 -4.00000000 	10.0000000000
-1.50000000 -3.50000000 	10.0000000000
-1.50000000 -3.00000000 	10.0000000000
-1.50000000 -2.50000000 	10.0000000000
-1.50000000 -2.00000000 	10.0000000000
-1.50000000 -1.50000000 	9.9999974568
-1.50000000 -1.00000000 	9.9999874459
-1.50000000 -0.50000000 	9.9999455957
-1.50000000 0.00000000 	9.9999488422
-1.50000000 0.50000000 	9.9999068199
-1.50000000 1.00000000 	9.9999019515
-1.50000000 1.50000000 	9.9999019515
-1.50000000 2.00000000 	9.9999068199
-1.50000000 2.50000000 	9.9999483167
-1.50000000 3.00000000 	9.9999389859
-1.50000000 3.50000000 	9.9999874459
-1.50000000 4.00000000 	9.9999974568
-1.50000000 4.50000000 	10.0000000000
-1.50000000 5.00000000 	10.0000000000
-1.50000000 5.50000000 	10.0000000000
-1.50000000 6.00000000 	10.0000000000
-1.50000000 6.50000000 	10.0000000000
-1.50000000 7.00000000 	10.0000000000
-1.50000000 7.50000000 	10.0000000000
-1.50000000 8.00000000 	10.0000000000
-1.00000000 -12.00000000 	10.0000000000
-1.00000000 -11.50000000 	10.0000000000
-1.00000000 -11.00000000 	10.0000000000
-1.00000000 -10.50000000 	10.0000000000
-1.00000000 -10.00000000 	10.0000000000
-1.00000000 -9.50000000 	10.0000000000
-1.00000000 -9.00000000 	10.0000000000
-1.00000000 -8.50000000 	10.0000000000
-1.00000000 -8.00000000 	10.0000000000
-1.00000000 -7.50000000 	10.0000000000
-1.00000000 -7.00000000 	10.0000000000
-1.00000000 -6.50000000 	10.0000000000
-1.00000000 -6.00000000 	10.0000000000
-1.00000000 -5.50000000 	10.0000000000
-1.00000000 -5.00000000 	10.0000000000
-1.00000000 -4.50000000 	10.0000000000
-1.00000000 -4.00000000 	10.0000000000
-1.00000000 -3.50000000 	10.0000000000
-1.00000000 -3.00000000 	10.0000000000
-1.00000000 -2.50000000 	10.0000000000
-1.00000000 -2.00000000 	9.9999974568
-1.00000000 -1.50000000 	9.9999874459
-1.00000000 -1.00000000 	9.9999407392
-1.00000000 -0.50000000 	9.9999578070
-1.00000000 0.00000000 	8.0000969156
-1.00000000 0.50000000 	8.0001037935
-1.00000000 1.00000000 	8.0000989246
-1.00000000 1.50000000 	8.0000989246
-1.00000000 2.00000000 	8.0001037935
-1.00000000 2.50000000 	8.0001032379
-1.00000000 3.00000000 	9.9999508982
-1.00000000 3.50000000 	9.9999338723
-1.00000000 4.00000000 	9.9999874459
-1.00000000 4.50000000 	9.9999974568
-1.00000000 5.00000000 	10.0000000000
-1.00000000 5.50000000 	10.0000000000
-1.00000000 6.00000000 	10.0000000000
-1.00000000 6.50000000 	10.0000000000
-1.00000000 7.00000000 	10.0000000000
-1.00000000 7.50000000 	10.0000000000
-1.00000000 8.00000000 	10.0000000000
-0.50000000 -12.00000000 	10.0000000000
-0.50000000 -11.50000000 	10.0000000000
-0.50000000 -11.00000000 	10.0000000000
-0.50000000 -10.50000000 	10.0000000000
-0.50000000 -10.00000000 	10.0000000000
-0.50000000 -9.50000000 	10.0000000000
-0.50000000 -9.00000000 	10.0000000000
-0.50000000 -8.50000000 	10.0000000000
-0.50000000 -8.00000000 	10.0000000000
-0.50000000 -7.50000000 	10.0000000000
-0.50000000 -7.00000000 	10.0000000000
-0.50000000 -6.50000000 	10.0000000000
-0.50000000 -6.00000000 	10.0000000000
-0.50000000 -5.50000000 	10.0000000000
-0.50000000 -5.00000000 	10.0000000000
-0.50000000 -4.50000000 	10.0000000000
-0.50000000 -4.00000000 	10.0000000000
-0.50000000 -3.50000000 	10.0000000000
-0.50000000 -3.00000000 	10.0000000000
-0.50000000 -2.50000000 	10.0000000000
-0.50000000 -2.00000000 	9.9999924240
-0.50000000 -1.50000000 	9.9999455957
-0.50000000 -1.00000000 	9.9999578070
-0.50000000 -0.50000000 	8.0000543431
-0.50000000 0.00000000 	8.0000643469
-0.50000000 0.50000000 	8.0000241246
-0.50000000 1.00000000 	8.0000192561
-0.50000000 1.50000000 	8.0000192561
-0.50000000 2.00000000 	8.0000241247
-0.50000000 2.50000000 	8.0000717812
-0.50000000 3.00000000 	8.0000591974
-0.50000000 3.50000000 	9.9999456435
-0.50000000 4.00000000 	9.9999338723
-0.50000000 4.50000000 	9.9999874459
-0.50000000 5.00000000 	9.9999974568
-0.50000000 5.50000000 	10.0000000000
-0.50000000 6.00000000 	10.0000000000
-0.50000000 6.50000000 	10.0000000000
-0.50000000 7.00000000 	10.0000000000
-0.50000000 7.50000000 	10.0000000000
-0.50000000 8.00000000 	10.0000000000
0.00000000 -12.00000000 	10.0000000000
0.00000000 -11.50000000 	10.0000000000
0.00000000 -11.00000000 	10.0000000000
0.00000000 -10.50000000 	10.0000000000
0.00000000 -10.00000000 	10.0000000000
0.00000000 -9.50000000 	10.0000000000
0.00000000 -9.00000000 	10.0000000000
0.00000000 -8.50000000 	10.0000000000
0.00000000 -8.00000000 	10.0000000000
0.00000000 -7.50000000 	10.0000000000
0.00000000 -7.00000000 	10.0000000000
0.00000000 -6.50000000 	10.0000000000
0.00000000 -6.00000000 	10.0000000000
0.00000000 -5.50000000 	10.0000000000
0.00000000 -5.00000000 	10.0000000000
0.00000000 -4.50000000 	10.0000000000
0.00000000 -4.00000000 	10.0000000000
0.00000000 -3.50000000 	10.0000000000
0.00000000 -3.00000000 	10.0000000000
0.00000000 -2.50000000 	9.9999974568
0.00000000 -2.00000000 	9.9999824128
0.00000000 -1.50000000 	9.9999502652
0.00000000 -1.00000000 	8.0000870133
0.00000000 -0.50000000 	8.0000619114
0.00000000 0.00000000 	8.0000120612
0.00000000 0.50000000 	8.0000023788
0.00000000 1.00000000 	8.0000000000
0.00000000 1.50000000 	8.0000000000
0.00000000 2.00000000 	8.0000023788
0.00000000 2.50000000 	8.0000120612
0.00000000 3.00000000 	8.0000645318
0.00000000 3.50000000 	8.0000591974
0.00000000 4.00000000 	9.9999508981
0.00000000 4.50000000 	9.9999389860
0.00000000 5.00000000 	9.9999924239
0.00000000 5.50000000 	10.0000000000
0.00000000 6.00000000 	10.0000000000
0.00000000 6.50000000 	10.0000000000
0.00000000 7.00000000 	10.0000000000
0.00000000 7.50000000 	10.0000000000
0.00000000 8.00000000 	10.0000000000
0.50000000 -12.00000000 	10.0000000000
0.50000000 -11.50000000 	10.0000000000
0.50000000 -11.00000000 	10.0000000000
0.50000000 -10.50000000 	10.0000000000
0.50000000 -10.00000000 	10.0000000000
0.50000000 -9.50000000 	10.0000000000
0.50000000 -9.00000000 	10.0000000000
0.50000000 -8.50000000 	10.0000000000
0.50000000 -8.00000000 	10.0000000000
0.50000000 -7.50000000 	10.0000000000
0.50000000 -7.00000000 	10.0000000000
0.50000000 -6.50000000 	10.0000000000
0.50000000 -6.00000000 	10.0000000000
0.50000000 -5.50000000 	10.0000000000
0.50000000 -5.00000000 	10.0000000000
0.50000000 -4.50000000 	10.0000000000
0.50000000 -4.00000000 	10.0000000000
0.50000000 -3.50000000 	10.0000000000
0.50000000 -3.00000000 	10.0000000000
0.50000000 -2.50000000 	9.9999924240
0.50000000 -2.00000000 	9.9999405630
0.50000000 -1.50000000 	9.9999206951
0.50000000 -1.00000000 	8.0000525062
0.50000000 -0.50000000 	8.0000168752
0.50000000 0.00000000 	8.0000023788
0.50000000 0.50000000 	8.0000000000
0.50000000 1.00000000 	8.0000000000
0.50000000 1.50000000 	8.0000000000
0.50000000 2.00000000 	8.0000000000
0.50000000 2.50000000 	8.0000023788
0.50000000 3.00000000 	8.0000120612
0.50000000 3.50000000 	8.0000717813
0.50000000 4.00000000 	8.0001100152
0.50000000 4.50000000 	9.9999406196
0.50000000 5.00000000 	9.9999873908
0.50000000 5.50000000 	10.0000000000
0.50000000 6.00000000 	10.0000000000
0.50000000 6.50000000 	10.0000000000
0.50000000 7.00000000 	10.0000000000
0.50000000 7.50000000 	10.0000000000
0.50000000 8.00000000 	10.0000000000
1.00000000 -12.00000000 	10.0000000000
1.00000000 -11.50000000 	10.0000000000
1.00000000 -11.00000000 	10.0000000000
1.00000000 -10.50000000 	10.0000000000
1.00000000 -10.00000000 	10.0000000000
1.00000000 -9.50000000 	10.0000000000
1.00000000 -9.00000000 	10.0000000000
1.00000000 -8.50000000 	10.0000000000
1.00000000 -8.00000000 	10.0000000000
1.00000000 -7.50000000 	10.0000000000
1.00000000 -7.00000000 	10.0000000000
1.00000000 -6.50000000 	10.0000000000
1.00000000 -6.00000000 	10.0000000000
1.00000000 -5.50000000 	10.0000000000
1.00000000 -5.00000000 	10.0000000000
1.00000000 -4.50000000 	10.0000000000
1.00000000 -4.00000000 	10.0000000000
1.00000000 -3.50000000 	10.0000000000
1.00000000 -3.00000000 	10.0000000000
1.00000000 -2.50000000 	9.9999873909
1.00000000 -2.00000000 	9.9999526344
1.00000000 -1.50000000 	8.0000868955
1.00000000 -1.00000000 	8.0000596163
1.00000000 -0.50000000 	8.0000071926
1.00000000 0.00000000 	8.0000000000
1.00000000 0.50000000 	8.0000000000
1.00000000 1.00000000 	8.0000000000
1.00000000 1.50000000 	8.0000000000
1.00000000 2.00000000 	8.0000000000
1.00000000 2.50000000 	8.0000000000
1.00000000 3.00000000 	8.0000023788
1.00000000 3.50000000 	8.0000241248
1.00000000 4.00000000 	8.0001188765
1.00000000 4.50000000 	9.9998926567
1.00000000 5.00000000 	9.9999823580
1.00000000 5.50000000 	10.0000000000
1.00000000 6.00000000 	10.0000000000
1.00000000 6.50000000 	10.0000000000
1.00000000 7.00000000 	10.0000000000
1.00000000 7.50000000 	10.0000000000
1.00000000 8.00000000 	10.0000000000
1.50000000 -12.00000000 	10.0000000000
1.50000000 -11.50000000 	10.0000000000
1.50000000 -11.00000000 	10.0000000000
1.50000000 -10.50000000 	10.0000000000
1.50000000 -10.00000000 	10.0000000000
1.50000000 -9.50000000 	10.0000000000
1.50000000 -9.00000000 	10.0000000000
1.50000000 -8.50000000 	10.0000000000
1.50000000 -8.00000000 	10.0000000000
1.50000000 -7.50000000 	10.0000000000
1.50000000 -7.00000000 	10.0000000000
1.50000000 -6.50000000 	10.0000000000
1.50000000 -6.00000000 	10.0000000000
1.50000000 -5.50000000 	10.0000000000
1.50000000 -5.00000000 	10.0000000000
1.50000000 -4.50000000 	10.0000000000
1.50000000 -4.00000000 	10.0000000000
1.50000000 -3.50000000 	10.0000000000
1.50000000 -3.00000000 	10.0000000000
1.50000000 -2.50000000 	9.9999823581
1.50000000 -2.00000000 	9.9999181507
1.50000000 -1.50000000 	8.0000917269
1.50000000 -1.00000000 	8.0000241245
1.50000000 -0.50000000 	8.0000023788
1.50000000 0.00000000 	8.0000000000
1.50000000 0.50000000 	8.0000000000
1.50000000 1.00000000 	8.0000000000
1.50000000 1.50000000 	8.0000000000
1.50000000 2.00000000 	8.0000000000
1.50000000 2.50000000 	8.0000000000
1.50000000 3.00000000 	8.0000000000
1.50000000 3.50000000 	8.0000192563
1.50000000 4.00000000 	8.0001136963
1.50000000 4.50000000 	9.9998871797
1.50000000 5.00000000 	9.9999798678
1.50000000 5.50000000 	10.0000000000
1.50000000 6.00000000 	10.0000000000
1.50000000 6.50000000 	10.0000000000
1.50000000 7.00000000 	10.0000000000
1.50000000 7.50000000 	10.0000000000
1.50000000 8.00000000 	10.0000000000
2.00000000 -12.00000000 	10.0000000000
2.00000000 -11.50000000 	10.0000000000
2.00000000 -11.00000000 	10.0000000000
2.00000000 -10.50000000 	10.0000000000
2.00000000 -10.00000000 	10.0000000000
2.00000000 -9.50000000 	10.0000000000
2.00000000 -9.00000000 	10.0000000000
2.00000000 -8.50000000 	10.0000000000
2.00000000 -8.00000000 	10.0000000000
2.00000000 -7.50000000 	10.0000000000
2.00000000 -7.00000000 	10.0000000000
2.00000000 -6.50000000 	10.0000000000
2.00000000 -6.00000000 	10.0000000000
2.00000000 -5.50000000 	10.0000000000
2.00000000 -5.00000000 	10.0000000000
2.00000000 -4.50000000 	10.0000000000
2.00000000 -4.00000000 	10.0000000000
2.00000000 -3.50000000 	10.0000000000
2.00000000 -3.00000000 	10.0000000000
2.00000000 -2.50000000 	9.9999798680
2.00000000 -2.00000000 	9.9999137690
2.00000000 -1.50000000 	8.0000871070
2.00000000 -1.00000000 	8.0000192560
2.00000000 -0.50000000 	8.0000000000
2.00000000 0.00000000 	8.0000000000
2.00000000 0.50000000 	8.0000000000
2.00000000 1.00000000 	8.0000000000
2.00000000 1.50000000 	8.0000000000
2.00000000 2.00000000 	8.0000000000
2.00000000 2.50000000 	8.0000000000
2.00000000 3.00000000 	8.0000000000
2.00000000 3.50000000 	8.0000192563
2.00000000 4.00000000 	8.0001136963
2.00000000 4.50000000 	9.9998871797
2.00000000 5.00000000 	9.9999798678
2.00000000 5.50000000 	10.0000000000
2.00000000 6.00000000 	10.0000000000
2.00000000 6.50000000 	10.0000000000
2.00000000 7.00000000 	10.0000000000
2.00000000 7.50000000 	10.0000000000
2.00000000 8.00000000 	10.0000000000
