-8.00000000 	800.0000000000
-7.50000000 	800.0000000000
-7.00000000 	800.0000000000
-6.50000000 	800.0000000000
-6.00000000 	800.0000000000
-5.50000000 	800.0000000000
-5.00000000 	800.0000000000
-4.50000000 	800.0000000000
-4.00000000 	800.0000000000
-3.50000000 	800.0000000000
-3.00000000 	800.0000000000
-2.50000000 	800.0000000000
-2.00000000 	800.0000000000
-1.50000000 	800.0000000000
-1.00000000 	800.0000000000
-0.50000000 	798.1644035945
0.00000000 	787.3492852434
0.50000000 	787.3492852434
1.00000000 	798.1644035945
1.50000000 	800.0000000000
2.00000000 	800.0000000000
