-25.00000000 	798.8722596898
-24.00000000 	798.8722596898
-23.00000000 	796.9800142484
-22.00000000 	796.9800142484
-21.00000000 	793.1910047960
-20.00000000 	793.1910047960
-19.00000000 	786.9908306710
-18.00000000 	786.9908306710
-17.00000000 	778.3407854314
-16.00000000 	778.3407854314
-15.00000000 	767.8298205514
-14.00000000 	767.8298205514
-13.00000000 	756.5339758268
-12.00000000 	756.5339758268
-11.00000000 	745.7020916238
-10.00000000 	745.7020916238
-9.00000000 	736.4124458712
-8.00000000 	736.4124458712
-7.00000000 	729.3163026677
-6.00000000 	729.3163026677
-5.00000000 	724.5422455788
-4.00000000 	724.5422455788
-3.00000000 	721.7906493004
-2.00000000 	721.7906493004
-1.00000000 	720.5865066209
0.00000000 	720.5865066209
1.00000000 	720.5865066209
2.00000000 	720.5865066209
3.00000000 	721.7906493004
4.00000000 	721.7906493004
5.00000000 	724.5422455788
6.00000000 	724.5422455788
7.00000000 	729.3163026677
8.00000000 	729.3163026677
9.00000000 	736.4124458712
10.00000000 	736.4124458712
11.00000000 	745.7020916238
12.00000000 	745.7020916238
13.00000000 	756.5339758268
14.00000000 	756.5339758268
15.00000000 	767.8298205514
16.00000000 	767.8298205514
17.00000000 	778.3407853904
18.00000000 	778.3407853904
19.00000000 	786.9908249387
20.00000000 	786.9908249387
21.00000000 	793.1906887167
22.00000000 	793.1906887167
23.00000000 	796.9692773519
24.00000000 	796.9692773519
25.00000000 	798.6116753185
