-25.00000000 	796.3451985678
-24.00000000 	793.5977762628
-23.00000000 	793.5977762628
-22.00000000 	788.1886754398
-21.00000000 	788.1886754398
-20.00000000 	780.5917646897
-19.00000000 	780.5917646897
-18.00000000 	771.2105458698
-17.00000000 	771.2105458698
-16.00000000 	760.8230477863
-15.00000000 	760.8230477863
-14.00000000 	750.4155014314
-13.00000000 	750.4155014314
-12.00000000 	740.9423273267
-11.00000000 	740.9423273267
-10.00000000 	733.1166070045
-9.00000000 	733.1166070045
-8.00000000 	727.2834336616
-7.00000000 	727.2834336616
-6.00000000 	723.4027704388
-5.00000000 	723.4027704388
-4.00000000 	721.1411417490
-3.00000000 	721.1411417490
-2.00000000 	720.0424632243
-1.00000000 	720.0424632243
0.00000000 	719.7254222405
1.00000000 	719.7254222405
2.00000000 	720.0424632243
3.00000000 	720.0424632243
4.00000000 	721.1411417490
5.00000000 	721.1411417490
6.00000000 	723.4027704388
7.00000000 	723.4027704388
8.00000000 	727.2834336616
9.00000000 	727.2834336616
10.00000000 	733.1166070045
11.00000000 	733.1166070045
12.00000000 	740.9423273294
13.00000000 	740.9423273294
14.00000000 	750.4155015019
15.00000000 	750.4155015019
16.00000000 	760.8230482654
17.00000000 	760.8230482654
18.00000000 	771.2105327344
19.00000000 	771.2105327344
20.00000000 	780.5912274990
21.00000000 	780.5912274990
22.00000000 	788.1766024106
23.00000000 	788.1766024106
24.00000000 	793.3894916393
25.00000000 	793.3894916393
