-25.00000000 	794.3260035857
-24.00000000 	790.8795553778
-23.00000000 	790.8795553778
-22.00000000 	784.5131349478
-21.00000000 	784.5131349478
-20.00000000 	776.1730982224
-19.00000000 	776.1730982224
-18.00000000 	766.4599039423
-17.00000000 	766.4599039423
-16.00000000 	756.2117746960
-15.00000000 	756.2117746960
-14.00000000 	746.3524067522
-13.00000000 	746.3524067522
-12.00000000 	737.6885334632
-11.00000000 	737.6885334632
-10.00000000 	730.7538238689
-9.00000000 	730.7538238689
-8.00000000 	725.7345283636
-7.00000000 	725.7345283636
-6.00000000 	722.4892555197
-5.00000000 	722.4892555197
-4.00000000 	720.6515367454
-3.00000000 	720.6515367454
-2.00000000 	719.7834704515
-1.00000000 	719.7834704515
0.00000000 	719.5379377612
1.00000000 	719.5379377612
2.00000000 	719.7834704515
3.00000000 	719.7834704515
4.00000000 	720.6515367454
5.00000000 	720.6515367454
6.00000000 	722.4892555197
7.00000000 	722.4892555197
8.00000000 	725.7345283636
9.00000000 	725.7345283636
10.00000000 	730.7538238703
11.00000000 	730.7538238703
12.00000000 	737.6885335035
13.00000000 	737.6885335035
14.00000000 	746.3524072636
15.00000000 	746.3524072636
16.00000000 	756.2117775013
17.00000000 	756.2117775013
18.00000000 	766.4598787647
19.00000000 	766.4598787647
20.00000000 	776.1720816700
21.00000000 	776.1720816700
22.00000000 	784.4935154846
23.00000000 	784.4935154846
24.00000000 	790.5841587184
25.00000000 	790.5841587184
