-25.00000000 	799.4941665433
-24.00000000 	799.4941665433
-23.00000000 	798.3459250966
-22.00000000 	798.3459250966
-21.00000000 	795.6702347590
-20.00000000 	795.6702347590
-19.00000000 	790.7140647244
-18.00000000 	790.7140647244
-17.00000000 	783.0891258689
-16.00000000 	783.0891258689
-15.00000000 	773.0801344144
-14.00000000 	773.0801344144
-13.00000000 	761.6407500960
-12.00000000 	761.6407500960
-11.00000000 	750.1065166960
-10.00000000 	750.1065166960
-9.00000000 	739.7878046492
-8.00000000 	739.7878046492
-7.00000000 	731.6111800324
-6.00000000 	731.6111800324
-5.00000000 	725.9286878423
-4.00000000 	725.9286878423
-3.00000000 	722.5598804234
-2.00000000 	722.5598804234
-1.00000000 	721.0541508281
0.00000000 	721.0541508281
1.00000000 	721.0541508281
2.00000000 	721.0541508281
3.00000000 	722.5598804234
4.00000000 	722.5598804234
5.00000000 	725.9286878423
6.00000000 	725.9286878423
7.00000000 	731.6111800324
8.00000000 	731.6111800324
9.00000000 	739.7878046492
10.00000000 	739.7878046492
11.00000000 	750.1065166960
12.00000000 	750.1065166960
13.00000000 	761.6407500960
14.00000000 	761.6407500960
15.00000000 	773.0801344144
16.00000000 	773.0801344144
17.00000000 	783.0891258689
18.00000000 	783.0891258689
19.00000000 	790.7140639604
20.00000000 	790.7140639604
21.00000000 	795.6701531312
22.00000000 	795.6701531312
23.00000000 	798.3418278163
24.00000000 	798.3418278163
25.00000000 	799.3635168454
