-8.00000000 	5.0926575632e+08
-7.90000000 	5.0926575632e+08
-7.80000000 	5.0926575632e+08
-7.70000000 	5.0926575632e+08
-7.60000000 	5.0926575632e+08
-7.50000000 	5.0926575632e+08
-7.40000000 	5.0926575632e+08
-7.30000000 	5.0926575632e+08
-7.20000000 	5.0926575632e+08
-7.10000000 	5.0926575632e+08
-7.00000000 	5.0926575632e+08
-6.90000000 	5.0926575632e+08
-6.80000000 	5.0926575632e+08
-6.70000000 	5.0926575632e+08
-6.60000000 	5.0926575632e+08
-6.50000000 	5.0926575632e+08
-6.40000000 	5.0926575632e+08
-6.30000000 	5.0926575632e+08
-6.20000000 	5.0926575632e+08
-6.10000000 	5.0926575632e+08
-6.00000000 	5.0926575632e+08
-5.90000000 	5.0926575632e+08
-5.80000000 	5.0926575632e+08
-5.70000000 	5.0926575632e+08
-5.60000000 	5.0926575632e+08
-5.50000000 	5.0926575632e+08
-5.40000000 	5.0926575632e+08
-5.30000000 	5.0926575632e+08
-5.20000000 	5.0926575632e+08
-5.10000000 	5.0926575632e+08
-5.00000000 	5.0926575632e+08
-4.90000000 	5.0926575632e+08
-4.80000000 	5.0926575632e+08
-4.70000000 	5.0926575632e+08
-4.60000000 	5.0926575632e+08
-4.50000000 	5.0926575632e+08
-4.40000000 	5.0926575632e+08
-4.30000000 	5.0926575632e+08
-4.20000000 	5.0926575632e+08
-4.10000000 	5.0926575632e+08
-4.00000000 	5.0926575632e+08
-3.90000000 	5.0926575632e+08
-3.80000000 	5.0926575632e+08
-3.70000000 	5.0926575632e+08
-3.60000000 	5.0926575632e+08
-3.50000000 	5.0926575632e+08
-3.40000000 	5.0926575632e+08
-3.30000000 	5.0926575632e+08
-3.20000000 	5.0926575632e+08
-3.10000000 	5.0926575632e+08
-3.00000000 	5.0926575632e+08
-2.90000000 	5.0926575632e+08
-2.80000000 	5.0926575632e+08
-2.70000000 	5.0926575632e+08
-2.60000000 	5.0926575632e+08
-2.50000000 	5.0926575632e+08
-2.40000000 	5.0926575632e+08
-2.30000000 	5.0926575632e+08
-2.20000000 	5.0926575632e+08
-2.10000000 	5.0926575632e+08
-2.00000000 	5.0926575632e+08
-1.90000000 	5.0926575632e+08
-1.80000000 	5.0926575632e+08
-1.70000000 	5.0926575632e+08
-1.60000000 	5.0926575632e+08
-1.50000000 	5.0926575632e+08
-1.40000000 	5.0926575632e+08
-1.30000000 	5.0926575632e+08
-1.20000000 	5.0926575632e+08
-1.10000000 	5.0926575632e+08
-1.00000000 	5.0926575632e+08
-0.90000000 	5.0926575632e+08
-0.80000000 	5.0926575632e+08
-0.70000000 	5.0926575632e+08
-0.60000000 	5.0926575632e+08
-0.50000000 	5.0926575632e+08
-0.40000000 	5.0926575632e+08
-0.30000000 	5.0926575632e+08
-0.20000000 	5.0926575632e+08
-0.10000000 	5.0926575632e+08
0.00000000 	5.0926575632e+08
0.10000000 	5.0926575632e+08
0.20000000 	5.0926575632e+08
0.30000000 	5.0926575632e+08
0.40000000 	5.0926575632e+08
0.50000000 	5.0926575632e+08
0.60000000 	5.0926575632e+08
0.70000000 	5.0926575632e+08
0.80000000 	5.0926575632e+08
0.90000000 	5.0926575632e+08
1.00000000 	5.0926575632e+08
1.10000000 	5.0926575632e+08
1.20000000 	5.0926575632e+08
1.30000000 	5.0926575632e+08
1.40000000 	5.0926575632e+08
1.50000000 	5.0926575632e+08
1.60000000 	5.0926575632e+08
1.70000000 	5.0926575632e+08
1.80000000 	5.0926575632e+08
1.90000000 	5.0926575632e+08
2.00000000 	5.0926575632e+08
