-8.00000000 -12.00000000 	5.0926575632e+08
-8.00000000 -11.50000000 	5.0926575632e+08
-8.00000000 -11.00000000 	5.0926575632e+08
-8.00000000 -10.50000000 	5.0926575632e+08
-8.00000000 -10.00000000 	5.0926575632e+08
-8.00000000 -9.50000000 	5.0926575632e+08
-8.00000000 -9.00000000 	5.0926575632e+08
-8.00000000 -8.50000000 	5.0926575632e+08
-8.00000000 -8.00000000 	5.0926575632e+08
-8.00000000 -7.50000000 	5.0926575632e+08
-8.00000000 -7.00000000 	5.0926575632e+08
-8.00000000 -6.50000000 	5.0926575632e+08
-8.00000000 -6.00000000 	5.0926575632e+08
-8.00000000 -5.50000000 	5.0926575632e+08
-8.00000000 -5.00000000 	5.0926575632e+08
-8.00000000 -4.50000000 	5.0926575632e+08
-8.00000000 -4.00000000 	5.0926575632e+08
-8.00000000 -3.50000000 	5.0926575632e+08
-8.00000000 -3.00000000 	5.0926575632e+08
-8.00000000 -2.50000000 	5.0926575632e+08
-8.00000000 -2.00000000 	5.0926575632e+08
-8.00000000 -1.50000000 	5.0926575632e+08
-8.00000000 -1.00000000 	5.0926575632e+08
-8.00000000 -0.50000000 	5.0926575632e+08
-8.00000000 0.00000000 	5.0926575632e+08
-8.00000000 0.50000000 	5.0926575632e+08
-8.00000000 1.00000000 	5.0926575632e+08
-8.00000000 1.50000000 	5.0926575632e+08
-8.00000000 2.00000000 	5.0926575632e+08
-8.00000000 2.50000000 	5.0926575632e+08
-8.00000000 3.00000000 	5.0926575632e+08
-8.00000000 3.50000000 	5.0926575632e+08
-8.00000000 4.00000000 	5.0926575632e+08
-8.00000000 4.50000000 	5.0926575632e+08
-8.00000000 5.00000000 	5.0926575632e+08
-8.00000000 5.50000000 	5.0926575632e+08
-8.00000000 6.00000000 	5.0926575632e+08
-8.00000000 6.50000000 	5.0926575632e+08
-8.00000000 7.00000000 	5.0926575632e+08
-8.00000000 7.50000000 	5.0926575632e+08
-8.00000000 8.00000000 	5.0926575632e+08
-7.50000000 -12.00000000 	5.0914899281e+08
-7.50000000 -11.50000000 	5.0914899281e+08
-7.50000000 -11.00000000 	5.0926575632e+08
-7.50000000 -10.50000000 	5.0926575632e+08
-7.50000000 -10.00000000 	5.0926575632e+08
-7.50000000 -9.50000000 	5.0926575632e+08
-7.50000000 -9.00000000 	5.0926575632e+08
-7.50000000 -8.50000000 	5.0926575632e+08
-7.50000000 -8.00000000 	5.0926575632e+08
-7.50000000 -7.50000000 	5.0926575632e+08
-7.50000000 -7.00000000 	5.0926575632e+08
-7.50000000 -6.50000000 	5.0926575632e+08
-7.50000000 -6.00000000 	5.0926575632e+08
-7.50000000 -5.50000000 	5.0926575632e+08
-7.50000000 -5.00000000 	5.0926575632e+08
-7.50000000 -4.50000000 	5.0926575632e+08
-7.50000000 -4.00000000 	5.0926575632e+08
-7.50000000 -3.50000000 	5.0926575632e+08
-7.50000000 -3.00000000 	5.0926575632e+08
-7.50000000 -2.50000000 	5.0926575632e+08
-7.50000000 -2.00000000 	5.0926575632e+08
-7.50000000 -1.50000000 	5.0926575632e+08
-7.50000000 -1.00000000 	5.0926575632e+08
-7.50000000 -0.50000000 	5.0926575632e+08
-7.50000000 0.00000000 	5.0926575632e+08
-7.50000000 0.50000000 	5.0926575632e+08
-7.50000000 1.00000000 	5.0926575632e+08
-7.50000000 1.50000000 	5.0926575632e+08
-7.50000000 2.00000000 	5.0926575632e+08
-7.50000000 2.50000000 	5.0926575632e+08
-7.50000000 3.00000000 	5.0926575632e+08
-7.50000000 3.50000000 	5.0926575632e+08
-7.50000000 4.00000000 	5.0926575632e+08
-7.50000000 4.50000000 	5.0926575632e+08
-7.50000000 5.00000000 	5.0926575632e+08
-7.50000000 5.50000000 	5.0926575632e+08
-7.50000000 6.00000000 	5.0926575632e+08
-7.50000000 6.50000000 	5.0926575632e+08
-7.50000000 7.00000000 	5.0926575632e+08
-7.50000000 7.50000000 	5.0926575632e+08
-7.50000000 8.00000000 	5.0926575632e+08
-7.00000000 -12.00000000 	5.0825211507e+08
-7.00000000 -11.50000000 	5.0863013721e+08
-7.00000000 -11.00000000 	5.0863013721e+08
-7.00000000 -10.50000000 	5.0914899281e+08
-7.00000000 -10.00000000 	5.0926575632e+08
-7.00000000 -9.50000000 	5.0926575632e+08
-7.00000000 -9.00000000 	5.0926575632e+08
-7.00000000 -8.50000000 	5.0926575632e+08
-7.00000000 -8.00000000 	5.0926575632e+08
-7.00000000 -7.50000000 	5.0926575632e+08
-7.00000000 -7.00000000 	5.0926575632e+08
-7.00000000 -6.50000000 	5.0926575632e+08
-7.00000000 -6.00000000 	5.0926575632e+08
-7.00000000 -5.50000000 	5.0926575632e+08
-7.00000000 -5.00000000 	5.0926575632e+08
-7.00000000 -4.50000000 	5.0926575632e+08
-7.00000000 -4.00000000 	5.0926575632e+08
-7.00000000 -3.50000000 	5.0926575632e+08
-7.00000000 -3.00000000 	5.0926575632e+08
-7.00000000 -2.50000000 	5.0926575632e+08
-7.00000000 -2.00000000 	5.0926575632e+08
-7.00000000 -1.50000000 	5.0926575632e+08
-7.00000000 -1.00000000 	5.0926575632e+08
-7.00000000 -0.50000000 	5.0926575632e+08
-7.00000000 0.00000000 	5.0926575632e+08
-7.00000000 0.50000000 	5.0926575632e+08
-7.00000000 1.00000000 	5.0926575632e+08
-7.00000000 1.50000000 	5.0926575632e+08
-7.00000000 2.00000000 	5.0926575632e+08
-7.00000000 2.50000000 	5.0926575632e+08
-7.00000000 3.00000000 	5.0926575632e+08
-7.00000000 3.50000000 	5.0926575632e+08
-7.00000000 4.00000000 	5.0926575632e+08
-7.00000000 4.50000000 	5.0926575632e+08
-7.00000000 5.00000000 	5.0926575632e+08
-7.00000000 5.50000000 	5.0926575632e+08
-7.00000000 6.00000000 	5.0926575632e+08
-7.00000000 6.50000000 	5.0926575632e+08
-7.00000000 7.00000000 	5.0926575632e+08
-7.00000000 7.50000000 	5.0926575632e+08
-7.00000000 8.00000000 	5.0926575632e+08
-6.50000000 -12.00000000 	5.0572554665e+08
-6.50000000 -11.50000000 	5.0572554665e+08
-6.50000000 -11.00000000 	5.0732543840e+08
-6.50000000 -10.50000000 	5.0770274078e+08
-6.50000000 -10.00000000 	5.0863013721e+08
-6.50000000 -9.50000000 	5.0914899281e+08
-6.50000000 -9.00000000 	5.0926575632e+08
-6.50000000 -8.50000000 	5.0926575632e+08
-6.50000000 -8.00000000 	5.0926575632e+08
-6.50000000 -7.50000000 	5.0926575632e+08
-6.50000000 -7.00000000 	5.0926575632e+08
-6.50000000 -6.50000000 	5.0926575632e+08
-6.50000000 -6.00000000 	5.0926575632e+08
-6.50000000 -5.50000000 	5.0926575632e+08
-6.50000000 -5.00000000 	5.0926575632e+08
-6.50000000 -4.50000000 	5.0926575632e+08
-6.50000000 -4.00000000 	5.0926575632e+08
-6.50000000 -3.50000000 	5.0926575632e+08
-6.50000000 -3.00000000 	5.0926575632e+08
-6.50000000 -2.50000000 	5.0926575632e+08
-6.50000000 -2.00000000 	5.0926575632e+08
-6.50000000 -1.50000000 	5.0926575632e+08
-6.50000000 -1.00000000 	5.0926575632e+08
-6.50000000 -0.50000000 	5.0926575632e+08
-6.50000000 0.00000000 	5.0926575632e+08
-6.50000000 0.50000000 	5.0926575632e+08
-6.50000000 1.00000000 	5.0926575632e+08
-6.50000000 1.50000000 	5.0926575632e+08
-6.50000000 2.00000000 	5.0926575632e+08
-6.50000000 2.50000000 	5.0926575632e+08
-6.50000000 3.00000000 	5.0926575632e+08
-6.50000000 3.50000000 	5.0926575632e+08
-6.50000000 4.00000000 	5.0926575632e+08
-6.50000000 4.50000000 	5.0926575632e+08
-6.50000000 5.00000000 	5.0926575632e+08
-6.50000000 5.50000000 	5.0926575632e+08
-6.50000000 6.00000000 	5.0926575632e+08
-6.50000000 6.50000000 	5.0926575632e+08
-6.50000000 7.00000000 	5.0926575632e+08
-6.50000000 7.50000000 	5.0926575632e+08
-6.50000000 8.00000000 	5.0926575632e+08
-6.00000000 -12.00000000 	5.0063752428e+08
-6.00000000 -11.50000000 	5.0180569688e+08
-6.00000000 -11.00000000 	5.0219983293e+08
-6.00000000 -10.50000000 	5.0489661222e+08
-6.00000000 -10.00000000 	5.0649464220e+08
-6.00000000 -9.50000000 	5.0770274078e+08
-6.00000000 -9.00000000 	5.0863013721e+08
-6.00000000 -8.50000000 	5.0914899281e+08
-6.00000000 -8.00000000 	5.0926575632e+08
-6.00000000 -7.50000000 	5.0926575632e+08
-6.00000000 -7.00000000 	5.0926575632e+08
-6.00000000 -6.50000000 	5.0926575632e+08
-6.00000000 -6.00000000 	5.0926575632e+08
-6.00000000 -5.50000000 	5.0926575632e+08
-6.00000000 -5.00000000 	5.0926575632e+08
-6.00000000 -4.50000000 	5.0926575632e+08
-6.00000000 -4.00000000 	5.0926575632e+08
-6.00000000 -3.50000000 	5.0926575632e+08
-6.00000000 -3.00000000 	5.0926575632e+08
-6.00000000 -2.50000000 	5.0926575632e+08
-6.00000000 -2.00000000 	5.0926575632e+08
-6.00000000 -1.50000000 	5.0926575632e+08
-6.00000000 -1.00000000 	5.0926575632e+08
-6.00000000 -0.50000000 	5.0926575632e+08
-6.00000000 0.00000000 	5.0926575632e+08
-6.00000000 0.50000000 	5.0926575632e+08
-6.00000000 1.00000000 	5.0926575632e+08
-6.00000000 1.50000000 	5.0926575632e+08
-6.00000000 2.00000000 	5.0926575632e+08
-6.00000000 2.50000000 	5.0926575632e+08
-6.00000000 3.00000000 	5.0926575632e+08
-6.00000000 3.50000000 	5.0926575632e+08
-6.00000000 4.00000000 	5.0926575632e+08
-6.00000000 4.50000000 	5.0926575632e+08
-6.00000000 5.00000000 	5.0926575632e+08
-6.00000000 5.50000000 	5.0926575632e+08
-6.00000000 6.00000000 	5.0926575632e+08
-6.00000000 6.50000000 	5.0926575632e+08
-6.00000000 7.00000000 	5.0926575632e+08
-6.00000000 7.50000000 	5.0926575632e+08
-6.00000000 8.00000000 	5.0926575632e+08
-5.50000000 -12.00000000 	4.9576053135e+08
-5.50000000 -11.50000000 	4.9582200831e+08
-5.50000000 -11.00000000 	4.9773141981e+08
-5.50000000 -10.50000000 	4.9919224008e+08
-5.50000000 -10.00000000 	5.0183000532e+08
-5.50000000 -9.50000000 	5.0452544266e+08
-5.50000000 -9.00000000 	5.0649464220e+08
-5.50000000 -8.50000000 	5.0770274078e+08
-5.50000000 -8.00000000 	5.0863013721e+08
-5.50000000 -7.50000000 	5.0914899281e+08
-5.50000000 -7.00000000 	5.0926575632e+08
-5.50000000 -6.50000000 	5.0926575632e+08
-5.50000000 -6.00000000 	5.0926575632e+08
-5.50000000 -5.50000000 	5.0926575632e+08
-5.50000000 -5.00000000 	5.0926575632e+08
-5.50000000 -4.50000000 	5.0926575632e+08
-5.50000000 -4.00000000 	5.0926575632e+08
-5.50000000 -3.50000000 	5.0926575632e+08
-5.50000000 -3.00000000 	5.0926575632e+08
-5.50000000 -2.50000000 	5.0926575632e+08
-5.50000000 -2.00000000 	5.0926575632e+08
-5.50000000 -1.50000000 	5.0926575632e+08
-5.50000000 -1.00000000 	5.0926575632e+08
-5.50000000 -0.50000000 	5.0926575632e+08
-5.50000000 0.00000000 	5.0926575632e+08
-5.50000000 0.50000000 	5.0926575632e+08
-5.50000000 1.00000000 	5.0926575632e+08
-5.50000000 1.50000000 	5.0926575632e+08
-5.50000000 2.00000000 	5.0926575632e+08
-5.50000000 2.50000000 	5.0926575632e+08
-5.50000000 3.00000000 	5.0926575632e+08
-5.50000000 3.50000000 	5.0926575632e+08
-5.50000000 4.00000000 	5.0926575632e+08
-5.50000000 4.50000000 	5.0926575632e+08
-5.50000000 5.00000000 	5.0926575632e+08
-5.50000000 5.50000000 	5.0926575632e+08
-5.50000000 6.00000000 	5.0926575632e+08
-5.50000000 6.50000000 	5.0926575632e+08
-5.50000000 7.00000000 	5.0926575632e+08
-5.50000000 7.50000000 	5.0926575632e+08
-5.50000000 8.00000000 	5.0926575632e+08
-5.00000000 -12.00000000 	4.9456377760e+08
-5.00000000 -11.50000000 	4.9368905569e+08
-5.00000000 -11.00000000 	4.9353836134e+08
-5.00000000 -10.50000000 	4.9474621916e+08
-5.00000000 -10.00000000 	4.9675927562e+08
-5.00000000 -9.50000000 	4.9912683383e+08
-5.00000000 -9.00000000 	5.0176432270e+08
-5.00000000 -8.50000000 	5.0452544266e+08
-5.00000000 -8.00000000 	5.0649464220e+08
-5.00000000 -7.50000000 	5.0770274078e+08
-5.00000000 -7.00000000 	5.0863013721e+08
-5.00000000 -6.50000000 	5.0914899281e+08
-5.00000000 -6.00000000 	5.0926575632e+08
-5.00000000 -5.50000000 	5.0926575632e+08
-5.00000000 -5.00000000 	5.0926575632e+08
-5.00000000 -4.50000000 	5.0926575632e+08
-5.00000000 -4.00000000 	5.0926575632e+08
-5.00000000 -3.50000000 	5.0926575632e+08
-5.00000000 -3.00000000 	5.0926575632e+08
-5.00000000 -2.50000000 	5.0926575632e+08
-5.00000000 -2.00000000 	5.0926575632e+08
-5.00000000 -1.50000000 	5.0926575632e+08
-5.00000000 -1.00000000 	5.0926575632e+08
-5.00000000 -0.50000000 	5.0926575632e+08
-5.00000000 0.00000000 	5.0926575632e+08
-5.00000000 0.50000000 	5.0926575632e+08
-5.00000000 1.00000000 	5.0926575632e+08
-5.00000000 1.50000000 	5.0926575632e+08
-5.00000000 2.00000000 	5.0926575632e+08
-5.00000000 2.50000000 	5.0926575632e+08
-5.00000000 3.00000000 	5.0926575632e+08
-5.00000000 3.50000000 	5.0926575632e+08
-5.00000000 4.00000000 	5.0926575632e+08
-5.00000000 4.50000000 	5.0926575632e+08
-5.00000000 5.00000000 	5.0926575632e+08
-5.00000000 5.50000000 	5.0926575632e+08
-5.00000000 6.00000000 	5.0926575632e+08
-5.00000000 6.50000000 	5.0926575632e+08
-5.00000000 7.00000000 	5.0926575632e+08
-5.00000000 7.50000000 	5.0926575632e+08
-5.00000000 8.00000000 	5.0926575632e+08
-4.50000000 -12.00000000 	4.9746477170e+08
-4.50000000 -11.50000000 	4.9659415331e+08
-4.50000000 -11.00000000 	4.9454686819e+08
-4.50000000 -10.50000000 	4.9338877929e+08
-4.50000000 -10.00000000 	4.9338877929e+08
-4.50000000 -9.50000000 	4.9460830212e+08
-4.50000000 -9.00000000 	4.9675927562e+08
-4.50000000 -8.50000000 	4.9912683383e+08
-4.50000000 -8.00000000 	5.0176432270e+08
-4.50000000 -7.50000000 	5.0452544266e+08
-4.50000000 -7.00000000 	5.0649464220e+08
-4.50000000 -6.50000000 	5.0770274078e+08
-4.50000000 -6.00000000 	5.0863013721e+08
-4.50000000 -5.50000000 	5.0914899281e+08
-4.50000000 -5.00000000 	5.0926575632e+08
-4.50000000 -4.50000000 	5.0926575632e+08
-4.50000000 -4.00000000 	5.0926575632e+08
-4.50000000 -3.50000000 	5.0926575632e+08
-4.50000000 -3.00000000 	5.0926575632e+08
-4.50000000 -2.50000000 	5.0926575632e+08
-4.50000000 -2.00000000 	5.0926575632e+08
-4.50000000 -1.50000000 	5.0926575632e+08
-4.50000000 -1.00000000 	5.0926575632e+08
-4.50000000 -0.50000000 	5.0926575632e+08
-4.50000000 0.00000000 	5.0926575632e+08
-4.50000000 0.50000000 	5.0926575632e+08
-4.50000000 1.00000000 	5.0926575632e+08
-4.50000000 1.50000000 	5.0926575632e+08
-4.50000000 2.00000000 	5.0926575632e+08
-4.50000000 2.50000000 	5.0926575632e+08
-4.50000000 3.00000000 	5.0926575632e+08
-4.50000000 3.50000000 	5.0926575632e+08
-4.50000000 4.00000000 	5.0926575632e+08
-4.50000000 4.50000000 	5.0926575632e+08
-4.50000000 5.00000000 	5.0926575632e+08
-4.50000000 5.50000000 	5.0926575632e+08
-4.50000000 6.00000000 	5.0926575632e+08
-4.50000000 6.50000000 	5.0926575632e+08
-4.50000000 7.00000000 	5.0926575632e+08
-4.50000000 7.50000000 	5.0926575632e+08
-4.50000000 8.00000000 	5.0926575632e+08
-4.00000000 -12.00000000 	5.0358576085e+08
-4.00000000 -11.50000000 	5.0137028436e+08
-4.00000000 -11.00000000 	4.9912683383e+08
-4.00000000 -10.50000000 	4.9675927562e+08
-4.00000000 -10.00000000 	4.9460830212e+08
-4.00000000 -9.50000000 	4.9338877929e+08
-4.00000000 -9.00000000 	4.9338877929e+08
-4.00000000 -8.50000000 	4.9460830212e+08
-4.00000000 -8.00000000 	4.9675927562e+08
-4.00000000 -7.50000000 	4.9912683383e+08
-4.00000000 -7.00000000 	5.0176432270e+08
-4.00000000 -6.50000000 	5.0452544266e+08
-4.00000000 -6.00000000 	5.0649464220e+08
-4.00000000 -5.50000000 	5.0770274078e+08
-4.00000000 -5.00000000 	5.0863013721e+08
-4.00000000 -4.50000000 	5.0914899281e+08
-4.00000000 -4.00000000 	5.0926575632e+08
-4.00000000 -3.50000000 	5.0926575632e+08
-4.00000000 -3.00000000 	5.0926575632e+08
-4.00000000 -2.50000000 	5.0926575632e+08
-4.00000000 -2.00000000 	5.0926575632e+08
-4.00000000 -1.50000000 	5.0926575632e+08
-4.00000000 -1.00000000 	5.0926575632e+08
-4.00000000 -0.50000000 	5.0926575632e+08
-4.00000000 0.00000000 	5.0926575632e+08
-4.00000000 0.50000000 	5.0926575632e+08
-4.00000000 1.00000000 	5.0926575632e+08
-4.00000000 1.50000000 	5.0926575632e+08
-4.00000000 2.00000000 	5.0926575632e+08
-4.00000000 2.50000000 	5.0926575632e+08
-4.00000000 3.00000000 	5.0926575632e+08
-4.00000000 3.50000000 	5.0926575632e+08
-4.00000000 4.00000000 	5.0926575632e+08
-4.00000000 4.50000000 	5.0926575632e+08
-4.00000000 5.00000000 	5.0926575632e+08
-4.00000000 5.50000000 	5.0926575632e+08
-4.00000000 6.00000000 	5.0926575632e+08
-4.00000000 6.50000000 	5.0926575632e+08
-4.00000000 7.00000000 	5.0926575632e+08
-4.00000000 7.50000000 	5.0926575632e+08
-4.00000000 8.00000000 	5.0926575632e+08
-3.50000000 -12.00000000 	5.0732543840e+08
-3.50000000 -11.50000000 	5.0649464220e+08
-3.50000000 -11.00000000 	5.0452544266e+08
-3.50000000 -10.50000000 	5.0176432270e+08
-3.50000000 -10.00000000 	4.9912683383e+08
-3.50000000 -9.50000000 	4.9675927562e+08
-3.50000000 -9.00000000 	4.9460830212e+08
-3.50000000 -8.50000000 	4.9338877929e+08
-3.50000000 -8.00000000 	4.9338877929e+08
-3.50000000 -7.50000000 	4.9460830212e+08
-3.50000000 -7.00000000 	4.9675927562e+08
-3.50000000 -6.50000000 	4.9912683383e+08
-3.50000000 -6.00000000 	5.0176432270e+08
-3.50000000 -5.50000000 	5.0452544266e+08
-3.50000000 -5.00000000 	5.0649464220e+08
-3.50000000 -4.50000000 	5.0770274078e+08
-3.50000000 -4.00000000 	5.0863013721e+08
-3.50000000 -3.50000000 	5.0914899281e+08
-3.50000000 -3.00000000 	5.0926575632e+08
-3.50000000 -2.50000000 	5.0926575632e+08
-3.50000000 -2.00000000 	5.0926575632e+08
-3.50000000 -1.50000000 	5.0926575632e+08
-3.50000000 -1.00000000 	5.0926575632e+08
-3.50000000 -0.50000000 	5.0926575632e+08
-3.50000000 0.00000000 	5.0926575632e+08
-3.50000000 0.50000000 	5.0926575632e+08
-3.50000000 1.00000000 	5.0926575632e+08
-3.50000000 1.50000000 	5.0926575632e+08
-3.50000000 2.00000000 	5.0926575632e+08
-3.50000000 2.50000000 	5.0926575632e+08
-3.50000000 3.00000000 	5.0926575632e+08
-3.50000000 3.50000000 	5.0926575632e+08
-3.50000000 4.00000000 	5.0926575632e+08
-3.50000000 4.50000000 	5.0926575632e+08
-3.50000000 5.00000000 	5.0926575632e+08
-3.50000000 5.50000000 	5.0926575632e+08
-3.50000000 6.00000000 	5.0926575632e+08
-3.50000000 6.50000000 	5.0926575632e+08
-3.50000000 7.00000000 	5.0926575632e+08
-3.50000000 7.50000000 	5.0926575632e+08
-3.50000000 8.00000000 	5.0926575632e+08
-3.00000000 -12.00000000 	5.0914899281e+08
-3.00000000 -11.50000000 	5.0863013721e+08
-3.00000000 -11.00000000 	5.0770274078e+08
-3.00000000 -10.50000000 	5.0649464220e+08
-3.00000000 -10.00000000 	5.0452544266e+08
-3.00000000 -9.50000000 	5.0176432270e+08
-3.00000000 -9.00000000 	4.9912683383e+08
-3.00000000 -8.50000000 	4.9675927562e+08
-3.00000000 -8.00000000 	4.9460830212e+08
-3.00000000 -7.50000000 	4.9338877929e+08
-3.00000000 -7.00000000 	4.9338877929e+08
-3.00000000 -6.50000000 	4.9460830212e+08
-3.00000000 -6.00000000 	4.9675927562e+08
-3.00000000 -5.50000000 	4.9912683383e+08
-3.00000000 -5.00000000 	5.0176432270e+08
-3.00000000 -4.50000000 	5.0452544266e+08
-3.00000000 -4.00000000 	5.0649464220e+08
-3.00000000 -3.50000000 	5.0770274078e+08
-3.00000000 -3.00000000 	5.0863013721e+08
-3.00000000 -2.50000000 	5.0914899281e+08
-3.00000000 -2.00000000 	5.0926575632e+08
-3.00000000 -1.50000000 	5.0926575632e+08
-3.00000000 -1.00000000 	5.0926575632e+08
-3.00000000 -0.50000000 	5.0926575632e+08
-3.00000000 0.00000000 	5.0926575632e+08
-3.00000000 0.50000000 	5.0926575632e+08
-3.00000000 1.00000000 	5.0926575632e+08
-3.00000000 1.50000000 	5.0926575632e+08
-3.00000000 2.00000000 	5.0926575632e+08
-3.00000000 2.50000000 	5.0926575632e+08
-3.00000000 3.00000000 	5.0926575632e+08
-3.00000000 3.50000000 	5.0926575632e+08
-3.00000000 4.00000000 	5.0926575632e+08
-3.00000000 4.50000000 	5.0926575632e+08
-3.00000000 5.00000000 	5.0926575632e+08
-3.00000000 5.50000000 	5.0926575632e+08
-3.00000000 6.00000000 	5.0926575632e+08
-3.00000000 6.50000000 	5.0926575632e+08
-3.00000000 7.00000000 	5.0926575632e+08
-3.00000000 7.50000000 	5.0926575632e+08
-3.00000000 8.00000000 	5.0926575632e+08
-2.50000000 -12.00000000 	5.0926575632e+08
-2.50000000 -11.50000000 	5.0926575632e+08
-2.50000000 -11.00000000 	5.0914899281e+08
-2.50000000 -10.50000000 	5.0863013721e+08
-2.50000000 -10.00000000 	5.0770274078e+08
-2.50000000 -9.50000000 	5.0649464220e+08
-2.50000000 -9.00000000 	5.0452544266e+08
-2.50000000 -8.50000000 	5.0176432270e+08
-2.50000000 -8.00000000 	4.9912683383e+08
-2.50000000 -7.50000000 	4.9675927562e+08
-2.50000000 -7.00000000 	4.9460830212e+08
-2.50000000 -6.50000000 	4.9338877929e+08
-2.50000000 -6.00000000 	4.9338877929e+08
-2.50000000 -5.50000000 	4.9460830212e+08
-2.50000000 -5.00000000 	4.9675927562e+08
-2.50000000 -4.50000000 	4.9912683383e+08
-2.50000000 -4.00000000 	5.0176432270e+08
-2.50000000 -3.50000000 	5.0452544266e+08
-2.50000000 -3.00000000 	5.0649464220e+08
-2.50000000 -2.50000000 	5.0770274078e+08
-2.50000000 -2.00000000 	5.0863013721e+08
-2.50000000 -1.50000000 	5.0914899281e+08
-2.50000000 -1.00000000 	5.0926575632e+08
-2.50000000 -0.50000000 	5.0926575632e+08
-2.50000000 0.00000000 	5.0926575632e+08
-2.50000000 0.50000000 	5.0926575632e+08
-2.50000000 1.00000000 	5.0926575632e+08
-2.50000000 1.50000000 	5.0926575632e+08
-2.50000000 2.00000000 	5.0926575632e+08
-2.50000000 2.50000000 	5.0926575632e+08
-2.50000000 3.00000000 	5.0926575632e+08
-2.50000000 3.50000000 	5.0926575632e+08
-2.50000000 4.00000000 	5.0926575632e+08
-2.50000000 4.50000000 	5.0926575632e+08
-2.50000000 5.00000000 	5.0926575632e+08
-2.50000000 5.50000000 	5.0926575632e+08
-2.50000000 6.00000000 	5.0926575632e+08
-2.50000000 6.50000000 	5.0926575632e+08
-2.50000000 7.00000000 	5.0926575632e+08
-2.50000000 7.50000000 	5.0926575632e+08
-2.50000000 8.00000000 	5.0926575632e+08
-2.00000000 -12.00000000 	5.0926575632e+08
-2.00000000 -11.50000000 	5.0926575632e+08
-2.00000000 -11.00000000 	5.0926575632e+08
-2.00000000 -10.50000000 	5.0926575632e+08
-2.00000000 -10.00000000 	5.0914899281e+08
-2.00000000 -9.50000000 	5.0863013721e+08
-2.00000000 -9.00000000 	5.0770274078e+08
-2.00000000 -8.50000000 	5.0649464220e+08
-2.00000000 -8.00000000 	5.0452544266e+08
-2.00000000 -7.50000000 	5.0176432270e+08
-2.00000000 -7.00000000 	4.9912683383e+08
-2.00000000 -6.50000000 	4.9675927562e+08
-2.00000000 -6.00000000 	4.9460830212e+08
-2.00000000 -5.50000000 	4.9338877929e+08
-2.00000000 -5.00000000 	4.9338877929e+08
-2.00000000 -4.50000000 	4.9460830212e+08
-2.00000000 -4.00000000 	4.9675927562e+08
-2.00000000 -3.50000000 	4.9912683383e+08
-2.00000000 -3.00000000 	5.0176432270e+08
-2.00000000 -2.50000000 	5.0452544266e+08
-2.00000000 -2.00000000 	5.0649464220e+08
-2.00000000 -1.50000000 	5.0770274078e+08
-2.00000000 -1.00000000 	5.0863013721e+08
-2.00000000 -0.50000000 	5.0914899281e+08
-2.00000000 0.00000000 	5.0926575632e+08
-2.00000000 0.50000000 	5.0926575632e+08
-2.00000000 1.00000000 	5.0926575632e+08
-2.00000000 1.50000000 	5.0926575632e+08
-2.00000000 2.00000000 	5.0926575632e+08
-2.00000000 2.50000000 	5.0926575632e+08
-2.00000000 3.00000000 	5.0926575632e+08
-2.00000000 3.50000000 	5.0926575632e+08
-2.00000000 4.00000000 	5.0926575632e+08
-2.00000000 4.50000000 	5.0926575632e+08
-2.00000000 5.00000000 	5.0926575632e+08
-2.00000000 5.50000000 	5.0926575632e+08
-2.00000000 6.00000000 	5.0926575632e+08
-2.00000000 6.50000000 	5.0926575632e+08
-2.00000000 7.00000000 	5.0926575632e+08
-2.00000000 7.50000000 	5.0926575632e+08
-2.00000000 8.00000000 	5.0926575632e+08
-1.50000000 -12.00000000 	5.0926575632e+08
-1.50000000 -11.50000000 	5.0926575632e+08
-1.50000000 -11.00000000 	5.0926575632e+08
-1.50000000 -10.50000000 	5.0926575632e+08
-1.50000000 -10.00000000 	5.0926575632e+08
-1.50000000 -9.50000000 	5.0926575632e+08
-1.50000000 -9.00000000 	5.0914899281e+08
-1.50000000 -8.50000000 	5.0863013721e+08
-1.50000000 -8.00000000 	5.0770274078e+08
-1.50000000 -7.50000000 	5.0649464220e+08
-1.50000000 -7.00000000 	5.0452544266e+08
-1.50000000 -6.50000000 	5.0176432270e+08
-1.50000000 -6.00000000 	4.9912683383e+08
-1.50000000 -5.50000000 	4.9675927562e+08
-1.50000000 -5.00000000 	4.9460830212e+08
-1.50000000 -4.50000000 	4.9338877929e+08
-1.50000000 -4.00000000 	4.9338877929e+08
-1.50000000 -3.50000000 	4.9460830212e+08
-1.50000000 -3.00000000 	4.9675927562e+08
-1.50000000 -2.50000000 	4.9912683383e+08
-1.50000000 -2.00000000 	5.0176432270e+08
-1.50000000 -1.50000000 	5.0452544266e+08
-1.50000000 -1.00000000 	5.0649464220e+08
-1.50000000 -0.50000000 	5.0770274078e+08
-1.50000000 0.00000000 	5.0863013721e+08
-1.50000000 0.50000000 	5.0914899281e+08
-1.50000000 1.00000000 	5.0926575632e+08
-1.50000000 1.50000000 	5.0926575632e+08
-1.50000000 2.00000000 	5.0926575632e+08
-1.50000000 2.50000000 	5.0926575632e+08
-1.50000000 3.00000000 	5.0926575632e+08
-1.50000000 3.50000000 	5.0926575632e+08
-1.50000000 4.00000000 	5.0926575632e+08
-1.50000000 4.50000000 	5.0926575632e+08
-1.50000000 5.00000000 	5.0926575632e+08
-1.50000000 5.50000000 	5.0926575632e+08
-1.50000000 6.00000000 	5.0926575632e+08
-1.50000000 6.50000000 	5.0926575632e+08
-1.50000000 7.00000000 	5.0926575632e+08
-1.50000000 7.50000000 	5.0926575632e+08
-1.50000000 8.00000000 	5.0926575632e+08
-1.00000000 -12.00000000 	5.0926575632e+08
-1.00000000 -11.50000000 	5.0926575632e+08
-1.00000000 -11.00000000 	5.0926575632e+08
-1.00000000 -10.50000000 	5.0926575632e+08
-1.00000000 -10.00000000 	5.0926575632e+08
-1.00000000 -9.50000000 	5.0926575632e+08
-1.00000000 -9.00000000 	5.0926575632e+08
-1.00000000 -8.50000000 	5.0926575632e+08
-1.00000000 -8.00000000 	5.0914899281e+08
-1.00000000 -7.50000000 	5.0863013721e+08
-1.00000000 -7.00000000 	5.0770274078e+08
-1.00000000 -6.50000000 	5.0649464220e+08
-1.00000000 -6.00000000 	5.0452544266e+08
-1.00000000 -5.50000000 	5.0176432270e+08
-1.00000000 -5.00000000 	4.9912683383e+08
-1.00000000 -4.50000000 	4.9675927562e+08
-1.00000000 -4.00000000 	4.9460830212e+08
-1.00000000 -3.50000000 	4.9338877929e+08
-1.00000000 -3.00000000 	4.9338877929e+08
-1.00000000 -2.50000000 	4.9460830212e+08
-1.00000000 -2.00000000 	4.9675927562e+08
-1.00000000 -1.50000000 	4.9912683383e+08
-1.00000000 -1.00000000 	5.0176432270e+08
-1.00000000 -0.50000000 	5.0452544266e+08
-1.00000000 0.00000000 	5.0649464220e+08
-1.00000000 0.50000000 	5.0770274078e+08
-1.00000000 1.00000000 	5.0863013721e+08
-1.00000000 1.50000000 	5.0914899281e+08
-1.00000000 2.00000000 	5.0926575632e+08
-1.00000000 2.50000000 	5.0926575632e+08
-1.00000000 3.00000000 	5.0926575632e+08
-1.00000000 3.50000000 	5.0926575632e+08
-1.00000000 4.00000000 	5.0926575632e+08
-1.00000000 4.50000000 	5.0926575632e+08
-1.00000000 5.00000000 	5.0926575632e+08
-1.00000000 5.50000000 	5.0926575632e+08
-1.00000000 6.00000000 	5.0926575632e+08
-1.00000000 6.50000000 	5.0926575632e+08
-1.00000000 7.00000000 	5.0926575632e+08
-1.00000000 7.50000000 	5.0926575632e+08
-1.00000000 8.00000000 	5.0926575632e+08
-0.50000000 -12.00000000 	5.0926575632e+08
-0.50000000 -11.50000000 	5.0926575632e+08
-0.50000000 -11.00000000 	5.0926575632e+08
-0.50000000 -10.50000000 	5.0926575632e+08
-0.50000000 -10.00000000 	5.0926575632e+08
-0.50000000 -9.50000000 	5.0926575632e+08
-0.50000000 -9.00000000 	5.0926575632e+08
-0.50000000 -8.50000000 	5.0926575632e+08
-0.50000000 -8.00000000 	5.0926575632e+08
-0.50000000 -7.50000000 	5.0926575632e+08
-0.50000000 -7.00000000 	5.0914899281e+08
-0.50000000 -6.50000000 	5.0863013721e+08
-0.50000000 -6.00000000 	5.0770274078e+08
-0.50000000 -5.50000000 	5.0649464220e+08
-0.50000000 -5.00000000 	5.0452544266e+08
-0.50000000 -4.50000000 	5.0176432270e+08
-0.50000000 -4.00000000 	4.9912683383e+08
-0.50000000 -3.50000000 	4.9675927562e+08
-0.50000000 -3.00000000 	4.9460830212e+08
-0.50000000 -2.50000000 	4.9338877929e+08
-0.50000000 -2.00000000 	4.9338877929e+08
-0.50000000 -1.50000000 	4.9460830212e+08
-0.50000000 -1.00000000 	4.9675927562e+08
-0.50000000 -0.50000000 	4.9912683383e+08
-0.50000000 0.00000000 	5.0176432270e+08
-0.50000000 0.50000000 	5.0452544266e+08
-0.50000000 1.00000000 	5.0649464220e+08
-0.50000000 1.50000000 	5.0770274078e+08
-0.50000000 2.00000000 	5.0863013721e+08
-0.50000000 2.50000000 	5.0914899281e+08
-0.50000000 3.00000000 	5.0926575632e+08
-0.50000000 3.50000000 	5.0926575632e+08
-0.50000000 4.00000000 	5.0926575632e+08
-0.50000000 4.50000000 	5.0926575632e+08
-0.50000000 5.00000000 	5.0926575632e+08
-0.50000000 5.50000000 	5.0926575632e+08
-0.50000000 6.00000000 	5.0926575632e+08
-0.50000000 6.50000000 	5.0926575632e+08
-0.50000000 7.00000000 	5.0926575632e+08
-0.50000000 7.50000000 	5.0926575632e+08
-0.50000000 8.00000000 	5.0926575632e+08
0.00000000 -12.00000000 	5.0926575632e+08
0.00000000 -11.50000000 	5.0926575632e+08
0.00000000 -11.00000000 	5.0926575632e+08
0.00000000 -10.50000000 	5.0926575632e+08
0.00000000 -10.00000000 	5.0926575632e+08
0.00000000 -9.50000000 	5.0926575632e+08
0.00000000 -9.00000000 	5.0926575632e+08
0.00000000 -8.50000000 	5.0926575632e+08
0.00000000 -8.00000000 	5.0926575632e+08
0.00000000 -7.50000000 	5.0926575632e+08
0.00000000 -7.00000000 	5.0926575632e+08
0.00000000 -6.50000000 	5.0926575632e+08
0.00000000 -6.00000000 	5.0914899281e+08
0.00000000 -5.50000000 	5.0863013721e+08
0.00000000 -5.00000000 	5.0770274078e+08
0.00000000 -4.50000000 	5.0649464220e+08
0.00000000 -4.00000000 	5.0452544266e+08
0.00000000 -3.50000000 	5.0176432270e+08
0.00000000 -3.00000000 	4.9912683383e+08
0.00000000 -2.50000000 	4.9675927562e+08
0.00000000 -2.00000000 	4.9460830212e+08
0.00000000 -1.50000000 	4.9338877929e+08
0.00000000 -1.00000000 	4.9338877929e+08
0.00000000 -0.50000000 	4.9460830212e+08
0.00000000 0.00000000 	4.9675927562e+08
0.00000000 0.50000000 	4.9912683383e+08
0.00000000 1.00000000 	5.0176432270e+08
0.00000000 1.50000000 	5.0452544266e+08
0.00000000 2.00000000 	5.0649464220e+08
0.00000000 2.50000000 	5.0770274078e+08
0.00000000 3.00000000 	5.0874542121e+08
0.00000000 3.50000000 	5.0926575632e+08
0.00000000 4.00000000 	5.0926575632e+08
0.00000000 4.50000000 	5.0926575632e+08
0.00000000 5.00000000 	5.0926575632e+08
0.00000000 5.50000000 	5.0926575632e+08
0.00000000 6.00000000 	5.0926575632e+08
0.00000000 6.50000000 	5.0926575632e+08
0.00000000 7.00000000 	5.0926575632e+08
0.00000000 7.50000000 	5.0926575632e+08
0.00000000 8.00000000 	5.0926575632e+08
0.50000000 -12.00000000 	5.0926575632e+08
0.50000000 -11.50000000 	5.0926575632e+08
0.50000000 -11.00000000 	5.0926575632e+08
0.50000000 -10.50000000 	5.0926575632e+08
0.50000000 -10.00000000 	5.0926575632e+08
0.50000000 -9.50000000 	5.0926575632e+08
0.50000000 -9.00000000 	5.0926575632e+08
0.50000000 -8.50000000 	5.0926575632e+08
0.50000000 -8.00000000 	5.0926575632e+08
0.50000000 -7.50000000 	5.0926575632e+08
0.50000000 -7.00000000 	5.0926575632e+08
0.50000000 -6.50000000 	5.0926575632e+08
0.50000000 -6.00000000 	5.0926575632e+08
0.50000000 -5.50000000 	5.0926575632e+08
0.50000000 -5.00000000 	5.0914899281e+08
0.50000000 -4.50000000 	5.0863013721e+08
0.50000000 -4.00000000 	5.0770274078e+08
0.50000000 -3.50000000 	5.0649464220e+08
0.50000000 -3.00000000 	5.0452544266e+08
0.50000000 -2.50000000 	5.0176432270e+08
0.50000000 -2.00000000 	4.9912683383e+08
0.50000000 -1.50000000 	4.9675927562e+08
0.50000000 -1.00000000 	4.9460830212e+08
0.50000000 -0.50000000 	4.9338877929e+08
0.50000000 0.00000000 	4.9338877929e+08
0.50000000 0.50000000 	4.9460830212e+08
0.50000000 1.00000000 	4.9675927562e+08
0.50000000 1.50000000 	4.9912683383e+08
0.50000000 2.00000000 	5.0182519247e+08
0.50000000 2.50000000 	5.0496139973e+08
0.50000000 3.00000000 	5.0698661000e+08
0.50000000 3.50000000 	5.0833323133e+08
0.50000000 4.00000000 	5.0926575632e+08
0.50000000 4.50000000 	5.0926575632e+08
0.50000000 5.00000000 	5.0926575632e+08
0.50000000 5.50000000 	5.0926575632e+08
0.50000000 6.00000000 	5.0926575632e+08
0.50000000 6.50000000 	5.0926575632e+08
0.50000000 7.00000000 	5.0926575632e+08
0.50000000 7.50000000 	5.0926575632e+08
0.50000000 8.00000000 	5.0926575632e+08
1.00000000 -12.00000000 	5.0926575632e+08
1.00000000 -11.50000000 	5.0926575632e+08
1.00000000 -11.00000000 	5.0926575632e+08
1.00000000 -10.50000000 	5.0926575632e+08
1.00000000 -10.00000000 	5.0926575632e+08
1.00000000 -9.50000000 	5.0926575632e+08
1.00000000 -9.00000000 	5.0926575632e+08
1.00000000 -8.50000000 	5.0926575632e+08
1.00000000 -8.00000000 	5.0926575632e+08
1.00000000 -7.50000000 	5.0926575632e+08
1.00000000 -7.00000000 	5.0926575632e+08
1.00000000 -6.50000000 	5.0926575632e+08
1.00000000 -6.00000000 	5.0926575632e+08
1.00000000 -5.50000000 	5.0926575632e+08
1.00000000 -5.00000000 	5.0926575632e+08
1.00000000 -4.50000000 	5.0926575632e+08
1.00000000 -4.00000000 	5.0914899281e+08
1.00000000 -3.50000000 	5.0863013721e+08
1.00000000 -3.00000000 	5.0770274078e+08
1.00000000 -2.50000000 	5.0649464220e+08
1.00000000 -2.00000000 	5.0452544266e+08
1.00000000 -1.50000000 	5.0176432270e+08
1.00000000 -1.00000000 	4.9912683383e+08
1.00000000 -0.50000000 	4.9675927562e+08
1.00000000 0.00000000 	4.9460830212e+08
1.00000000 0.50000000 	4.9338877929e+08
1.00000000 1.00000000 	4.9340858616e+08
1.00000000 1.50000000 	4.9476836560e+08
1.00000000 2.00000000 	4.9735481523e+08
1.00000000 2.50000000 	5.0021752879e+08
1.00000000 3.00000000 	5.0411015019e+08
1.00000000 3.50000000 	5.0712955237e+08
1.00000000 4.00000000 	5.0842821206e+08
1.00000000 4.50000000 	5.0926575632e+08
1.00000000 5.00000000 	5.0926575632e+08
1.00000000 5.50000000 	5.0926575632e+08
1.00000000 6.00000000 	5.0926575632e+08
1.00000000 6.50000000 	5.0926575632e+08
1.00000000 7.00000000 	5.0926575632e+08
1.00000000 7.50000000 	5.0926575632e+08
1.00000000 8.00000000 	5.0926575632e+08
1.50000000 -12.00000000 	5.0926575632e+08
1.50000000 -11.50000000 	5.0926575632e+08
1.50000000 -11.00000000 	5.0926575632e+08
1.50000000 -10.50000000 	5.0926575632e+08
1.50000000 -10.00000000 	5.0926575632e+08
1.50000000 -9.50000000 	5.0926575632e+08
1.50000000 -9.00000000 	5.0926575632e+08
1.50000000 -8.50000000 	5.0926575632e+08
1.50000000 -8.00000000 	5.0926575632e+08
1.50000000 -7.50000000 	5.0926575632e+08
1.50000000 -7.00000000 	5.0926575632e+08
1.50000000 -6.50000000 	5.0926575632e+08
1.50000000 -6.00000000 	5.0926575632e+08
1.50000000 -5.50000000 	5.0926575632e+08
1.50000000 -5.00000000 	5.0926575632e+08
1.50000000 -4.50000000 	5.0926575632e+08
1.50000000 -4.00000000 	5.0926575632e+08
1.50000000 -3.50000000 	5.0926575632e+08
1.50000000 -3.00000000 	5.0914899281e+08
1.50000000 -2.50000000 	5.0863013721e+08
1.50000000 -2.00000000 	5.0770274078e+08
1.50000000 -1.50000000 	5.0649464220e+08
1.50000000 -1.00000000 	5.0452544266e+08
1.50000000 -0.50000000 	5.0176432270e+08
1.50000000 0.00000000 	4.9910772896e+08
1.50000000 0.50000000 	4.9668272778e+08
1.50000000 1.00000000 	4.9453386313e+08
1.50000000 1.50000000 	4.9363467767e+08
1.50000000 2.00000000 	4.9461076836e+08
1.50000000 2.50000000 	4.9766793481e+08
1.50000000 3.00000000 	5.0139646857e+08
1.50000000 3.50000000 	5.0525426514e+08
1.50000000 4.00000000 	5.0798990305e+08
1.50000000 4.50000000 	5.0889058845e+08
1.50000000 5.00000000 	5.0926575632e+08
1.50000000 5.50000000 	5.0926575632e+08
1.50000000 6.00000000 	5.0926575632e+08
1.50000000 6.50000000 	5.0926575632e+08
1.50000000 7.00000000 	5.0926575632e+08
1.50000000 7.50000000 	5.0926575632e+08
1.50000000 8.00000000 	5.0926575632e+08
2.00000000 -12.00000000 	5.0926575632e+08
2.00000000 -11.50000000 	5.0926575632e+08
2.00000000 -11.00000000 	5.0926575632e+08
2.00000000 -10.50000000 	5.0926575632e+08
2.00000000 -10.00000000 	5.0926575632e+08
2.00000000 -9.50000000 	5.0926575632e+08
2.00000000 -9.00000000 	5.0926575632e+08
2.00000000 -8.50000000 	5.0926575632e+08
2.00000000 -8.00000000 	5.0926575632e+08
2.00000000 -7.50000000 	5.0926575632e+08
2.00000000 -7.00000000 	5.0926575632e+08
2.00000000 -6.50000000 	5.0926575632e+08
2.00000000 -6.00000000 	5.0926575632e+08
2.00000000 -5.50000000 	5.0926575632e+08
2.00000000 -5.00000000 	5.0926575632e+08
2.00000000 -4.50000000 	5.0926575632e+08
2.00000000 -4.00000000 	5.0926575632e+08
2.00000000 -3.50000000 	5.0926575632e+08
2.00000000 -3.00000000 	5.0926575632e+08
2.00000000 -2.50000000 	5.0926575632e+08
2.00000000 -2.00000000 	5.0914899281e+08
2.00000000 -1.50000000 	5.0863013721e+08
2.00000000 -1.00000000 	5.0763993809e+08
2.00000000 -0.50000000 	5.0616474229e+08
2.00000000 0.00000000 	5.0378798659e+08
2.00000000 0.50000000 	5.0072284593e+08
2.00000000 1.00000000 	4.9790983412e+08
2.00000000 1.50000000 	4.9580710072e+08
2.00000000 2.00000000 	4.9514309367e+08
2.00000000 2.50000000 	4.9697927397e+08
2.00000000 3.00000000 	5.0069471964e+08
2.00000000 3.50000000 	5.0456260886e+08
2.00000000 4.00000000 	5.0743610740e+08
2.00000000 4.50000000 	5.0882452946e+08
2.00000000 5.00000000 	5.0919919861e+08
2.00000000 5.50000000 	5.0926575632e+08
2.00000000 6.00000000 	5.0926575632e+08
2.00000000 6.50000000 	5.0926575632e+08
2.00000000 7.00000000 	5.0926575632e+08
2.00000000 7.50000000 	5.0926575632e+08
2.00000000 8.00000000 	5.0926575632e+08
