-8.00000000 -12.00000000 	1.1031096068e+06
-8.00000000 -11.50000000 	1.1031096068e+06
-8.00000000 -11.00000000 	1.1031096068e+06
-8.00000000 -10.50000000 	1.1031096068e+06
-8.00000000 -10.00000000 	1.1031096068e+06
-8.00000000 -9.50000000 	1.1031096068e+06
-8.00000000 -9.00000000 	1.1031096068e+06
-8.00000000 -8.50000000 	1.1031096068e+06
-8.00000000 -8.00000000 	1.1031096068e+06
-8.00000000 -7.50000000 	1.1031096068e+06
-8.00000000 -7.00000000 	1.1031096068e+06
-8.00000000 -6.50000000 	1.1031096068e+06
-8.00000000 -6.00000000 	1.1031096068e+06
-8.00000000 -5.50000000 	1.1031096068e+06
-8.00000000 -5.00000000 	1.1031096068e+06
-8.00000000 -4.50000000 	1.1031096068e+06
-8.00000000 -4.00000000 	1.1031096068e+06
-8.00000000 -3.50000000 	1.1031096068e+06
-8.00000000 -3.00000000 	1.1031096068e+06
-8.00000000 -2.50000000 	1.1031096068e+06
-8.00000000 -2.00000000 	1.1031096068e+06
-8.00000000 -1.50000000 	1.1031096068e+06
-8.00000000 -1.00000000 	1.1031096068e+06
-8.00000000 -0.50000000 	1.1031096068e+06
-8.00000000 0.00000000 	1.1031096068e+06
-8.00000000 0.50000000 	1.1031096068e+06
-8.00000000 1.00000000 	1.1031096068e+06
-8.00000000 1.50000000 	1.1031096068e+06
-8.00000000 2.00000000 	1.1031096068e+06
-8.00000000 2.50000000 	1.1031096068e+06
-8.00000000 3.00000000 	1.1031096068e+06
-8.00000000 3.50000000 	1.1031096068e+06
-8.00000000 4.00000000 	1.1031096068e+06
-8.00000000 4.50000000 	1.1031096068e+06
-8.00000000 5.00000000 	1.1031096068e+06
-8.00000000 5.50000000 	1.1031096068e+06
-8.00000000 6.00000000 	1.1031096068e+06
-8.00000000 6.50000000 	1.1031096068e+06
-8.00000000 7.00000000 	1.1031096068e+06
-8.00000000 7.50000000 	1.1031096068e+06
-8.00000000 8.00000000 	1.1031096068e+06
-7.50000000 -12.00000000 	1.1035862876e+06
-7.50000000 -11.50000000 	1.1035862876e+06
-7.50000000 -11.00000000 	1.1035862876e+06
-7.50000000 -10.50000000 	1.1035862876e+06
-7.50000000 -10.00000000 	1.1035862876e+06
-7.50000000 -9.50000000 	1.1035862876e+06
-7.50000000 -9.00000000 	1.1035862876e+06
-7.50000000 -8.50000000 	1.1035862876e+06
-7.50000000 -8.00000000 	1.1035862876e+06
-7.50000000 -7.50000000 	1.1035862876e+06
-7.50000000 -7.00000000 	1.1035862876e+06
-7.50000000 -6.50000000 	1.1035862876e+06
-7.50000000 -6.00000000 	1.1035862876e+06
-7.50000000 -5.50000000 	1.1035862876e+06
-7.50000000 -5.00000000 	1.1035862876e+06
-7.50000000 -4.50000000 	1.1035862876e+06
-7.50000000 -4.00000000 	1.1035862876e+06
-7.50000000 -3.50000000 	1.1035862876e+06
-7.50000000 -3.00000000 	1.1035862876e+06
-7.50000000 -2.50000000 	1.1035862876e+06
-7.50000000 -2.00000000 	1.1035862876e+06
-7.50000000 -1.50000000 	1.1035862876e+06
-7.50000000 -1.00000000 	1.1035862876e+06
-7.50000000 -0.50000000 	1.1035862876e+06
-7.50000000 0.00000000 	1.1035862876e+06
-7.50000000 0.50000000 	1.1035862876e+06
-7.50000000 1.00000000 	1.1035862876e+06
-7.50000000 1.50000000 	1.1035862876e+06
-7.50000000 2.00000000 	1.1035862876e+06
-7.50000000 2.50000000 	1.1035862876e+06
-7.50000000 3.00000000 	1.1035862876e+06
-7.50000000 3.50000000 	1.1035862876e+06
-7.50000000 4.00000000 	1.1035862876e+06
-7.50000000 4.50000000 	1.1035862876e+06
-7.50000000 5.00000000 	1.1035862876e+06
-7.50000000 5.50000000 	1.1035862876e+06
-7.50000000 6.00000000 	1.1035862876e+06
-7.50000000 6.50000000 	1.1035862876e+06
-7.50000000 7.00000000 	1.1035862876e+06
-7.50000000 7.50000000 	1.1035862876e+06
-7.50000000 8.00000000 	1.1035862876e+06
-7.00000000 -12.00000000 	1.1793063604e+06
-7.00000000 -11.50000000 	1.1793063604e+06
-7.00000000 -11.00000000 	1.1793063604e+06
-7.00000000 -10.50000000 	1.1793063604e+06
-7.00000000 -10.00000000 	1.1793063604e+06
-7.00000000 -9.50000000 	1.1793063604e+06
-7.00000000 -9.00000000 	1.1793063604e+06
-7.00000000 -8.50000000 	1.1793063604e+06
-7.00000000 -8.00000000 	1.1793063604e+06
-7.00000000 -7.50000000 	1.1793063604e+06
-7.00000000 -7.00000000 	1.1793063604e+06
-7.00000000 -6.50000000 	1.1793063604e+06
-7.00000000 -6.00000000 	1.1793063604e+06
-7.00000000 -5.50000000 	1.1793063604e+06
-7.00000000 -5.00000000 	1.1793063604e+06
-7.00000000 -4.50000000 	1.1793063604e+06
-7.00000000 -4.00000000 	1.1793063604e+06
-7.00000000 -3.50000000 	1.1793063604e+06
-7.00000000 -3.00000000 	1.1793063604e+06
-7.00000000 -2.50000000 	1.1793063604e+06
-7.00000000 -2.00000000 	1.1793063604e+06
-7.00000000 -1.50000000 	1.1793063604e+06
-7.00000000 -1.00000000 	1.1793063604e+06
-7.00000000 -0.50000000 	1.1793063604e+06
-7.00000000 0.00000000 	1.1793063604e+06
-7.00000000 0.50000000 	1.1793063604e+06
-7.00000000 1.00000000 	1.1793063604e+06
-7.00000000 1.50000000 	1.1793063604e+06
-7.00000000 2.00000000 	1.1793063604e+06
-7.00000000 2.50000000 	1.1793063604e+06
-7.00000000 3.00000000 	1.1793063604e+06
-7.00000000 3.50000000 	1.1793063604e+06
-7.00000000 4.00000000 	1.1793063604e+06
-7.00000000 4.50000000 	1.1793063604e+06
-7.00000000 5.00000000 	1.1793063604e+06
-7.00000000 5.50000000 	1.1793063604e+06
-7.00000000 6.00000000 	1.1793063604e+06
-7.00000000 6.50000000 	1.1793063604e+06
-7.00000000 7.00000000 	1.1793063604e+06
-7.00000000 7.50000000 	1.1793063604e+06
-7.00000000 8.00000000 	1.1793063604e+06
-6.50000000 -12.00000000 	4.3069438320e+05
-6.50000000 -11.50000000 	4.3069438320e+05
-6.50000000 -11.00000000 	4.3069438320e+05
-6.50000000 -10.50000000 	4.3069438320e+05
-6.50000000 -10.00000000 	4.3069438320e+05
-6.50000000 -9.50000000 	4.3069438320e+05
-6.50000000 -9.00000000 	4.3069438320e+05
-6.50000000 -8.50000000 	4.3069438320e+05
-6.50000000 -8.00000000 	4.3069438320e+05
-6.50000000 -7.50000000 	4.3069438320e+05
-6.50000000 -7.00000000 	4.3069438320e+05
-6.50000000 -6.50000000 	4.3069438320e+05
-6.50000000 -6.00000000 	4.3069438320e+05
-6.50000000 -5.50000000 	4.3069438320e+05
-6.50000000 -5.00000000 	4.3069438320e+05
-6.50000000 -4.50000000 	4.3069438320e+05
-6.50000000 -4.00000000 	4.3069438320e+05
-6.50000000 -3.50000000 	4.3069438320e+05
-6.50000000 -3.00000000 	4.3069438320e+05
-6.50000000 -2.50000000 	4.3069438320e+05
-6.50000000 -2.00000000 	4.3069438320e+05
-6.50000000 -1.50000000 	4.3069438320e+05
-6.50000000 -1.00000000 	4.3069438320e+05
-6.50000000 -0.50000000 	4.3069438320e+05
-6.50000000 0.00000000 	4.3069438320e+05
-6.50000000 0.50000000 	4.3069438320e+05
-6.50000000 1.00000000 	4.3069438320e+05
-6.50000000 1.50000000 	4.3069438320e+05
-6.50000000 2.00000000 	4.3069438320e+05
-6.50000000 2.50000000 	4.3069438320e+05
-6.50000000 3.00000000 	4.3069438320e+05
-6.50000000 3.50000000 	4.3069438320e+05
-6.50000000 4.00000000 	4.3069438320e+05
-6.50000000 4.50000000 	4.3069438320e+05
-6.50000000 5.00000000 	4.3069438320e+05
-6.50000000 5.50000000 	4.3069438320e+05
-6.50000000 6.00000000 	4.3069438320e+05
-6.50000000 6.50000000 	4.3069438320e+05
-6.50000000 7.00000000 	4.3069438320e+05
-6.50000000 7.50000000 	4.3069438320e+05
-6.50000000 8.00000000 	4.3069438320e+05
-6.00000000 -12.00000000 	1.1341764615e+06
-6.00000000 -11.50000000 	1.1341764615e+06
-6.00000000 -11.00000000 	1.1341764615e+06
-6.00000000 -10.50000000 	1.1341764615e+06
-6.00000000 -10.00000000 	1.1341764615e+06
-6.00000000 -9.50000000 	1.1341764615e+06
-6.00000000 -9.00000000 	1.1341764615e+06
-6.00000000 -8.50000000 	1.1341764615e+06
-6.00000000 -8.00000000 	1.1341764615e+06
-6.00000000 -7.50000000 	1.1341764615e+06
-6.00000000 -7.00000000 	1.1341764615e+06
-6.00000000 -6.50000000 	1.1341764615e+06
-6.00000000 -6.00000000 	1.1341764615e+06
-6.00000000 -5.50000000 	1.1341764615e+06
-6.00000000 -5.00000000 	1.1341764615e+06
-6.00000000 -4.50000000 	1.1341764615e+06
-6.00000000 -4.00000000 	1.1341764615e+06
-6.00000000 -3.50000000 	1.1341764615e+06
-6.00000000 -3.00000000 	1.1341764615e+06
-6.00000000 -2.50000000 	1.1341764615e+06
-6.00000000 -2.00000000 	1.1341764615e+06
-6.00000000 -1.50000000 	1.1341764615e+06
-6.00000000 -1.00000000 	1.1341764615e+06
-6.00000000 -0.50000000 	1.1341764615e+06
-6.00000000 0.00000000 	1.1341764615e+06
-6.00000000 0.50000000 	1.1341764615e+06
-6.00000000 1.00000000 	1.1341764615e+06
-6.00000000 1.50000000 	1.1341764615e+06
-6.00000000 2.00000000 	1.1341764615e+06
-6.00000000 2.50000000 	1.1341764615e+06
-6.00000000 3.00000000 	1.1341764615e+06
-6.00000000 3.50000000 	1.1341764615e+06
-6.00000000 4.00000000 	1.1341764615e+06
-6.00000000 4.50000000 	1.1341764615e+06
-6.00000000 5.00000000 	1.1341764615e+06
-6.00000000 5.50000000 	1.1341764615e+06
-6.00000000 6.00000000 	1.1341764615e+06
-6.00000000 6.50000000 	1.1341764615e+06
-6.00000000 7.00000000 	1.1341764615e+06
-6.00000000 7.50000000 	1.1341764615e+06
-6.00000000 8.00000000 	1.1341764615e+06
-5.50000000 -12.00000000 	3.3315921355e+06
-5.50000000 -11.50000000 	3.3315921355e+06
-5.50000000 -11.00000000 	3.3315921355e+06
-5.50000000 -10.50000000 	3.3315921355e+06
-5.50000000 -10.00000000 	3.3315921355e+06
-5.50000000 -9.50000000 	3.3315921355e+06
-5.50000000 -9.00000000 	3.3315921355e+06
-5.50000000 -8.50000000 	3.3315921355e+06
-5.50000000 -8.00000000 	3.3315921355e+06
-5.50000000 -7.50000000 	3.3315921355e+06
-5.50000000 -7.00000000 	3.3315921355e+06
-5.50000000 -6.50000000 	3.3315921355e+06
-5.50000000 -6.00000000 	3.3315921355e+06
-5.50000000 -5.50000000 	3.3315921355e+06
-5.50000000 -5.00000000 	3.3315921355e+06
-5.50000000 -4.50000000 	3.3315921355e+06
-5.50000000 -4.00000000 	3.3315921355e+06
-5.50000000 -3.50000000 	3.3315921355e+06
-5.50000000 -3.00000000 	3.3315921355e+06
-5.50000000 -2.50000000 	3.3315921355e+06
-5.50000000 -2.00000000 	3.3315921355e+06
-5.50000000 -1.50000000 	3.3315921355e+06
-5.50000000 -1.00000000 	3.3315921355e+06
-5.50000000 -0.50000000 	3.3315921355e+06
-5.50000000 0.00000000 	3.3315921355e+06
-5.50000000 0.50000000 	3.3315921355e+06
-5.50000000 1.00000000 	3.3315921355e+06
-5.50000000 1.50000000 	3.3315921355e+06
-5.50000000 2.00000000 	3.3315921355e+06
-5.50000000 2.50000000 	3.3315921355e+06
-5.50000000 3.00000000 	3.3315921355e+06
-5.50000000 3.50000000 	3.3315921355e+06
-5.50000000 4.00000000 	3.3315921355e+06
-5.50000000 4.50000000 	3.3315921355e+06
-5.50000000 5.00000000 	3.3315921355e+06
-5.50000000 5.50000000 	3.3315921355e+06
-5.50000000 6.00000000 	3.3315921355e+06
-5.50000000 6.50000000 	3.3315921355e+06
-5.50000000 7.00000000 	3.3315921355e+06
-5.50000000 7.50000000 	3.3315921355e+06
-5.50000000 8.00000000 	3.3315921355e+06
-5.00000000 -12.00000000 	3.0644210056e+06
-5.00000000 -11.50000000 	3.0644210056e+06
-5.00000000 -11.00000000 	3.0644210056e+06
-5.00000000 -10.50000000 	3.0644210056e+06
-5.00000000 -10.00000000 	3.0644210056e+06
-5.00000000 -9.50000000 	3.0644210056e+06
-5.00000000 -9.00000000 	3.0644210056e+06
-5.00000000 -8.50000000 	3.0644210056e+06
-5.00000000 -8.00000000 	3.0644210056e+06
-5.00000000 -7.50000000 	3.0644210056e+06
-5.00000000 -7.00000000 	3.0644210056e+06
-5.00000000 -6.50000000 	3.0644210056e+06
-5.00000000 -6.00000000 	3.0644210056e+06
-5.00000000 -5.50000000 	3.0644210056e+06
-5.00000000 -5.00000000 	3.0644210056e+06
-5.00000000 -4.50000000 	3.0644210056e+06
-5.00000000 -4.00000000 	3.0644210056e+06
-5.00000000 -3.50000000 	3.0644210056e+06
-5.00000000 -3.00000000 	3.0644210056e+06
-5.00000000 -2.50000000 	3.0644210056e+06
-5.00000000 -2.00000000 	3.0644210056e+06
-5.00000000 -1.50000000 	3.0644210056e+06
-5.00000000 -1.00000000 	3.0644210056e+06
-5.00000000 -0.50000000 	3.0644210056e+06
-5.00000000 0.00000000 	3.0644210056e+06
-5.00000000 0.50000000 	3.0644210056e+06
-5.00000000 1.00000000 	3.0644210056e+06
-5.00000000 1.50000000 	3.0644210056e+06
-5.00000000 2.00000000 	3.0644210056e+06
-5.00000000 2.50000000 	3.0644210056e+06
-5.00000000 3.00000000 	3.0644210056e+06
-5.00000000 3.50000000 	3.0644210056e+06
-5.00000000 4.00000000 	3.0644210056e+06
-5.00000000 4.50000000 	3.0644210056e+06
-5.00000000 5.00000000 	3.0644210056e+06
-5.00000000 5.50000000 	3.0644210056e+06
-5.00000000 6.00000000 	3.0644210056e+06
-5.00000000 6.50000000 	3.0644210056e+06
-5.00000000 7.00000000 	3.0644210056e+06
-5.00000000 7.50000000 	3.0644210056e+06
-5.00000000 8.00000000 	3.0644210056e+06
-4.50000000 -12.00000000 	1.3277097149e+06
-4.50000000 -11.50000000 	1.3277097149e+06
-4.50000000 -11.00000000 	1.3277097149e+06
-4.50000000 -10.50000000 	1.3277097149e+06
-4.50000000 -10.00000000 	1.3277097149e+06
-4.50000000 -9.50000000 	1.3277097149e+06
-4.50000000 -9.00000000 	1.3277097149e+06
-4.50000000 -8.50000000 	1.3277097149e+06
-4.50000000 -8.00000000 	1.3277097149e+06
-4.50000000 -7.50000000 	1.3277097149e+06
-4.50000000 -7.00000000 	1.3277097149e+06
-4.50000000 -6.50000000 	1.3277097149e+06
-4.50000000 -6.00000000 	1.3277097149e+06
-4.50000000 -5.50000000 	1.3277097149e+06
-4.50000000 -5.00000000 	1.3277097149e+06
-4.50000000 -4.50000000 	1.3277097149e+06
-4.50000000 -4.00000000 	1.3277097149e+06
-4.50000000 -3.50000000 	1.3277097149e+06
-4.50000000 -3.00000000 	1.3277097149e+06
-4.50000000 -2.50000000 	1.3277097149e+06
-4.50000000 -2.00000000 	1.3277097149e+06
-4.50000000 -1.50000000 	1.3277097149e+06
-4.50000000 -1.00000000 	1.3277097149e+06
-4.50000000 -0.50000000 	1.3277097149e+06
-4.50000000 0.00000000 	1.3277097149e+06
-4.50000000 0.50000000 	1.3277097149e+06
-4.50000000 1.00000000 	1.3277097149e+06
-4.50000000 1.50000000 	1.3277097149e+06
-4.50000000 2.00000000 	1.3277097149e+06
-4.50000000 2.50000000 	1.3277097149e+06
-4.50000000 3.00000000 	1.3277097149e+06
-4.50000000 3.50000000 	1.3277097149e+06
-4.50000000 4.00000000 	1.3277097149e+06
-4.50000000 4.50000000 	1.3277097149e+06
-4.50000000 5.00000000 	1.3277097149e+06
-4.50000000 5.50000000 	1.3277097149e+06
-4.50000000 6.00000000 	1.3277097149e+06
-4.50000000 6.50000000 	1.3277097149e+06
-4.50000000 7.00000000 	1.3277097149e+06
-4.50000000 7.50000000 	1.3277097149e+06
-4.50000000 8.00000000 	1.3277097149e+06
-4.00000000 -12.00000000 	1.1053583732e+06
-4.00000000 -11.50000000 	1.1053583732e+06
-4.00000000 -11.00000000 	1.1053583732e+06
-4.00000000 -10.50000000 	1.1053583732e+06
-4.00000000 -10.00000000 	1.1053583732e+06
-4.00000000 -9.50000000 	1.1053583732e+06
-4.00000000 -9.00000000 	1.1053583732e+06
-4.00000000 -8.50000000 	1.1053583732e+06
-4.00000000 -8.00000000 	1.1053583732e+06
-4.00000000 -7.50000000 	1.1053583732e+06
-4.00000000 -7.00000000 	1.1053583732e+06
-4.00000000 -6.50000000 	1.1053583732e+06
-4.00000000 -6.00000000 	1.1053583732e+06
-4.00000000 -5.50000000 	1.1053583732e+06
-4.00000000 -5.00000000 	1.1053583732e+06
-4.00000000 -4.50000000 	1.1053583732e+06
-4.00000000 -4.00000000 	1.1053583732e+06
-4.00000000 -3.50000000 	1.1053583732e+06
-4.00000000 -3.00000000 	1.1053583732e+06
-4.00000000 -2.50000000 	1.1053583732e+06
-4.00000000 -2.00000000 	1.1053583732e+06
-4.00000000 -1.50000000 	1.1053583732e+06
-4.00000000 -1.00000000 	1.1053583732e+06
-4.00000000 -0.50000000 	1.1053583732e+06
-4.00000000 0.00000000 	1.1053583732e+06
-4.00000000 0.50000000 	1.1053583732e+06
-4.00000000 1.00000000 	1.1053583732e+06
-4.00000000 1.50000000 	1.1053583732e+06
-4.00000000 2.00000000 	1.1053583732e+06
-4.00000000 2.50000000 	1.1053583732e+06
-4.00000000 3.00000000 	1.1053583732e+06
-4.00000000 3.50000000 	1.1053583732e+06
-4.00000000 4.00000000 	1.1053583732e+06
-4.00000000 4.50000000 	1.1053583732e+06
-4.00000000 5.00000000 	1.1053583732e+06
-4.00000000 5.50000000 	1.1053583732e+06
-4.00000000 6.00000000 	1.1053583732e+06
-4.00000000 6.50000000 	1.1053583732e+06
-4.00000000 7.00000000 	1.1053583732e+06
-4.00000000 7.50000000 	1.1053583732e+06
-4.00000000 8.00000000 	1.1053583732e+06
-3.50000000 -12.00000000 	1.1031102139e+06
-3.50000000 -11.50000000 	1.1031102139e+06
-3.50000000 -11.00000000 	1.1031102139e+06
-3.50000000 -10.50000000 	1.1031102139e+06
-3.50000000 -10.00000000 	1.1031102139e+06
-3.50000000 -9.50000000 	1.1031102139e+06
-3.50000000 -9.00000000 	1.1031102139e+06
-3.50000000 -8.50000000 	1.1031102139e+06
-3.50000000 -8.00000000 	1.1031102139e+06
-3.50000000 -7.50000000 	1.1031102139e+06
-3.50000000 -7.00000000 	1.1031102139e+06
-3.50000000 -6.50000000 	1.1031102139e+06
-3.50000000 -6.00000000 	1.1031102139e+06
-3.50000000 -5.50000000 	1.1031102139e+06
-3.50000000 -5.00000000 	1.1031102139e+06
-3.50000000 -4.50000000 	1.1031102139e+06
-3.50000000 -4.00000000 	1.1031102139e+06
-3.50000000 -3.50000000 	1.1031102139e+06
-3.50000000 -3.00000000 	1.1031102139e+06
-3.50000000 -2.50000000 	1.1031102139e+06
-3.50000000 -2.00000000 	1.1031102139e+06
-3.50000000 -1.50000000 	1.1031102139e+06
-3.50000000 -1.00000000 	1.1031102139e+06
-3.50000000 -0.50000000 	1.1031102139e+06
-3.50000000 0.00000000 	1.1031102139e+06
-3.50000000 0.50000000 	1.1031102139e+06
-3.50000000 1.00000000 	1.1031102139e+06
-3.50000000 1.50000000 	1.1031102139e+06
-3.50000000 2.00000000 	1.1031102139e+06
-3.50000000 2.50000000 	1.1031102139e+06
-3.50000000 3.00000000 	1.1031102139e+06
-3.50000000 3.50000000 	1.1031102139e+06
-3.50000000 4.00000000 	1.1031102139e+06
-3.50000000 4.50000000 	1.1031102139e+06
-3.50000000 5.00000000 	1.1031102139e+06
-3.50000000 5.50000000 	1.1031102139e+06
-3.50000000 6.00000000 	1.1031102139e+06
-3.50000000 6.50000000 	1.1031102139e+06
-3.50000000 7.00000000 	1.1031102139e+06
-3.50000000 7.50000000 	1.1031102139e+06
-3.50000000 8.00000000 	1.1031102139e+06
-3.00000000 -12.00000000 	1.1031091660e+06
-3.00000000 -11.50000000 	1.1031091660e+06
-3.00000000 -11.00000000 	1.1031091660e+06
-3.00000000 -10.50000000 	1.1031091660e+06
-3.00000000 -10.00000000 	1.1031091660e+06
-3.00000000 -9.50000000 	1.1031091660e+06
-3.00000000 -9.00000000 	1.1031091660e+06
-3.00000000 -8.50000000 	1.1031091660e+06
-3.00000000 -8.00000000 	1.1031091660e+06
-3.00000000 -7.50000000 	1.1031091660e+06
-3.00000000 -7.00000000 	1.1031091660e+06
-3.00000000 -6.50000000 	1.1031091660e+06
-3.00000000 -6.00000000 	1.1031091660e+06
-3.00000000 -5.50000000 	1.1031091660e+06
-3.00000000 -5.00000000 	1.1031091660e+06
-3.00000000 -4.50000000 	1.1031091660e+06
-3.00000000 -4.00000000 	1.1031091660e+06
-3.00000000 -3.50000000 	1.1031091660e+06
-3.00000000 -3.00000000 	1.1031091660e+06
-3.00000000 -2.50000000 	1.1031091660e+06
-3.00000000 -2.00000000 	1.1031091660e+06
-3.00000000 -1.50000000 	1.1031091660e+06
-3.00000000 -1.00000000 	1.1031091659e+06
-3.00000000 -0.50000000 	1.1031091659e+06
-3.00000000 0.00000000 	1.1031091659e+06
-3.00000000 0.50000000 	1.1031091659e+06
-3.00000000 1.00000000 	1.1031091658e+06
-3.00000000 1.50000000 	1.1031091658e+06
-3.00000000 2.00000000 	1.1031091659e+06
-3.00000000 2.50000000 	1.1031091659e+06
-3.00000000 3.00000000 	1.1031091659e+06
-3.00000000 3.50000000 	1.1031091659e+06
-3.00000000 4.00000000 	1.1031091660e+06
-3.00000000 4.50000000 	1.1031091660e+06
-3.00000000 5.00000000 	1.1031091660e+06
-3.00000000 5.50000000 	1.1031091660e+06
-3.00000000 6.00000000 	1.1031091660e+06
-3.00000000 6.50000000 	1.1031091660e+06
-3.00000000 7.00000000 	1.1031091660e+06
-3.00000000 7.50000000 	1.1031091660e+06
-3.00000000 8.00000000 	1.1031091660e+06
-2.50000000 -12.00000000 	1.1031091650e+06
-2.50000000 -11.50000000 	1.1031091650e+06
-2.50000000 -11.00000000 	1.1031091650e+06
-2.50000000 -10.50000000 	1.1031091650e+06
-2.50000000 -10.00000000 	1.1031091650e+06
-2.50000000 -9.50000000 	1.1031091650e+06
-2.50000000 -9.00000000 	1.1031091650e+06
-2.50000000 -8.50000000 	1.1031091650e+06
-2.50000000 -8.00000000 	1.1031091650e+06
-2.50000000 -7.50000000 	1.1031091650e+06
-2.50000000 -7.00000000 	1.1031091650e+06
-2.50000000 -6.50000000 	1.1031091650e+06
-2.50000000 -6.00000000 	1.1031091650e+06
-2.50000000 -5.50000000 	1.1031091650e+06
-2.50000000 -5.00000000 	1.1031091650e+06
-2.50000000 -4.50000000 	1.1031091650e+06
-2.50000000 -4.00000000 	1.1031091650e+06
-2.50000000 -3.50000000 	1.1031091650e+06
-2.50000000 -3.00000000 	1.1031091650e+06
-2.50000000 -2.50000000 	1.1031091650e+06
-2.50000000 -2.00000000 	1.1031091649e+06
-2.50000000 -1.50000000 	1.1031091648e+06
-2.50000000 -1.00000000 	1.1031091646e+06
-2.50000000 -0.50000000 	1.1031091643e+06
-2.50000000 0.00000000 	1.1031091639e+06
-2.50000000 0.50000000 	1.1031091636e+06
-2.50000000 1.00000000 	1.1031091634e+06
-2.50000000 1.50000000 	1.1031091634e+06
-2.50000000 2.00000000 	1.1031091636e+06
-2.50000000 2.50000000 	1.1031091638e+06
-2.50000000 3.00000000 	1.1031091643e+06
-2.50000000 3.50000000 	1.1031091646e+06
-2.50000000 4.00000000 	1.1031091648e+06
-2.50000000 4.50000000 	1.1031091649e+06
-2.50000000 5.00000000 	1.1031091650e+06
-2.50000000 5.50000000 	1.1031091650e+06
-2.50000000 6.00000000 	1.1031091650e+06
-2.50000000 6.50000000 	1.1031091650e+06
-2.50000000 7.00000000 	1.1031091650e+06
-2.50000000 7.50000000 	1.1031091650e+06
-2.50000000 8.00000000 	1.1031091650e+06
-2.00000000 -12.00000000 	1.1031091650e+06
-2.00000000 -11.50000000 	1.1031091650e+06
-2.00000000 -11.00000000 	1.1031091650e+06
-2.00000000 -10.50000000 	1.1031091650e+06
-2.00000000 -10.00000000 	1.1031091650e+06
-2.00000000 -9.50000000 	1.1031091650e+06
-2.00000000 -9.00000000 	1.1031091650e+06
-2.00000000 -8.50000000 	1.1031091650e+06
-2.00000000 -8.00000000 	1.1031091650e+06
-2.00000000 -7.50000000 	1.1031091650e+06
-2.00000000 -7.00000000 	1.1031091650e+06
-2.00000000 -6.50000000 	1.1031091650e+06
-2.00000000 -6.00000000 	1.1031091650e+06
-2.00000000 -5.50000000 	1.1031091650e+06
-2.00000000 -5.00000000 	1.1031091650e+06
-2.00000000 -4.50000000 	1.1031091650e+06
-2.00000000 -4.00000000 	1.1031091650e+06
-2.00000000 -3.50000000 	1.1031091650e+06
-2.00000000 -3.00000000 	1.1031091650e+06
-2.00000000 -2.50000000 	1.1031091649e+06
-2.00000000 -2.00000000 	1.1031091648e+06
-2.00000000 -1.50000000 	1.1031091644e+06
-2.00000000 -1.00000000 	1.1031054522e+06
-2.00000000 -0.50000000 	1.1030981060e+06
-2.00000000 0.00000000 	1.1030907595e+06
-2.00000000 0.50000000 	1.1030834138e+06
-2.00000000 1.00000000 	1.1030797792e+06
-2.00000000 1.50000000 	1.1030797792e+06
-2.00000000 2.00000000 	1.1030834137e+06
-2.00000000 2.50000000 	1.1030907594e+06
-2.00000000 3.00000000 	1.1030981060e+06
-2.00000000 3.50000000 	1.1031054521e+06
-2.00000000 4.00000000 	1.1031091643e+06
-2.00000000 4.50000000 	1.1031091648e+06
-2.00000000 5.00000000 	1.1031091649e+06
-2.00000000 5.50000000 	1.1031091650e+06
-2.00000000 6.00000000 	1.1031091650e+06
-2.00000000 6.50000000 	1.1031091650e+06
-2.00000000 7.00000000 	1.1031091650e+06
-2.00000000 7.50000000 	1.1031091650e+06
-2.00000000 8.00000000 	1.1031091650e+06
-1.50000000 -12.00000000 	1.1031091650e+06
-1.50000000 -11.50000000 	1.1031091650e+06
-1.50000000 -11.00000000 	1.1031091650e+06
-1.50000000 -10.50000000 	1.1031091650e+06
-1.50000000 -10.00000000 	1.1031091650e+06
-1.50000000 -9.50000000 	1.1031091650e+06
-1.50000000 -9.00000000 	1.1031091650e+06
-1.50000000 -8.50000000 	1.1031091650e+06
-1.50000000 -8.00000000 	1.1031091650e+06
-1.50000000 -7.50000000 	1.1031091650e+06
-1.50000000 -7.00000000 	1.1031091650e+06
-1.50000000 -6.50000000 	1.1031091650e+06
-1.50000000 -6.00000000 	1.1031091650e+06
-1.50000000 -5.50000000 	1.1031091650e+06
-1.50000000 -5.00000000 	1.1031091650e+06
-1.50000000 -4.50000000 	1.1031091650e+06
-1.50000000 -4.00000000 	1.1031091650e+06
-1.50000000 -3.50000000 	1.1031091650e+06
-1.50000000 -3.00000000 	1.1031091650e+06
-1.50000000 -2.50000000 	1.1031091648e+06
-1.50000000 -2.00000000 	1.1031091644e+06
-1.50000000 -1.50000000 	1.1031054519e+06
-1.50000000 -1.00000000 	1.1030908400e+06
-1.50000000 -0.50000000 	1.1030716289e+06
-1.50000000 0.00000000 	1.1030776116e+06
-1.50000000 0.50000000 	1.1030593942e+06
-1.50000000 1.00000000 	1.1030522881e+06
-1.50000000 1.50000000 	1.1030522881e+06
-1.50000000 2.00000000 	1.1030593942e+06
-1.50000000 2.50000000 	1.1030768446e+06
-1.50000000 3.00000000 	1.1030666343e+06
-1.50000000 3.50000000 	1.1030908400e+06
-1.50000000 4.00000000 	1.1031054518e+06
-1.50000000 4.50000000 	1.1031091643e+06
-1.50000000 5.00000000 	1.1031091648e+06
-1.50000000 5.50000000 	1.1031091649e+06
-1.50000000 6.00000000 	1.1031091650e+06
-1.50000000 6.50000000 	1.1031091650e+06
-1.50000000 7.00000000 	1.1031091650e+06
-1.50000000 7.50000000 	1.1031091650e+06
-1.50000000 8.00000000 	1.1031091650e+06
-1.00000000 -12.00000000 	1.1031091650e+06
-1.00000000 -11.50000000 	1.1031091650e+06
-1.00000000 -11.00000000 	1.1031091650e+06
-1.00000000 -10.50000000 	1.1031091650e+06
-1.00000000 -10.00000000 	1.1031091650e+06
-1.00000000 -9.50000000 	1.1031091650e+06
-1.00000000 -9.00000000 	1.1031091650e+06
-1.00000000 -8.50000000 	1.1031091650e+06
-1.00000000 -8.00000000 	1.1031091650e+06
-1.00000000 -7.50000000 	1.1031091650e+06
-1.00000000 -7.00000000 	1.1031091650e+06
-1.00000000 -6.50000000 	1.1031091650e+06
-1.00000000 -6.00000000 	1.1031091650e+06
-1.00000000 -5.50000000 	1.1031091650e+06
-1.00000000 -5.00000000 	1.1031091650e+06
-1.00000000 -4.50000000 	1.1031091650e+06
-1.00000000 -4.00000000 	1.1031091650e+06
-1.00000000 -3.50000000 	1.1031091650e+06
-1.00000000 -3.00000000 	1.1031091649e+06
-1.00000000 -2.50000000 	1.1031091646e+06
-1.00000000 -2.00000000 	1.1031054521e+06
-1.00000000 -1.50000000 	1.1030908399e+06
-1.00000000 -1.00000000 	1.1030645402e+06
-1.00000000 -0.50000000 	1.1030873945e+06
-1.00000000 0.00000000 	8.0718347575e+05
-1.00000000 0.50000000 	8.0719152018e+05
-1.00000000 1.00000000 	8.0718501967e+05
-1.00000000 1.50000000 	8.0718501973e+05
-1.00000000 2.00000000 	8.0719152030e+05
-1.00000000 2.50000000 	8.0718766008e+05
-1.00000000 3.00000000 	1.1030822876e+06
-1.00000000 3.50000000 	1.1030591702e+06
-1.00000000 4.00000000 	1.1030908396e+06
-1.00000000 4.50000000 	1.1031054518e+06
-1.00000000 5.00000000 	1.1031091643e+06
-1.00000000 5.50000000 	1.1031091648e+06
-1.00000000 6.00000000 	1.1031091650e+06
-1.00000000 6.50000000 	1.1031091650e+06
-1.00000000 7.00000000 	1.1031091650e+06
-1.00000000 7.50000000 	1.1031091650e+06
-1.00000000 8.00000000 	1.1031091650e+06
-0.50000000 -12.00000000 	1.1031091650e+06
-0.50000000 -11.50000000 	1.1031091650e+06
-0.50000000 -11.00000000 	1.1031091650e+06
-0.50000000 -10.50000000 	1.1031091650e+06
-0.50000000 -10.00000000 	1.1031091650e+06
-0.50000000 -9.50000000 	1.1031091650e+06
-0.50000000 -9.00000000 	1.1031091650e+06
-0.50000000 -8.50000000 	1.1031091650e+06
-0.50000000 -8.00000000 	1.1031091650e+06
-0.50000000 -7.50000000 	1.1031091650e+06
-0.50000000 -7.00000000 	1.1031091650e+06
-0.50000000 -6.50000000 	1.1031091650e+06
-0.50000000 -6.00000000 	1.1031091650e+06
-0.50000000 -5.50000000 	1.1031091650e+06
-0.50000000 -5.00000000 	1.1031091650e+06
-0.50000000 -4.50000000 	1.1031091650e+06
-0.50000000 -4.00000000 	1.1031091650e+06
-0.50000000 -3.50000000 	1.1031091650e+06
-0.50000000 -3.00000000 	1.1031091648e+06
-0.50000000 -2.50000000 	1.1031091641e+06
-0.50000000 -2.00000000 	1.1030981058e+06
-0.50000000 -1.50000000 	1.1030716285e+06
-0.50000000 -1.00000000 	1.1030873945e+06
-0.50000000 -0.50000000 	8.0716607958e+05
-0.50000000 0.00000000 	8.0718131925e+05
-0.50000000 0.50000000 	8.0716404012e+05
-0.50000000 1.00000000 	8.0715754012e+05
-0.50000000 1.50000000 	8.0715754016e+05
-0.50000000 2.00000000 	8.0716404026e+05
-0.50000000 2.50000000 	8.0718669120e+05
-0.50000000 3.00000000 	8.0716830398e+05
-0.50000000 3.50000000 	1.1030746180e+06
-0.50000000 4.00000000 	1.1030591701e+06
-0.50000000 4.50000000 	1.1030908399e+06
-0.50000000 5.00000000 	1.1031054521e+06
-0.50000000 5.50000000 	1.1031091646e+06
-0.50000000 6.00000000 	1.1031091649e+06
-0.50000000 6.50000000 	1.1031091650e+06
-0.50000000 7.00000000 	1.1031091650e+06
-0.50000000 7.50000000 	1.1031091650e+06
-0.50000000 8.00000000 	1.1031091650e+06
0.00000000 -12.00000000 	1.1031091650e+06
0.00000000 -11.50000000 	1.1031091650e+06
0.00000000 -11.00000000 	1.1031091650e+06
0.00000000 -10.50000000 	1.1031091650e+06
0.00000000 -10.00000000 	1.1031091650e+06
0.00000000 -9.50000000 	1.1031091650e+06
0.00000000 -9.00000000 	1.1031091650e+06
0.00000000 -8.50000000 	1.1031091650e+06
0.00000000 -8.00000000 	1.1031091650e+06
0.00000000 -7.50000000 	1.1031091650e+06
0.00000000 -7.00000000 	1.1031091650e+06
0.00000000 -6.50000000 	1.1031091650e+06
0.00000000 -6.00000000 	1.1031091650e+06
0.00000000 -5.50000000 	1.1031091650e+06
0.00000000 -5.00000000 	1.1031091650e+06
0.00000000 -4.50000000 	1.1031091650e+06
0.00000000 -4.00000000 	1.1031091650e+06
0.00000000 -3.50000000 	1.1031091649e+06
0.00000000 -3.00000000 	1.1031091646e+06
0.00000000 -2.50000000 	1.1031054518e+06
0.00000000 -2.00000000 	1.1030834935e+06
0.00000000 -1.50000000 	1.1030753763e+06
0.00000000 -1.00000000 	8.0717419988e+05
0.00000000 -0.50000000 	8.0717806740e+05
0.00000000 0.00000000 	8.0714793486e+05
0.00000000 0.50000000 	8.0713500820e+05
0.00000000 1.00000000 	8.0713183217e+05
0.00000000 1.50000000 	8.0713183218e+05
0.00000000 2.00000000 	8.0713500831e+05
0.00000000 2.50000000 	8.0714793475e+05
0.00000000 3.00000000 	8.0717701308e+05
0.00000000 3.50000000 	8.0716830408e+05
0.00000000 4.00000000 	1.1030822872e+06
0.00000000 4.50000000 	1.1030666345e+06
0.00000000 5.00000000 	1.1030981059e+06
0.00000000 5.50000000 	1.1031091642e+06
0.00000000 6.00000000 	1.1031091649e+06
0.00000000 6.50000000 	1.1031091650e+06
0.00000000 7.00000000 	1.1031091650e+06
0.00000000 7.50000000 	1.1031091650e+06
0.00000000 8.00000000 	1.1031091650e+06
0.50000000 -12.00000000 	1.1031091650e+06
0.50000000 -11.50000000 	1.1031091650e+06
0.50000000 -11.00000000 	1.1031091650e+06
0.50000000 -10.50000000 	1.1031091650e+06
0.50000000 -10.00000000 	1.1031091650e+06
0.50000000 -9.50000000 	1.1031091650e+06
0.50000000 -9.00000000 	1.1031091650e+06
0.50000000 -8.50000000 	1.1031091650e+06
0.50000000 -8.00000000 	1.1031091650e+06
0.50000000 -7.50000000 	1.1031091650e+06
0.50000000 -7.00000000 	1.1031091650e+06
0.50000000 -6.50000000 	1.1031091650e+06
0.50000000 -6.00000000 	1.1031091650e+06
0.50000000 -5.50000000 	1.1031091650e+06
0.50000000 -5.00000000 	1.1031091650e+06
0.50000000 -4.50000000 	1.1031091650e+06
0.50000000 -4.00000000 	1.1031091650e+06
0.50000000 -3.50000000 	1.1031091649e+06
0.50000000 -3.00000000 	1.1031091643e+06
0.50000000 -2.50000000 	1.1030981058e+06
0.50000000 -2.00000000 	1.1030642834e+06
0.50000000 -1.50000000 	1.1030720323e+06
0.50000000 -1.00000000 	8.0716643378e+05
0.50000000 -0.50000000 	8.0715436163e+05
0.50000000 0.00000000 	8.0713500762e+05
0.50000000 0.50000000 	8.0713183098e+05
0.50000000 1.00000000 	8.0713183059e+05
0.50000000 1.50000000 	8.0713183059e+05
0.50000000 2.00000000 	8.0713183099e+05
0.50000000 2.50000000 	8.0713500742e+05
0.50000000 3.00000000 	8.0714793482e+05
0.50000000 3.50000000 	8.0718669165e+05
0.50000000 4.00000000 	8.0719177727e+05
0.50000000 4.50000000 	1.1030710004e+06
0.50000000 5.00000000 	1.1030907594e+06
0.50000000 5.50000000 	1.1031091638e+06
0.50000000 6.00000000 	1.1031091649e+06
0.50000000 6.50000000 	1.1031091650e+06
0.50000000 7.00000000 	1.1031091650e+06
0.50000000 7.50000000 	1.1031091650e+06
0.50000000 8.00000000 	1.1031091650e+06
1.00000000 -12.00000000 	1.1031091650e+06
1.00000000 -11.50000000 	1.1031091650e+06
1.00000000 -11.00000000 	1.1031091650e+06
1.00000000 -10.50000000 	1.1031091650e+06
1.00000000 -10.00000000 	1.1031091650e+06
1.00000000 -9.50000000 	1.1031091650e+06
1.00000000 -9.00000000 	1.1031091650e+06
1.00000000 -8.50000000 	1.1031091650e+06
1.00000000 -8.00000000 	1.1031091650e+06
1.00000000 -7.50000000 	1.1031091650e+06
1.00000000 -7.00000000 	1.1031091650e+06
1.00000000 -6.50000000 	1.1031091650e+06
1.00000000 -6.00000000 	1.1031091650e+06
1.00000000 -5.50000000 	1.1031091650e+06
1.00000000 -5.00000000 	1.1031091650e+06
1.00000000 -4.50000000 	1.1031091650e+06
1.00000000 -4.00000000 	1.1031091650e+06
1.00000000 -3.50000000 	1.1031091649e+06
1.00000000 -3.00000000 	1.1031091639e+06
1.00000000 -2.50000000 	1.1030907594e+06
1.00000000 -2.00000000 	1.1030788346e+06
1.00000000 -1.50000000 	8.0717404242e+05
1.00000000 -1.00000000 	8.0717500306e+05
1.00000000 -0.50000000 	8.0714143453e+05
1.00000000 0.00000000 	8.0713183121e+05
1.00000000 0.50000000 	8.0713183051e+05
1.00000000 1.00000000 	8.0713183037e+05
1.00000000 1.50000000 	8.0713183037e+05
1.00000000 2.00000000 	8.0713183050e+05
1.00000000 2.50000000 	8.0713183099e+05
1.00000000 3.00000000 	8.0713500839e+05
1.00000000 3.50000000 	8.0716404073e+05
1.00000000 4.00000000 	8.0720179515e+05
1.00000000 4.50000000 	1.1030495024e+06
1.00000000 5.00000000 	1.1030834137e+06
1.00000000 5.50000000 	1.1031091635e+06
1.00000000 6.00000000 	1.1031091649e+06
1.00000000 6.50000000 	1.1031091650e+06
1.00000000 7.00000000 	1.1031091650e+06
1.00000000 7.50000000 	1.1031091650e+06
1.00000000 8.00000000 	1.1031091650e+06
1.50000000 -12.00000000 	1.1031091650e+06
1.50000000 -11.50000000 	1.1031091650e+06
1.50000000 -11.00000000 	1.1031091650e+06
1.50000000 -10.50000000 	1.1031091650e+06
1.50000000 -10.00000000 	1.1031091650e+06
1.50000000 -9.50000000 	1.1031091650e+06
1.50000000 -9.00000000 	1.1031091650e+06
1.50000000 -8.50000000 	1.1031091650e+06
1.50000000 -8.00000000 	1.1031091650e+06
1.50000000 -7.50000000 	1.1031091650e+06
1.50000000 -7.00000000 	1.1031091650e+06
1.50000000 -6.50000000 	1.1031091650e+06
1.50000000 -6.00000000 	1.1031091650e+06
1.50000000 -5.50000000 	1.1031091650e+06
1.50000000 -5.00000000 	1.1031091650e+06
1.50000000 -4.50000000 	1.1031091650e+06
1.50000000 -4.00000000 	1.1031091650e+06
1.50000000 -3.50000000 	1.1031091649e+06
1.50000000 -3.00000000 	1.1031091636e+06
1.50000000 -2.50000000 	1.1030834138e+06
1.50000000 -2.00000000 	1.1030673082e+06
1.50000000 -1.50000000 	8.0718329903e+05
1.50000000 -1.00000000 	8.0716403951e+05
1.50000000 -0.50000000 	8.0713500782e+05
1.50000000 0.00000000 	8.0713183075e+05
1.50000000 0.50000000 	8.0713183038e+05
1.50000000 1.00000000 	8.0713183035e+05
1.50000000 1.50000000 	8.0713183035e+05
1.50000000 2.00000000 	8.0713183036e+05
1.50000000 2.50000000 	8.0713183059e+05
1.50000000 3.00000000 	8.0713183225e+05
1.50000000 3.50000000 	8.0715754074e+05
1.50000000 4.00000000 	8.0719487888e+05
1.50000000 4.50000000 	1.1030415083e+06
1.50000000 5.00000000 	1.1030797791e+06
1.50000000 5.50000000 	1.1031091633e+06
1.50000000 6.00000000 	1.1031091648e+06
1.50000000 6.50000000 	1.1031091650e+06
1.50000000 7.00000000 	1.1031091650e+06
1.50000000 7.50000000 	1.1031091650e+06
1.50000000 8.00000000 	1.1031091650e+06
2.00000000 -12.00000000 	1.1031091650e+06
2.00000000 -11.50000000 	1.1031091650e+06
2.00000000 -11.00000000 	1.1031091650e+06
2.00000000 -10.50000000 	1.1031091650e+06
2.00000000 -10.00000000 	1.1031091650e+06
2.00000000 -9.50000000 	1.1031091650e+06
2.00000000 -9.00000000 	1.1031091650e+06
2.00000000 -8.50000000 	1.1031091650e+06
2.00000000 -8.00000000 	1.1031091650e+06
2.00000000 -7.50000000 	1.1031091650e+06
2.00000000 -7.00000000 	1.1031091650e+06
2.00000000 -6.50000000 	1.1031091650e+06
2.00000000 -6.00000000 	1.1031091650e+06
2.00000000 -5.50000000 	1.1031091650e+06
2.00000000 -5.00000000 	1.1031091650e+06
2.00000000 -4.50000000 	1.1031091650e+06
2.00000000 -4.00000000 	1.1031091650e+06
2.00000000 -3.50000000 	1.1031091648e+06
2.00000000 -3.00000000 	1.1031091634e+06
2.00000000 -2.50000000 	1.1030797794e+06
2.00000000 -2.00000000 	1.1030609125e+06
2.00000000 -1.50000000 	8.0717713132e+05
2.00000000 -1.00000000 	8.0715753978e+05
2.00000000 -0.50000000 	8.0713183205e+05
2.00000000 0.00000000 	8.0713183056e+05
2.00000000 0.50000000 	8.0713183036e+05
2.00000000 1.00000000 	8.0713183035e+05
2.00000000 1.50000000 	8.0713183035e+05
2.00000000 2.00000000 	8.0713183035e+05
2.00000000 2.50000000 	8.0713183047e+05
2.00000000 3.00000000 	8.0713183204e+05
2.00000000 3.50000000 	8.0715754043e+05
2.00000000 4.00000000 	8.0719487843e+05
2.00000000 4.50000000 	1.1030415080e+06
2.00000000 5.00000000 	1.1030797789e+06
2.00000000 5.50000000 	1.1031091631e+06
2.00000000 6.00000000 	1.1031091648e+06
2.00000000 6.50000000 	1.1031091650e+06
2.00000000 7.00000000 	1.1031091650e+06
2.00000000 7.50000000 	1.1031091650e+06
2.00000000 8.00000000 	1.1031091650e+06
