-8.00000000 	5.0926575632e+08
-7.50000000 	5.0926575632e+08
-7.00000000 	5.0926575632e+08
-6.50000000 	5.0926575632e+08
-6.00000000 	5.0926575632e+08
-5.50000000 	5.0926575632e+08
-5.00000000 	5.0926575632e+08
-4.50000000 	5.0926575632e+08
-4.00000000 	5.0926575632e+08
-3.50000000 	5.0926575632e+08
-3.00000000 	5.0926575632e+08
-2.50000000 	5.0926575632e+08
-2.00000000 	5.0926575632e+08
-1.50000000 	5.0920529599e+08
-1.00000000 	5.0822812089e+08
-0.50000000 	5.0267908996e+08
0.00000000 	4.9123483414e+08
0.50000000 	4.9123483414e+08
1.00000000 	5.0267908996e+08
1.50000000 	5.0822812089e+08
2.00000000 	5.0920529599e+08
