-8.00000000 -12.00000000 	5.0926575632e+08
-8.00000000 -11.50000000 	5.0926575632e+08
-8.00000000 -11.00000000 	5.0926575632e+08
-8.00000000 -10.50000000 	5.0926575632e+08
-8.00000000 -10.00000000 	5.0884923972e+08
-8.00000000 -9.50000000 	5.0625752544e+08
-8.00000000 -9.00000000 	4.9944843200e+08
-8.00000000 -8.50000000 	4.9007687101e+08
-8.00000000 -8.00000000 	4.8417691845e+08
-8.00000000 -7.50000000 	4.8612592884e+08
-8.00000000 -7.00000000 	4.9385982240e+08
-8.00000000 -6.50000000 	5.0183422414e+08
-8.00000000 -6.00000000 	5.0670320736e+08
-8.00000000 -5.50000000 	5.0866042545e+08
-8.00000000 -5.00000000 	5.0917776898e+08
-8.00000000 -4.50000000 	5.0925982936e+08
-8.00000000 -4.00000000 	5.0926575632e+08
-8.00000000 -3.50000000 	5.0926575632e+08
-8.00000000 -3.00000000 	5.0926575632e+08
-8.00000000 -2.50000000 	5.0926575632e+08
-8.00000000 -2.00000000 	5.0926575632e+08
-8.00000000 -1.50000000 	5.0926575632e+08
-8.00000000 -1.00000000 	5.0926575632e+08
-8.00000000 -0.50000000 	5.0926575632e+08
-8.00000000 0.00000000 	5.0926575632e+08
-8.00000000 0.50000000 	5.0926575632e+08
-8.00000000 1.00000000 	5.0926575632e+08
-8.00000000 1.50000000 	5.0926575632e+08
-8.00000000 2.00000000 	5.0926575632e+08
-8.00000000 2.50000000 	5.0926575632e+08
-8.00000000 3.00000000 	5.0926575632e+08
-8.00000000 3.50000000 	5.0926575632e+08
-8.00000000 4.00000000 	5.0926575632e+08
-8.00000000 4.50000000 	5.0926575632e+08
-8.00000000 5.00000000 	5.0926575632e+08
-8.00000000 5.50000000 	5.0926575632e+08
-8.00000000 6.00000000 	5.0926575632e+08
-8.00000000 6.50000000 	5.0926575632e+08
-8.00000000 7.00000000 	5.0926575632e+08
-8.00000000 7.50000000 	5.0926575632e+08
-8.00000000 8.00000000 	5.0926575632e+08
-7.50000000 -12.00000000 	5.0926575632e+08
-7.50000000 -11.50000000 	5.0926575632e+08
-7.50000000 -11.00000000 	5.0926575632e+08
-7.50000000 -10.50000000 	5.0926575632e+08
-7.50000000 -10.00000000 	5.0895681440e+08
-7.50000000 -9.50000000 	5.0692364153e+08
-7.50000000 -9.00000000 	5.0112922794e+08
-7.50000000 -8.50000000 	4.9200474037e+08
-7.50000000 -8.00000000 	4.8410312367e+08
-7.50000000 -7.50000000 	4.8241056668e+08
-7.50000000 -7.00000000 	4.8754027070e+08
-7.50000000 -6.50000000 	4.9575969806e+08
-7.50000000 -6.00000000 	5.0285506877e+08
-7.50000000 -5.50000000 	5.0701111619e+08
-7.50000000 -5.00000000 	5.0871320764e+08
-7.50000000 -4.50000000 	5.0918182682e+08
-7.50000000 -4.00000000 	5.0925982936e+08
-7.50000000 -3.50000000 	5.0926575632e+08
-7.50000000 -3.00000000 	5.0926575632e+08
-7.50000000 -2.50000000 	5.0926575632e+08
-7.50000000 -2.00000000 	5.0926575632e+08
-7.50000000 -1.50000000 	5.0926575632e+08
-7.50000000 -1.00000000 	5.0926575632e+08
-7.50000000 -0.50000000 	5.0926575632e+08
-7.50000000 0.00000000 	5.0926575632e+08
-7.50000000 0.50000000 	5.0926575632e+08
-7.50000000 1.00000000 	5.0926575632e+08
-7.50000000 1.50000000 	5.0926575632e+08
-7.50000000 2.00000000 	5.0926575632e+08
-7.50000000 2.50000000 	5.0926575632e+08
-7.50000000 3.00000000 	5.0926575632e+08
-7.50000000 3.50000000 	5.0926575632e+08
-7.50000000 4.00000000 	5.0926575632e+08
-7.50000000 4.50000000 	5.0926575632e+08
-7.50000000 5.00000000 	5.0926575632e+08
-7.50000000 5.50000000 	5.0926575632e+08
-7.50000000 6.00000000 	5.0926575632e+08
-7.50000000 6.50000000 	5.0926575632e+08
-7.50000000 7.00000000 	5.0926575632e+08
-7.50000000 7.50000000 	5.0926575632e+08
-7.50000000 8.00000000 	5.0926575632e+08
-7.00000000 -12.00000000 	5.0926575632e+08
-7.00000000 -11.50000000 	5.0926575632e+08
-7.00000000 -11.00000000 	5.0926575632e+08
-7.00000000 -10.50000000 	5.0926575632e+08
-7.00000000 -10.00000000 	5.0911213920e+08
-7.00000000 -9.50000000 	5.0798773768e+08
-7.00000000 -9.00000000 	5.0429322074e+08
-7.00000000 -8.50000000 	4.9716392193e+08
-7.00000000 -8.00000000 	4.8848218657e+08
-7.00000000 -7.50000000 	4.8240136624e+08
-7.00000000 -7.00000000 	4.8221981638e+08
-7.00000000 -6.50000000 	4.8779780161e+08
-7.00000000 -6.00000000 	4.9590846387e+08
-7.00000000 -5.50000000 	5.0288770187e+08
-7.00000000 -5.00000000 	5.0701391549e+08
-7.00000000 -4.50000000 	5.0871320764e+08
-7.00000000 -4.00000000 	5.0918182682e+08
-7.00000000 -3.50000000 	5.0925982936e+08
-7.00000000 -3.00000000 	5.0926575632e+08
-7.00000000 -2.50000000 	5.0926575632e+08
-7.00000000 -2.00000000 	5.0926575632e+08
-7.00000000 -1.50000000 	5.0926575632e+08
-7.00000000 -1.00000000 	5.0926575632e+08
-7.00000000 -0.50000000 	5.0926575632e+08
-7.00000000 0.00000000 	5.0926575632e+08
-7.00000000 0.50000000 	5.0926575632e+08
-7.00000000 1.00000000 	5.0926575632e+08
-7.00000000 1.50000000 	5.0926575632e+08
-7.00000000 2.00000000 	5.0926575632e+08
-7.00000000 2.50000000 	5.0926575632e+08
-7.00000000 3.00000000 	5.0926575632e+08
-7.00000000 3.50000000 	5.0926575632e+08
-7.00000000 4.00000000 	5.0926575632e+08
-7.00000000 4.50000000 	5.0926575632e+08
-7.00000000 5.00000000 	5.0926575632e+08
-7.00000000 5.50000000 	5.0926575632e+08
-7.00000000 6.00000000 	5.0926575632e+08
-7.00000000 6.50000000 	5.0926575632e+08
-7.00000000 7.00000000 	5.0926575632e+08
-7.00000000 7.50000000 	5.0926575632e+08
-7.00000000 8.00000000 	5.0926575632e+08
-6.50000000 -12.00000000 	5.0926575632e+08
-6.50000000 -11.50000000 	5.0926575632e+08
-6.50000000 -11.00000000 	5.0926575632e+08
-6.50000000 -10.50000000 	5.0926575632e+08
-6.50000000 -10.00000000 	5.0922056890e+08
-6.50000000 -9.50000000 	5.0882239496e+08
-6.50000000 -9.00000000 	5.0718646429e+08
-6.50000000 -8.50000000 	5.0305359292e+08
-6.50000000 -8.00000000 	4.9600784369e+08
-6.50000000 -7.50000000 	4.8784125186e+08
-6.50000000 -7.00000000 	4.8222062284e+08
-6.50000000 -6.50000000 	4.8221533675e+08
-6.50000000 -6.00000000 	4.8780784771e+08
-6.50000000 -5.50000000 	4.9591001456e+08
-6.50000000 -5.00000000 	5.0288770187e+08
-6.50000000 -4.50000000 	5.0701391549e+08
-6.50000000 -4.00000000 	5.0871320764e+08
-6.50000000 -3.50000000 	5.0918182682e+08
-6.50000000 -3.00000000 	5.0925982936e+08
-6.50000000 -2.50000000 	5.0926575632e+08
-6.50000000 -2.00000000 	5.0926575632e+08
-6.50000000 -1.50000000 	5.0926575632e+08
-6.50000000 -1.00000000 	5.0926575632e+08
-6.50000000 -0.50000000 	5.0926575632e+08
-6.50000000 0.00000000 	5.0926575632e+08
-6.50000000 0.50000000 	5.0926575632e+08
-6.50000000 1.00000000 	5.0926575632e+08
-6.50000000 1.50000000 	5.0926575632e+08
-6.50000000 2.00000000 	5.0926575632e+08
-6.50000000 2.50000000 	5.0926575632e+08
-6.50000000 3.00000000 	5.0926575632e+08
-6.50000000 3.50000000 	5.0926575632e+08
-6.50000000 4.00000000 	5.0926575632e+08
-6.50000000 4.50000000 	5.0926575632e+08
-6.50000000 5.00000000 	5.0926575632e+08
-6.50000000 5.50000000 	5.0926575632e+08
-6.50000000 6.00000000 	5.0926575632e+08
-6.50000000 6.50000000 	5.0926575632e+08
-6.50000000 7.00000000 	5.0926575632e+08
-6.50000000 7.50000000 	5.0926575632e+08
-6.50000000 8.00000000 	5.0926575632e+08
-6.00000000 -12.00000000 	5.0926575632e+08
-6.00000000 -11.50000000 	5.0926575632e+08
-6.00000000 -11.00000000 	5.0926575632e+08
-6.00000000 -10.50000000 	5.0926575632e+08
-6.00000000 -10.00000000 	5.0925982936e+08
-6.00000000 -9.50000000 	5.0918182682e+08
-6.00000000 -9.00000000 	5.0871320764e+08
-6.00000000 -8.50000000 	5.0701391549e+08
-6.00000000 -8.00000000 	5.0288770187e+08
-6.00000000 -7.50000000 	4.9591001456e+08
-6.00000000 -7.00000000 	4.8780784771e+08
-6.00000000 -6.50000000 	4.8221513800e+08
-6.00000000 -6.00000000 	4.8221513800e+08
-6.00000000 -5.50000000 	4.8780784771e+08
-6.00000000 -5.00000000 	4.9591001456e+08
-6.00000000 -4.50000000 	5.0288770187e+08
-6.00000000 -4.00000000 	5.0701391549e+08
-6.00000000 -3.50000000 	5.0871320764e+08
-6.00000000 -3.00000000 	5.0918182682e+08
-6.00000000 -2.50000000 	5.0925982936e+08
-6.00000000 -2.00000000 	5.0926575632e+08
-6.00000000 -1.50000000 	5.0926575632e+08
-6.00000000 -1.00000000 	5.0926575632e+08
-6.00000000 -0.50000000 	5.0926575632e+08
-6.00000000 0.00000000 	5.0926575632e+08
-6.00000000 0.50000000 	5.0926575632e+08
-6.00000000 1.00000000 	5.0926575632e+08
-6.00000000 1.50000000 	5.0926575632e+08
-6.00000000 2.00000000 	5.0926575632e+08
-6.00000000 2.50000000 	5.0926575632e+08
-6.00000000 3.00000000 	5.0926575632e+08
-6.00000000 3.50000000 	5.0926575632e+08
-6.00000000 4.00000000 	5.0926575632e+08
-6.00000000 4.50000000 	5.0926575632e+08
-6.00000000 5.00000000 	5.0926575632e+08
-6.00000000 5.50000000 	5.0926575632e+08
-6.00000000 6.00000000 	5.0926575632e+08
-6.00000000 6.50000000 	5.0926575632e+08
-6.00000000 7.00000000 	5.0926575632e+08
-6.00000000 7.50000000 	5.0926575632e+08
-6.00000000 8.00000000 	5.0926575632e+08
-5.50000000 -12.00000000 	5.0926575632e+08
-5.50000000 -11.50000000 	5.0926575632e+08
-5.50000000 -11.00000000 	5.0926575632e+08
-5.50000000 -10.50000000 	5.0926575632e+08
-5.50000000 -10.00000000 	5.0926575632e+08
-5.50000000 -9.50000000 	5.0925982936e+08
-5.50000000 -9.00000000 	5.0918182682e+08
-5.50000000 -8.50000000 	5.0871320764e+08
-5.50000000 -8.00000000 	5.0701391549e+08
-5.50000000 -7.50000000 	5.0288770187e+08
-5.50000000 -7.00000000 	4.9591001456e+08
-5.50000000 -6.50000000 	4.8780784771e+08
-5.50000000 -6.00000000 	4.8221513800e+08
-5.50000000 -5.50000000 	4.8221513800e+08
-5.50000000 -5.00000000 	4.8780784771e+08
-5.50000000 -4.50000000 	4.9591001456e+08
-5.50000000 -4.00000000 	5.0288770187e+08
-5.50000000 -3.50000000 	5.0701391549e+08
-5.50000000 -3.00000000 	5.0871320764e+08
-5.50000000 -2.50000000 	5.0918182682e+08
-5.50000000 -2.00000000 	5.0925982936e+08
-5.50000000 -1.50000000 	5.0926575632e+08
-5.50000000 -1.00000000 	5.0926575632e+08
-5.50000000 -0.50000000 	5.0926575632e+08
-5.50000000 0.00000000 	5.0926575632e+08
-5.50000000 0.50000000 	5.0926575632e+08
-5.50000000 1.00000000 	5.0926575632e+08
-5.50000000 1.50000000 	5.0926575632e+08
-5.50000000 2.00000000 	5.0926575632e+08
-5.50000000 2.50000000 	5.0926575632e+08
-5.50000000 3.00000000 	5.0926575632e+08
-5.50000000 3.50000000 	5.0926575632e+08
-5.50000000 4.00000000 	5.0926575632e+08
-5.50000000 4.50000000 	5.0926575632e+08
-5.50000000 5.00000000 	5.0926575632e+08
-5.50000000 5.50000000 	5.0926575632e+08
-5.50000000 6.00000000 	5.0926575632e+08
-5.50000000 6.50000000 	5.0926575632e+08
-5.50000000 7.00000000 	5.0926575632e+08
-5.50000000 7.50000000 	5.0926575632e+08
-5.50000000 8.00000000 	5.0926575632e+08
-5.00000000 -12.00000000 	5.0926575632e+08
-5.00000000 -11.50000000 	5.0926575632e+08
-5.00000000 -11.00000000 	5.0926575632e+08
-5.00000000 -10.50000000 	5.0926575632e+08
-5.00000000 -10.00000000 	5.0926575632e+08
-5.00000000 -9.50000000 	5.0926575632e+08
-5.00000000 -9.00000000 	5.0925982936e+08
-5.00000000 -8.50000000 	5.0918182682e+08
-5.00000000 -8.00000000 	5.0871320764e+08
-5.00000000 -7.50000000 	5.0701391549e+08
-5.00000000 -7.00000000 	5.0288770187e+08
-5.00000000 -6.50000000 	4.9591001456e+08
-5.00000000 -6.00000000 	4.8780784771e+08
-5.00000000 -5.50000000 	4.8221513800e+08
-5.00000000 -5.00000000 	4.8221513800e+08
-5.00000000 -4.50000000 	4.8780784771e+08
-5.00000000 -4.00000000 	4.9591001456e+08
-5.00000000 -3.50000000 	5.0288770187e+08
-5.00000000 -3.00000000 	5.0701391549e+08
-5.00000000 -2.50000000 	5.0871320764e+08
-5.00000000 -2.00000000 	5.0918182682e+08
-5.00000000 -1.50000000 	5.0925982936e+08
-5.00000000 -1.00000000 	5.0926575632e+08
-5.00000000 -0.50000000 	5.0926575632e+08
-5.00000000 0.00000000 	5.0926575632e+08
-5.00000000 0.50000000 	5.0926575632e+08
-5.00000000 1.00000000 	5.0926575632e+08
-5.00000000 1.50000000 	5.0926575632e+08
-5.00000000 2.00000000 	5.0926575632e+08
-5.00000000 2.50000000 	5.0926575632e+08
-5.00000000 3.00000000 	5.0926575632e+08
-5.00000000 3.50000000 	5.0926575632e+08
-5.00000000 4.00000000 	5.0926575632e+08
-5.00000000 4.50000000 	5.0926575632e+08
-5.00000000 5.00000000 	5.0926575632e+08
-5.00000000 5.50000000 	5.0926575632e+08
-5.00000000 6.00000000 	5.0926575632e+08
-5.00000000 6.50000000 	5.0926575632e+08
-5.00000000 7.00000000 	5.0926575632e+08
-5.00000000 7.50000000 	5.0926575632e+08
-5.00000000 8.00000000 	5.0926575632e+08
-4.50000000 -12.00000000 	5.0926575632e+08
-4.50000000 -11.50000000 	5.0926575632e+08
-4.50000000 -11.00000000 	5.0926575632e+08
-4.50000000 -10.50000000 	5.0926575632e+08
-4.50000000 -10.00000000 	5.0926575632e+08
-4.50000000 -9.50000000 	5.0926575632e+08
-4.50000000 -9.00000000 	5.0926575632e+08
-4.50000000 -8.50000000 	5.0925982936e+08
-4.50000000 -8.00000000 	5.0918182682e+08
-4.50000000 -7.50000000 	5.0871320764e+08
-4.50000000 -7.00000000 	5.0701391549e+08
-4.50000000 -6.50000000 	5.0288770187e+08
-4.50000000 -6.00000000 	4.9591001456e+08
-4.50000000 -5.50000000 	4.8780784771e+08
-4.50000000 -5.00000000 	4.8221513800e+08
-4.50000000 -4.50000000 	4.8221513800e+08
-4.50000000 -4.00000000 	4.8780784771e+08
-4.50000000 -3.50000000 	4.9591001456e+08
-4.50000000 -3.00000000 	5.0288770187e+08
-4.50000000 -2.50000000 	5.0701391549e+08
-4.50000000 -2.00000000 	5.0871320764e+08
-4.50000000 -1.50000000 	5.0918182682e+08
-4.50000000 -1.00000000 	5.0925982936e+08
-4.50000000 -0.50000000 	5.0926575632e+08
-4.50000000 0.00000000 	5.0926575632e+08
-4.50000000 0.50000000 	5.0926575632e+08
-4.50000000 1.00000000 	5.0926575632e+08
-4.50000000 1.50000000 	5.0926575632e+08
-4.50000000 2.00000000 	5.0926575632e+08
-4.50000000 2.50000000 	5.0926575632e+08
-4.50000000 3.00000000 	5.0926575632e+08
-4.50000000 3.50000000 	5.0926575632e+08
-4.50000000 4.00000000 	5.0926575632e+08
-4.50000000 4.50000000 	5.0926575632e+08
-4.50000000 5.00000000 	5.0926575632e+08
-4.50000000 5.50000000 	5.0926575632e+08
-4.50000000 6.00000000 	5.0926575632e+08
-4.50000000 6.50000000 	5.0926575632e+08
-4.50000000 7.00000000 	5.0926575632e+08
-4.50000000 7.50000000 	5.0926575632e+08
-4.50000000 8.00000000 	5.0926575632e+08
-4.00000000 -12.00000000 	5.0926575632e+08
-4.00000000 -11.50000000 	5.0926575632e+08
-4.00000000 -11.00000000 	5.0926575632e+08
-4.00000000 -10.50000000 	5.0926575632e+08
-4.00000000 -10.00000000 	5.0926575632e+08
-4.00000000 -9.50000000 	5.0926575632e+08
-4.00000000 -9.00000000 	5.0926575632e+08
-4.00000000 -8.50000000 	5.0926575632e+08
-4.00000000 -8.00000000 	5.0925982936e+08
-4.00000000 -7.50000000 	5.0918182682e+08
-4.00000000 -7.00000000 	5.0871320764e+08
-4.00000000 -6.50000000 	5.0701391549e+08
-4.00000000 -6.00000000 	5.0288770187e+08
-4.00000000 -5.50000000 	4.9591001456e+08
-4.00000000 -5.00000000 	4.8780784771e+08
-4.00000000 -4.50000000 	4.8221513800e+08
-4.00000000 -4.00000000 	4.8221513800e+08
-4.00000000 -3.50000000 	4.8780784771e+08
-4.00000000 -3.00000000 	4.9591001456e+08
-4.00000000 -2.50000000 	5.0288770187e+08
-4.00000000 -2.00000000 	5.0701391549e+08
-4.00000000 -1.50000000 	5.0871320764e+08
-4.00000000 -1.00000000 	5.0918182682e+08
-4.00000000 -0.50000000 	5.0925982936e+08
-4.00000000 0.00000000 	5.0926575632e+08
-4.00000000 0.50000000 	5.0926575632e+08
-4.00000000 1.00000000 	5.0926575632e+08
-4.00000000 1.50000000 	5.0926575632e+08
-4.00000000 2.00000000 	5.0926575632e+08
-4.00000000 2.50000000 	5.0926575632e+08
-4.00000000 3.00000000 	5.0926575632e+08
-4.00000000 3.50000000 	5.0926575632e+08
-4.00000000 4.00000000 	5.0926575632e+08
-4.00000000 4.50000000 	5.0926575632e+08
-4.00000000 5.00000000 	5.0926575632e+08
-4.00000000 5.50000000 	5.0926575632e+08
-4.00000000 6.00000000 	5.0926575632e+08
-4.00000000 6.50000000 	5.0926575632e+08
-4.00000000 7.00000000 	5.0926575632e+08
-4.00000000 7.50000000 	5.0926575632e+08
-4.00000000 8.00000000 	5.0926575632e+08
-3.50000000 -12.00000000 	5.0926575632e+08
-3.50000000 -11.50000000 	5.0926575632e+08
-3.50000000 -11.00000000 	5.0926575632e+08
-3.50000000 -10.50000000 	5.0926575632e+08
-3.50000000 -10.00000000 	5.0926575632e+08
-3.50000000 -9.50000000 	5.0926575632e+08
-3.50000000 -9.00000000 	5.0926575632e+08
-3.50000000 -8.50000000 	5.0926575632e+08
-3.50000000 -8.00000000 	5.0926575632e+08
-3.50000000 -7.50000000 	5.0925982936e+08
-3.50000000 -7.00000000 	5.0918182682e+08
-3.50000000 -6.50000000 	5.0871320764e+08
-3.50000000 -6.00000000 	5.0701391549e+08
-3.50000000 -5.50000000 	5.0288770187e+08
-3.50000000 -5.00000000 	4.9591001456e+08
-3.50000000 -4.50000000 	4.8780784771e+08
-3.50000000 -4.00000000 	4.8221513800e+08
-3.50000000 -3.50000000 	4.8221513800e+08
-3.50000000 -3.00000000 	4.8780784771e+08
-3.50000000 -2.50000000 	4.9591001456e+08
-3.50000000 -2.00000000 	5.0288770187e+08
-3.50000000 -1.50000000 	5.0701391549e+08
-3.50000000 -1.00000000 	5.0871320764e+08
-3.50000000 -0.50000000 	5.0918182682e+08
-3.50000000 0.00000000 	5.0925982936e+08
-3.50000000 0.50000000 	5.0926575632e+08
-3.50000000 1.00000000 	5.0926575632e+08
-3.50000000 1.50000000 	5.0926575632e+08
-3.50000000 2.00000000 	5.0926575632e+08
-3.50000000 2.50000000 	5.0926575632e+08
-3.50000000 3.00000000 	5.0926575632e+08
-3.50000000 3.50000000 	5.0926575632e+08
-3.50000000 4.00000000 	5.0926575632e+08
-3.50000000 4.50000000 	5.0926575632e+08
-3.50000000 5.00000000 	5.0926575632e+08
-3.50000000 5.50000000 	5.0926575632e+08
-3.50000000 6.00000000 	5.0926575632e+08
-3.50000000 6.50000000 	5.0926575632e+08
-3.50000000 7.00000000 	5.0926575632e+08
-3.50000000 7.50000000 	5.0926575632e+08
-3.50000000 8.00000000 	5.0926575632e+08
-3.00000000 -12.00000000 	5.0926575632e+08
-3.00000000 -11.50000000 	5.0926575632e+08
-3.00000000 -11.00000000 	5.0926575632e+08
-3.00000000 -10.50000000 	5.0926575632e+08
-3.00000000 -10.00000000 	5.0926575632e+08
-3.00000000 -9.50000000 	5.0926575632e+08
-3.00000000 -9.00000000 	5.0926575632e+08
-3.00000000 -8.50000000 	5.0926575632e+08
-3.00000000 -8.00000000 	5.0926575632e+08
-3.00000000 -7.50000000 	5.0926575632e+08
-3.00000000 -7.00000000 	5.0925982936e+08
-3.00000000 -6.50000000 	5.0918182682e+08
-3.00000000 -6.00000000 	5.0871320764e+08
-3.00000000 -5.50000000 	5.0701391549e+08
-3.00000000 -5.00000000 	5.0288770187e+08
-3.00000000 -4.50000000 	4.9591001456e+08
-3.00000000 -4.00000000 	4.8780784771e+08
-3.00000000 -3.50000000 	4.8221513800e+08
-3.00000000 -3.00000000 	4.8221513800e+08
-3.00000000 -2.50000000 	4.8780784771e+08
-3.00000000 -2.00000000 	4.9591001456e+08
-3.00000000 -1.50000000 	5.0288770187e+08
-3.00000000 -1.00000000 	5.0701391549e+08
-3.00000000 -0.50000000 	5.0871320764e+08
-3.00000000 0.00000000 	5.0918182682e+08
-3.00000000 0.50000000 	5.0925982936e+08
-3.00000000 1.00000000 	5.0926575632e+08
-3.00000000 1.50000000 	5.0926575632e+08
-3.00000000 2.00000000 	5.0926575632e+08
-3.00000000 2.50000000 	5.0926575632e+08
-3.00000000 3.00000000 	5.0926575632e+08
-3.00000000 3.50000000 	5.0926575632e+08
-3.00000000 4.00000000 	5.0926575632e+08
-3.00000000 4.50000000 	5.0926575632e+08
-3.00000000 5.00000000 	5.0926575632e+08
-3.00000000 5.50000000 	5.0926575632e+08
-3.00000000 6.00000000 	5.0926575632e+08
-3.00000000 6.50000000 	5.0926575632e+08
-3.00000000 7.00000000 	5.0926575632e+08
-3.00000000 7.50000000 	5.0926575632e+08
-3.00000000 8.00000000 	5.0926575632e+08
-2.50000000 -12.00000000 	5.0926575632e+08
-2.50000000 -11.50000000 	5.0926575632e+08
-2.50000000 -11.00000000 	5.0926575632e+08
-2.50000000 -10.50000000 	5.0926575632e+08
-2.50000000 -10.00000000 	5.0926575632e+08
-2.50000000 -9.50000000 	5.0926575632e+08
-2.50000000 -9.00000000 	5.0926575632e+08
-2.50000000 -8.50000000 	5.0926575632e+08
-2.50000000 -8.00000000 	5.0926575632e+08
-2.50000000 -7.50000000 	5.0926575632e+08
-2.50000000 -7.00000000 	5.0926575632e+08
-2.50000000 -6.50000000 	5.0925982936e+08
-2.50000000 -6.00000000 	5.0918182682e+08
-2.50000000 -5.50000000 	5.0871320764e+08
-2.50000000 -5.00000000 	5.0701391549e+08
-2.50000000 -4.50000000 	5.0288770187e+08
-2.50000000 -4.00000000 	4.9591001456e+08
-2.50000000 -3.50000000 	4.8780784771e+08
-2.50000000 -3.00000000 	4.8221513800e+08
-2.50000000 -2.50000000 	4.8221513800e+08
-2.50000000 -2.00000000 	4.8780784771e+08
-2.50000000 -1.50000000 	4.9591001456e+08
-2.50000000 -1.00000000 	5.0288770187e+08
-2.50000000 -0.50000000 	5.0701391549e+08
-2.50000000 0.00000000 	5.0871320764e+08
-2.50000000 0.50000000 	5.0918182682e+08
-2.50000000 1.00000000 	5.0925982936e+08
-2.50000000 1.50000000 	5.0926575632e+08
-2.50000000 2.00000000 	5.0926575632e+08
-2.50000000 2.50000000 	5.0926575632e+08
-2.50000000 3.00000000 	5.0926575632e+08
-2.50000000 3.50000000 	5.0926575632e+08
-2.50000000 4.00000000 	5.0926575632e+08
-2.50000000 4.50000000 	5.0926575632e+08
-2.50000000 5.00000000 	5.0926575632e+08
-2.50000000 5.50000000 	5.0926575632e+08
-2.50000000 6.00000000 	5.0926575632e+08
-2.50000000 6.50000000 	5.0926575632e+08
-2.50000000 7.00000000 	5.0926575632e+08
-2.50000000 7.50000000 	5.0926575632e+08
-2.50000000 8.00000000 	5.0926575632e+08
-2.00000000 -12.00000000 	5.0926575632e+08
-2.00000000 -11.50000000 	5.0926575632e+08
-2.00000000 -11.00000000 	5.0926575632e+08
-2.00000000 -10.50000000 	5.0926575632e+08
-2.00000000 -10.00000000 	5.0926575632e+08
-2.00000000 -9.50000000 	5.0926575632e+08
-2.00000000 -9.00000000 	5.0926575632e+08
-2.00000000 -8.50000000 	5.0926575632e+08
-2.00000000 -8.00000000 	5.0926575632e+08
-2.00000000 -7.50000000 	5.0926575632e+08
-2.00000000 -7.00000000 	5.0926575632e+08
-2.00000000 -6.50000000 	5.0926575632e+08
-2.00000000 -6.00000000 	5.0925982936e+08
-2.00000000 -5.50000000 	5.0918182682e+08
-2.00000000 -5.00000000 	5.0871320764e+08
-2.00000000 -4.50000000 	5.0701391549e+08
-2.00000000 -4.00000000 	5.0288770187e+08
-2.00000000 -3.50000000 	4.9591001456e+08
-2.00000000 -3.00000000 	4.8780784771e+08
-2.00000000 -2.50000000 	4.8221513800e+08
-2.00000000 -2.00000000 	4.8221513800e+08
-2.00000000 -1.50000000 	4.8780784771e+08
-2.00000000 -1.00000000 	4.9591001456e+08
-2.00000000 -0.50000000 	5.0288770187e+08
-2.00000000 0.00000000 	5.0701391549e+08
-2.00000000 0.50000000 	5.0871320764e+08
-2.00000000 1.00000000 	5.0918182682e+08
-2.00000000 1.50000000 	5.0925982936e+08
-2.00000000 2.00000000 	5.0926575632e+08
-2.00000000 2.50000000 	5.0926575632e+08
-2.00000000 3.00000000 	5.0926575632e+08
-2.00000000 3.50000000 	5.0926575632e+08
-2.00000000 4.00000000 	5.0926575632e+08
-2.00000000 4.50000000 	5.0926575632e+08
-2.00000000 5.00000000 	5.0926575632e+08
-2.00000000 5.50000000 	5.0926575632e+08
-2.00000000 6.00000000 	5.0926575632e+08
-2.00000000 6.50000000 	5.0926575632e+08
-2.00000000 7.00000000 	5.0926575632e+08
-2.00000000 7.50000000 	5.0926575632e+08
-2.00000000 8.00000000 	5.0926575632e+08
-1.50000000 -12.00000000 	5.0926575632e+08
-1.50000000 -11.50000000 	5.0926575632e+08
-1.50000000 -11.00000000 	5.0926575632e+08
-1.50000000 -10.50000000 	5.0926575632e+08
-1.50000000 -10.00000000 	5.0926575632e+08
-1.50000000 -9.50000000 	5.0926575632e+08
-1.50000000 -9.00000000 	5.0926575632e+08
-1.50000000 -8.50000000 	5.0926575632e+08
-1.50000000 -8.00000000 	5.0926575632e+08
-1.50000000 -7.50000000 	5.0926575632e+08
-1.50000000 -7.00000000 	5.0926575632e+08
-1.50000000 -6.50000000 	5.0926575632e+08
-1.50000000 -6.00000000 	5.0926575632e+08
-1.50000000 -5.50000000 	5.0925982936e+08
-1.50000000 -5.00000000 	5.0918182682e+08
-1.50000000 -4.50000000 	5.0871320764e+08
-1.50000000 -4.00000000 	5.0701391549e+08
-1.50000000 -3.50000000 	5.0288770187e+08
-1.50000000 -3.00000000 	4.9591001456e+08
-1.50000000 -2.50000000 	4.8780784771e+08
-1.50000000 -2.00000000 	4.8221513800e+08
-1.50000000 -1.50000000 	4.8221513800e+08
-1.50000000 -1.00000000 	4.8780784771e+08
-1.50000000 -0.50000000 	4.9591001456e+08
-1.50000000 0.00000000 	5.0288770187e+08
-1.50000000 0.50000000 	5.0701391549e+08
-1.50000000 1.00000000 	5.0871320764e+08
-1.50000000 1.50000000 	5.0918182682e+08
-1.50000000 2.00000000 	5.0925982936e+08
-1.50000000 2.50000000 	5.0926575632e+08
-1.50000000 3.00000000 	5.0926575632e+08
-1.50000000 3.50000000 	5.0926575632e+08
-1.50000000 4.00000000 	5.0926575632e+08
-1.50000000 4.50000000 	5.0926575632e+08
-1.50000000 5.00000000 	5.0926575632e+08
-1.50000000 5.50000000 	5.0926575632e+08
-1.50000000 6.00000000 	5.0926575632e+08
-1.50000000 6.50000000 	5.0926575632e+08
-1.50000000 7.00000000 	5.0926575632e+08
-1.50000000 7.50000000 	5.0926575632e+08
-1.50000000 8.00000000 	5.0926575632e+08
-1.00000000 -12.00000000 	5.0926575632e+08
-1.00000000 -11.50000000 	5.0926575632e+08
-1.00000000 -11.00000000 	5.0926575632e+08
-1.00000000 -10.50000000 	5.0926575632e+08
-1.00000000 -10.00000000 	5.0926575632e+08
-1.00000000 -9.50000000 	5.0926575632e+08
-1.00000000 -9.00000000 	5.0926575632e+08
-1.00000000 -8.50000000 	5.0926575632e+08
-1.00000000 -8.00000000 	5.0926575632e+08
-1.00000000 -7.50000000 	5.0926575632e+08
-1.00000000 -7.00000000 	5.0926575632e+08
-1.00000000 -6.50000000 	5.0926575632e+08
-1.00000000 -6.00000000 	5.0926575632e+08
-1.00000000 -5.50000000 	5.0926575632e+08
-1.00000000 -5.00000000 	5.0925982936e+08
-1.00000000 -4.50000000 	5.0918182682e+08
-1.00000000 -4.00000000 	5.0871320764e+08
-1.00000000 -3.50000000 	5.0701391549e+08
-1.00000000 -3.00000000 	5.0288770187e+08
-1.00000000 -2.50000000 	4.9591001456e+08
-1.00000000 -2.00000000 	4.8780784771e+08
-1.00000000 -1.50000000 	4.8221513800e+08
-1.00000000 -1.00000000 	4.8221513800e+08
-1.00000000 -0.50000000 	4.8780784771e+08
-1.00000000 0.00000000 	4.9591001456e+08
-1.00000000 0.50000000 	5.0288770187e+08
-1.00000000 1.00000000 	5.0701391549e+08
-1.00000000 1.50000000 	5.0871320764e+08
-1.00000000 2.00000000 	5.0918182682e+08
-1.00000000 2.50000000 	5.0925982936e+08
-1.00000000 3.00000000 	5.0926575632e+08
-1.00000000 3.50000000 	5.0926575632e+08
-1.00000000 4.00000000 	5.0926575632e+08
-1.00000000 4.50000000 	5.0926575632e+08
-1.00000000 5.00000000 	5.0926575632e+08
-1.00000000 5.50000000 	5.0926575632e+08
-1.00000000 6.00000000 	5.0926575632e+08
-1.00000000 6.50000000 	5.0926575632e+08
-1.00000000 7.00000000 	5.0926575632e+08
-1.00000000 7.50000000 	5.0926575632e+08
-1.00000000 8.00000000 	5.0926575632e+08
-0.50000000 -12.00000000 	5.0926575632e+08
-0.50000000 -11.50000000 	5.0926575632e+08
-0.50000000 -11.00000000 	5.0926575632e+08
-0.50000000 -10.50000000 	5.0926575632e+08
-0.50000000 -10.00000000 	5.0926575632e+08
-0.50000000 -9.50000000 	5.0926575632e+08
-0.50000000 -9.00000000 	5.0926575632e+08
-0.50000000 -8.50000000 	5.0926575632e+08
-0.50000000 -8.00000000 	5.0926575632e+08
-0.50000000 -7.50000000 	5.0926575632e+08
-0.50000000 -7.00000000 	5.0926575632e+08
-0.50000000 -6.50000000 	5.0926575632e+08
-0.50000000 -6.00000000 	5.0926575632e+08
-0.50000000 -5.50000000 	5.0926575632e+08
-0.50000000 -5.00000000 	5.0926575632e+08
-0.50000000 -4.50000000 	5.0925982936e+08
-0.50000000 -4.00000000 	5.0918182682e+08
-0.50000000 -3.50000000 	5.0871320764e+08
-0.50000000 -3.00000000 	5.0701391549e+08
-0.50000000 -2.50000000 	5.0288770187e+08
-0.50000000 -2.00000000 	4.9591001456e+08
-0.50000000 -1.50000000 	4.8780784771e+08
-0.50000000 -1.00000000 	4.8221513800e+08
-0.50000000 -0.50000000 	4.8221513800e+08
-0.50000000 0.00000000 	4.8780784771e+08
-0.50000000 0.50000000 	4.9591001456e+08
-0.50000000 1.00000000 	5.0288770187e+08
-0.50000000 1.50000000 	5.0701391549e+08
-0.50000000 2.00000000 	5.0871320764e+08
-0.50000000 2.50000000 	5.0918182682e+08
-0.50000000 3.00000000 	5.0925982936e+08
-0.50000000 3.50000000 	5.0926575632e+08
-0.50000000 4.00000000 	5.0926575632e+08
-0.50000000 4.50000000 	5.0926575632e+08
-0.50000000 5.00000000 	5.0926575632e+08
-0.50000000 5.50000000 	5.0926575632e+08
-0.50000000 6.00000000 	5.0926575632e+08
-0.50000000 6.50000000 	5.0926575632e+08
-0.50000000 7.00000000 	5.0926575632e+08
-0.50000000 7.50000000 	5.0926575632e+08
-0.50000000 8.00000000 	5.0926575632e+08
0.00000000 -12.00000000 	5.0926575632e+08
0.00000000 -11.50000000 	5.0926575632e+08
0.00000000 -11.00000000 	5.0926575632e+08
0.00000000 -10.50000000 	5.0926575632e+08
0.00000000 -10.00000000 	5.0926575632e+08
0.00000000 -9.50000000 	5.0926575632e+08
0.00000000 -9.00000000 	5.0926575632e+08
0.00000000 -8.50000000 	5.0926575632e+08
0.00000000 -8.00000000 	5.0926575632e+08
0.00000000 -7.50000000 	5.0926575632e+08
0.00000000 -7.00000000 	5.0926575632e+08
0.00000000 -6.50000000 	5.0926575632e+08
0.00000000 -6.00000000 	5.0926575632e+08
0.00000000 -5.50000000 	5.0926575632e+08
0.00000000 -5.00000000 	5.0926575632e+08
0.00000000 -4.50000000 	5.0926575632e+08
0.00000000 -4.00000000 	5.0925982936e+08
0.00000000 -3.50000000 	5.0918182682e+08
0.00000000 -3.00000000 	5.0871320764e+08
0.00000000 -2.50000000 	5.0701391549e+08
0.00000000 -2.00000000 	5.0288770187e+08
0.00000000 -1.50000000 	4.9591001456e+08
0.00000000 -1.00000000 	4.8780784771e+08
0.00000000 -0.50000000 	4.8221513800e+08
0.00000000 0.00000000 	4.8221513800e+08
0.00000000 0.50000000 	4.8780784771e+08
0.00000000 1.00000000 	4.9591001456e+08
0.00000000 1.50000000 	5.0288770187e+08
0.00000000 2.00000000 	5.0701391549e+08
0.00000000 2.50000000 	5.0871320764e+08
0.00000000 3.00000000 	5.0918182682e+08
0.00000000 3.50000000 	5.0925982936e+08
0.00000000 4.00000000 	5.0926575632e+08
0.00000000 4.50000000 	5.0926575632e+08
0.00000000 5.00000000 	5.0926575632e+08
0.00000000 5.50000000 	5.0926575632e+08
0.00000000 6.00000000 	5.0926575632e+08
0.00000000 6.50000000 	5.0926575632e+08
0.00000000 7.00000000 	5.0926575632e+08
0.00000000 7.50000000 	5.0926575632e+08
0.00000000 8.00000000 	5.0926575632e+08
0.50000000 -12.00000000 	5.0926575632e+08
0.50000000 -11.50000000 	5.0926575632e+08
0.50000000 -11.00000000 	5.0926575632e+08
0.50000000 -10.50000000 	5.0926575632e+08
0.50000000 -10.00000000 	5.0926575632e+08
0.50000000 -9.50000000 	5.0926575632e+08
0.50000000 -9.00000000 	5.0926575632e+08
0.50000000 -8.50000000 	5.0926575632e+08
0.50000000 -8.00000000 	5.0926575632e+08
0.50000000 -7.50000000 	5.0926575632e+08
0.50000000 -7.00000000 	5.0926575632e+08
0.50000000 -6.50000000 	5.0926575632e+08
0.50000000 -6.00000000 	5.0926575632e+08
0.50000000 -5.50000000 	5.0926575632e+08
0.50000000 -5.00000000 	5.0926575632e+08
0.50000000 -4.50000000 	5.0926575632e+08
0.50000000 -4.00000000 	5.0926575632e+08
0.50000000 -3.50000000 	5.0925982936e+08
0.50000000 -3.00000000 	5.0918182682e+08
0.50000000 -2.50000000 	5.0871320764e+08
0.50000000 -2.00000000 	5.0701391549e+08
0.50000000 -1.50000000 	5.0288770187e+08
0.50000000 -1.00000000 	4.9591001456e+08
0.50000000 -0.50000000 	4.8780784771e+08
0.50000000 0.00000000 	4.8221533675e+08
0.50000000 0.50000000 	4.8222062284e+08
0.50000000 1.00000000 	4.8784125186e+08
0.50000000 1.50000000 	4.9600784369e+08
0.50000000 2.00000000 	5.0305359292e+08
0.50000000 2.50000000 	5.0718646429e+08
0.50000000 3.00000000 	5.0882239496e+08
0.50000000 3.50000000 	5.0922056890e+08
0.50000000 4.00000000 	5.0926575632e+08
0.50000000 4.50000000 	5.0926575632e+08
0.50000000 5.00000000 	5.0926575632e+08
0.50000000 5.50000000 	5.0926575632e+08
0.50000000 6.00000000 	5.0926575632e+08
0.50000000 6.50000000 	5.0926575632e+08
0.50000000 7.00000000 	5.0926575632e+08
0.50000000 7.50000000 	5.0926575632e+08
0.50000000 8.00000000 	5.0926575632e+08
1.00000000 -12.00000000 	5.0926575632e+08
1.00000000 -11.50000000 	5.0926575632e+08
1.00000000 -11.00000000 	5.0926575632e+08
1.00000000 -10.50000000 	5.0926575632e+08
1.00000000 -10.00000000 	5.0926575632e+08
1.00000000 -9.50000000 	5.0926575632e+08
1.00000000 -9.00000000 	5.0926575632e+08
1.00000000 -8.50000000 	5.0926575632e+08
1.00000000 -8.00000000 	5.0926575632e+08
1.00000000 -7.50000000 	5.0926575632e+08
1.00000000 -7.00000000 	5.0926575632e+08
1.00000000 -6.50000000 	5.0926575632e+08
1.00000000 -6.00000000 	5.0926575632e+08
1.00000000 -5.50000000 	5.0926575632e+08
1.00000000 -5.00000000 	5.0926575632e+08
1.00000000 -4.50000000 	5.0926575632e+08
1.00000000 -4.00000000 	5.0926575632e+08
1.00000000 -3.50000000 	5.0926575632e+08
1.00000000 -3.00000000 	5.0925982936e+08
1.00000000 -2.50000000 	5.0918182682e+08
1.00000000 -2.00000000 	5.0871320764e+08
1.00000000 -1.50000000 	5.0701391549e+08
1.00000000 -1.00000000 	5.0288770187e+08
1.00000000 -0.50000000 	4.9590846387e+08
1.00000000 0.00000000 	4.8779780161e+08
1.00000000 0.50000000 	4.8221981638e+08
1.00000000 1.00000000 	4.8240136624e+08
1.00000000 1.50000000 	4.8848218657e+08
1.00000000 2.00000000 	4.9716392193e+08
1.00000000 2.50000000 	5.0429322074e+08
1.00000000 3.00000000 	5.0798773768e+08
1.00000000 3.50000000 	5.0911213920e+08
1.00000000 4.00000000 	5.0926575632e+08
1.00000000 4.50000000 	5.0926575632e+08
1.00000000 5.00000000 	5.0926575632e+08
1.00000000 5.50000000 	5.0926575632e+08
1.00000000 6.00000000 	5.0926575632e+08
1.00000000 6.50000000 	5.0926575632e+08
1.00000000 7.00000000 	5.0926575632e+08
1.00000000 7.50000000 	5.0926575632e+08
1.00000000 8.00000000 	5.0926575632e+08
1.50000000 -12.00000000 	5.0926575632e+08
1.50000000 -11.50000000 	5.0926575632e+08
1.50000000 -11.00000000 	5.0926575632e+08
1.50000000 -10.50000000 	5.0926575632e+08
1.50000000 -10.00000000 	5.0926575632e+08
1.50000000 -9.50000000 	5.0926575632e+08
1.50000000 -9.00000000 	5.0926575632e+08
1.50000000 -8.50000000 	5.0926575632e+08
1.50000000 -8.00000000 	5.0926575632e+08
1.50000000 -7.50000000 	5.0926575632e+08
1.50000000 -7.00000000 	5.0926575632e+08
1.50000000 -6.50000000 	5.0926575632e+08
1.50000000 -6.00000000 	5.0926575632e+08
1.50000000 -5.50000000 	5.0926575632e+08
1.50000000 -5.00000000 	5.0926575632e+08
1.50000000 -4.50000000 	5.0926575632e+08
1.50000000 -4.00000000 	5.0926575632e+08
1.50000000 -3.50000000 	5.0926575632e+08
1.50000000 -3.00000000 	5.0926575632e+08
1.50000000 -2.50000000 	5.0925982936e+08
1.50000000 -2.00000000 	5.0918182682e+08
1.50000000 -1.50000000 	5.0871320764e+08
1.50000000 -1.00000000 	5.0701111619e+08
1.50000000 -0.50000000 	5.0285506877e+08
1.50000000 0.00000000 	4.9575969806e+08
1.50000000 0.50000000 	4.8754027070e+08
1.50000000 1.00000000 	4.8241056668e+08
1.50000000 1.50000000 	4.8410312367e+08
1.50000000 2.00000000 	4.9200474037e+08
1.50000000 2.50000000 	5.0112922794e+08
1.50000000 3.00000000 	5.0692364153e+08
1.50000000 3.50000000 	5.0895681440e+08
1.50000000 4.00000000 	5.0926575632e+08
1.50000000 4.50000000 	5.0926575632e+08
1.50000000 5.00000000 	5.0926575632e+08
1.50000000 5.50000000 	5.0926575632e+08
1.50000000 6.00000000 	5.0926575632e+08
1.50000000 6.50000000 	5.0926575632e+08
1.50000000 7.00000000 	5.0926575632e+08
1.50000000 7.50000000 	5.0926575632e+08
1.50000000 8.00000000 	5.0926575632e+08
2.00000000 -12.00000000 	5.0926575632e+08
2.00000000 -11.50000000 	5.0926575632e+08
2.00000000 -11.00000000 	5.0926575632e+08
2.00000000 -10.50000000 	5.0926575632e+08
2.00000000 -10.00000000 	5.0926575632e+08
2.00000000 -9.50000000 	5.0926575632e+08
2.00000000 -9.00000000 	5.0926575632e+08
2.00000000 -8.50000000 	5.0926575632e+08
2.00000000 -8.00000000 	5.0926575632e+08
2.00000000 -7.50000000 	5.0926575632e+08
2.00000000 -7.00000000 	5.0926575632e+08
2.00000000 -6.50000000 	5.0926575632e+08
2.00000000 -6.00000000 	5.0926575632e+08
2.00000000 -5.50000000 	5.0926575632e+08
2.00000000 -5.00000000 	5.0926575632e+08
2.00000000 -4.50000000 	5.0926575632e+08
2.00000000 -4.00000000 	5.0926575632e+08
2.00000000 -3.50000000 	5.0926575632e+08
2.00000000 -3.00000000 	5.0926575632e+08
2.00000000 -2.50000000 	5.0926575632e+08
2.00000000 -2.00000000 	5.0925982936e+08
2.00000000 -1.50000000 	5.0917776898e+08
2.00000000 -1.00000000 	5.0866042545e+08
2.00000000 -0.50000000 	5.0670320736e+08
2.00000000 0.00000000 	5.0183422414e+08
2.00000000 0.50000000 	4.9385982240e+08
2.00000000 1.00000000 	4.8612592884e+08
2.00000000 1.50000000 	4.8417691845e+08
2.00000000 2.00000000 	4.9007687101e+08
2.00000000 2.50000000 	4.9944843200e+08
2.00000000 3.00000000 	5.0625752544e+08
2.00000000 3.50000000 	5.0884923972e+08
2.00000000 4.00000000 	5.0926575632e+08
2.00000000 4.50000000 	5.0926575632e+08
2.00000000 5.00000000 	5.0926575632e+08
2.00000000 5.50000000 	5.0926575632e+08
2.00000000 6.00000000 	5.0926575632e+08
2.00000000 6.50000000 	5.0926575632e+08
2.00000000 7.00000000 	5.0926575632e+08
2.00000000 7.50000000 	5.0926575632e+08
2.00000000 8.00000000 	5.0926575632e+08
