-8.00000000 -12.00000000 	1.1031091650e+06
-8.00000000 -11.50000000 	1.1031091650e+06
-8.00000000 -11.00000000 	1.1031091650e+06
-8.00000000 -10.50000000 	1.1031091650e+06
-8.00000000 -10.00000000 	1.1031091650e+06
-8.00000000 -9.50000000 	1.1031091650e+06
-8.00000000 -9.00000000 	1.1031091650e+06
-8.00000000 -8.50000000 	1.1031091650e+06
-8.00000000 -8.00000000 	1.1031091650e+06
-8.00000000 -7.50000000 	1.1031091650e+06
-8.00000000 -7.00000000 	1.1031091650e+06
-8.00000000 -6.50000000 	1.1031091650e+06
-8.00000000 -6.00000000 	1.1031091650e+06
-8.00000000 -5.50000000 	1.1031091650e+06
-8.00000000 -5.00000000 	1.1031091650e+06
-8.00000000 -4.50000000 	1.1031091650e+06
-8.00000000 -4.00000000 	1.1031091650e+06
-8.00000000 -3.50000000 	1.1031091650e+06
-8.00000000 -3.00000000 	1.1031091650e+06
-8.00000000 -2.50000000 	1.1031091650e+06
-8.00000000 -2.00000000 	1.1031091650e+06
-8.00000000 -1.50000000 	1.1031091650e+06
-8.00000000 -1.00000000 	1.1031091650e+06
-8.00000000 -0.50000000 	1.1031091650e+06
-8.00000000 0.00000000 	1.1031091650e+06
-8.00000000 0.50000000 	1.1031091650e+06
-8.00000000 1.00000000 	1.1031091650e+06
-8.00000000 1.50000000 	1.1031091650e+06
-8.00000000 2.00000000 	1.1031091650e+06
-8.00000000 2.50000000 	1.1031091650e+06
-8.00000000 3.00000000 	1.1031091650e+06
-8.00000000 3.50000000 	1.1031091650e+06
-8.00000000 4.00000000 	1.1031091650e+06
-8.00000000 4.50000000 	1.1031091650e+06
-8.00000000 5.00000000 	1.1031091650e+06
-8.00000000 5.50000000 	1.1031091650e+06
-8.00000000 6.00000000 	1.1031091650e+06
-8.00000000 6.50000000 	1.1031091650e+06
-8.00000000 7.00000000 	1.1031091650e+06
-8.00000000 7.50000000 	1.1031091650e+06
-8.00000000 8.00000000 	1.1031091650e+06
-7.50000000 -12.00000000 	1.1031091650e+06
-7.50000000 -11.50000000 	1.1031091650e+06
-7.50000000 -11.00000000 	1.1031091650e+06
-7.50000000 -10.50000000 	1.1031091650e+06
-7.50000000 -10.00000000 	1.1031091650e+06
-7.50000000 -9.50000000 	1.1031091650e+06
-7.50000000 -9.00000000 	1.1031091650e+06
-7.50000000 -8.50000000 	1.1031091650e+06
-7.50000000 -8.00000000 	1.1031091650e+06
-7.50000000 -7.50000000 	1.1031091650e+06
-7.50000000 -7.00000000 	1.1031091650e+06
-7.50000000 -6.50000000 	1.1031091650e+06
-7.50000000 -6.00000000 	1.1031091650e+06
-7.50000000 -5.50000000 	1.1031091650e+06
-7.50000000 -5.00000000 	1.1031091650e+06
-7.50000000 -4.50000000 	1.1031091650e+06
-7.50000000 -4.00000000 	1.1031091650e+06
-7.50000000 -3.50000000 	1.1031091650e+06
-7.50000000 -3.00000000 	1.1031091650e+06
-7.50000000 -2.50000000 	1.1031091650e+06
-7.50000000 -2.00000000 	1.1031091650e+06
-7.50000000 -1.50000000 	1.1031091650e+06
-7.50000000 -1.00000000 	1.1031091650e+06
-7.50000000 -0.50000000 	1.1031091650e+06
-7.50000000 0.00000000 	1.1031091650e+06
-7.50000000 0.50000000 	1.1031091650e+06
-7.50000000 1.00000000 	1.1031091650e+06
-7.50000000 1.50000000 	1.1031091650e+06
-7.50000000 2.00000000 	1.1031091650e+06
-7.50000000 2.50000000 	1.1031091650e+06
-7.50000000 3.00000000 	1.1031091650e+06
-7.50000000 3.50000000 	1.1031091650e+06
-7.50000000 4.00000000 	1.1031091650e+06
-7.50000000 4.50000000 	1.1031091650e+06
-7.50000000 5.00000000 	1.1031091650e+06
-7.50000000 5.50000000 	1.1031091650e+06
-7.50000000 6.00000000 	1.1031091650e+06
-7.50000000 6.50000000 	1.1031091650e+06
-7.50000000 7.00000000 	1.1031091650e+06
-7.50000000 7.50000000 	1.1031091650e+06
-7.50000000 8.00000000 	1.1031091650e+06
-7.00000000 -12.00000000 	1.1128100516e+06
-7.00000000 -11.50000000 	1.1128100516e+06
-7.00000000 -11.00000000 	1.1128100516e+06
-7.00000000 -10.50000000 	1.1128100516e+06
-7.00000000 -10.00000000 	1.1128100516e+06
-7.00000000 -9.50000000 	1.1128100516e+06
-7.00000000 -9.00000000 	1.1128100516e+06
-7.00000000 -8.50000000 	1.1128100516e+06
-7.00000000 -8.00000000 	1.1128100516e+06
-7.00000000 -7.50000000 	1.1128100516e+06
-7.00000000 -7.00000000 	1.1128100516e+06
-7.00000000 -6.50000000 	1.1128100516e+06
-7.00000000 -6.00000000 	1.1128100516e+06
-7.00000000 -5.50000000 	1.1128100516e+06
-7.00000000 -5.00000000 	1.1128100516e+06
-7.00000000 -4.50000000 	1.1128100516e+06
-7.00000000 -4.00000000 	1.1128100516e+06
-7.00000000 -3.50000000 	1.1128100516e+06
-7.00000000 -3.00000000 	1.1128100516e+06
-7.00000000 -2.50000000 	1.1128100516e+06
-7.00000000 -2.00000000 	1.1128100516e+06
-7.00000000 -1.50000000 	1.1128100516e+06
-7.00000000 -1.00000000 	1.1128100516e+06
-7.00000000 -0.50000000 	1.1128100516e+06
-7.00000000 0.00000000 	1.1128100516e+06
-7.00000000 0.50000000 	1.1128100516e+06
-7.00000000 1.00000000 	1.1128100516e+06
-7.00000000 1.50000000 	1.1128100516e+06
-7.00000000 2.00000000 	1.1128100516e+06
-7.00000000 2.50000000 	1.1128100516e+06
-7.00000000 3.00000000 	1.1128100516e+06
-7.00000000 3.50000000 	1.1128100516e+06
-7.00000000 4.00000000 	1.1128100516e+06
-7.00000000 4.50000000 	1.1128100516e+06
-7.00000000 5.00000000 	1.1128100516e+06
-7.00000000 5.50000000 	1.1128100516e+06
-7.00000000 6.00000000 	1.1128100516e+06
-7.00000000 6.50000000 	1.1128100516e+06
-7.00000000 7.00000000 	1.1128100516e+06
-7.00000000 7.50000000 	1.1128100516e+06
-7.00000000 8.00000000 	1.1128100516e+06
-6.50000000 -12.00000000 	7.4826156543e+05
-6.50000000 -11.50000000 	7.4826156543e+05
-6.50000000 -11.00000000 	7.4826156543e+05
-6.50000000 -10.50000000 	7.4826156543e+05
-6.50000000 -10.00000000 	7.4826156543e+05
-6.50000000 -9.50000000 	7.4826156543e+05
-6.50000000 -9.00000000 	7.4826156543e+05
-6.50000000 -8.50000000 	7.4826156543e+05
-6.50000000 -8.00000000 	7.4826156543e+05
-6.50000000 -7.50000000 	7.4826156543e+05
-6.50000000 -7.00000000 	7.4826156543e+05
-6.50000000 -6.50000000 	7.4826156543e+05
-6.50000000 -6.00000000 	7.4826156543e+05
-6.50000000 -5.50000000 	7.4826156543e+05
-6.50000000 -5.00000000 	7.4826156543e+05
-6.50000000 -4.50000000 	7.4826156543e+05
-6.50000000 -4.00000000 	7.4826156543e+05
-6.50000000 -3.50000000 	7.4826156543e+05
-6.50000000 -3.00000000 	7.4826156543e+05
-6.50000000 -2.50000000 	7.4826156543e+05
-6.50000000 -2.00000000 	7.4826156543e+05
-6.50000000 -1.50000000 	7.4826156543e+05
-6.50000000 -1.00000000 	7.4826156543e+05
-6.50000000 -0.50000000 	7.4826156543e+05
-6.50000000 0.00000000 	7.4826156543e+05
-6.50000000 0.50000000 	7.4826156543e+05
-6.50000000 1.00000000 	7.4826156543e+05
-6.50000000 1.50000000 	7.4826156543e+05
-6.50000000 2.00000000 	7.4826156543e+05
-6.50000000 2.50000000 	7.4826156543e+05
-6.50000000 3.00000000 	7.4826156543e+05
-6.50000000 3.50000000 	7.4826156543e+05
-6.50000000 4.00000000 	7.4826156543e+05
-6.50000000 4.50000000 	7.4826156543e+05
-6.50000000 5.00000000 	7.4826156543e+05
-6.50000000 5.50000000 	7.4826156543e+05
-6.50000000 6.00000000 	7.4826156543e+05
-6.50000000 6.50000000 	7.4826156543e+05
-6.50000000 7.00000000 	7.4826156543e+05
-6.50000000 7.50000000 	7.4826156543e+05
-6.50000000 8.00000000 	7.4826156543e+05
-6.00000000 -12.00000000 	2.1280748213e+06
-6.00000000 -11.50000000 	2.1280748213e+06
-6.00000000 -11.00000000 	2.1280748213e+06
-6.00000000 -10.50000000 	2.1280748213e+06
-6.00000000 -10.00000000 	2.1280748213e+06
-6.00000000 -9.50000000 	2.1280748213e+06
-6.00000000 -9.00000000 	2.1280748213e+06
-6.00000000 -8.50000000 	2.1280748213e+06
-6.00000000 -8.00000000 	2.1280748213e+06
-6.00000000 -7.50000000 	2.1280748213e+06
-6.00000000 -7.00000000 	2.1280748213e+06
-6.00000000 -6.50000000 	2.1280748213e+06
-6.00000000 -6.00000000 	2.1280748213e+06
-6.00000000 -5.50000000 	2.1280748213e+06
-6.00000000 -5.00000000 	2.1280748213e+06
-6.00000000 -4.50000000 	2.1280748213e+06
-6.00000000 -4.00000000 	2.1280748213e+06
-6.00000000 -3.50000000 	2.1280748213e+06
-6.00000000 -3.00000000 	2.1280748213e+06
-6.00000000 -2.50000000 	2.1280748213e+06
-6.00000000 -2.00000000 	2.1280748213e+06
-6.00000000 -1.50000000 	2.1280748213e+06
-6.00000000 -1.00000000 	2.1280748213e+06
-6.00000000 -0.50000000 	2.1280748213e+06
-6.00000000 0.00000000 	2.1280748213e+06
-6.00000000 0.50000000 	2.1280748213e+06
-6.00000000 1.00000000 	2.1280748213e+06
-6.00000000 1.50000000 	2.1280748213e+06
-6.00000000 2.00000000 	2.1280748213e+06
-6.00000000 2.50000000 	2.1280748213e+06
-6.00000000 3.00000000 	2.1280748213e+06
-6.00000000 3.50000000 	2.1280748213e+06
-6.00000000 4.00000000 	2.1280748213e+06
-6.00000000 4.50000000 	2.1280748213e+06
-6.00000000 5.00000000 	2.1280748213e+06
-6.00000000 5.50000000 	2.1280748213e+06
-6.00000000 6.00000000 	2.1280748213e+06
-6.00000000 6.50000000 	2.1280748213e+06
-6.00000000 7.00000000 	2.1280748213e+06
-6.00000000 7.50000000 	2.1280748213e+06
-6.00000000 8.00000000 	2.1280748213e+06
-5.50000000 -12.00000000 	3.3428842999e+06
-5.50000000 -11.50000000 	3.3428842999e+06
-5.50000000 -11.00000000 	3.3428842999e+06
-5.50000000 -10.50000000 	3.3428842999e+06
-5.50000000 -10.00000000 	3.3428842999e+06
-5.50000000 -9.50000000 	3.3428842999e+06
-5.50000000 -9.00000000 	3.3428842999e+06
-5.50000000 -8.50000000 	3.3428842999e+06
-5.50000000 -8.00000000 	3.3428842999e+06
-5.50000000 -7.50000000 	3.3428842999e+06
-5.50000000 -7.00000000 	3.3428842999e+06
-5.50000000 -6.50000000 	3.3428842999e+06
-5.50000000 -6.00000000 	3.3428842999e+06
-5.50000000 -5.50000000 	3.3428842999e+06
-5.50000000 -5.00000000 	3.3428842999e+06
-5.50000000 -4.50000000 	3.3428842999e+06
-5.50000000 -4.00000000 	3.3428842999e+06
-5.50000000 -3.50000000 	3.3428842999e+06
-5.50000000 -3.00000000 	3.3428842999e+06
-5.50000000 -2.50000000 	3.3428842999e+06
-5.50000000 -2.00000000 	3.3428842999e+06
-5.50000000 -1.50000000 	3.3428842999e+06
-5.50000000 -1.00000000 	3.3428842999e+06
-5.50000000 -0.50000000 	3.3428842999e+06
-5.50000000 0.00000000 	3.3428842999e+06
-5.50000000 0.50000000 	3.3428842999e+06
-5.50000000 1.00000000 	3.3428842999e+06
-5.50000000 1.50000000 	3.3428842999e+06
-5.50000000 2.00000000 	3.3428842999e+06
-5.50000000 2.50000000 	3.3428842999e+06
-5.50000000 3.00000000 	3.3428842999e+06
-5.50000000 3.50000000 	3.3428842999e+06
-5.50000000 4.00000000 	3.3428842999e+06
-5.50000000 4.50000000 	3.3428842999e+06
-5.50000000 5.00000000 	3.3428842999e+06
-5.50000000 5.50000000 	3.3428842999e+06
-5.50000000 6.00000000 	3.3428842999e+06
-5.50000000 6.50000000 	3.3428842999e+06
-5.50000000 7.00000000 	3.3428842999e+06
-5.50000000 7.50000000 	3.3428842999e+06
-5.50000000 8.00000000 	3.3428842999e+06
-5.00000000 -12.00000000 	1.7967964377e+06
-5.00000000 -11.50000000 	1.7967964377e+06
-5.00000000 -11.00000000 	1.7967964377e+06
-5.00000000 -10.50000000 	1.7967964377e+06
-5.00000000 -10.00000000 	1.7967964377e+06
-5.00000000 -9.50000000 	1.7967964377e+06
-5.00000000 -9.00000000 	1.7967964377e+06
-5.00000000 -8.50000000 	1.7967964377e+06
-5.00000000 -8.00000000 	1.7967964377e+06
-5.00000000 -7.50000000 	1.7967964377e+06
-5.00000000 -7.00000000 	1.7967964377e+06
-5.00000000 -6.50000000 	1.7967964377e+06
-5.00000000 -6.00000000 	1.7967964377e+06
-5.00000000 -5.50000000 	1.7967964377e+06
-5.00000000 -5.00000000 	1.7967964377e+06
-5.00000000 -4.50000000 	1.7967964377e+06
-5.00000000 -4.00000000 	1.7967964377e+06
-5.00000000 -3.50000000 	1.7967964377e+06
-5.00000000 -3.00000000 	1.7967964377e+06
-5.00000000 -2.50000000 	1.7967964377e+06
-5.00000000 -2.00000000 	1.7967964377e+06
-5.00000000 -1.50000000 	1.7967964377e+06
-5.00000000 -1.00000000 	1.7967964377e+06
-5.00000000 -0.50000000 	1.7967964377e+06
-5.00000000 0.00000000 	1.7967964377e+06
-5.00000000 0.50000000 	1.7967964377e+06
-5.00000000 1.00000000 	1.7967964377e+06
-5.00000000 1.50000000 	1.7967964377e+06
-5.00000000 2.00000000 	1.7967964377e+06
-5.00000000 2.50000000 	1.7967964377e+06
-5.00000000 3.00000000 	1.7967964377e+06
-5.00000000 3.50000000 	1.7967964377e+06
-5.00000000 4.00000000 	1.7967964377e+06
-5.00000000 4.50000000 	1.7967964377e+06
-5.00000000 5.00000000 	1.7967964377e+06
-5.00000000 5.50000000 	1.7967964377e+06
-5.00000000 6.00000000 	1.7967964377e+06
-5.00000000 6.50000000 	1.7967964377e+06
-5.00000000 7.00000000 	1.7967964377e+06
-5.00000000 7.50000000 	1.7967964377e+06
-5.00000000 8.00000000 	1.7967964377e+06
-4.50000000 -12.00000000 	1.1222130385e+06
-4.50000000 -11.50000000 	1.1222130385e+06
-4.50000000 -11.00000000 	1.1222130385e+06
-4.50000000 -10.50000000 	1.1222130385e+06
-4.50000000 -10.00000000 	1.1222130385e+06
-4.50000000 -9.50000000 	1.1222130385e+06
-4.50000000 -9.00000000 	1.1222130385e+06
-4.50000000 -8.50000000 	1.1222130385e+06
-4.50000000 -8.00000000 	1.1222130385e+06
-4.50000000 -7.50000000 	1.1222130385e+06
-4.50000000 -7.00000000 	1.1222130385e+06
-4.50000000 -6.50000000 	1.1222130385e+06
-4.50000000 -6.00000000 	1.1222130385e+06
-4.50000000 -5.50000000 	1.1222130385e+06
-4.50000000 -5.00000000 	1.1222130385e+06
-4.50000000 -4.50000000 	1.1222130385e+06
-4.50000000 -4.00000000 	1.1222130385e+06
-4.50000000 -3.50000000 	1.1222130385e+06
-4.50000000 -3.00000000 	1.1222130385e+06
-4.50000000 -2.50000000 	1.1222130385e+06
-4.50000000 -2.00000000 	1.1222130385e+06
-4.50000000 -1.50000000 	1.1222130385e+06
-4.50000000 -1.00000000 	1.1222130385e+06
-4.50000000 -0.50000000 	1.1222130385e+06
-4.50000000 0.00000000 	1.1222130385e+06
-4.50000000 0.50000000 	1.1222130385e+06
-4.50000000 1.00000000 	1.1222130385e+06
-4.50000000 1.50000000 	1.1222130385e+06
-4.50000000 2.00000000 	1.1222130385e+06
-4.50000000 2.50000000 	1.1222130385e+06
-4.50000000 3.00000000 	1.1222130385e+06
-4.50000000 3.50000000 	1.1222130385e+06
-4.50000000 4.00000000 	1.1222130385e+06
-4.50000000 4.50000000 	1.1222130385e+06
-4.50000000 5.00000000 	1.1222130385e+06
-4.50000000 5.50000000 	1.1222130385e+06
-4.50000000 6.00000000 	1.1222130385e+06
-4.50000000 6.50000000 	1.1222130385e+06
-4.50000000 7.00000000 	1.1222130385e+06
-4.50000000 7.50000000 	1.1222130385e+06
-4.50000000 8.00000000 	1.1222130385e+06
-4.00000000 -12.00000000 	1.1031091650e+06
-4.00000000 -11.50000000 	1.1031091650e+06
-4.00000000 -11.00000000 	1.1031091650e+06
-4.00000000 -10.50000000 	1.1031091650e+06
-4.00000000 -10.00000000 	1.1031091650e+06
-4.00000000 -9.50000000 	1.1031091650e+06
-4.00000000 -9.00000000 	1.1031091650e+06
-4.00000000 -8.50000000 	1.1031091650e+06
-4.00000000 -8.00000000 	1.1031091650e+06
-4.00000000 -7.50000000 	1.1031091650e+06
-4.00000000 -7.00000000 	1.1031091650e+06
-4.00000000 -6.50000000 	1.1031091650e+06
-4.00000000 -6.00000000 	1.1031091650e+06
-4.00000000 -5.50000000 	1.1031091650e+06
-4.00000000 -5.00000000 	1.1031091650e+06
-4.00000000 -4.50000000 	1.1031091650e+06
-4.00000000 -4.00000000 	1.1031091650e+06
-4.00000000 -3.50000000 	1.1031091650e+06
-4.00000000 -3.00000000 	1.1031091650e+06
-4.00000000 -2.50000000 	1.1031091650e+06
-4.00000000 -2.00000000 	1.1031091650e+06
-4.00000000 -1.50000000 	1.1031091650e+06
-4.00000000 -1.00000000 	1.1031091650e+06
-4.00000000 -0.50000000 	1.1031091650e+06
-4.00000000 0.00000000 	1.1031091650e+06
-4.00000000 0.50000000 	1.1031091650e+06
-4.00000000 1.00000000 	1.1031091650e+06
-4.00000000 1.50000000 	1.1031091650e+06
-4.00000000 2.00000000 	1.1031091650e+06
-4.00000000 2.50000000 	1.1031091650e+06
-4.00000000 3.00000000 	1.1031091650e+06
-4.00000000 3.50000000 	1.1031091650e+06
-4.00000000 4.00000000 	1.1031091650e+06
-4.00000000 4.50000000 	1.1031091650e+06
-4.00000000 5.00000000 	1.1031091650e+06
-4.00000000 5.50000000 	1.1031091650e+06
-4.00000000 6.00000000 	1.1031091650e+06
-4.00000000 6.50000000 	1.1031091650e+06
-4.00000000 7.00000000 	1.1031091650e+06
-4.00000000 7.50000000 	1.1031091650e+06
-4.00000000 8.00000000 	1.1031091650e+06
-3.50000000 -12.00000000 	1.1031091650e+06
-3.50000000 -11.50000000 	1.1031091650e+06
-3.50000000 -11.00000000 	1.1031091650e+06
-3.50000000 -10.50000000 	1.1031091650e+06
-3.50000000 -10.00000000 	1.1031091650e+06
-3.50000000 -9.50000000 	1.1031091650e+06
-3.50000000 -9.00000000 	1.1031091650e+06
-3.50000000 -8.50000000 	1.1031091650e+06
-3.50000000 -8.00000000 	1.1031091650e+06
-3.50000000 -7.50000000 	1.1031091650e+06
-3.50000000 -7.00000000 	1.1031091650e+06
-3.50000000 -6.50000000 	1.1031091650e+06
-3.50000000 -6.00000000 	1.1031091650e+06
-3.50000000 -5.50000000 	1.1031091650e+06
-3.50000000 -5.00000000 	1.1031091650e+06
-3.50000000 -4.50000000 	1.1031091650e+06
-3.50000000 -4.00000000 	1.1031091650e+06
-3.50000000 -3.50000000 	1.1031091650e+06
-3.50000000 -3.00000000 	1.1031091650e+06
-3.50000000 -2.50000000 	1.1031091650e+06
-3.50000000 -2.00000000 	1.1031091650e+06
-3.50000000 -1.50000000 	1.1031091650e+06
-3.50000000 -1.00000000 	1.1031091650e+06
-3.50000000 -0.50000000 	1.1031091650e+06
-3.50000000 0.00000000 	1.1031091650e+06
-3.50000000 0.50000000 	1.1031091650e+06
-3.50000000 1.00000000 	1.1031091650e+06
-3.50000000 1.50000000 	1.1031091650e+06
-3.50000000 2.00000000 	1.1031091650e+06
-3.50000000 2.50000000 	1.1031091650e+06
-3.50000000 3.00000000 	1.1031091650e+06
-3.50000000 3.50000000 	1.1031091650e+06
-3.50000000 4.00000000 	1.1031091650e+06
-3.50000000 4.50000000 	1.1031091650e+06
-3.50000000 5.00000000 	1.1031091650e+06
-3.50000000 5.50000000 	1.1031091650e+06
-3.50000000 6.00000000 	1.1031091650e+06
-3.50000000 6.50000000 	1.1031091650e+06
-3.50000000 7.00000000 	1.1031091650e+06
-3.50000000 7.50000000 	1.1031091650e+06
-3.50000000 8.00000000 	1.1031091650e+06
-3.00000000 -12.00000000 	1.1031091650e+06
-3.00000000 -11.50000000 	1.1031091650e+06
-3.00000000 -11.00000000 	1.1031091650e+06
-3.00000000 -10.50000000 	1.1031091650e+06
-3.00000000 -10.00000000 	1.1031091650e+06
-3.00000000 -9.50000000 	1.1031091650e+06
-3.00000000 -9.00000000 	1.1031091650e+06
-3.00000000 -8.50000000 	1.1031091650e+06
-3.00000000 -8.00000000 	1.1031091650e+06
-3.00000000 -7.50000000 	1.1031091650e+06
-3.00000000 -7.00000000 	1.1031091650e+06
-3.00000000 -6.50000000 	1.1031091650e+06
-3.00000000 -6.00000000 	1.1031091650e+06
-3.00000000 -5.50000000 	1.1031091650e+06
-3.00000000 -5.00000000 	1.1031091650e+06
-3.00000000 -4.50000000 	1.1031091650e+06
-3.00000000 -4.00000000 	1.1031091650e+06
-3.00000000 -3.50000000 	1.1031091650e+06
-3.00000000 -3.00000000 	1.1031091650e+06
-3.00000000 -2.50000000 	1.1031091650e+06
-3.00000000 -2.00000000 	1.1031091650e+06
-3.00000000 -1.50000000 	1.1031091650e+06
-3.00000000 -1.00000000 	1.1031091650e+06
-3.00000000 -0.50000000 	1.1031091650e+06
-3.00000000 0.00000000 	1.1031091650e+06
-3.00000000 0.50000000 	1.1031091650e+06
-3.00000000 1.00000000 	1.1031091650e+06
-3.00000000 1.50000000 	1.1031091650e+06
-3.00000000 2.00000000 	1.1031091650e+06
-3.00000000 2.50000000 	1.1031091650e+06
-3.00000000 3.00000000 	1.1031091650e+06
-3.00000000 3.50000000 	1.1031091650e+06
-3.00000000 4.00000000 	1.1031091650e+06
-3.00000000 4.50000000 	1.1031091650e+06
-3.00000000 5.00000000 	1.1031091650e+06
-3.00000000 5.50000000 	1.1031091650e+06
-3.00000000 6.00000000 	1.1031091650e+06
-3.00000000 6.50000000 	1.1031091650e+06
-3.00000000 7.00000000 	1.1031091650e+06
-3.00000000 7.50000000 	1.1031091650e+06
-3.00000000 8.00000000 	1.1031091650e+06
-2.50000000 -12.00000000 	1.1031091650e+06
-2.50000000 -11.50000000 	1.1031091650e+06
-2.50000000 -11.00000000 	1.1031091650e+06
-2.50000000 -10.50000000 	1.1031091650e+06
-2.50000000 -10.00000000 	1.1031091650e+06
-2.50000000 -9.50000000 	1.1031091650e+06
-2.50000000 -9.00000000 	1.1031091650e+06
-2.50000000 -8.50000000 	1.1031091650e+06
-2.50000000 -8.00000000 	1.1031091650e+06
-2.50000000 -7.50000000 	1.1031091650e+06
-2.50000000 -7.00000000 	1.1031091650e+06
-2.50000000 -6.50000000 	1.1031091650e+06
-2.50000000 -6.00000000 	1.1031091650e+06
-2.50000000 -5.50000000 	1.1031091650e+06
-2.50000000 -5.00000000 	1.1031091650e+06
-2.50000000 -4.50000000 	1.1031091650e+06
-2.50000000 -4.00000000 	1.1031091650e+06
-2.50000000 -3.50000000 	1.1031091650e+06
-2.50000000 -3.00000000 	1.1031091650e+06
-2.50000000 -2.50000000 	1.1031091650e+06
-2.50000000 -2.00000000 	1.1031091650e+06
-2.50000000 -1.50000000 	1.1031091650e+06
-2.50000000 -1.00000000 	1.1031091650e+06
-2.50000000 -0.50000000 	1.1031091650e+06
-2.50000000 0.00000000 	1.1031091650e+06
-2.50000000 0.50000000 	1.1031091650e+06
-2.50000000 1.00000000 	1.1031091650e+06
-2.50000000 1.50000000 	1.1031091650e+06
-2.50000000 2.00000000 	1.1031091650e+06
-2.50000000 2.50000000 	1.1031091650e+06
-2.50000000 3.00000000 	1.1031091650e+06
-2.50000000 3.50000000 	1.1031091650e+06
-2.50000000 4.00000000 	1.1031091650e+06
-2.50000000 4.50000000 	1.1031091650e+06
-2.50000000 5.00000000 	1.1031091650e+06
-2.50000000 5.50000000 	1.1031091650e+06
-2.50000000 6.00000000 	1.1031091650e+06
-2.50000000 6.50000000 	1.1031091650e+06
-2.50000000 7.00000000 	1.1031091650e+06
-2.50000000 7.50000000 	1.1031091650e+06
-2.50000000 8.00000000 	1.1031091650e+06
-2.00000000 -12.00000000 	1.1031091650e+06
-2.00000000 -11.50000000 	1.1031091650e+06
-2.00000000 -11.00000000 	1.1031091650e+06
-2.00000000 -10.50000000 	1.1031091650e+06
-2.00000000 -10.00000000 	1.1031091650e+06
-2.00000000 -9.50000000 	1.1031091650e+06
-2.00000000 -9.00000000 	1.1031091650e+06
-2.00000000 -8.50000000 	1.1031091650e+06
-2.00000000 -8.00000000 	1.1031091650e+06
-2.00000000 -7.50000000 	1.1031091650e+06
-2.00000000 -7.00000000 	1.1031091650e+06
-2.00000000 -6.50000000 	1.1031091650e+06
-2.00000000 -6.00000000 	1.1031091650e+06
-2.00000000 -5.50000000 	1.1031091650e+06
-2.00000000 -5.00000000 	1.1031091650e+06
-2.00000000 -4.50000000 	1.1031091650e+06
-2.00000000 -4.00000000 	1.1031091650e+06
-2.00000000 -3.50000000 	1.1031091650e+06
-2.00000000 -3.00000000 	1.1031091650e+06
-2.00000000 -2.50000000 	1.1031091650e+06
-2.00000000 -2.00000000 	1.1031091650e+06
-2.00000000 -1.50000000 	1.1031091650e+06
-2.00000000 -1.00000000 	1.1031087722e+06
-2.00000000 -0.50000000 	1.1031079950e+06
-2.00000000 0.00000000 	1.1031072177e+06
-2.00000000 0.50000000 	1.1031064404e+06
-2.00000000 1.00000000 	1.1031060559e+06
-2.00000000 1.50000000 	1.1031060559e+06
-2.00000000 2.00000000 	1.1031064404e+06
-2.00000000 2.50000000 	1.1031072177e+06
-2.00000000 3.00000000 	1.1031079950e+06
-2.00000000 3.50000000 	1.1031087722e+06
-2.00000000 4.00000000 	1.1031091650e+06
-2.00000000 4.50000000 	1.1031091650e+06
-2.00000000 5.00000000 	1.1031091650e+06
-2.00000000 5.50000000 	1.1031091650e+06
-2.00000000 6.00000000 	1.1031091650e+06
-2.00000000 6.50000000 	1.1031091650e+06
-2.00000000 7.00000000 	1.1031091650e+06
-2.00000000 7.50000000 	1.1031091650e+06
-2.00000000 8.00000000 	1.1031091650e+06
-1.50000000 -12.00000000 	1.1031091650e+06
-1.50000000 -11.50000000 	1.1031091650e+06
-1.50000000 -11.00000000 	1.1031091650e+06
-1.50000000 -10.50000000 	1.1031091650e+06
-1.50000000 -10.00000000 	1.1031091650e+06
-1.50000000 -9.50000000 	1.1031091650e+06
-1.50000000 -9.00000000 	1.1031091650e+06
-1.50000000 -8.50000000 	1.1031091650e+06
-1.50000000 -8.00000000 	1.1031091650e+06
-1.50000000 -7.50000000 	1.1031091650e+06
-1.50000000 -7.00000000 	1.1031091650e+06
-1.50000000 -6.50000000 	1.1031091650e+06
-1.50000000 -6.00000000 	1.1031091650e+06
-1.50000000 -5.50000000 	1.1031091650e+06
-1.50000000 -5.00000000 	1.1031091650e+06
-1.50000000 -4.50000000 	1.1031091650e+06
-1.50000000 -4.00000000 	1.1031091650e+06
-1.50000000 -3.50000000 	1.1031091650e+06
-1.50000000 -3.00000000 	1.1031091650e+06
-1.50000000 -2.50000000 	1.1031091650e+06
-1.50000000 -2.00000000 	1.1031091650e+06
-1.50000000 -1.50000000 	1.1031087722e+06
-1.50000000 -1.00000000 	1.1031072262e+06
-1.50000000 -0.50000000 	1.1031007630e+06
-1.50000000 0.00000000 	1.1031012644e+06
-1.50000000 0.50000000 	1.1030947747e+06
-1.50000000 1.00000000 	1.1030940228e+06
-1.50000000 1.50000000 	1.1030940228e+06
-1.50000000 2.00000000 	1.1030947747e+06
-1.50000000 2.50000000 	1.1031011833e+06
-1.50000000 3.00000000 	1.1030997423e+06
-1.50000000 3.50000000 	1.1031072262e+06
-1.50000000 4.00000000 	1.1031087722e+06
-1.50000000 4.50000000 	1.1031091650e+06
-1.50000000 5.00000000 	1.1031091650e+06
-1.50000000 5.50000000 	1.1031091650e+06
-1.50000000 6.00000000 	1.1031091650e+06
-1.50000000 6.50000000 	1.1031091650e+06
-1.50000000 7.00000000 	1.1031091650e+06
-1.50000000 7.50000000 	1.1031091650e+06
-1.50000000 8.00000000 	1.1031091650e+06
-1.00000000 -12.00000000 	1.1031091650e+06
-1.00000000 -11.50000000 	1.1031091650e+06
-1.00000000 -11.00000000 	1.1031091650e+06
-1.00000000 -10.50000000 	1.1031091650e+06
-1.00000000 -10.00000000 	1.1031091650e+06
-1.00000000 -9.50000000 	1.1031091650e+06
-1.00000000 -9.00000000 	1.1031091650e+06
-1.00000000 -8.50000000 	1.1031091650e+06
-1.00000000 -8.00000000 	1.1031091650e+06
-1.00000000 -7.50000000 	1.1031091650e+06
-1.00000000 -7.00000000 	1.1031091650e+06
-1.00000000 -6.50000000 	1.1031091650e+06
-1.00000000 -6.00000000 	1.1031091650e+06
-1.00000000 -5.50000000 	1.1031091650e+06
-1.00000000 -5.00000000 	1.1031091650e+06
-1.00000000 -4.50000000 	1.1031091650e+06
-1.00000000 -4.00000000 	1.1031091650e+06
-1.00000000 -3.50000000 	1.1031091650e+06
-1.00000000 -3.00000000 	1.1031091650e+06
-1.00000000 -2.50000000 	1.1031091650e+06
-1.00000000 -2.00000000 	1.1031087722e+06
-1.00000000 -1.50000000 	1.1031072262e+06
-1.00000000 -1.00000000 	1.1031000130e+06
-1.00000000 -0.50000000 	1.1031026489e+06
-1.00000000 0.00000000 	8.0714551952e+05
-1.00000000 0.50000000 	8.0714649101e+05
-1.00000000 1.00000000 	8.0714580329e+05
-1.00000000 1.50000000 	8.0714580329e+05
-1.00000000 2.00000000 	8.0714649102e+05
-1.00000000 2.50000000 	8.0714641254e+05
-1.00000000 3.00000000 	1.1031015819e+06
-1.00000000 3.50000000 	1.1030989525e+06
-1.00000000 4.00000000 	1.1031072262e+06
-1.00000000 4.50000000 	1.1031087722e+06
-1.00000000 5.00000000 	1.1031091650e+06
-1.00000000 5.50000000 	1.1031091650e+06
-1.00000000 6.00000000 	1.1031091650e+06
-1.00000000 6.50000000 	1.1031091650e+06
-1.00000000 7.00000000 	1.1031091650e+06
-1.00000000 7.50000000 	1.1031091650e+06
-1.00000000 8.00000000 	1.1031091650e+06
-0.50000000 -12.00000000 	1.1031091650e+06
-0.50000000 -11.50000000 	1.1031091650e+06
-0.50000000 -11.00000000 	1.1031091650e+06
-0.50000000 -10.50000000 	1.1031091650e+06
-0.50000000 -10.00000000 	1.1031091650e+06
-0.50000000 -9.50000000 	1.1031091650e+06
-0.50000000 -9.00000000 	1.1031091650e+06
-0.50000000 -8.50000000 	1.1031091650e+06
-0.50000000 -8.00000000 	1.1031091650e+06
-0.50000000 -7.50000000 	1.1031091650e+06
-0.50000000 -7.00000000 	1.1031091650e+06
-0.50000000 -6.50000000 	1.1031091650e+06
-0.50000000 -6.00000000 	1.1031091650e+06
-0.50000000 -5.50000000 	1.1031091650e+06
-0.50000000 -5.00000000 	1.1031091650e+06
-0.50000000 -4.50000000 	1.1031091650e+06
-0.50000000 -4.00000000 	1.1031091650e+06
-0.50000000 -3.50000000 	1.1031091650e+06
-0.50000000 -3.00000000 	1.1031091650e+06
-0.50000000 -2.50000000 	1.1031091650e+06
-0.50000000 -2.00000000 	1.1031079950e+06
-0.50000000 -1.50000000 	1.1031007630e+06
-0.50000000 -1.00000000 	1.1031026489e+06
-0.50000000 -0.50000000 	8.0713950622e+05
-0.50000000 0.00000000 	8.0714091924e+05
-0.50000000 0.50000000 	8.0713523791e+05
-0.50000000 1.00000000 	8.0713455023e+05
-0.50000000 1.50000000 	8.0713455023e+05
-0.50000000 2.00000000 	8.0713523791e+05
-0.50000000 2.50000000 	8.0714196932e+05
-0.50000000 3.00000000 	8.0714019188e+05
-0.50000000 3.50000000 	1.1031007704e+06
-0.50000000 4.00000000 	1.1030989525e+06
-0.50000000 4.50000000 	1.1031072262e+06
-0.50000000 5.00000000 	1.1031087722e+06
-0.50000000 5.50000000 	1.1031091650e+06
-0.50000000 6.00000000 	1.1031091650e+06
-0.50000000 6.50000000 	1.1031091650e+06
-0.50000000 7.00000000 	1.1031091650e+06
-0.50000000 7.50000000 	1.1031091650e+06
-0.50000000 8.00000000 	1.1031091650e+06
0.00000000 -12.00000000 	1.1031091650e+06
0.00000000 -11.50000000 	1.1031091650e+06
0.00000000 -11.00000000 	1.1031091650e+06
0.00000000 -10.50000000 	1.1031091650e+06
0.00000000 -10.00000000 	1.1031091650e+06
0.00000000 -9.50000000 	1.1031091650e+06
0.00000000 -9.00000000 	1.1031091650e+06
0.00000000 -8.50000000 	1.1031091650e+06
0.00000000 -8.00000000 	1.1031091650e+06
0.00000000 -7.50000000 	1.1031091650e+06
0.00000000 -7.00000000 	1.1031091650e+06
0.00000000 -6.50000000 	1.1031091650e+06
0.00000000 -6.00000000 	1.1031091650e+06
0.00000000 -5.50000000 	1.1031091650e+06
0.00000000 -5.00000000 	1.1031091650e+06
0.00000000 -4.50000000 	1.1031091650e+06
0.00000000 -4.00000000 	1.1031091650e+06
0.00000000 -3.50000000 	1.1031091650e+06
0.00000000 -3.00000000 	1.1031091650e+06
0.00000000 -2.50000000 	1.1031087722e+06
0.00000000 -2.00000000 	1.1031064489e+06
0.00000000 -1.50000000 	1.1031014842e+06
0.00000000 -1.00000000 	8.0714412083e+05
0.00000000 -0.50000000 	8.0714057522e+05
0.00000000 0.00000000 	8.0713353396e+05
0.00000000 0.50000000 	8.0713216635e+05
0.00000000 1.00000000 	8.0713183035e+05
0.00000000 1.50000000 	8.0713183035e+05
0.00000000 2.00000000 	8.0713216635e+05
0.00000000 2.50000000 	8.0713353397e+05
0.00000000 3.00000000 	8.0714094536e+05
0.00000000 3.50000000 	8.0714019188e+05
0.00000000 4.00000000 	1.1031015819e+06
0.00000000 4.50000000 	1.1030997423e+06
0.00000000 5.00000000 	1.1031079950e+06
0.00000000 5.50000000 	1.1031091650e+06
0.00000000 6.00000000 	1.1031091650e+06
0.00000000 6.50000000 	1.1031091650e+06
0.00000000 7.00000000 	1.1031091650e+06
0.00000000 7.50000000 	1.1031091650e+06
0.00000000 8.00000000 	1.1031091650e+06
0.50000000 -12.00000000 	1.1031091650e+06
0.50000000 -11.50000000 	1.1031091650e+06
0.50000000 -11.00000000 	1.1031091650e+06
0.50000000 -10.50000000 	1.1031091650e+06
0.50000000 -10.00000000 	1.1031091650e+06
0.50000000 -9.50000000 	1.1031091650e+06
0.50000000 -9.00000000 	1.1031091650e+06
0.50000000 -8.50000000 	1.1031091650e+06
0.50000000 -8.00000000 	1.1031091650e+06
0.50000000 -7.50000000 	1.1031091650e+06
0.50000000 -7.00000000 	1.1031091650e+06
0.50000000 -6.50000000 	1.1031091650e+06
0.50000000 -6.00000000 	1.1031091650e+06
0.50000000 -5.50000000 	1.1031091650e+06
0.50000000 -5.00000000 	1.1031091650e+06
0.50000000 -4.50000000 	1.1031091650e+06
0.50000000 -4.00000000 	1.1031091650e+06
0.50000000 -3.50000000 	1.1031091650e+06
0.50000000 -3.00000000 	1.1031091650e+06
0.50000000 -2.50000000 	1.1031079950e+06
0.50000000 -2.00000000 	1.1030999858e+06
0.50000000 -1.50000000 	1.1030969175e+06
0.50000000 -1.00000000 	8.0713924675e+05
0.50000000 -0.50000000 	8.0713421394e+05
0.50000000 0.00000000 	8.0713216635e+05
0.50000000 0.50000000 	8.0713183035e+05
0.50000000 1.00000000 	8.0713183035e+05
0.50000000 1.50000000 	8.0713183035e+05
0.50000000 2.00000000 	8.0713183035e+05
0.50000000 2.50000000 	8.0713216635e+05
0.50000000 3.00000000 	8.0713353397e+05
0.50000000 3.50000000 	8.0714196934e+05
0.50000000 4.00000000 	8.0714736982e+05
0.50000000 4.50000000 	1.1030999945e+06
0.50000000 5.00000000 	1.1031072177e+06
0.50000000 5.50000000 	1.1031091650e+06
0.50000000 6.00000000 	1.1031091650e+06
0.50000000 6.50000000 	1.1031091650e+06
0.50000000 7.00000000 	1.1031091650e+06
0.50000000 7.50000000 	1.1031091650e+06
0.50000000 8.00000000 	1.1031091650e+06
1.00000000 -12.00000000 	1.1031091650e+06
1.00000000 -11.50000000 	1.1031091650e+06
1.00000000 -11.00000000 	1.1031091650e+06
1.00000000 -10.50000000 	1.1031091650e+06
1.00000000 -10.00000000 	1.1031091650e+06
1.00000000 -9.50000000 	1.1031091650e+06
1.00000000 -9.00000000 	1.1031091650e+06
1.00000000 -8.50000000 	1.1031091650e+06
1.00000000 -8.00000000 	1.1031091650e+06
1.00000000 -7.50000000 	1.1031091650e+06
1.00000000 -7.00000000 	1.1031091650e+06
1.00000000 -6.50000000 	1.1031091650e+06
1.00000000 -6.00000000 	1.1031091650e+06
1.00000000 -5.50000000 	1.1031091650e+06
1.00000000 -5.00000000 	1.1031091650e+06
1.00000000 -4.50000000 	1.1031091650e+06
1.00000000 -4.00000000 	1.1031091650e+06
1.00000000 -3.50000000 	1.1031091650e+06
1.00000000 -3.00000000 	1.1031091650e+06
1.00000000 -2.50000000 	1.1031072177e+06
1.00000000 -2.00000000 	1.1031018501e+06
1.00000000 -1.50000000 	8.0714410420e+05
1.00000000 -1.00000000 	8.0714025105e+05
1.00000000 -0.50000000 	8.0713284629e+05
1.00000000 0.00000000 	8.0713183035e+05
1.00000000 0.50000000 	8.0713183035e+05
1.00000000 1.00000000 	8.0713183035e+05
1.00000000 1.50000000 	8.0713183035e+05
1.00000000 2.00000000 	8.0713183035e+05
1.00000000 2.50000000 	8.0713183035e+05
1.00000000 3.00000000 	8.0713216635e+05
1.00000000 3.50000000 	8.0713523794e+05
1.00000000 4.00000000 	8.0714862147e+05
1.00000000 4.50000000 	1.1030925874e+06
1.00000000 5.00000000 	1.1031064404e+06
1.00000000 5.50000000 	1.1031091650e+06
1.00000000 6.00000000 	1.1031091650e+06
1.00000000 6.50000000 	1.1031091650e+06
1.00000000 7.00000000 	1.1031091650e+06
1.00000000 7.50000000 	1.1031091650e+06
1.00000000 8.00000000 	1.1031091650e+06
1.50000000 -12.00000000 	1.1031091650e+06
1.50000000 -11.50000000 	1.1031091650e+06
1.50000000 -11.00000000 	1.1031091650e+06
1.50000000 -10.50000000 	1.1031091650e+06
1.50000000 -10.00000000 	1.1031091650e+06
1.50000000 -9.50000000 	1.1031091650e+06
1.50000000 -9.00000000 	1.1031091650e+06
1.50000000 -8.50000000 	1.1031091650e+06
1.50000000 -8.00000000 	1.1031091650e+06
1.50000000 -7.50000000 	1.1031091650e+06
1.50000000 -7.00000000 	1.1031091650e+06
1.50000000 -6.50000000 	1.1031091650e+06
1.50000000 -6.00000000 	1.1031091650e+06
1.50000000 -5.50000000 	1.1031091650e+06
1.50000000 -5.00000000 	1.1031091650e+06
1.50000000 -4.50000000 	1.1031091650e+06
1.50000000 -4.00000000 	1.1031091650e+06
1.50000000 -3.50000000 	1.1031091650e+06
1.50000000 -3.00000000 	1.1031091650e+06
1.50000000 -2.50000000 	1.1031064404e+06
1.50000000 -2.00000000 	1.1030965246e+06
1.50000000 -1.50000000 	8.0714478662e+05
1.50000000 -1.00000000 	8.0713523789e+05
1.50000000 -0.50000000 	8.0713216635e+05
1.50000000 0.00000000 	8.0713183035e+05
1.50000000 0.50000000 	8.0713183035e+05
1.50000000 1.00000000 	8.0713183035e+05
1.50000000 1.50000000 	8.0713183035e+05
1.50000000 2.00000000 	8.0713183035e+05
1.50000000 2.50000000 	8.0713183035e+05
1.50000000 3.00000000 	8.0713183035e+05
1.50000000 3.50000000 	8.0713455026e+05
1.50000000 4.00000000 	8.0714788977e+05
1.50000000 4.50000000 	1.1030917416e+06
1.50000000 5.00000000 	1.1031060558e+06
1.50000000 5.50000000 	1.1031091650e+06
1.50000000 6.00000000 	1.1031091650e+06
1.50000000 6.50000000 	1.1031091650e+06
1.50000000 7.00000000 	1.1031091650e+06
1.50000000 7.50000000 	1.1031091650e+06
1.50000000 8.00000000 	1.1031091650e+06
2.00000000 -12.00000000 	1.1031091650e+06
2.00000000 -11.50000000 	1.1031091650e+06
2.00000000 -11.00000000 	1.1031091650e+06
2.00000000 -10.50000000 	1.1031091650e+06
2.00000000 -10.00000000 	1.1031091650e+06
2.00000000 -9.50000000 	1.1031091650e+06
2.00000000 -9.00000000 	1.1031091650e+06
2.00000000 -8.50000000 	1.1031091650e+06
2.00000000 -8.00000000 	1.1031091650e+06
2.00000000 -7.50000000 	1.1031091650e+06
2.00000000 -7.00000000 	1.1031091650e+06
2.00000000 -6.50000000 	1.1031091650e+06
2.00000000 -6.00000000 	1.1031091650e+06
2.00000000 -5.50000000 	1.1031091650e+06
2.00000000 -5.00000000 	1.1031091650e+06
2.00000000 -4.50000000 	1.1031091650e+06
2.00000000 -4.00000000 	1.1031091650e+06
2.00000000 -3.50000000 	1.1031091650e+06
2.00000000 -3.00000000 	1.1031091650e+06
2.00000000 -2.50000000 	1.1031060559e+06
2.00000000 -2.00000000 	1.1030958479e+06
2.00000000 -1.50000000 	8.0714413408e+05
2.00000000 -1.00000000 	8.0713455022e+05
2.00000000 -0.50000000 	8.0713183035e+05
2.00000000 0.00000000 	8.0713183035e+05
2.00000000 0.50000000 	8.0713183035e+05
2.00000000 1.00000000 	8.0713183035e+05
2.00000000 1.50000000 	8.0713183035e+05
2.00000000 2.00000000 	8.0713183035e+05
2.00000000 2.50000000 	8.0713183035e+05
2.00000000 3.00000000 	8.0713183035e+05
2.00000000 3.50000000 	8.0713455026e+05
2.00000000 4.00000000 	8.0714788977e+05
2.00000000 4.50000000 	1.1030917416e+06
2.00000000 5.00000000 	1.1031060558e+06
2.00000000 5.50000000 	1.1031091650e+06
2.00000000 6.00000000 	1.1031091650e+06
2.00000000 6.50000000 	1.1031091650e+06
2.00000000 7.00000000 	1.1031091650e+06
2.00000000 7.50000000 	1.1031091650e+06
2.00000000 8.00000000 	1.1031091650e+06
