-8.00000000 -12.00000000 	1.0820877794e+06
-8.00000000 -11.50000000 	1.0820877794e+06
-8.00000000 -11.00000000 	1.0820877794e+06
-8.00000000 -10.50000000 	1.0820877794e+06
-8.00000000 -10.00000000 	1.0820877794e+06
-8.00000000 -9.50000000 	1.0820877794e+06
-8.00000000 -9.00000000 	1.0820877794e+06
-8.00000000 -8.50000000 	1.0820877794e+06
-8.00000000 -8.00000000 	1.0820877794e+06
-8.00000000 -7.50000000 	1.0820877794e+06
-8.00000000 -7.00000000 	1.0820877794e+06
-8.00000000 -6.50000000 	1.0820877794e+06
-8.00000000 -6.00000000 	1.0820877794e+06
-8.00000000 -5.50000000 	1.0820877794e+06
-8.00000000 -5.00000000 	1.0820877794e+06
-8.00000000 -4.50000000 	1.0820877794e+06
-8.00000000 -4.00000000 	1.0820877794e+06
-8.00000000 -3.50000000 	1.0820877794e+06
-8.00000000 -3.00000000 	1.0820877794e+06
-8.00000000 -2.50000000 	1.0820877794e+06
-8.00000000 -2.00000000 	1.0820877794e+06
-8.00000000 -1.50000000 	1.0820877794e+06
-8.00000000 -1.00000000 	1.0820877794e+06
-8.00000000 -0.50000000 	1.0820877794e+06
-8.00000000 0.00000000 	1.0820877794e+06
-8.00000000 0.50000000 	1.0820877794e+06
-8.00000000 1.00000000 	1.0820877794e+06
-8.00000000 1.50000000 	1.0820877794e+06
-8.00000000 2.00000000 	1.0820877794e+06
-8.00000000 2.50000000 	1.0820877794e+06
-8.00000000 3.00000000 	1.0820877794e+06
-8.00000000 3.50000000 	1.0820877794e+06
-8.00000000 4.00000000 	1.0820877794e+06
-8.00000000 4.50000000 	1.0820877794e+06
-8.00000000 5.00000000 	1.0820877794e+06
-8.00000000 5.50000000 	1.0820877794e+06
-8.00000000 6.00000000 	1.0820877794e+06
-8.00000000 6.50000000 	1.0820877794e+06
-8.00000000 7.00000000 	1.0820877794e+06
-8.00000000 7.50000000 	1.0820877794e+06
-8.00000000 8.00000000 	1.0820877794e+06
-7.50000000 -12.00000000 	1.0368395601e+06
-7.50000000 -11.50000000 	1.0368395601e+06
-7.50000000 -11.00000000 	1.0368395601e+06
-7.50000000 -10.50000000 	1.0368395601e+06
-7.50000000 -10.00000000 	1.0368395601e+06
-7.50000000 -9.50000000 	1.0368395601e+06
-7.50000000 -9.00000000 	1.0368395601e+06
-7.50000000 -8.50000000 	1.0368395601e+06
-7.50000000 -8.00000000 	1.0368395601e+06
-7.50000000 -7.50000000 	1.0368395601e+06
-7.50000000 -7.00000000 	1.0368395601e+06
-7.50000000 -6.50000000 	1.0368395601e+06
-7.50000000 -6.00000000 	1.0368395601e+06
-7.50000000 -5.50000000 	1.0368395601e+06
-7.50000000 -5.00000000 	1.0368395601e+06
-7.50000000 -4.50000000 	1.0368395601e+06
-7.50000000 -4.00000000 	1.0368395601e+06
-7.50000000 -3.50000000 	1.0368395601e+06
-7.50000000 -3.00000000 	1.0368395601e+06
-7.50000000 -2.50000000 	1.0368395601e+06
-7.50000000 -2.00000000 	1.0368395601e+06
-7.50000000 -1.50000000 	1.0368395601e+06
-7.50000000 -1.00000000 	1.0368395601e+06
-7.50000000 -0.50000000 	1.0368395601e+06
-7.50000000 0.00000000 	1.0368395601e+06
-7.50000000 0.50000000 	1.0368395601e+06
-7.50000000 1.00000000 	1.0368395601e+06
-7.50000000 1.50000000 	1.0368395601e+06
-7.50000000 2.00000000 	1.0368395601e+06
-7.50000000 2.50000000 	1.0368395601e+06
-7.50000000 3.00000000 	1.0368395601e+06
-7.50000000 3.50000000 	1.0368395601e+06
-7.50000000 4.00000000 	1.0368395601e+06
-7.50000000 4.50000000 	1.0368395601e+06
-7.50000000 5.00000000 	1.0368395601e+06
-7.50000000 5.50000000 	1.0368395601e+06
-7.50000000 6.00000000 	1.0368395601e+06
-7.50000000 6.50000000 	1.0368395601e+06
-7.50000000 7.00000000 	1.0368395601e+06
-7.50000000 7.50000000 	1.0368395601e+06
-7.50000000 8.00000000 	1.0368395601e+06
-7.00000000 -12.00000000 	9.9548172927e+05
-7.00000000 -11.50000000 	9.9548172927e+05
-7.00000000 -11.00000000 	9.9548172927e+05
-7.00000000 -10.50000000 	9.9548172927e+05
-7.00000000 -10.00000000 	9.9548172927e+05
-7.00000000 -9.50000000 	9.9548172927e+05
-7.00000000 -9.00000000 	9.9548172927e+05
-7.00000000 -8.50000000 	9.9548172927e+05
-7.00000000 -8.00000000 	9.9548172927e+05
-7.00000000 -7.50000000 	9.9548172927e+05
-7.00000000 -7.00000000 	9.9548172927e+05
-7.00000000 -6.50000000 	9.9548172927e+05
-7.00000000 -6.00000000 	9.9548172927e+05
-7.00000000 -5.50000000 	9.9548172927e+05
-7.00000000 -5.00000000 	9.9548172927e+05
-7.00000000 -4.50000000 	9.9548172927e+05
-7.00000000 -4.00000000 	9.9548172927e+05
-7.00000000 -3.50000000 	9.9548172927e+05
-7.00000000 -3.00000000 	9.9548172927e+05
-7.00000000 -2.50000000 	9.9548172927e+05
-7.00000000 -2.00000000 	9.9548172927e+05
-7.00000000 -1.50000000 	9.9548172927e+05
-7.00000000 -1.00000000 	9.9548172927e+05
-7.00000000 -0.50000000 	9.9548172927e+05
-7.00000000 0.00000000 	9.9548172927e+05
-7.00000000 0.50000000 	9.9548172927e+05
-7.00000000 1.00000000 	9.9548172927e+05
-7.00000000 1.50000000 	9.9548172927e+05
-7.00000000 2.00000000 	9.9548172927e+05
-7.00000000 2.50000000 	9.9548172927e+05
-7.00000000 3.00000000 	9.9548172927e+05
-7.00000000 3.50000000 	9.9548172927e+05
-7.00000000 4.00000000 	9.9548172927e+05
-7.00000000 4.50000000 	9.9548172927e+05
-7.00000000 5.00000000 	9.9548172927e+05
-7.00000000 5.50000000 	9.9548172927e+05
-7.00000000 6.00000000 	9.9548172927e+05
-7.00000000 6.50000000 	9.9548172927e+05
-7.00000000 7.00000000 	9.9548172927e+05
-7.00000000 7.50000000 	9.9548172927e+05
-7.00000000 8.00000000 	9.9548172927e+05
-6.50000000 -12.00000000 	1.0711318009e+06
-6.50000000 -11.50000000 	1.0711318009e+06
-6.50000000 -11.00000000 	1.0711318009e+06
-6.50000000 -10.50000000 	1.0711318009e+06
-6.50000000 -10.00000000 	1.0711318009e+06
-6.50000000 -9.50000000 	1.0711318009e+06
-6.50000000 -9.00000000 	1.0711318009e+06
-6.50000000 -8.50000000 	1.0711318009e+06
-6.50000000 -8.00000000 	1.0711318009e+06
-6.50000000 -7.50000000 	1.0711318009e+06
-6.50000000 -7.00000000 	1.0711318009e+06
-6.50000000 -6.50000000 	1.0711318009e+06
-6.50000000 -6.00000000 	1.0711318009e+06
-6.50000000 -5.50000000 	1.0711318009e+06
-6.50000000 -5.00000000 	1.0711318009e+06
-6.50000000 -4.50000000 	1.0711318009e+06
-6.50000000 -4.00000000 	1.0711318009e+06
-6.50000000 -3.50000000 	1.0711318009e+06
-6.50000000 -3.00000000 	1.0711318009e+06
-6.50000000 -2.50000000 	1.0711318009e+06
-6.50000000 -2.00000000 	1.0711318009e+06
-6.50000000 -1.50000000 	1.0711318009e+06
-6.50000000 -1.00000000 	1.0711318009e+06
-6.50000000 -0.50000000 	1.0711318009e+06
-6.50000000 0.00000000 	1.0711318009e+06
-6.50000000 0.50000000 	1.0711318009e+06
-6.50000000 1.00000000 	1.0711318009e+06
-6.50000000 1.50000000 	1.0711318009e+06
-6.50000000 2.00000000 	1.0711318009e+06
-6.50000000 2.50000000 	1.0711318009e+06
-6.50000000 3.00000000 	1.0711318009e+06
-6.50000000 3.50000000 	1.0711318009e+06
-6.50000000 4.00000000 	1.0711318009e+06
-6.50000000 4.50000000 	1.0711318009e+06
-6.50000000 5.00000000 	1.0711318009e+06
-6.50000000 5.50000000 	1.0711318009e+06
-6.50000000 6.00000000 	1.0711318009e+06
-6.50000000 6.50000000 	1.0711318009e+06
-6.50000000 7.00000000 	1.0711318009e+06
-6.50000000 7.50000000 	1.0711318009e+06
-6.50000000 8.00000000 	1.0711318009e+06
-6.00000000 -12.00000000 	1.3939922819e+06
-6.00000000 -11.50000000 	1.3939922819e+06
-6.00000000 -11.00000000 	1.3939922819e+06
-6.00000000 -10.50000000 	1.3939922819e+06
-6.00000000 -10.00000000 	1.3939922819e+06
-6.00000000 -9.50000000 	1.3939922819e+06
-6.00000000 -9.00000000 	1.3939922819e+06
-6.00000000 -8.50000000 	1.3939922819e+06
-6.00000000 -8.00000000 	1.3939922819e+06
-6.00000000 -7.50000000 	1.3939922819e+06
-6.00000000 -7.00000000 	1.3939922819e+06
-6.00000000 -6.50000000 	1.3939922819e+06
-6.00000000 -6.00000000 	1.3939922819e+06
-6.00000000 -5.50000000 	1.3939922819e+06
-6.00000000 -5.00000000 	1.3939922819e+06
-6.00000000 -4.50000000 	1.3939922819e+06
-6.00000000 -4.00000000 	1.3939922819e+06
-6.00000000 -3.50000000 	1.3939922819e+06
-6.00000000 -3.00000000 	1.3939922819e+06
-6.00000000 -2.50000000 	1.3939922819e+06
-6.00000000 -2.00000000 	1.3939922819e+06
-6.00000000 -1.50000000 	1.3939922819e+06
-6.00000000 -1.00000000 	1.3939922819e+06
-6.00000000 -0.50000000 	1.3939922819e+06
-6.00000000 0.00000000 	1.3939922819e+06
-6.00000000 0.50000000 	1.3939922819e+06
-6.00000000 1.00000000 	1.3939922819e+06
-6.00000000 1.50000000 	1.3939922819e+06
-6.00000000 2.00000000 	1.3939922819e+06
-6.00000000 2.50000000 	1.3939922819e+06
-6.00000000 3.00000000 	1.3939922819e+06
-6.00000000 3.50000000 	1.3939922819e+06
-6.00000000 4.00000000 	1.3939922819e+06
-6.00000000 4.50000000 	1.3939922819e+06
-6.00000000 5.00000000 	1.3939922819e+06
-6.00000000 5.50000000 	1.3939922819e+06
-6.00000000 6.00000000 	1.3939922819e+06
-6.00000000 6.50000000 	1.3939922819e+06
-6.00000000 7.00000000 	1.3939922819e+06
-6.00000000 7.50000000 	1.3939922819e+06
-6.00000000 8.00000000 	1.3939922819e+06
-5.50000000 -12.00000000 	1.9138040249e+06
-5.50000000 -11.50000000 	1.9138040249e+06
-5.50000000 -11.00000000 	1.9138040249e+06
-5.50000000 -10.50000000 	1.9138040249e+06
-5.50000000 -10.00000000 	1.9138040249e+06
-5.50000000 -9.50000000 	1.9138040249e+06
-5.50000000 -9.00000000 	1.9138040249e+06
-5.50000000 -8.50000000 	1.9138040249e+06
-5.50000000 -8.00000000 	1.9138040249e+06
-5.50000000 -7.50000000 	1.9138040249e+06
-5.50000000 -7.00000000 	1.9138040249e+06
-5.50000000 -6.50000000 	1.9138040249e+06
-5.50000000 -6.00000000 	1.9138040249e+06
-5.50000000 -5.50000000 	1.9138040249e+06
-5.50000000 -5.00000000 	1.9138040249e+06
-5.50000000 -4.50000000 	1.9138040249e+06
-5.50000000 -4.00000000 	1.9138040249e+06
-5.50000000 -3.50000000 	1.9138040249e+06
-5.50000000 -3.00000000 	1.9138040249e+06
-5.50000000 -2.50000000 	1.9138040249e+06
-5.50000000 -2.00000000 	1.9138040249e+06
-5.50000000 -1.50000000 	1.9138040249e+06
-5.50000000 -1.00000000 	1.9138040249e+06
-5.50000000 -0.50000000 	1.9138040249e+06
-5.50000000 0.00000000 	1.9138040249e+06
-5.50000000 0.50000000 	1.9138040249e+06
-5.50000000 1.00000000 	1.9138040249e+06
-5.50000000 1.50000000 	1.9138040249e+06
-5.50000000 2.00000000 	1.9138040249e+06
-5.50000000 2.50000000 	1.9138040249e+06
-5.50000000 3.00000000 	1.9138040249e+06
-5.50000000 3.50000000 	1.9138040249e+06
-5.50000000 4.00000000 	1.9138040249e+06
-5.50000000 4.50000000 	1.9138040249e+06
-5.50000000 5.00000000 	1.9138040249e+06
-5.50000000 5.50000000 	1.9138040249e+06
-5.50000000 6.00000000 	1.9138040249e+06
-5.50000000 6.50000000 	1.9138040249e+06
-5.50000000 7.00000000 	1.9138040249e+06
-5.50000000 7.50000000 	1.9138040249e+06
-5.50000000 8.00000000 	1.9138040249e+06
-5.00000000 -12.00000000 	2.2196885561e+06
-5.00000000 -11.50000000 	2.2196885561e+06
-5.00000000 -11.00000000 	2.2196885561e+06
-5.00000000 -10.50000000 	2.2196885561e+06
-5.00000000 -10.00000000 	2.2196885561e+06
-5.00000000 -9.50000000 	2.2196885561e+06
-5.00000000 -9.00000000 	2.2196885561e+06
-5.00000000 -8.50000000 	2.2196885561e+06
-5.00000000 -8.00000000 	2.2196885561e+06
-5.00000000 -7.50000000 	2.2196885561e+06
-5.00000000 -7.00000000 	2.2196885561e+06
-5.00000000 -6.50000000 	2.2196885561e+06
-5.00000000 -6.00000000 	2.2196885561e+06
-5.00000000 -5.50000000 	2.2196885561e+06
-5.00000000 -5.00000000 	2.2196885561e+06
-5.00000000 -4.50000000 	2.2196885561e+06
-5.00000000 -4.00000000 	2.2196885561e+06
-5.00000000 -3.50000000 	2.2196885561e+06
-5.00000000 -3.00000000 	2.2196885561e+06
-5.00000000 -2.50000000 	2.2196885561e+06
-5.00000000 -2.00000000 	2.2196885561e+06
-5.00000000 -1.50000000 	2.2196885561e+06
-5.00000000 -1.00000000 	2.2196885561e+06
-5.00000000 -0.50000000 	2.2196885561e+06
-5.00000000 0.00000000 	2.2196885561e+06
-5.00000000 0.50000000 	2.2196885561e+06
-5.00000000 1.00000000 	2.2196885561e+06
-5.00000000 1.50000000 	2.2196885561e+06
-5.00000000 2.00000000 	2.2196885561e+06
-5.00000000 2.50000000 	2.2196885561e+06
-5.00000000 3.00000000 	2.2196885561e+06
-5.00000000 3.50000000 	2.2196885561e+06
-5.00000000 4.00000000 	2.2196885561e+06
-5.00000000 4.50000000 	2.2196885561e+06
-5.00000000 5.00000000 	2.2196885561e+06
-5.00000000 5.50000000 	2.2196885561e+06
-5.00000000 6.00000000 	2.2196885561e+06
-5.00000000 6.50000000 	2.2196885561e+06
-5.00000000 7.00000000 	2.2196885561e+06
-5.00000000 7.50000000 	2.2196885561e+06
-5.00000000 8.00000000 	2.2196885561e+06
-4.50000000 -12.00000000 	1.9822252621e+06
-4.50000000 -11.50000000 	1.9822252621e+06
-4.50000000 -11.00000000 	1.9822252621e+06
-4.50000000 -10.50000000 	1.9822252621e+06
-4.50000000 -10.00000000 	1.9822252621e+06
-4.50000000 -9.50000000 	1.9822252621e+06
-4.50000000 -9.00000000 	1.9822252621e+06
-4.50000000 -8.50000000 	1.9822252621e+06
-4.50000000 -8.00000000 	1.9822252621e+06
-4.50000000 -7.50000000 	1.9822252621e+06
-4.50000000 -7.00000000 	1.9822252621e+06
-4.50000000 -6.50000000 	1.9822252621e+06
-4.50000000 -6.00000000 	1.9822252621e+06
-4.50000000 -5.50000000 	1.9822252621e+06
-4.50000000 -5.00000000 	1.9822252621e+06
-4.50000000 -4.50000000 	1.9822252621e+06
-4.50000000 -4.00000000 	1.9822252621e+06
-4.50000000 -3.50000000 	1.9822252621e+06
-4.50000000 -3.00000000 	1.9822252621e+06
-4.50000000 -2.50000000 	1.9822252621e+06
-4.50000000 -2.00000000 	1.9822252621e+06
-4.50000000 -1.50000000 	1.9822252621e+06
-4.50000000 -1.00000000 	1.9822252621e+06
-4.50000000 -0.50000000 	1.9822252621e+06
-4.50000000 0.00000000 	1.9822252621e+06
-4.50000000 0.50000000 	1.9822252621e+06
-4.50000000 1.00000000 	1.9822252621e+06
-4.50000000 1.50000000 	1.9822252621e+06
-4.50000000 2.00000000 	1.9822252621e+06
-4.50000000 2.50000000 	1.9822252621e+06
-4.50000000 3.00000000 	1.9822252621e+06
-4.50000000 3.50000000 	1.9822252621e+06
-4.50000000 4.00000000 	1.9822252621e+06
-4.50000000 4.50000000 	1.9822252621e+06
-4.50000000 5.00000000 	1.9822252621e+06
-4.50000000 5.50000000 	1.9822252621e+06
-4.50000000 6.00000000 	1.9822252621e+06
-4.50000000 6.50000000 	1.9822252621e+06
-4.50000000 7.00000000 	1.9822252621e+06
-4.50000000 7.50000000 	1.9822252621e+06
-4.50000000 8.00000000 	1.9822252621e+06
-4.00000000 -12.00000000 	1.5027932638e+06
-4.00000000 -11.50000000 	1.5027932638e+06
-4.00000000 -11.00000000 	1.5027932638e+06
-4.00000000 -10.50000000 	1.5027932638e+06
-4.00000000 -10.00000000 	1.5027932638e+06
-4.00000000 -9.50000000 	1.5027932638e+06
-4.00000000 -9.00000000 	1.5027932638e+06
-4.00000000 -8.50000000 	1.5027932638e+06
-4.00000000 -8.00000000 	1.5027932638e+06
-4.00000000 -7.50000000 	1.5027932638e+06
-4.00000000 -7.00000000 	1.5027932638e+06
-4.00000000 -6.50000000 	1.5027932638e+06
-4.00000000 -6.00000000 	1.5027932638e+06
-4.00000000 -5.50000000 	1.5027932638e+06
-4.00000000 -5.00000000 	1.5027932638e+06
-4.00000000 -4.50000000 	1.5027932638e+06
-4.00000000 -4.00000000 	1.5027932638e+06
-4.00000000 -3.50000000 	1.5027932638e+06
-4.00000000 -3.00000000 	1.5027932638e+06
-4.00000000 -2.50000000 	1.5027932638e+06
-4.00000000 -2.00000000 	1.5027932638e+06
-4.00000000 -1.50000000 	1.5027932638e+06
-4.00000000 -1.00000000 	1.5027932638e+06
-4.00000000 -0.50000000 	1.5027932638e+06
-4.00000000 0.00000000 	1.5027932638e+06
-4.00000000 0.50000000 	1.5027932638e+06
-4.00000000 1.00000000 	1.5027932638e+06
-4.00000000 1.50000000 	1.5027932638e+06
-4.00000000 2.00000000 	1.5027932638e+06
-4.00000000 2.50000000 	1.5027932638e+06
-4.00000000 3.00000000 	1.5027932638e+06
-4.00000000 3.50000000 	1.5027932638e+06
-4.00000000 4.00000000 	1.5027932638e+06
-4.00000000 4.50000000 	1.5027932638e+06
-4.00000000 5.00000000 	1.5027932638e+06
-4.00000000 5.50000000 	1.5027932638e+06
-4.00000000 6.00000000 	1.5027932638e+06
-4.00000000 6.50000000 	1.5027932638e+06
-4.00000000 7.00000000 	1.5027932638e+06
-4.00000000 7.50000000 	1.5027932638e+06
-4.00000000 8.00000000 	1.5027932638e+06
-3.50000000 -12.00000000 	1.2025902400e+06
-3.50000000 -11.50000000 	1.2025902400e+06
-3.50000000 -11.00000000 	1.2025902400e+06
-3.50000000 -10.50000000 	1.2025902400e+06
-3.50000000 -10.00000000 	1.2025902400e+06
-3.50000000 -9.50000000 	1.2025902400e+06
-3.50000000 -9.00000000 	1.2025902400e+06
-3.50000000 -8.50000000 	1.2025902400e+06
-3.50000000 -8.00000000 	1.2025902400e+06
-3.50000000 -7.50000000 	1.2025902400e+06
-3.50000000 -7.00000000 	1.2025902400e+06
-3.50000000 -6.50000000 	1.2025902400e+06
-3.50000000 -6.00000000 	1.2025902400e+06
-3.50000000 -5.50000000 	1.2025902400e+06
-3.50000000 -5.00000000 	1.2025902400e+06
-3.50000000 -4.50000000 	1.2025902400e+06
-3.50000000 -4.00000000 	1.2025902400e+06
-3.50000000 -3.50000000 	1.2025902400e+06
-3.50000000 -3.00000000 	1.2025902400e+06
-3.50000000 -2.50000000 	1.2025902400e+06
-3.50000000 -2.00000000 	1.2025902400e+06
-3.50000000 -1.50000000 	1.2025902400e+06
-3.50000000 -1.00000000 	1.2025902400e+06
-3.50000000 -0.50000000 	1.2025902400e+06
-3.50000000 0.00000000 	1.2022803245e+06
-3.50000000 0.50000000 	1.2022803245e+06
-3.50000000 1.00000000 	1.2022803245e+06
-3.50000000 1.50000000 	1.2022803245e+06
-3.50000000 2.00000000 	1.2022803245e+06
-3.50000000 2.50000000 	1.2022803245e+06
-3.50000000 3.00000000 	1.2025902400e+06
-3.50000000 3.50000000 	1.2025902400e+06
-3.50000000 4.00000000 	1.2025902400e+06
-3.50000000 4.50000000 	1.2025902400e+06
-3.50000000 5.00000000 	1.2025902400e+06
-3.50000000 5.50000000 	1.2025902400e+06
-3.50000000 6.00000000 	1.2025902400e+06
-3.50000000 6.50000000 	1.2025902400e+06
-3.50000000 7.00000000 	1.2025902400e+06
-3.50000000 7.50000000 	1.2025902400e+06
-3.50000000 8.00000000 	1.2025902400e+06
-3.00000000 -12.00000000 	1.1136842708e+06
-3.00000000 -11.50000000 	1.1136842708e+06
-3.00000000 -11.00000000 	1.1136842708e+06
-3.00000000 -10.50000000 	1.1136842708e+06
-3.00000000 -10.00000000 	1.1136842708e+06
-3.00000000 -9.50000000 	1.1136842708e+06
-3.00000000 -9.00000000 	1.1136842708e+06
-3.00000000 -8.50000000 	1.1136842708e+06
-3.00000000 -8.00000000 	1.1136842708e+06
-3.00000000 -7.50000000 	1.1136842708e+06
-3.00000000 -7.00000000 	1.1136842708e+06
-3.00000000 -6.50000000 	1.1136842708e+06
-3.00000000 -6.00000000 	1.1136842708e+06
-3.00000000 -5.50000000 	1.1136842708e+06
-3.00000000 -5.00000000 	1.1136842708e+06
-3.00000000 -4.50000000 	1.1136842708e+06
-3.00000000 -4.00000000 	1.1136842708e+06
-3.00000000 -3.50000000 	1.1136842708e+06
-3.00000000 -3.00000000 	1.1136842708e+06
-3.00000000 -2.50000000 	1.1136842708e+06
-3.00000000 -2.00000000 	1.1136842708e+06
-3.00000000 -1.50000000 	1.1136842708e+06
-3.00000000 -1.00000000 	1.1136842708e+06
-3.00000000 -0.50000000 	1.1118669936e+06
-3.00000000 0.00000000 	1.1118669936e+06
-3.00000000 0.50000000 	1.1103535029e+06
-3.00000000 1.00000000 	1.1103535029e+06
-3.00000000 1.50000000 	1.1103535029e+06
-3.00000000 2.00000000 	1.1103535029e+06
-3.00000000 2.50000000 	1.1118669936e+06
-3.00000000 3.00000000 	1.1118669936e+06
-3.00000000 3.50000000 	1.1136842708e+06
-3.00000000 4.00000000 	1.1136842708e+06
-3.00000000 4.50000000 	1.1136842708e+06
-3.00000000 5.00000000 	1.1136842708e+06
-3.00000000 5.50000000 	1.1136842708e+06
-3.00000000 6.00000000 	1.1136842708e+06
-3.00000000 6.50000000 	1.1136842708e+06
-3.00000000 7.00000000 	1.1136842708e+06
-3.00000000 7.50000000 	1.1136842708e+06
-3.00000000 8.00000000 	1.1136842708e+06
-2.50000000 -12.00000000 	1.1031091650e+06
-2.50000000 -11.50000000 	1.1031091650e+06
-2.50000000 -11.00000000 	1.1031091650e+06
-2.50000000 -10.50000000 	1.1031091650e+06
-2.50000000 -10.00000000 	1.1031091650e+06
-2.50000000 -9.50000000 	1.1031091650e+06
-2.50000000 -9.00000000 	1.1031091650e+06
-2.50000000 -8.50000000 	1.1031091650e+06
-2.50000000 -8.00000000 	1.1031091650e+06
-2.50000000 -7.50000000 	1.1031091650e+06
-2.50000000 -7.00000000 	1.1031091650e+06
-2.50000000 -6.50000000 	1.1031091650e+06
-2.50000000 -6.00000000 	1.1031091650e+06
-2.50000000 -5.50000000 	1.1031091650e+06
-2.50000000 -5.00000000 	1.1031091650e+06
-2.50000000 -4.50000000 	1.1031091650e+06
-2.50000000 -4.00000000 	1.1031091650e+06
-2.50000000 -3.50000000 	1.1031091650e+06
-2.50000000 -3.00000000 	1.1031091650e+06
-2.50000000 -2.50000000 	1.1031091650e+06
-2.50000000 -2.00000000 	1.1031091650e+06
-2.50000000 -1.50000000 	1.1031091650e+06
-2.50000000 -1.00000000 	1.0982801676e+06
-2.50000000 -0.50000000 	1.0982801676e+06
-2.50000000 0.00000000 	1.0892473890e+06
-2.50000000 0.50000000 	1.0892473890e+06
-2.50000000 1.00000000 	1.0862402206e+06
-2.50000000 1.50000000 	1.0862402206e+06
-2.50000000 2.00000000 	1.0892473890e+06
-2.50000000 2.50000000 	1.0892473890e+06
-2.50000000 3.00000000 	1.0982801676e+06
-2.50000000 3.50000000 	1.0982801676e+06
-2.50000000 4.00000000 	1.1031091650e+06
-2.50000000 4.50000000 	1.1031091650e+06
-2.50000000 5.00000000 	1.1031091650e+06
-2.50000000 5.50000000 	1.1031091650e+06
-2.50000000 6.00000000 	1.1031091650e+06
-2.50000000 6.50000000 	1.1031091650e+06
-2.50000000 7.00000000 	1.1031091650e+06
-2.50000000 7.50000000 	1.1031091650e+06
-2.50000000 8.00000000 	1.1031091650e+06
-2.00000000 -12.00000000 	1.1031091650e+06
-2.00000000 -11.50000000 	1.1031091650e+06
-2.00000000 -11.00000000 	1.1031091650e+06
-2.00000000 -10.50000000 	1.1031091650e+06
-2.00000000 -10.00000000 	1.1031091650e+06
-2.00000000 -9.50000000 	1.1031091650e+06
-2.00000000 -9.00000000 	1.1031091650e+06
-2.00000000 -8.50000000 	1.1031091650e+06
-2.00000000 -8.00000000 	1.1031091650e+06
-2.00000000 -7.50000000 	1.1031091650e+06
-2.00000000 -7.00000000 	1.1031091650e+06
-2.00000000 -6.50000000 	1.1031091650e+06
-2.00000000 -6.00000000 	1.1031091650e+06
-2.00000000 -5.50000000 	1.1031091650e+06
-2.00000000 -5.00000000 	1.1031091650e+06
-2.00000000 -4.50000000 	1.1031091650e+06
-2.00000000 -4.00000000 	1.1031091650e+06
-2.00000000 -3.50000000 	1.1031091650e+06
-2.00000000 -3.00000000 	1.1031091650e+06
-2.00000000 -2.50000000 	1.1031091650e+06
-2.00000000 -2.00000000 	1.1031091650e+06
-2.00000000 -1.50000000 	1.0955676252e+06
-2.00000000 -1.00000000 	1.0952658627e+06
-2.00000000 -0.50000000 	1.0712547154e+06
-2.00000000 0.00000000 	1.0712547154e+06
-2.00000000 0.50000000 	1.0533480013e+06
-2.00000000 1.00000000 	1.0533480013e+06
-2.00000000 1.50000000 	1.0533480013e+06
-2.00000000 2.00000000 	1.0533480013e+06
-2.00000000 2.50000000 	1.0712547154e+06
-2.00000000 3.00000000 	1.0712547154e+06
-2.00000000 3.50000000 	1.0952658627e+06
-2.00000000 4.00000000 	1.0952658627e+06
-2.00000000 4.50000000 	1.1031091650e+06
-2.00000000 5.00000000 	1.1031091650e+06
-2.00000000 5.50000000 	1.1031091650e+06
-2.00000000 6.00000000 	1.1031091650e+06
-2.00000000 6.50000000 	1.1031091650e+06
-2.00000000 7.00000000 	1.1031091650e+06
-2.00000000 7.50000000 	1.1031091650e+06
-2.00000000 8.00000000 	1.1031091650e+06
-1.50000000 -12.00000000 	1.1031091650e+06
-1.50000000 -11.50000000 	1.1031091650e+06
-1.50000000 -11.00000000 	1.1031091650e+06
-1.50000000 -10.50000000 	1.1031091650e+06
-1.50000000 -10.00000000 	1.1031091650e+06
-1.50000000 -9.50000000 	1.1031091650e+06
-1.50000000 -9.00000000 	1.1031091650e+06
-1.50000000 -8.50000000 	1.1031091650e+06
-1.50000000 -8.00000000 	1.1031091650e+06
-1.50000000 -7.50000000 	1.1031091650e+06
-1.50000000 -7.00000000 	1.1031091650e+06
-1.50000000 -6.50000000 	1.1031091650e+06
-1.50000000 -6.00000000 	1.1031091650e+06
-1.50000000 -5.50000000 	1.1031091650e+06
-1.50000000 -5.00000000 	1.1031091650e+06
-1.50000000 -4.50000000 	1.1031091650e+06
-1.50000000 -4.00000000 	1.1031091650e+06
-1.50000000 -3.50000000 	1.1031091650e+06
-1.50000000 -3.00000000 	1.1031091650e+06
-1.50000000 -2.50000000 	1.1031091650e+06
-1.50000000 -2.00000000 	1.0955676252e+06
-1.50000000 -1.50000000 	1.0937588654e+06
-1.50000000 -1.00000000 	1.0563288167e+06
-1.50000000 -0.50000000 	1.0548373720e+06
-1.50000000 0.00000000 	1.0075105512e+06
-1.50000000 0.50000000 	1.0075105512e+06
-1.50000000 1.00000000 	9.9138142192e+05
-1.50000000 1.50000000 	9.9138142192e+05
-1.50000000 2.00000000 	1.0075105512e+06
-1.50000000 2.50000000 	1.0075105512e+06
-1.50000000 3.00000000 	1.0548373720e+06
-1.50000000 3.50000000 	1.0548373720e+06
-1.50000000 4.00000000 	1.0937588654e+06
-1.50000000 4.50000000 	1.0940605091e+06
-1.50000000 5.00000000 	1.1031091650e+06
-1.50000000 5.50000000 	1.1031091650e+06
-1.50000000 6.00000000 	1.1031091650e+06
-1.50000000 6.50000000 	1.1031091650e+06
-1.50000000 7.00000000 	1.1031091650e+06
-1.50000000 7.50000000 	1.1031091650e+06
-1.50000000 8.00000000 	1.1031091650e+06
-1.00000000 -12.00000000 	1.1031091650e+06
-1.00000000 -11.50000000 	1.1031091650e+06
-1.00000000 -11.00000000 	1.1031091650e+06
-1.00000000 -10.50000000 	1.1031091650e+06
-1.00000000 -10.00000000 	1.1031091650e+06
-1.00000000 -9.50000000 	1.1031091650e+06
-1.00000000 -9.00000000 	1.1031091650e+06
-1.00000000 -8.50000000 	1.1031091650e+06
-1.00000000 -8.00000000 	1.1031091650e+06
-1.00000000 -7.50000000 	1.1031091650e+06
-1.00000000 -7.00000000 	1.1031091650e+06
-1.00000000 -6.50000000 	1.1031091650e+06
-1.00000000 -6.00000000 	1.1031091650e+06
-1.00000000 -5.50000000 	1.1031091650e+06
-1.00000000 -5.00000000 	1.1031091650e+06
-1.00000000 -4.50000000 	1.1031091650e+06
-1.00000000 -4.00000000 	1.1031091650e+06
-1.00000000 -3.50000000 	1.1031091650e+06
-1.00000000 -3.00000000 	1.1031091650e+06
-1.00000000 -2.50000000 	1.0982801676e+06
-1.00000000 -2.00000000 	1.0937588654e+06
-1.00000000 -1.50000000 	1.0560301861e+06
-1.00000000 -1.00000000 	1.0470984270e+06
-1.00000000 -0.50000000 	9.7359419594e+05
-1.00000000 0.00000000 	9.7068208736e+05
-1.00000000 0.50000000 	9.2477192014e+05
-1.00000000 1.00000000 	9.2477192014e+05
-1.00000000 1.50000000 	9.2477192014e+05
-1.00000000 2.00000000 	9.2477192014e+05
-1.00000000 2.50000000 	9.7068208736e+05
-1.00000000 3.00000000 	9.7068208736e+05
-1.00000000 3.50000000 	1.0470984270e+06
-1.00000000 4.00000000 	1.0485867387e+06
-1.00000000 4.50000000 	1.0937588654e+06
-1.00000000 5.00000000 	1.0952658627e+06
-1.00000000 5.50000000 	1.1031091650e+06
-1.00000000 6.00000000 	1.1031091650e+06
-1.00000000 6.50000000 	1.1031091650e+06
-1.00000000 7.00000000 	1.1031091650e+06
-1.00000000 7.50000000 	1.1031091650e+06
-1.00000000 8.00000000 	1.1031091650e+06
-0.50000000 -12.00000000 	1.1031091650e+06
-0.50000000 -11.50000000 	1.1031091650e+06
-0.50000000 -11.00000000 	1.1031091650e+06
-0.50000000 -10.50000000 	1.1031091650e+06
-0.50000000 -10.00000000 	1.1031091650e+06
-0.50000000 -9.50000000 	1.1031091650e+06
-0.50000000 -9.00000000 	1.1031091650e+06
-0.50000000 -8.50000000 	1.1031091650e+06
-0.50000000 -8.00000000 	1.1031091650e+06
-0.50000000 -7.50000000 	1.1031091650e+06
-0.50000000 -7.00000000 	1.1031091650e+06
-0.50000000 -6.50000000 	1.1031091650e+06
-0.50000000 -6.00000000 	1.1031091650e+06
-0.50000000 -5.50000000 	1.1031091650e+06
-0.50000000 -5.00000000 	1.1031091650e+06
-0.50000000 -4.50000000 	1.1031091650e+06
-0.50000000 -4.00000000 	1.1031091650e+06
-0.50000000 -3.50000000 	1.1031091650e+06
-0.50000000 -3.00000000 	1.1012968377e+06
-0.50000000 -2.50000000 	1.0952658627e+06
-0.50000000 -2.00000000 	1.0697572397e+06
-0.50000000 -1.50000000 	1.0470984270e+06
-0.50000000 -1.00000000 	9.7213713008e+05
-0.50000000 -0.50000000 	9.5472327944e+05
-0.50000000 0.00000000 	8.8318353747e+05
-0.50000000 0.50000000 	8.8035148664e+05
-0.50000000 1.00000000 	8.5949238271e+05
-0.50000000 1.50000000 	8.5949238271e+05
-0.50000000 2.00000000 	8.8035148664e+05
-0.50000000 2.50000000 	8.8035148664e+05
-0.50000000 3.00000000 	9.5472327944e+05
-0.50000000 3.50000000 	9.5762164244e+05
-0.50000000 4.00000000 	1.0470984270e+06
-0.50000000 4.50000000 	1.0548373720e+06
-0.50000000 5.00000000 	1.0952658627e+06
-0.50000000 5.50000000 	1.0982801676e+06
-0.50000000 6.00000000 	1.1031091650e+06
-0.50000000 6.50000000 	1.1031091650e+06
-0.50000000 7.00000000 	1.1031091650e+06
-0.50000000 7.50000000 	1.1031091650e+06
-0.50000000 8.00000000 	1.1031091650e+06
0.00000000 -12.00000000 	1.1031091650e+06
0.00000000 -11.50000000 	1.1031091650e+06
0.00000000 -11.00000000 	1.1031091650e+06
0.00000000 -10.50000000 	1.1031091650e+06
0.00000000 -10.00000000 	1.1031091650e+06
0.00000000 -9.50000000 	1.1031091650e+06
0.00000000 -9.00000000 	1.1031091650e+06
0.00000000 -8.50000000 	1.1031091650e+06
0.00000000 -8.00000000 	1.1031091650e+06
0.00000000 -7.50000000 	1.1031091650e+06
0.00000000 -7.00000000 	1.1031091650e+06
0.00000000 -6.50000000 	1.1031091650e+06
0.00000000 -6.00000000 	1.1031091650e+06
0.00000000 -5.50000000 	1.1031091650e+06
0.00000000 -5.00000000 	1.1031091650e+06
0.00000000 -4.50000000 	1.1031091650e+06
0.00000000 -4.00000000 	1.1031091650e+06
0.00000000 -3.50000000 	1.1028068022e+06
0.00000000 -3.00000000 	1.0982801676e+06
0.00000000 -2.50000000 	1.0862401985e+06
0.00000000 -2.00000000 	1.0548373720e+06
0.00000000 -1.50000000 	9.9987270589e+05
0.00000000 -1.00000000 	9.5472327944e+05
0.00000000 -0.50000000 	8.8035149499e+05
0.00000000 0.00000000 	8.6342724801e+05
0.00000000 0.50000000 	8.2847421153e+05
0.00000000 1.00000000 	8.2708287183e+05
0.00000000 1.50000000 	8.2708287183e+05
0.00000000 2.00000000 	8.2708287183e+05
0.00000000 2.50000000 	8.6342724801e+05
0.00000000 3.00000000 	8.6624365331e+05
0.00000000 3.50000000 	9.5472327944e+05
0.00000000 4.00000000 	9.7068208736e+05
0.00000000 4.50000000 	1.0548373720e+06
0.00000000 5.00000000 	1.0712547154e+06
0.00000000 5.50000000 	1.0982801676e+06
0.00000000 6.00000000 	1.1012968377e+06
0.00000000 6.50000000 	1.1031091650e+06
0.00000000 7.00000000 	1.1031091650e+06
0.00000000 7.50000000 	1.1031091650e+06
0.00000000 8.00000000 	1.1031091650e+06
0.50000000 -12.00000000 	1.1031091650e+06
0.50000000 -11.50000000 	1.1031091650e+06
0.50000000 -11.00000000 	1.1031091650e+06
0.50000000 -10.50000000 	1.1031091650e+06
0.50000000 -10.00000000 	1.1031091650e+06
0.50000000 -9.50000000 	1.1031091650e+06
0.50000000 -9.00000000 	1.1031091650e+06
0.50000000 -8.50000000 	1.1031091650e+06
0.50000000 -8.00000000 	1.1031091650e+06
0.50000000 -7.50000000 	1.1031091650e+06
0.50000000 -7.00000000 	1.1031091650e+06
0.50000000 -6.50000000 	1.1031091650e+06
0.50000000 -6.00000000 	1.1031091650e+06
0.50000000 -5.50000000 	1.1031091650e+06
0.50000000 -5.00000000 	1.1031091650e+06
0.50000000 -4.50000000 	1.1031091650e+06
0.50000000 -4.00000000 	1.1031091650e+06
0.50000000 -3.50000000 	1.1012968377e+06
0.50000000 -3.00000000 	1.0967719897e+06
0.50000000 -2.50000000 	1.0712547154e+06
0.50000000 -2.00000000 	1.0370099721e+06
0.50000000 -1.50000000 	9.7068208736e+05
0.50000000 -1.00000000 	9.0874772751e+05
0.50000000 -0.50000000 	8.6342724801e+05
0.50000000 0.00000000 	8.2569350158e+05
0.50000000 0.50000000 	8.1737002851e+05
0.50000000 1.00000000 	8.1044947241e+05
0.50000000 1.50000000 	8.1017264016e+05
0.50000000 2.00000000 	8.1737002851e+05
0.50000000 2.50000000 	8.1875668297e+05
0.50000000 3.00000000 	8.6342724801e+05
0.50000000 3.50000000 	8.8035148664e+05
0.50000000 4.00000000 	9.7068208736e+05
0.50000000 4.50000000 	1.0075105512e+06
0.50000000 5.00000000 	1.0712547154e+06
0.50000000 5.50000000 	1.0892473890e+06
0.50000000 6.00000000 	1.1012968377e+06
0.50000000 6.50000000 	1.1028068022e+06
0.50000000 7.00000000 	1.1031091650e+06
0.50000000 7.50000000 	1.1031091650e+06
0.50000000 8.00000000 	1.1031091650e+06
1.00000000 -12.00000000 	1.1031091650e+06
1.00000000 -11.50000000 	1.1031091650e+06
1.00000000 -11.00000000 	1.1031091650e+06
1.00000000 -10.50000000 	1.1031091650e+06
1.00000000 -10.00000000 	1.1031091650e+06
1.00000000 -9.50000000 	1.1031091650e+06
1.00000000 -9.00000000 	1.1031091650e+06
1.00000000 -8.50000000 	1.1031091650e+06
1.00000000 -8.00000000 	1.1031091650e+06
1.00000000 -7.50000000 	1.1031091650e+06
1.00000000 -7.00000000 	1.1031091650e+06
1.00000000 -6.50000000 	1.1031091650e+06
1.00000000 -6.00000000 	1.1031091650e+06
1.00000000 -5.50000000 	1.1031091650e+06
1.00000000 -5.00000000 	1.1031091650e+06
1.00000000 -4.50000000 	1.1031091650e+06
1.00000000 -4.00000000 	1.1028068022e+06
1.00000000 -3.50000000 	1.1012968377e+06
1.00000000 -3.00000000 	1.0892473890e+06
1.00000000 -2.50000000 	1.0682618455e+06
1.00000000 -2.00000000 	1.0075105512e+06
1.00000000 -1.50000000 	9.5327566873e+05
1.00000000 -1.00000000 	8.8035148664e+05
1.00000000 -0.50000000 	8.4100656934e+05
1.00000000 0.00000000 	8.1737002851e+05
1.00000000 0.50000000 	8.0906685801e+05
1.00000000 1.00000000 	8.0740836537e+05
1.00000000 1.50000000 	8.0740836537e+05
1.00000000 2.00000000 	8.0768492746e+05
1.00000000 2.50000000 	8.1737002851e+05
1.00000000 3.00000000 	8.2708287183e+05
1.00000000 3.50000000 	8.8035148664e+05
1.00000000 4.00000000 	9.2448443802e+05
1.00000000 4.50000000 	1.0075105512e+06
1.00000000 5.00000000 	1.0533480013e+06
1.00000000 5.50000000 	1.0892473890e+06
1.00000000 6.00000000 	1.0997874740e+06
1.00000000 6.50000000 	1.1028068022e+06
1.00000000 7.00000000 	1.1031091650e+06
1.00000000 7.50000000 	1.1031091650e+06
1.00000000 8.00000000 	1.1031091650e+06
1.50000000 -12.00000000 	1.1031091650e+06
1.50000000 -11.50000000 	1.1031091650e+06
1.50000000 -11.00000000 	1.1031091650e+06
1.50000000 -10.50000000 	1.1031091650e+06
1.50000000 -10.00000000 	1.1031091650e+06
1.50000000 -9.50000000 	1.1031091650e+06
1.50000000 -9.00000000 	1.1031091650e+06
1.50000000 -8.50000000 	1.1031091650e+06
1.50000000 -8.00000000 	1.1031091650e+06
1.50000000 -7.50000000 	1.1031091650e+06
1.50000000 -7.00000000 	1.1031091650e+06
1.50000000 -6.50000000 	1.1031091650e+06
1.50000000 -6.00000000 	1.1031091650e+06
1.50000000 -5.50000000 	1.1031091650e+06
1.50000000 -5.00000000 	1.1031091650e+06
1.50000000 -4.50000000 	1.1031091650e+06
1.50000000 -4.00000000 	1.1028068022e+06
1.50000000 -3.50000000 	1.0997874740e+06
1.50000000 -3.00000000 	1.0892473890e+06
1.50000000 -2.50000000 	1.0533480013e+06
1.50000000 -2.00000000 	1.0045697345e+06
1.50000000 -1.50000000 	9.2477107155e+05
1.50000000 -1.00000000 	8.7187359050e+05
1.50000000 -0.50000000 	8.2708287183e+05
1.50000000 0.00000000 	8.1293831119e+05
1.50000000 0.50000000 	8.0740836537e+05
1.50000000 1.00000000 	8.0713183035e+05
1.50000000 1.50000000 	8.0713183035e+05
1.50000000 2.00000000 	8.0740836537e+05
1.50000000 2.50000000 	8.1017264016e+05
1.50000000 3.00000000 	8.2708287183e+05
1.50000000 3.50000000 	8.5780495069e+05
1.50000000 4.00000000 	9.2448443802e+05
1.50000000 4.50000000 	9.8991677280e+05
1.50000000 5.00000000 	1.0533480013e+06
1.50000000 5.50000000 	1.0862402206e+06
1.50000000 6.00000000 	1.0997874740e+06
1.50000000 6.50000000 	1.1028068022e+06
1.50000000 7.00000000 	1.1031091650e+06
1.50000000 7.50000000 	1.1031091650e+06
1.50000000 8.00000000 	1.1031091650e+06
2.00000000 -12.00000000 	1.1031091650e+06
2.00000000 -11.50000000 	1.1031091650e+06
2.00000000 -11.00000000 	1.1031091650e+06
2.00000000 -10.50000000 	1.1031091650e+06
2.00000000 -10.00000000 	1.1031091650e+06
2.00000000 -9.50000000 	1.1031091650e+06
2.00000000 -9.00000000 	1.1031091650e+06
2.00000000 -8.50000000 	1.1031091650e+06
2.00000000 -8.00000000 	1.1031091650e+06
2.00000000 -7.50000000 	1.1031091650e+06
2.00000000 -7.00000000 	1.1031091650e+06
2.00000000 -6.50000000 	1.1031091650e+06
2.00000000 -6.00000000 	1.1031091650e+06
2.00000000 -5.50000000 	1.1031091650e+06
2.00000000 -5.00000000 	1.1031091650e+06
2.00000000 -4.50000000 	1.1031091650e+06
2.00000000 -4.00000000 	1.1028068022e+06
2.00000000 -3.50000000 	1.0997874740e+06
2.00000000 -3.00000000 	1.0862402206e+06
2.00000000 -2.50000000 	1.0533480013e+06
2.00000000 -2.00000000 	9.9137910341e+05
2.00000000 -1.50000000 	9.2333526359e+05
2.00000000 -1.00000000 	8.5920868191e+05
2.00000000 -0.50000000 	8.2541388610e+05
2.00000000 0.00000000 	8.1017264016e+05
2.00000000 0.50000000 	8.0740836537e+05
2.00000000 1.00000000 	8.0713183035e+05
2.00000000 1.50000000 	8.0713183035e+05
2.00000000 2.00000000 	8.0740836537e+05
2.00000000 2.50000000 	8.1017264016e+05
2.00000000 3.00000000 	8.2263613934e+05
2.00000000 3.50000000 	8.5780495069e+05
2.00000000 4.00000000 	9.1617293013e+05
2.00000000 4.50000000 	9.8991677280e+05
2.00000000 5.00000000 	1.0503695178e+06
2.00000000 5.50000000 	1.0862402206e+06
2.00000000 6.00000000 	1.0997874740e+06
2.00000000 6.50000000 	1.1028068022e+06
2.00000000 7.00000000 	1.1031091650e+06
2.00000000 7.50000000 	1.1031091650e+06
2.00000000 8.00000000 	1.1031091650e+06
