-8.00000000 -12.00000000 	5.0926575632e+08
-8.00000000 -11.50000000 	5.0926575632e+08
-8.00000000 -11.00000000 	5.0926575632e+08
-8.00000000 -10.50000000 	5.0926575632e+08
-8.00000000 -10.00000000 	5.0926575632e+08
-8.00000000 -9.50000000 	5.0799530670e+08
-8.00000000 -9.00000000 	5.0228284991e+08
-8.00000000 -8.50000000 	4.9267681995e+08
-8.00000000 -8.00000000 	4.8692921115e+08
-8.00000000 -7.50000000 	4.9053812348e+08
-8.00000000 -7.00000000 	4.9920809198e+08
-8.00000000 -6.50000000 	5.0585346443e+08
-8.00000000 -6.00000000 	5.0858577301e+08
-8.00000000 -5.50000000 	5.0920479758e+08
-8.00000000 -5.00000000 	5.0926575632e+08
-8.00000000 -4.50000000 	5.0926575632e+08
-8.00000000 -4.00000000 	5.0926575632e+08
-8.00000000 -3.50000000 	5.0926575632e+08
-8.00000000 -3.00000000 	5.0926575632e+08
-8.00000000 -2.50000000 	5.0926575632e+08
-8.00000000 -2.00000000 	5.0926575632e+08
-8.00000000 -1.50000000 	5.0926575632e+08
-8.00000000 -1.00000000 	5.0926575632e+08
-8.00000000 -0.50000000 	5.0926575632e+08
-8.00000000 0.00000000 	5.0926575632e+08
-8.00000000 0.50000000 	5.0926575632e+08
-8.00000000 1.00000000 	5.0926575632e+08
-8.00000000 1.50000000 	5.0926575632e+08
-8.00000000 2.00000000 	5.0926575632e+08
-8.00000000 2.50000000 	5.0926575632e+08
-8.00000000 3.00000000 	5.0926575632e+08
-8.00000000 3.50000000 	5.0926575632e+08
-8.00000000 4.00000000 	5.0926575632e+08
-8.00000000 4.50000000 	5.0926575632e+08
-8.00000000 5.00000000 	5.0926575632e+08
-8.00000000 5.50000000 	5.0926575632e+08
-8.00000000 6.00000000 	5.0926575632e+08
-8.00000000 6.50000000 	5.0926575632e+08
-8.00000000 7.00000000 	5.0926575632e+08
-8.00000000 7.50000000 	5.0926575632e+08
-8.00000000 8.00000000 	5.0926575632e+08
-7.50000000 -12.00000000 	5.0926575632e+08
-7.50000000 -11.50000000 	5.0926575632e+08
-7.50000000 -11.00000000 	5.0926575632e+08
-7.50000000 -10.50000000 	5.0926575632e+08
-7.50000000 -10.00000000 	5.0926575632e+08
-7.50000000 -9.50000000 	5.0838391852e+08
-7.50000000 -9.00000000 	5.0397968577e+08
-7.50000000 -8.50000000 	4.9513581774e+08
-7.50000000 -8.00000000 	4.8687381610e+08
-7.50000000 -7.50000000 	4.8571962507e+08
-7.50000000 -7.00000000 	4.9200514152e+08
-7.50000000 -6.50000000 	5.0039344451e+08
-7.50000000 -6.00000000 	5.0619380664e+08
-7.50000000 -5.50000000 	5.0862368688e+08
-7.50000000 -5.00000000 	5.0920479758e+08
-7.50000000 -4.50000000 	5.0926575632e+08
-7.50000000 -4.00000000 	5.0926575632e+08
-7.50000000 -3.50000000 	5.0926575632e+08
-7.50000000 -3.00000000 	5.0926575632e+08
-7.50000000 -2.50000000 	5.0926575632e+08
-7.50000000 -2.00000000 	5.0926575632e+08
-7.50000000 -1.50000000 	5.0926575632e+08
-7.50000000 -1.00000000 	5.0926575632e+08
-7.50000000 -0.50000000 	5.0926575632e+08
-7.50000000 0.00000000 	5.0926575632e+08
-7.50000000 0.50000000 	5.0926575632e+08
-7.50000000 1.00000000 	5.0926575632e+08
-7.50000000 1.50000000 	5.0926575632e+08
-7.50000000 2.00000000 	5.0926575632e+08
-7.50000000 2.50000000 	5.0926575632e+08
-7.50000000 3.00000000 	5.0926575632e+08
-7.50000000 3.50000000 	5.0926575632e+08
-7.50000000 4.00000000 	5.0926575632e+08
-7.50000000 4.50000000 	5.0926575632e+08
-7.50000000 5.00000000 	5.0926575632e+08
-7.50000000 5.50000000 	5.0926575632e+08
-7.50000000 6.00000000 	5.0926575632e+08
-7.50000000 6.50000000 	5.0926575632e+08
-7.50000000 7.00000000 	5.0926575632e+08
-7.50000000 7.50000000 	5.0926575632e+08
-7.50000000 8.00000000 	5.0926575632e+08
-7.00000000 -12.00000000 	5.0926575632e+08
-7.00000000 -11.50000000 	5.0926575632e+08
-7.00000000 -11.00000000 	5.0926575632e+08
-7.00000000 -10.50000000 	5.0926575632e+08
-7.00000000 -10.00000000 	5.0926575632e+08
-7.00000000 -9.50000000 	5.0891221892e+08
-7.00000000 -9.00000000 	5.0674290115e+08
-7.00000000 -8.50000000 	5.0094108747e+08
-7.00000000 -8.00000000 	4.9236825171e+08
-7.00000000 -7.50000000 	4.8571717443e+08
-7.00000000 -7.00000000 	4.8566374002e+08
-7.00000000 -6.50000000 	4.9210862748e+08
-7.00000000 -6.00000000 	5.0041335567e+08
-7.00000000 -5.50000000 	5.0619380664e+08
-7.00000000 -5.00000000 	5.0862368688e+08
-7.00000000 -4.50000000 	5.0920479758e+08
-7.00000000 -4.00000000 	5.0926575632e+08
-7.00000000 -3.50000000 	5.0926575632e+08
-7.00000000 -3.00000000 	5.0926575632e+08
-7.00000000 -2.50000000 	5.0926575632e+08
-7.00000000 -2.00000000 	5.0926575632e+08
-7.00000000 -1.50000000 	5.0926575632e+08
-7.00000000 -1.00000000 	5.0926575632e+08
-7.00000000 -0.50000000 	5.0926575632e+08
-7.00000000 0.00000000 	5.0926575632e+08
-7.00000000 0.50000000 	5.0926575632e+08
-7.00000000 1.00000000 	5.0926575632e+08
-7.00000000 1.50000000 	5.0926575632e+08
-7.00000000 2.00000000 	5.0926575632e+08
-7.00000000 2.50000000 	5.0926575632e+08
-7.00000000 3.00000000 	5.0926575632e+08
-7.00000000 3.50000000 	5.0926575632e+08
-7.00000000 4.00000000 	5.0926575632e+08
-7.00000000 4.50000000 	5.0926575632e+08
-7.00000000 5.00000000 	5.0926575632e+08
-7.00000000 5.50000000 	5.0926575632e+08
-7.00000000 6.00000000 	5.0926575632e+08
-7.00000000 6.50000000 	5.0926575632e+08
-7.00000000 7.00000000 	5.0926575632e+08
-7.00000000 7.50000000 	5.0926575632e+08
-7.00000000 8.00000000 	5.0926575632e+08
-6.50000000 -12.00000000 	5.0926575632e+08
-6.50000000 -11.50000000 	5.0926575632e+08
-6.50000000 -11.00000000 	5.0926575632e+08
-6.50000000 -10.50000000 	5.0926575632e+08
-6.50000000 -10.00000000 	5.0926575632e+08
-6.50000000 -9.50000000 	5.0920479758e+08
-6.50000000 -9.00000000 	5.0862368688e+08
-6.50000000 -8.50000000 	5.0619380664e+08
-6.50000000 -8.00000000 	5.0041335567e+08
-6.50000000 -7.50000000 	4.9210862748e+08
-6.50000000 -7.00000000 	4.8566209835e+08
-6.50000000 -6.50000000 	4.8566209835e+08
-6.50000000 -6.00000000 	4.9210862748e+08
-6.50000000 -5.50000000 	5.0041335567e+08
-6.50000000 -5.00000000 	5.0619380664e+08
-6.50000000 -4.50000000 	5.0862368688e+08
-6.50000000 -4.00000000 	5.0920479758e+08
-6.50000000 -3.50000000 	5.0926575632e+08
-6.50000000 -3.00000000 	5.0926575632e+08
-6.50000000 -2.50000000 	5.0926575632e+08
-6.50000000 -2.00000000 	5.0926575632e+08
-6.50000000 -1.50000000 	5.0926575632e+08
-6.50000000 -1.00000000 	5.0926575632e+08
-6.50000000 -0.50000000 	5.0926575632e+08
-6.50000000 0.00000000 	5.0926575632e+08
-6.50000000 0.50000000 	5.0926575632e+08
-6.50000000 1.00000000 	5.0926575632e+08
-6.50000000 1.50000000 	5.0926575632e+08
-6.50000000 2.00000000 	5.0926575632e+08
-6.50000000 2.50000000 	5.0926575632e+08
-6.50000000 3.00000000 	5.0926575632e+08
-6.50000000 3.50000000 	5.0926575632e+08
-6.50000000 4.00000000 	5.0926575632e+08
-6.50000000 4.50000000 	5.0926575632e+08
-6.50000000 5.00000000 	5.0926575632e+08
-6.50000000 5.50000000 	5.0926575632e+08
-6.50000000 6.00000000 	5.0926575632e+08
-6.50000000 6.50000000 	5.0926575632e+08
-6.50000000 7.00000000 	5.0926575632e+08
-6.50000000 7.50000000 	5.0926575632e+08
-6.50000000 8.00000000 	5.0926575632e+08
-6.00000000 -12.00000000 	5.0926575632e+08
-6.00000000 -11.50000000 	5.0926575632e+08
-6.00000000 -11.00000000 	5.0926575632e+08
-6.00000000 -10.50000000 	5.0926575632e+08
-6.00000000 -10.00000000 	5.0926575632e+08
-6.00000000 -9.50000000 	5.0926575632e+08
-6.00000000 -9.00000000 	5.0920479758e+08
-6.00000000 -8.50000000 	5.0862368688e+08
-6.00000000 -8.00000000 	5.0619380664e+08
-6.00000000 -7.50000000 	5.0041335567e+08
-6.00000000 -7.00000000 	4.9210862748e+08
-6.00000000 -6.50000000 	4.8566209835e+08
-6.00000000 -6.00000000 	4.8566209835e+08
-6.00000000 -5.50000000 	4.9210862748e+08
-6.00000000 -5.00000000 	5.0041335567e+08
-6.00000000 -4.50000000 	5.0619380664e+08
-6.00000000 -4.00000000 	5.0862368688e+08
-6.00000000 -3.50000000 	5.0920479758e+08
-6.00000000 -3.00000000 	5.0926575632e+08
-6.00000000 -2.50000000 	5.0926575632e+08
-6.00000000 -2.00000000 	5.0926575632e+08
-6.00000000 -1.50000000 	5.0926575632e+08
-6.00000000 -1.00000000 	5.0926575632e+08
-6.00000000 -0.50000000 	5.0926575632e+08
-6.00000000 0.00000000 	5.0926575632e+08
-6.00000000 0.50000000 	5.0926575632e+08
-6.00000000 1.00000000 	5.0926575632e+08
-6.00000000 1.50000000 	5.0926575632e+08
-6.00000000 2.00000000 	5.0926575632e+08
-6.00000000 2.50000000 	5.0926575632e+08
-6.00000000 3.00000000 	5.0926575632e+08
-6.00000000 3.50000000 	5.0926575632e+08
-6.00000000 4.00000000 	5.0926575632e+08
-6.00000000 4.50000000 	5.0926575632e+08
-6.00000000 5.00000000 	5.0926575632e+08
-6.00000000 5.50000000 	5.0926575632e+08
-6.00000000 6.00000000 	5.0926575632e+08
-6.00000000 6.50000000 	5.0926575632e+08
-6.00000000 7.00000000 	5.0926575632e+08
-6.00000000 7.50000000 	5.0926575632e+08
-6.00000000 8.00000000 	5.0926575632e+08
-5.50000000 -12.00000000 	5.0926575632e+08
-5.50000000 -11.50000000 	5.0926575632e+08
-5.50000000 -11.00000000 	5.0926575632e+08
-5.50000000 -10.50000000 	5.0926575632e+08
-5.50000000 -10.00000000 	5.0926575632e+08
-5.50000000 -9.50000000 	5.0926575632e+08
-5.50000000 -9.00000000 	5.0926575632e+08
-5.50000000 -8.50000000 	5.0920479758e+08
-5.50000000 -8.00000000 	5.0862368688e+08
-5.50000000 -7.50000000 	5.0619380664e+08
-5.50000000 -7.00000000 	5.0041335567e+08
-5.50000000 -6.50000000 	4.9210862748e+08
-5.50000000 -6.00000000 	4.8566209835e+08
-5.50000000 -5.50000000 	4.8566209835e+08
-5.50000000 -5.00000000 	4.9210862748e+08
-5.50000000 -4.50000000 	5.0041335567e+08
-5.50000000 -4.00000000 	5.0619380664e+08
-5.50000000 -3.50000000 	5.0862368688e+08
-5.50000000 -3.00000000 	5.0920479758e+08
-5.50000000 -2.50000000 	5.0926575632e+08
-5.50000000 -2.00000000 	5.0926575632e+08
-5.50000000 -1.50000000 	5.0926575632e+08
-5.50000000 -1.00000000 	5.0926575632e+08
-5.50000000 -0.50000000 	5.0926575632e+08
-5.50000000 0.00000000 	5.0926575632e+08
-5.50000000 0.50000000 	5.0926575632e+08
-5.50000000 1.00000000 	5.0926575632e+08
-5.50000000 1.50000000 	5.0926575632e+08
-5.50000000 2.00000000 	5.0926575632e+08
-5.50000000 2.50000000 	5.0926575632e+08
-5.50000000 3.00000000 	5.0926575632e+08
-5.50000000 3.50000000 	5.0926575632e+08
-5.50000000 4.00000000 	5.0926575632e+08
-5.50000000 4.50000000 	5.0926575632e+08
-5.50000000 5.00000000 	5.0926575632e+08
-5.50000000 5.50000000 	5.0926575632e+08
-5.50000000 6.00000000 	5.0926575632e+08
-5.50000000 6.50000000 	5.0926575632e+08
-5.50000000 7.00000000 	5.0926575632e+08
-5.50000000 7.50000000 	5.0926575632e+08
-5.50000000 8.00000000 	5.0926575632e+08
-5.00000000 -12.00000000 	5.0926575632e+08
-5.00000000 -11.50000000 	5.0926575632e+08
-5.00000000 -11.00000000 	5.0926575632e+08
-5.00000000 -10.50000000 	5.0926575632e+08
-5.00000000 -10.00000000 	5.0926575632e+08
-5.00000000 -9.50000000 	5.0926575632e+08
-5.00000000 -9.00000000 	5.0926575632e+08
-5.00000000 -8.50000000 	5.0926575632e+08
-5.00000000 -8.00000000 	5.0920479758e+08
-5.00000000 -7.50000000 	5.0862368688e+08
-5.00000000 -7.00000000 	5.0619380664e+08
-5.00000000 -6.50000000 	5.0041335567e+08
-5.00000000 -6.00000000 	4.9210862748e+08
-5.00000000 -5.50000000 	4.8566209835e+08
-5.00000000 -5.00000000 	4.8566209835e+08
-5.00000000 -4.50000000 	4.9210862748e+08
-5.00000000 -4.00000000 	5.0041335567e+08
-5.00000000 -3.50000000 	5.0619380664e+08
-5.00000000 -3.00000000 	5.0862368688e+08
-5.00000000 -2.50000000 	5.0920479758e+08
-5.00000000 -2.00000000 	5.0926575632e+08
-5.00000000 -1.50000000 	5.0926575632e+08
-5.00000000 -1.00000000 	5.0926575632e+08
-5.00000000 -0.50000000 	5.0926575632e+08
-5.00000000 0.00000000 	5.0926575632e+08
-5.00000000 0.50000000 	5.0926575632e+08
-5.00000000 1.00000000 	5.0926575632e+08
-5.00000000 1.50000000 	5.0926575632e+08
-5.00000000 2.00000000 	5.0926575632e+08
-5.00000000 2.50000000 	5.0926575632e+08
-5.00000000 3.00000000 	5.0926575632e+08
-5.00000000 3.50000000 	5.0926575632e+08
-5.00000000 4.00000000 	5.0926575632e+08
-5.00000000 4.50000000 	5.0926575632e+08
-5.00000000 5.00000000 	5.0926575632e+08
-5.00000000 5.50000000 	5.0926575632e+08
-5.00000000 6.00000000 	5.0926575632e+08
-5.00000000 6.50000000 	5.0926575632e+08
-5.00000000 7.00000000 	5.0926575632e+08
-5.00000000 7.50000000 	5.0926575632e+08
-5.00000000 8.00000000 	5.0926575632e+08
-4.50000000 -12.00000000 	5.0926575632e+08
-4.50000000 -11.50000000 	5.0926575632e+08
-4.50000000 -11.00000000 	5.0926575632e+08
-4.50000000 -10.50000000 	5.0926575632e+08
-4.50000000 -10.00000000 	5.0926575632e+08
-4.50000000 -9.50000000 	5.0926575632e+08
-4.50000000 -9.00000000 	5.0926575632e+08
-4.50000000 -8.50000000 	5.0926575632e+08
-4.50000000 -8.00000000 	5.0926575632e+08
-4.50000000 -7.50000000 	5.0920479758e+08
-4.50000000 -7.00000000 	5.0862368688e+08
-4.50000000 -6.50000000 	5.0619380664e+08
-4.50000000 -6.00000000 	5.0041335567e+08
-4.50000000 -5.50000000 	4.9210862748e+08
-4.50000000 -5.00000000 	4.8566209835e+08
-4.50000000 -4.50000000 	4.8566209835e+08
-4.50000000 -4.00000000 	4.9210862748e+08
-4.50000000 -3.50000000 	5.0041335567e+08
-4.50000000 -3.00000000 	5.0619380664e+08
-4.50000000 -2.50000000 	5.0862368688e+08
-4.50000000 -2.00000000 	5.0920479758e+08
-4.50000000 -1.50000000 	5.0926575632e+08
-4.50000000 -1.00000000 	5.0926575632e+08
-4.50000000 -0.50000000 	5.0926575632e+08
-4.50000000 0.00000000 	5.0926575632e+08
-4.50000000 0.50000000 	5.0926575632e+08
-4.50000000 1.00000000 	5.0926575632e+08
-4.50000000 1.50000000 	5.0926575632e+08
-4.50000000 2.00000000 	5.0926575632e+08
-4.50000000 2.50000000 	5.0926575632e+08
-4.50000000 3.00000000 	5.0926575632e+08
-4.50000000 3.50000000 	5.0926575632e+08
-4.50000000 4.00000000 	5.0926575632e+08
-4.50000000 4.50000000 	5.0926575632e+08
-4.50000000 5.00000000 	5.0926575632e+08
-4.50000000 5.50000000 	5.0926575632e+08
-4.50000000 6.00000000 	5.0926575632e+08
-4.50000000 6.50000000 	5.0926575632e+08
-4.50000000 7.00000000 	5.0926575632e+08
-4.50000000 7.50000000 	5.0926575632e+08
-4.50000000 8.00000000 	5.0926575632e+08
-4.00000000 -12.00000000 	5.0926575632e+08
-4.00000000 -11.50000000 	5.0926575632e+08
-4.00000000 -11.00000000 	5.0926575632e+08
-4.00000000 -10.50000000 	5.0926575632e+08
-4.00000000 -10.00000000 	5.0926575632e+08
-4.00000000 -9.50000000 	5.0926575632e+08
-4.00000000 -9.00000000 	5.0926575632e+08
-4.00000000 -8.50000000 	5.0926575632e+08
-4.00000000 -8.00000000 	5.0926575632e+08
-4.00000000 -7.50000000 	5.0926575632e+08
-4.00000000 -7.00000000 	5.0920479758e+08
-4.00000000 -6.50000000 	5.0862368688e+08
-4.00000000 -6.00000000 	5.0619380664e+08
-4.00000000 -5.50000000 	5.0041335567e+08
-4.00000000 -5.00000000 	4.9210862748e+08
-4.00000000 -4.50000000 	4.8566209835e+08
-4.00000000 -4.00000000 	4.8566209835e+08
-4.00000000 -3.50000000 	4.9210862748e+08
-4.00000000 -3.00000000 	5.0041335567e+08
-4.00000000 -2.50000000 	5.0619380664e+08
-4.00000000 -2.00000000 	5.0862368688e+08
-4.00000000 -1.50000000 	5.0920479758e+08
-4.00000000 -1.00000000 	5.0926575632e+08
-4.00000000 -0.50000000 	5.0926575632e+08
-4.00000000 0.00000000 	5.0926575632e+08
-4.00000000 0.50000000 	5.0926575632e+08
-4.00000000 1.00000000 	5.0926575632e+08
-4.00000000 1.50000000 	5.0926575632e+08
-4.00000000 2.00000000 	5.0926575632e+08
-4.00000000 2.50000000 	5.0926575632e+08
-4.00000000 3.00000000 	5.0926575632e+08
-4.00000000 3.50000000 	5.0926575632e+08
-4.00000000 4.00000000 	5.0926575632e+08
-4.00000000 4.50000000 	5.0926575632e+08
-4.00000000 5.00000000 	5.0926575632e+08
-4.00000000 5.50000000 	5.0926575632e+08
-4.00000000 6.00000000 	5.0926575632e+08
-4.00000000 6.50000000 	5.0926575632e+08
-4.00000000 7.00000000 	5.0926575632e+08
-4.00000000 7.50000000 	5.0926575632e+08
-4.00000000 8.00000000 	5.0926575632e+08
-3.50000000 -12.00000000 	5.0926575632e+08
-3.50000000 -11.50000000 	5.0926575632e+08
-3.50000000 -11.00000000 	5.0926575632e+08
-3.50000000 -10.50000000 	5.0926575632e+08
-3.50000000 -10.00000000 	5.0926575632e+08
-3.50000000 -9.50000000 	5.0926575632e+08
-3.50000000 -9.00000000 	5.0926575632e+08
-3.50000000 -8.50000000 	5.0926575632e+08
-3.50000000 -8.00000000 	5.0926575632e+08
-3.50000000 -7.50000000 	5.0926575632e+08
-3.50000000 -7.00000000 	5.0926575632e+08
-3.50000000 -6.50000000 	5.0920479758e+08
-3.50000000 -6.00000000 	5.0862368688e+08
-3.50000000 -5.50000000 	5.0619380664e+08
-3.50000000 -5.00000000 	5.0041335567e+08
-3.50000000 -4.50000000 	4.9210862748e+08
-3.50000000 -4.00000000 	4.8566209835e+08
-3.50000000 -3.50000000 	4.8566209835e+08
-3.50000000 -3.00000000 	4.9210862748e+08
-3.50000000 -2.50000000 	5.0041335567e+08
-3.50000000 -2.00000000 	5.0619380664e+08
-3.50000000 -1.50000000 	5.0862368688e+08
-3.50000000 -1.00000000 	5.0920479758e+08
-3.50000000 -0.50000000 	5.0926575632e+08
-3.50000000 0.00000000 	5.0926575632e+08
-3.50000000 0.50000000 	5.0926575632e+08
-3.50000000 1.00000000 	5.0926575632e+08
-3.50000000 1.50000000 	5.0926575632e+08
-3.50000000 2.00000000 	5.0926575632e+08
-3.50000000 2.50000000 	5.0926575632e+08
-3.50000000 3.00000000 	5.0926575632e+08
-3.50000000 3.50000000 	5.0926575632e+08
-3.50000000 4.00000000 	5.0926575632e+08
-3.50000000 4.50000000 	5.0926575632e+08
-3.50000000 5.00000000 	5.0926575632e+08
-3.50000000 5.50000000 	5.0926575632e+08
-3.50000000 6.00000000 	5.0926575632e+08
-3.50000000 6.50000000 	5.0926575632e+08
-3.50000000 7.00000000 	5.0926575632e+08
-3.50000000 7.50000000 	5.0926575632e+08
-3.50000000 8.00000000 	5.0926575632e+08
-3.00000000 -12.00000000 	5.0926575632e+08
-3.00000000 -11.50000000 	5.0926575632e+08
-3.00000000 -11.00000000 	5.0926575632e+08
-3.00000000 -10.50000000 	5.0926575632e+08
-3.00000000 -10.00000000 	5.0926575632e+08
-3.00000000 -9.50000000 	5.0926575632e+08
-3.00000000 -9.00000000 	5.0926575632e+08
-3.00000000 -8.50000000 	5.0926575632e+08
-3.00000000 -8.00000000 	5.0926575632e+08
-3.00000000 -7.50000000 	5.0926575632e+08
-3.00000000 -7.00000000 	5.0926575632e+08
-3.00000000 -6.50000000 	5.0926575632e+08
-3.00000000 -6.00000000 	5.0920479758e+08
-3.00000000 -5.50000000 	5.0862368688e+08
-3.00000000 -5.00000000 	5.0619380664e+08
-3.00000000 -4.50000000 	5.0041335567e+08
-3.00000000 -4.00000000 	4.9210862748e+08
-3.00000000 -3.50000000 	4.8566209835e+08
-3.00000000 -3.00000000 	4.8566209835e+08
-3.00000000 -2.50000000 	4.9210862748e+08
-3.00000000 -2.00000000 	5.0041335567e+08
-3.00000000 -1.50000000 	5.0619380664e+08
-3.00000000 -1.00000000 	5.0862368688e+08
-3.00000000 -0.50000000 	5.0920479758e+08
-3.00000000 0.00000000 	5.0926575632e+08
-3.00000000 0.50000000 	5.0926575632e+08
-3.00000000 1.00000000 	5.0926575632e+08
-3.00000000 1.50000000 	5.0926575632e+08
-3.00000000 2.00000000 	5.0926575632e+08
-3.00000000 2.50000000 	5.0926575632e+08
-3.00000000 3.00000000 	5.0926575632e+08
-3.00000000 3.50000000 	5.0926575632e+08
-3.00000000 4.00000000 	5.0926575632e+08
-3.00000000 4.50000000 	5.0926575632e+08
-3.00000000 5.00000000 	5.0926575632e+08
-3.00000000 5.50000000 	5.0926575632e+08
-3.00000000 6.00000000 	5.0926575632e+08
-3.00000000 6.50000000 	5.0926575632e+08
-3.00000000 7.00000000 	5.0926575632e+08
-3.00000000 7.50000000 	5.0926575632e+08
-3.00000000 8.00000000 	5.0926575632e+08
-2.50000000 -12.00000000 	5.0926575632e+08
-2.50000000 -11.50000000 	5.0926575632e+08
-2.50000000 -11.00000000 	5.0926575632e+08
-2.50000000 -10.50000000 	5.0926575632e+08
-2.50000000 -10.00000000 	5.0926575632e+08
-2.50000000 -9.50000000 	5.0926575632e+08
-2.50000000 -9.00000000 	5.0926575632e+08
-2.50000000 -8.50000000 	5.0926575632e+08
-2.50000000 -8.00000000 	5.0926575632e+08
-2.50000000 -7.50000000 	5.0926575632e+08
-2.50000000 -7.00000000 	5.0926575632e+08
-2.50000000 -6.50000000 	5.0926575632e+08
-2.50000000 -6.00000000 	5.0926575632e+08
-2.50000000 -5.50000000 	5.0920479758e+08
-2.50000000 -5.00000000 	5.0862368688e+08
-2.50000000 -4.50000000 	5.0619380664e+08
-2.50000000 -4.00000000 	5.0041335567e+08
-2.50000000 -3.50000000 	4.9210862748e+08
-2.50000000 -3.00000000 	4.8566209835e+08
-2.50000000 -2.50000000 	4.8566209835e+08
-2.50000000 -2.00000000 	4.9210862748e+08
-2.50000000 -1.50000000 	5.0041335567e+08
-2.50000000 -1.00000000 	5.0619380664e+08
-2.50000000 -0.50000000 	5.0862368688e+08
-2.50000000 0.00000000 	5.0920479758e+08
-2.50000000 0.50000000 	5.0926575632e+08
-2.50000000 1.00000000 	5.0926575632e+08
-2.50000000 1.50000000 	5.0926575632e+08
-2.50000000 2.00000000 	5.0926575632e+08
-2.50000000 2.50000000 	5.0926575632e+08
-2.50000000 3.00000000 	5.0926575632e+08
-2.50000000 3.50000000 	5.0926575632e+08
-2.50000000 4.00000000 	5.0926575632e+08
-2.50000000 4.50000000 	5.0926575632e+08
-2.50000000 5.00000000 	5.0926575632e+08
-2.50000000 5.50000000 	5.0926575632e+08
-2.50000000 6.00000000 	5.0926575632e+08
-2.50000000 6.50000000 	5.0926575632e+08
-2.50000000 7.00000000 	5.0926575632e+08
-2.50000000 7.50000000 	5.0926575632e+08
-2.50000000 8.00000000 	5.0926575632e+08
-2.00000000 -12.00000000 	5.0926575632e+08
-2.00000000 -11.50000000 	5.0926575632e+08
-2.00000000 -11.00000000 	5.0926575632e+08
-2.00000000 -10.50000000 	5.0926575632e+08
-2.00000000 -10.00000000 	5.0926575632e+08
-2.00000000 -9.50000000 	5.0926575632e+08
-2.00000000 -9.00000000 	5.0926575632e+08
-2.00000000 -8.50000000 	5.0926575632e+08
-2.00000000 -8.00000000 	5.0926575632e+08
-2.00000000 -7.50000000 	5.0926575632e+08
-2.00000000 -7.00000000 	5.0926575632e+08
-2.00000000 -6.50000000 	5.0926575632e+08
-2.00000000 -6.00000000 	5.0926575632e+08
-2.00000000 -5.50000000 	5.0926575632e+08
-2.00000000 -5.00000000 	5.0920479758e+08
-2.00000000 -4.50000000 	5.0862368688e+08
-2.00000000 -4.00000000 	5.0619380664e+08
-2.00000000 -3.50000000 	5.0041335567e+08
-2.00000000 -3.00000000 	4.9210862748e+08
-2.00000000 -2.50000000 	4.8566209835e+08
-2.00000000 -2.00000000 	4.8566209835e+08
-2.00000000 -1.50000000 	4.9210862748e+08
-2.00000000 -1.00000000 	5.0041335567e+08
-2.00000000 -0.50000000 	5.0619380664e+08
-2.00000000 0.00000000 	5.0862368688e+08
-2.00000000 0.50000000 	5.0920479758e+08
-2.00000000 1.00000000 	5.0926575632e+08
-2.00000000 1.50000000 	5.0926575632e+08
-2.00000000 2.00000000 	5.0926575632e+08
-2.00000000 2.50000000 	5.0926575632e+08
-2.00000000 3.00000000 	5.0926575632e+08
-2.00000000 3.50000000 	5.0926575632e+08
-2.00000000 4.00000000 	5.0926575632e+08
-2.00000000 4.50000000 	5.0926575632e+08
-2.00000000 5.00000000 	5.0926575632e+08
-2.00000000 5.50000000 	5.0926575632e+08
-2.00000000 6.00000000 	5.0926575632e+08
-2.00000000 6.50000000 	5.0926575632e+08
-2.00000000 7.00000000 	5.0926575632e+08
-2.00000000 7.50000000 	5.0926575632e+08
-2.00000000 8.00000000 	5.0926575632e+08
-1.50000000 -12.00000000 	5.0926575632e+08
-1.50000000 -11.50000000 	5.0926575632e+08
-1.50000000 -11.00000000 	5.0926575632e+08
-1.50000000 -10.50000000 	5.0926575632e+08
-1.50000000 -10.00000000 	5.0926575632e+08
-1.50000000 -9.50000000 	5.0926575632e+08
-1.50000000 -9.00000000 	5.0926575632e+08
-1.50000000 -8.50000000 	5.0926575632e+08
-1.50000000 -8.00000000 	5.0926575632e+08
-1.50000000 -7.50000000 	5.0926575632e+08
-1.50000000 -7.00000000 	5.0926575632e+08
-1.50000000 -6.50000000 	5.0926575632e+08
-1.50000000 -6.00000000 	5.0926575632e+08
-1.50000000 -5.50000000 	5.0926575632e+08
-1.50000000 -5.00000000 	5.0926575632e+08
-1.50000000 -4.50000000 	5.0920479758e+08
-1.50000000 -4.00000000 	5.0862368688e+08
-1.50000000 -3.50000000 	5.0619380664e+08
-1.50000000 -3.00000000 	5.0041335567e+08
-1.50000000 -2.50000000 	4.9210862748e+08
-1.50000000 -2.00000000 	4.8566209835e+08
-1.50000000 -1.50000000 	4.8566209835e+08
-1.50000000 -1.00000000 	4.9210862748e+08
-1.50000000 -0.50000000 	5.0041335567e+08
-1.50000000 0.00000000 	5.0619380664e+08
-1.50000000 0.50000000 	5.0862368688e+08
-1.50000000 1.00000000 	5.0920479758e+08
-1.50000000 1.50000000 	5.0926575632e+08
-1.50000000 2.00000000 	5.0926575632e+08
-1.50000000 2.50000000 	5.0926575632e+08
-1.50000000 3.00000000 	5.0926575632e+08
-1.50000000 3.50000000 	5.0926575632e+08
-1.50000000 4.00000000 	5.0926575632e+08
-1.50000000 4.50000000 	5.0926575632e+08
-1.50000000 5.00000000 	5.0926575632e+08
-1.50000000 5.50000000 	5.0926575632e+08
-1.50000000 6.00000000 	5.0926575632e+08
-1.50000000 6.50000000 	5.0926575632e+08
-1.50000000 7.00000000 	5.0926575632e+08
-1.50000000 7.50000000 	5.0926575632e+08
-1.50000000 8.00000000 	5.0926575632e+08
-1.00000000 -12.00000000 	5.0926575632e+08
-1.00000000 -11.50000000 	5.0926575632e+08
-1.00000000 -11.00000000 	5.0926575632e+08
-1.00000000 -10.50000000 	5.0926575632e+08
-1.00000000 -10.00000000 	5.0926575632e+08
-1.00000000 -9.50000000 	5.0926575632e+08
-1.00000000 -9.00000000 	5.0926575632e+08
-1.00000000 -8.50000000 	5.0926575632e+08
-1.00000000 -8.00000000 	5.0926575632e+08
-1.00000000 -7.50000000 	5.0926575632e+08
-1.00000000 -7.00000000 	5.0926575632e+08
-1.00000000 -6.50000000 	5.0926575632e+08
-1.00000000 -6.00000000 	5.0926575632e+08
-1.00000000 -5.50000000 	5.0926575632e+08
-1.00000000 -5.00000000 	5.0926575632e+08
-1.00000000 -4.50000000 	5.0926575632e+08
-1.00000000 -4.00000000 	5.0920479758e+08
-1.00000000 -3.50000000 	5.0862368688e+08
-1.00000000 -3.00000000 	5.0619380664e+08
-1.00000000 -2.50000000 	5.0041335567e+08
-1.00000000 -2.00000000 	4.9210862748e+08
-1.00000000 -1.50000000 	4.8566209835e+08
-1.00000000 -1.00000000 	4.8566209835e+08
-1.00000000 -0.50000000 	4.9210862748e+08
-1.00000000 0.00000000 	5.0041335567e+08
-1.00000000 0.50000000 	5.0619380664e+08
-1.00000000 1.00000000 	5.0862368688e+08
-1.00000000 1.50000000 	5.0920479758e+08
-1.00000000 2.00000000 	5.0926575632e+08
-1.00000000 2.50000000 	5.0926575632e+08
-1.00000000 3.00000000 	5.0926575632e+08
-1.00000000 3.50000000 	5.0926575632e+08
-1.00000000 4.00000000 	5.0926575632e+08
-1.00000000 4.50000000 	5.0926575632e+08
-1.00000000 5.00000000 	5.0926575632e+08
-1.00000000 5.50000000 	5.0926575632e+08
-1.00000000 6.00000000 	5.0926575632e+08
-1.00000000 6.50000000 	5.0926575632e+08
-1.00000000 7.00000000 	5.0926575632e+08
-1.00000000 7.50000000 	5.0926575632e+08
-1.00000000 8.00000000 	5.0926575632e+08
-0.50000000 -12.00000000 	5.0926575632e+08
-0.50000000 -11.50000000 	5.0926575632e+08
-0.50000000 -11.00000000 	5.0926575632e+08
-0.50000000 -10.50000000 	5.0926575632e+08
-0.50000000 -10.00000000 	5.0926575632e+08
-0.50000000 -9.50000000 	5.0926575632e+08
-0.50000000 -9.00000000 	5.0926575632e+08
-0.50000000 -8.50000000 	5.0926575632e+08
-0.50000000 -8.00000000 	5.0926575632e+08
-0.50000000 -7.50000000 	5.0926575632e+08
-0.50000000 -7.00000000 	5.0926575632e+08
-0.50000000 -6.50000000 	5.0926575632e+08
-0.50000000 -6.00000000 	5.0926575632e+08
-0.50000000 -5.50000000 	5.0926575632e+08
-0.50000000 -5.00000000 	5.0926575632e+08
-0.50000000 -4.50000000 	5.0926575632e+08
-0.50000000 -4.00000000 	5.0926575632e+08
-0.50000000 -3.50000000 	5.0920479758e+08
-0.50000000 -3.00000000 	5.0862368688e+08
-0.50000000 -2.50000000 	5.0619380664e+08
-0.50000000 -2.00000000 	5.0041335567e+08
-0.50000000 -1.50000000 	4.9210862748e+08
-0.50000000 -1.00000000 	4.8566209835e+08
-0.50000000 -0.50000000 	4.8566209835e+08
-0.50000000 0.00000000 	4.9210862748e+08
-0.50000000 0.50000000 	5.0041335567e+08
-0.50000000 1.00000000 	5.0619380664e+08
-0.50000000 1.50000000 	5.0862368688e+08
-0.50000000 2.00000000 	5.0920479758e+08
-0.50000000 2.50000000 	5.0926575632e+08
-0.50000000 3.00000000 	5.0926575632e+08
-0.50000000 3.50000000 	5.0926575632e+08
-0.50000000 4.00000000 	5.0926575632e+08
-0.50000000 4.50000000 	5.0926575632e+08
-0.50000000 5.00000000 	5.0926575632e+08
-0.50000000 5.50000000 	5.0926575632e+08
-0.50000000 6.00000000 	5.0926575632e+08
-0.50000000 6.50000000 	5.0926575632e+08
-0.50000000 7.00000000 	5.0926575632e+08
-0.50000000 7.50000000 	5.0926575632e+08
-0.50000000 8.00000000 	5.0926575632e+08
0.00000000 -12.00000000 	5.0926575632e+08
0.00000000 -11.50000000 	5.0926575632e+08
0.00000000 -11.00000000 	5.0926575632e+08
0.00000000 -10.50000000 	5.0926575632e+08
0.00000000 -10.00000000 	5.0926575632e+08
0.00000000 -9.50000000 	5.0926575632e+08
0.00000000 -9.00000000 	5.0926575632e+08
0.00000000 -8.50000000 	5.0926575632e+08
0.00000000 -8.00000000 	5.0926575632e+08
0.00000000 -7.50000000 	5.0926575632e+08
0.00000000 -7.00000000 	5.0926575632e+08
0.00000000 -6.50000000 	5.0926575632e+08
0.00000000 -6.00000000 	5.0926575632e+08
0.00000000 -5.50000000 	5.0926575632e+08
0.00000000 -5.00000000 	5.0926575632e+08
0.00000000 -4.50000000 	5.0926575632e+08
0.00000000 -4.00000000 	5.0926575632e+08
0.00000000 -3.50000000 	5.0926575632e+08
0.00000000 -3.00000000 	5.0920479758e+08
0.00000000 -2.50000000 	5.0862368688e+08
0.00000000 -2.00000000 	5.0619380664e+08
0.00000000 -1.50000000 	5.0041335567e+08
0.00000000 -1.00000000 	4.9210862748e+08
0.00000000 -0.50000000 	4.8566209835e+08
0.00000000 0.00000000 	4.8566209835e+08
0.00000000 0.50000000 	4.9210862748e+08
0.00000000 1.00000000 	5.0041335567e+08
0.00000000 1.50000000 	5.0619380664e+08
0.00000000 2.00000000 	5.0862368688e+08
0.00000000 2.50000000 	5.0920479758e+08
0.00000000 3.00000000 	5.0926575632e+08
0.00000000 3.50000000 	5.0926575632e+08
0.00000000 4.00000000 	5.0926575632e+08
0.00000000 4.50000000 	5.0926575632e+08
0.00000000 5.00000000 	5.0926575632e+08
0.00000000 5.50000000 	5.0926575632e+08
0.00000000 6.00000000 	5.0926575632e+08
0.00000000 6.50000000 	5.0926575632e+08
0.00000000 7.00000000 	5.0926575632e+08
0.00000000 7.50000000 	5.0926575632e+08
0.00000000 8.00000000 	5.0926575632e+08
0.50000000 -12.00000000 	5.0926575632e+08
0.50000000 -11.50000000 	5.0926575632e+08
0.50000000 -11.00000000 	5.0926575632e+08
0.50000000 -10.50000000 	5.0926575632e+08
0.50000000 -10.00000000 	5.0926575632e+08
0.50000000 -9.50000000 	5.0926575632e+08
0.50000000 -9.00000000 	5.0926575632e+08
0.50000000 -8.50000000 	5.0926575632e+08
0.50000000 -8.00000000 	5.0926575632e+08
0.50000000 -7.50000000 	5.0926575632e+08
0.50000000 -7.00000000 	5.0926575632e+08
0.50000000 -6.50000000 	5.0926575632e+08
0.50000000 -6.00000000 	5.0926575632e+08
0.50000000 -5.50000000 	5.0926575632e+08
0.50000000 -5.00000000 	5.0926575632e+08
0.50000000 -4.50000000 	5.0926575632e+08
0.50000000 -4.00000000 	5.0926575632e+08
0.50000000 -3.50000000 	5.0926575632e+08
0.50000000 -3.00000000 	5.0926575632e+08
0.50000000 -2.50000000 	5.0920479758e+08
0.50000000 -2.00000000 	5.0862368688e+08
0.50000000 -1.50000000 	5.0619380664e+08
0.50000000 -1.00000000 	5.0041335567e+08
0.50000000 -0.50000000 	4.9210862748e+08
0.50000000 0.00000000 	4.8566209835e+08
0.50000000 0.50000000 	4.8566209835e+08
0.50000000 1.00000000 	4.9210862748e+08
0.50000000 1.50000000 	5.0041335567e+08
0.50000000 2.00000000 	5.0619380664e+08
0.50000000 2.50000000 	5.0862368688e+08
0.50000000 3.00000000 	5.0920479758e+08
0.50000000 3.50000000 	5.0926575632e+08
0.50000000 4.00000000 	5.0926575632e+08
0.50000000 4.50000000 	5.0926575632e+08
0.50000000 5.00000000 	5.0926575632e+08
0.50000000 5.50000000 	5.0926575632e+08
0.50000000 6.00000000 	5.0926575632e+08
0.50000000 6.50000000 	5.0926575632e+08
0.50000000 7.00000000 	5.0926575632e+08
0.50000000 7.50000000 	5.0926575632e+08
0.50000000 8.00000000 	5.0926575632e+08
1.00000000 -12.00000000 	5.0926575632e+08
1.00000000 -11.50000000 	5.0926575632e+08
1.00000000 -11.00000000 	5.0926575632e+08
1.00000000 -10.50000000 	5.0926575632e+08
1.00000000 -10.00000000 	5.0926575632e+08
1.00000000 -9.50000000 	5.0926575632e+08
1.00000000 -9.00000000 	5.0926575632e+08
1.00000000 -8.50000000 	5.0926575632e+08
1.00000000 -8.00000000 	5.0926575632e+08
1.00000000 -7.50000000 	5.0926575632e+08
1.00000000 -7.00000000 	5.0926575632e+08
1.00000000 -6.50000000 	5.0926575632e+08
1.00000000 -6.00000000 	5.0926575632e+08
1.00000000 -5.50000000 	5.0926575632e+08
1.00000000 -5.00000000 	5.0926575632e+08
1.00000000 -4.50000000 	5.0926575632e+08
1.00000000 -4.00000000 	5.0926575632e+08
1.00000000 -3.50000000 	5.0926575632e+08
1.00000000 -3.00000000 	5.0926575632e+08
1.00000000 -2.50000000 	5.0926575632e+08
1.00000000 -2.00000000 	5.0920479758e+08
1.00000000 -1.50000000 	5.0862368688e+08
1.00000000 -1.00000000 	5.0619380664e+08
1.00000000 -0.50000000 	5.0041335567e+08
1.00000000 0.00000000 	4.9210862748e+08
1.00000000 0.50000000 	4.8566374002e+08
1.00000000 1.00000000 	4.8571717443e+08
1.00000000 1.50000000 	4.9236825171e+08
1.00000000 2.00000000 	5.0094108747e+08
1.00000000 2.50000000 	5.0674290115e+08
1.00000000 3.00000000 	5.0891221892e+08
1.00000000 3.50000000 	5.0926575632e+08
1.00000000 4.00000000 	5.0926575632e+08
1.00000000 4.50000000 	5.0926575632e+08
1.00000000 5.00000000 	5.0926575632e+08
1.00000000 5.50000000 	5.0926575632e+08
1.00000000 6.00000000 	5.0926575632e+08
1.00000000 6.50000000 	5.0926575632e+08
1.00000000 7.00000000 	5.0926575632e+08
1.00000000 7.50000000 	5.0926575632e+08
1.00000000 8.00000000 	5.0926575632e+08
1.50000000 -12.00000000 	5.0926575632e+08
1.50000000 -11.50000000 	5.0926575632e+08
1.50000000 -11.00000000 	5.0926575632e+08
1.50000000 -10.50000000 	5.0926575632e+08
1.50000000 -10.00000000 	5.0926575632e+08
1.50000000 -9.50000000 	5.0926575632e+08
1.50000000 -9.00000000 	5.0926575632e+08
1.50000000 -8.50000000 	5.0926575632e+08
1.50000000 -8.00000000 	5.0926575632e+08
1.50000000 -7.50000000 	5.0926575632e+08
1.50000000 -7.00000000 	5.0926575632e+08
1.50000000 -6.50000000 	5.0926575632e+08
1.50000000 -6.00000000 	5.0926575632e+08
1.50000000 -5.50000000 	5.0926575632e+08
1.50000000 -5.00000000 	5.0926575632e+08
1.50000000 -4.50000000 	5.0926575632e+08
1.50000000 -4.00000000 	5.0926575632e+08
1.50000000 -3.50000000 	5.0926575632e+08
1.50000000 -3.00000000 	5.0926575632e+08
1.50000000 -2.50000000 	5.0926575632e+08
1.50000000 -2.00000000 	5.0926575632e+08
1.50000000 -1.50000000 	5.0920479758e+08
1.50000000 -1.00000000 	5.0862368688e+08
1.50000000 -0.50000000 	5.0619380664e+08
1.50000000 0.00000000 	5.0039344451e+08
1.50000000 0.50000000 	4.9200514152e+08
1.50000000 1.00000000 	4.8571962507e+08
1.50000000 1.50000000 	4.8687381610e+08
1.50000000 2.00000000 	4.9513581774e+08
1.50000000 2.50000000 	5.0397968577e+08
1.50000000 3.00000000 	5.0838391852e+08
1.50000000 3.50000000 	5.0926575632e+08
1.50000000 4.00000000 	5.0926575632e+08
1.50000000 4.50000000 	5.0926575632e+08
1.50000000 5.00000000 	5.0926575632e+08
1.50000000 5.50000000 	5.0926575632e+08
1.50000000 6.00000000 	5.0926575632e+08
1.50000000 6.50000000 	5.0926575632e+08
1.50000000 7.00000000 	5.0926575632e+08
1.50000000 7.50000000 	5.0926575632e+08
1.50000000 8.00000000 	5.0926575632e+08
2.00000000 -12.00000000 	5.0926575632e+08
2.00000000 -11.50000000 	5.0926575632e+08
2.00000000 -11.00000000 	5.0926575632e+08
2.00000000 -10.50000000 	5.0926575632e+08
2.00000000 -10.00000000 	5.0926575632e+08
2.00000000 -9.50000000 	5.0926575632e+08
2.00000000 -9.00000000 	5.0926575632e+08
2.00000000 -8.50000000 	5.0926575632e+08
2.00000000 -8.00000000 	5.0926575632e+08
2.00000000 -7.50000000 	5.0926575632e+08
2.00000000 -7.00000000 	5.0926575632e+08
2.00000000 -6.50000000 	5.0926575632e+08
2.00000000 -6.00000000 	5.0926575632e+08
2.00000000 -5.50000000 	5.0926575632e+08
2.00000000 -5.00000000 	5.0926575632e+08
2.00000000 -4.50000000 	5.0926575632e+08
2.00000000 -4.00000000 	5.0926575632e+08
2.00000000 -3.50000000 	5.0926575632e+08
2.00000000 -3.00000000 	5.0926575632e+08
2.00000000 -2.50000000 	5.0926575632e+08
2.00000000 -2.00000000 	5.0926575632e+08
2.00000000 -1.50000000 	5.0926575632e+08
2.00000000 -1.00000000 	5.0920479758e+08
2.00000000 -0.50000000 	5.0858577301e+08
2.00000000 0.00000000 	5.0585346443e+08
2.00000000 0.50000000 	4.9920809198e+08
2.00000000 1.00000000 	4.9053812348e+08
2.00000000 1.50000000 	4.8692921115e+08
2.00000000 2.00000000 	4.9267681995e+08
2.00000000 2.50000000 	5.0228284991e+08
2.00000000 3.00000000 	5.0799530670e+08
2.00000000 3.50000000 	5.0926575632e+08
2.00000000 4.00000000 	5.0926575632e+08
2.00000000 4.50000000 	5.0926575632e+08
2.00000000 5.00000000 	5.0926575632e+08
2.00000000 5.50000000 	5.0926575632e+08
2.00000000 6.00000000 	5.0926575632e+08
2.00000000 6.50000000 	5.0926575632e+08
2.00000000 7.00000000 	5.0926575632e+08
2.00000000 7.50000000 	5.0926575632e+08
2.00000000 8.00000000 	5.0926575632e+08
