-8.00000000 -12.00000000 	1.1031091650e+06
-8.00000000 -11.50000000 	1.1031091650e+06
-8.00000000 -11.00000000 	1.1031091650e+06
-8.00000000 -10.50000000 	1.1031091650e+06
-8.00000000 -10.00000000 	1.1031091650e+06
-8.00000000 -9.50000000 	1.1031091650e+06
-8.00000000 -9.00000000 	1.1031091650e+06
-8.00000000 -8.50000000 	1.1031091650e+06
-8.00000000 -8.00000000 	1.1031091650e+06
-8.00000000 -7.50000000 	1.1031091650e+06
-8.00000000 -7.00000000 	1.1031091650e+06
-8.00000000 -6.50000000 	1.1031091650e+06
-8.00000000 -6.00000000 	1.1031091650e+06
-8.00000000 -5.50000000 	1.1031091650e+06
-8.00000000 -5.00000000 	1.1031091650e+06
-8.00000000 -4.50000000 	1.1031091650e+06
-8.00000000 -4.00000000 	1.1031091650e+06
-8.00000000 -3.50000000 	1.1031091650e+06
-8.00000000 -3.00000000 	1.1031091650e+06
-8.00000000 -2.50000000 	1.1031091650e+06
-8.00000000 -2.00000000 	1.1031091650e+06
-8.00000000 -1.50000000 	1.1031091650e+06
-8.00000000 -1.00000000 	1.1031091650e+06
-8.00000000 -0.50000000 	1.1031091650e+06
-8.00000000 0.00000000 	1.1031091650e+06
-8.00000000 0.50000000 	1.1031091650e+06
-8.00000000 1.00000000 	1.1031091650e+06
-8.00000000 1.50000000 	1.1031091650e+06
-8.00000000 2.00000000 	1.1031091650e+06
-8.00000000 2.50000000 	1.1031091650e+06
-8.00000000 3.00000000 	1.1031091650e+06
-8.00000000 3.50000000 	1.1031091650e+06
-8.00000000 4.00000000 	1.1031091650e+06
-8.00000000 4.50000000 	1.1031091650e+06
-8.00000000 5.00000000 	1.1031091650e+06
-8.00000000 5.50000000 	1.1031091650e+06
-8.00000000 6.00000000 	1.1031091650e+06
-8.00000000 6.50000000 	1.1031091650e+06
-8.00000000 7.00000000 	1.1031091650e+06
-8.00000000 7.50000000 	1.1031091650e+06
-8.00000000 8.00000000 	1.1031091650e+06
-7.50000000 -12.00000000 	1.0862935485e+06
-7.50000000 -11.50000000 	1.0862935485e+06
-7.50000000 -11.00000000 	1.0862935485e+06
-7.50000000 -10.50000000 	1.0862935485e+06
-7.50000000 -10.00000000 	1.0862935485e+06
-7.50000000 -9.50000000 	1.0862935485e+06
-7.50000000 -9.00000000 	1.0862935485e+06
-7.50000000 -8.50000000 	1.0862935485e+06
-7.50000000 -8.00000000 	1.0862935485e+06
-7.50000000 -7.50000000 	1.0862935485e+06
-7.50000000 -7.00000000 	1.0862935485e+06
-7.50000000 -6.50000000 	1.0862935485e+06
-7.50000000 -6.00000000 	1.0862935485e+06
-7.50000000 -5.50000000 	1.0862935485e+06
-7.50000000 -5.00000000 	1.0862935485e+06
-7.50000000 -4.50000000 	1.0862935485e+06
-7.50000000 -4.00000000 	1.0862935485e+06
-7.50000000 -3.50000000 	1.0862935485e+06
-7.50000000 -3.00000000 	1.0862935485e+06
-7.50000000 -2.50000000 	1.0862935485e+06
-7.50000000 -2.00000000 	1.0862935485e+06
-7.50000000 -1.50000000 	1.0862935485e+06
-7.50000000 -1.00000000 	1.0862935485e+06
-7.50000000 -0.50000000 	1.0862935485e+06
-7.50000000 0.00000000 	1.0862935485e+06
-7.50000000 0.50000000 	1.0862935485e+06
-7.50000000 1.00000000 	1.0862935485e+06
-7.50000000 1.50000000 	1.0862935485e+06
-7.50000000 2.00000000 	1.0862935485e+06
-7.50000000 2.50000000 	1.0862935485e+06
-7.50000000 3.00000000 	1.0862935485e+06
-7.50000000 3.50000000 	1.0862935485e+06
-7.50000000 4.00000000 	1.0862935485e+06
-7.50000000 4.50000000 	1.0862935485e+06
-7.50000000 5.00000000 	1.0862935485e+06
-7.50000000 5.50000000 	1.0862935485e+06
-7.50000000 6.00000000 	1.0862935485e+06
-7.50000000 6.50000000 	1.0862935485e+06
-7.50000000 7.00000000 	1.0862935485e+06
-7.50000000 7.50000000 	1.0862935485e+06
-7.50000000 8.00000000 	1.0862935485e+06
-7.00000000 -12.00000000 	1.0502113447e+06
-7.00000000 -11.50000000 	1.0502113447e+06
-7.00000000 -11.00000000 	1.0502113447e+06
-7.00000000 -10.50000000 	1.0502113447e+06
-7.00000000 -10.00000000 	1.0502113447e+06
-7.00000000 -9.50000000 	1.0502113447e+06
-7.00000000 -9.00000000 	1.0502113447e+06
-7.00000000 -8.50000000 	1.0502113447e+06
-7.00000000 -8.00000000 	1.0502113447e+06
-7.00000000 -7.50000000 	1.0502113447e+06
-7.00000000 -7.00000000 	1.0502113447e+06
-7.00000000 -6.50000000 	1.0502113447e+06
-7.00000000 -6.00000000 	1.0502113447e+06
-7.00000000 -5.50000000 	1.0502113447e+06
-7.00000000 -5.00000000 	1.0502113447e+06
-7.00000000 -4.50000000 	1.0502113447e+06
-7.00000000 -4.00000000 	1.0502113447e+06
-7.00000000 -3.50000000 	1.0502113447e+06
-7.00000000 -3.00000000 	1.0502113447e+06
-7.00000000 -2.50000000 	1.0502113447e+06
-7.00000000 -2.00000000 	1.0502113447e+06
-7.00000000 -1.50000000 	1.0502113447e+06
-7.00000000 -1.00000000 	1.0502113447e+06
-7.00000000 -0.50000000 	1.0502113447e+06
-7.00000000 0.00000000 	1.0502113447e+06
-7.00000000 0.50000000 	1.0502113447e+06
-7.00000000 1.00000000 	1.0502113447e+06
-7.00000000 1.50000000 	1.0502113447e+06
-7.00000000 2.00000000 	1.0502113447e+06
-7.00000000 2.50000000 	1.0502113447e+06
-7.00000000 3.00000000 	1.0502113447e+06
-7.00000000 3.50000000 	1.0502113447e+06
-7.00000000 4.00000000 	1.0502113447e+06
-7.00000000 4.50000000 	1.0502113447e+06
-7.00000000 5.00000000 	1.0502113447e+06
-7.00000000 5.50000000 	1.0502113447e+06
-7.00000000 6.00000000 	1.0502113447e+06
-7.00000000 6.50000000 	1.0502113447e+06
-7.00000000 7.00000000 	1.0502113447e+06
-7.00000000 7.50000000 	1.0502113447e+06
-7.00000000 8.00000000 	1.0502113447e+06
-6.50000000 -12.00000000 	1.1376456423e+06
-6.50000000 -11.50000000 	1.1376456423e+06
-6.50000000 -11.00000000 	1.1376456423e+06
-6.50000000 -10.50000000 	1.1376456423e+06
-6.50000000 -10.00000000 	1.1376456423e+06
-6.50000000 -9.50000000 	1.1376456423e+06
-6.50000000 -9.00000000 	1.1376456423e+06
-6.50000000 -8.50000000 	1.1376456423e+06
-6.50000000 -8.00000000 	1.1376456423e+06
-6.50000000 -7.50000000 	1.1376456423e+06
-6.50000000 -7.00000000 	1.1376456423e+06
-6.50000000 -6.50000000 	1.1376456423e+06
-6.50000000 -6.00000000 	1.1376456423e+06
-6.50000000 -5.50000000 	1.1376456423e+06
-6.50000000 -5.00000000 	1.1376456423e+06
-6.50000000 -4.50000000 	1.1376456423e+06
-6.50000000 -4.00000000 	1.1376456423e+06
-6.50000000 -3.50000000 	1.1376456423e+06
-6.50000000 -3.00000000 	1.1376456423e+06
-6.50000000 -2.50000000 	1.1376456423e+06
-6.50000000 -2.00000000 	1.1376456423e+06
-6.50000000 -1.50000000 	1.1376456423e+06
-6.50000000 -1.00000000 	1.1376456423e+06
-6.50000000 -0.50000000 	1.1376456423e+06
-6.50000000 0.00000000 	1.1376456423e+06
-6.50000000 0.50000000 	1.1376456423e+06
-6.50000000 1.00000000 	1.1376456423e+06
-6.50000000 1.50000000 	1.1376456423e+06
-6.50000000 2.00000000 	1.1376456423e+06
-6.50000000 2.50000000 	1.1376456423e+06
-6.50000000 3.00000000 	1.1376456423e+06
-6.50000000 3.50000000 	1.1376456423e+06
-6.50000000 4.00000000 	1.1376456423e+06
-6.50000000 4.50000000 	1.1376456423e+06
-6.50000000 5.00000000 	1.1376456423e+06
-6.50000000 5.50000000 	1.1376456423e+06
-6.50000000 6.00000000 	1.1376456423e+06
-6.50000000 6.50000000 	1.1376456423e+06
-6.50000000 7.00000000 	1.1376456423e+06
-6.50000000 7.50000000 	1.1376456423e+06
-6.50000000 8.00000000 	1.1376456423e+06
-6.00000000 -12.00000000 	1.5931192520e+06
-6.00000000 -11.50000000 	1.5931192520e+06
-6.00000000 -11.00000000 	1.5931192520e+06
-6.00000000 -10.50000000 	1.5931192520e+06
-6.00000000 -10.00000000 	1.5931192520e+06
-6.00000000 -9.50000000 	1.5931192520e+06
-6.00000000 -9.00000000 	1.5931192520e+06
-6.00000000 -8.50000000 	1.5931192520e+06
-6.00000000 -8.00000000 	1.5931192520e+06
-6.00000000 -7.50000000 	1.5931192520e+06
-6.00000000 -7.00000000 	1.5931192520e+06
-6.00000000 -6.50000000 	1.5931192520e+06
-6.00000000 -6.00000000 	1.5931192520e+06
-6.00000000 -5.50000000 	1.5931192520e+06
-6.00000000 -5.00000000 	1.5931192520e+06
-6.00000000 -4.50000000 	1.5931192520e+06
-6.00000000 -4.00000000 	1.5931192520e+06
-6.00000000 -3.50000000 	1.5931192520e+06
-6.00000000 -3.00000000 	1.5931192520e+06
-6.00000000 -2.50000000 	1.5931192520e+06
-6.00000000 -2.00000000 	1.5931192520e+06
-6.00000000 -1.50000000 	1.5931192520e+06
-6.00000000 -1.00000000 	1.5931192520e+06
-6.00000000 -0.50000000 	1.5931192520e+06
-6.00000000 0.00000000 	1.5931192520e+06
-6.00000000 0.50000000 	1.5931192520e+06
-6.00000000 1.00000000 	1.5931192520e+06
-6.00000000 1.50000000 	1.5931192520e+06
-6.00000000 2.00000000 	1.5931192520e+06
-6.00000000 2.50000000 	1.5931192520e+06
-6.00000000 3.00000000 	1.5931192520e+06
-6.00000000 3.50000000 	1.5931192520e+06
-6.00000000 4.00000000 	1.5931192520e+06
-6.00000000 4.50000000 	1.5931192520e+06
-6.00000000 5.00000000 	1.5931192520e+06
-6.00000000 5.50000000 	1.5931192520e+06
-6.00000000 6.00000000 	1.5931192520e+06
-6.00000000 6.50000000 	1.5931192520e+06
-6.00000000 7.00000000 	1.5931192520e+06
-6.00000000 7.50000000 	1.5931192520e+06
-6.00000000 8.00000000 	1.5931192520e+06
-5.50000000 -12.00000000 	2.2335964632e+06
-5.50000000 -11.50000000 	2.2335964632e+06
-5.50000000 -11.00000000 	2.2335964632e+06
-5.50000000 -10.50000000 	2.2335964632e+06
-5.50000000 -10.00000000 	2.2335964632e+06
-5.50000000 -9.50000000 	2.2335964632e+06
-5.50000000 -9.00000000 	2.2335964632e+06
-5.50000000 -8.50000000 	2.2335964632e+06
-5.50000000 -8.00000000 	2.2335964632e+06
-5.50000000 -7.50000000 	2.2335964632e+06
-5.50000000 -7.00000000 	2.2335964632e+06
-5.50000000 -6.50000000 	2.2335964632e+06
-5.50000000 -6.00000000 	2.2335964632e+06
-5.50000000 -5.50000000 	2.2335964632e+06
-5.50000000 -5.00000000 	2.2335964632e+06
-5.50000000 -4.50000000 	2.2335964632e+06
-5.50000000 -4.00000000 	2.2335964632e+06
-5.50000000 -3.50000000 	2.2335964632e+06
-5.50000000 -3.00000000 	2.2335964632e+06
-5.50000000 -2.50000000 	2.2335964632e+06
-5.50000000 -2.00000000 	2.2335964632e+06
-5.50000000 -1.50000000 	2.2335964632e+06
-5.50000000 -1.00000000 	2.2335964632e+06
-5.50000000 -0.50000000 	2.2335964632e+06
-5.50000000 0.00000000 	2.2335964632e+06
-5.50000000 0.50000000 	2.2335964632e+06
-5.50000000 1.00000000 	2.2335964632e+06
-5.50000000 1.50000000 	2.2335964632e+06
-5.50000000 2.00000000 	2.2335964632e+06
-5.50000000 2.50000000 	2.2335964632e+06
-5.50000000 3.00000000 	2.2335964632e+06
-5.50000000 3.50000000 	2.2335964632e+06
-5.50000000 4.00000000 	2.2335964632e+06
-5.50000000 4.50000000 	2.2335964632e+06
-5.50000000 5.00000000 	2.2335964632e+06
-5.50000000 5.50000000 	2.2335964632e+06
-5.50000000 6.00000000 	2.2335964632e+06
-5.50000000 6.50000000 	2.2335964632e+06
-5.50000000 7.00000000 	2.2335964632e+06
-5.50000000 7.50000000 	2.2335964632e+06
-5.50000000 8.00000000 	2.2335964632e+06
-5.00000000 -12.00000000 	2.2616094216e+06
-5.00000000 -11.50000000 	2.2616094216e+06
-5.00000000 -11.00000000 	2.2616094216e+06
-5.00000000 -10.50000000 	2.2616094216e+06
-5.00000000 -10.00000000 	2.2616094216e+06
-5.00000000 -9.50000000 	2.2616094216e+06
-5.00000000 -9.00000000 	2.2616094216e+06
-5.00000000 -8.50000000 	2.2616094216e+06
-5.00000000 -8.00000000 	2.2616094216e+06
-5.00000000 -7.50000000 	2.2616094216e+06
-5.00000000 -7.00000000 	2.2616094216e+06
-5.00000000 -6.50000000 	2.2616094216e+06
-5.00000000 -6.00000000 	2.2616094216e+06
-5.00000000 -5.50000000 	2.2616094216e+06
-5.00000000 -5.00000000 	2.2616094216e+06
-5.00000000 -4.50000000 	2.2616094216e+06
-5.00000000 -4.00000000 	2.2616094216e+06
-5.00000000 -3.50000000 	2.2616094216e+06
-5.00000000 -3.00000000 	2.2616094216e+06
-5.00000000 -2.50000000 	2.2616094216e+06
-5.00000000 -2.00000000 	2.2616094216e+06
-5.00000000 -1.50000000 	2.2616094216e+06
-5.00000000 -1.00000000 	2.2616094216e+06
-5.00000000 -0.50000000 	2.2616094216e+06
-5.00000000 0.00000000 	2.2616094216e+06
-5.00000000 0.50000000 	2.2616094216e+06
-5.00000000 1.00000000 	2.2616094216e+06
-5.00000000 1.50000000 	2.2616094216e+06
-5.00000000 2.00000000 	2.2616094216e+06
-5.00000000 2.50000000 	2.2616094216e+06
-5.00000000 3.00000000 	2.2616094216e+06
-5.00000000 3.50000000 	2.2616094216e+06
-5.00000000 4.00000000 	2.2616094216e+06
-5.00000000 4.50000000 	2.2616094216e+06
-5.00000000 5.00000000 	2.2616094216e+06
-5.00000000 5.50000000 	2.2616094216e+06
-5.00000000 6.00000000 	2.2616094216e+06
-5.00000000 6.50000000 	2.2616094216e+06
-5.00000000 7.00000000 	2.2616094216e+06
-5.00000000 7.50000000 	2.2616094216e+06
-5.00000000 8.00000000 	2.2616094216e+06
-4.50000000 -12.00000000 	1.6504049230e+06
-4.50000000 -11.50000000 	1.6504049230e+06
-4.50000000 -11.00000000 	1.6504049230e+06
-4.50000000 -10.50000000 	1.6504049230e+06
-4.50000000 -10.00000000 	1.6504049230e+06
-4.50000000 -9.50000000 	1.6504049230e+06
-4.50000000 -9.00000000 	1.6504049230e+06
-4.50000000 -8.50000000 	1.6504049230e+06
-4.50000000 -8.00000000 	1.6504049230e+06
-4.50000000 -7.50000000 	1.6504049230e+06
-4.50000000 -7.00000000 	1.6504049230e+06
-4.50000000 -6.50000000 	1.6504049230e+06
-4.50000000 -6.00000000 	1.6504049230e+06
-4.50000000 -5.50000000 	1.6504049230e+06
-4.50000000 -5.00000000 	1.6504049230e+06
-4.50000000 -4.50000000 	1.6504049230e+06
-4.50000000 -4.00000000 	1.6504049230e+06
-4.50000000 -3.50000000 	1.6504049230e+06
-4.50000000 -3.00000000 	1.6504049230e+06
-4.50000000 -2.50000000 	1.6504049230e+06
-4.50000000 -2.00000000 	1.6504049230e+06
-4.50000000 -1.50000000 	1.6504049230e+06
-4.50000000 -1.00000000 	1.6504049230e+06
-4.50000000 -0.50000000 	1.6504049230e+06
-4.50000000 0.00000000 	1.6504049230e+06
-4.50000000 0.50000000 	1.6504049230e+06
-4.50000000 1.00000000 	1.6504049230e+06
-4.50000000 1.50000000 	1.6504049230e+06
-4.50000000 2.00000000 	1.6504049230e+06
-4.50000000 2.50000000 	1.6504049230e+06
-4.50000000 3.00000000 	1.6504049230e+06
-4.50000000 3.50000000 	1.6504049230e+06
-4.50000000 4.00000000 	1.6504049230e+06
-4.50000000 4.50000000 	1.6504049230e+06
-4.50000000 5.00000000 	1.6504049230e+06
-4.50000000 5.50000000 	1.6504049230e+06
-4.50000000 6.00000000 	1.6504049230e+06
-4.50000000 6.50000000 	1.6504049230e+06
-4.50000000 7.00000000 	1.6504049230e+06
-4.50000000 7.50000000 	1.6504049230e+06
-4.50000000 8.00000000 	1.6504049230e+06
-4.00000000 -12.00000000 	1.2036238923e+06
-4.00000000 -11.50000000 	1.2036238923e+06
-4.00000000 -11.00000000 	1.2036238923e+06
-4.00000000 -10.50000000 	1.2036238923e+06
-4.00000000 -10.00000000 	1.2036238923e+06
-4.00000000 -9.50000000 	1.2036238923e+06
-4.00000000 -9.00000000 	1.2036238923e+06
-4.00000000 -8.50000000 	1.2036238923e+06
-4.00000000 -8.00000000 	1.2036238923e+06
-4.00000000 -7.50000000 	1.2036238923e+06
-4.00000000 -7.00000000 	1.2036238923e+06
-4.00000000 -6.50000000 	1.2036238923e+06
-4.00000000 -6.00000000 	1.2036238923e+06
-4.00000000 -5.50000000 	1.2036238923e+06
-4.00000000 -5.00000000 	1.2036238923e+06
-4.00000000 -4.50000000 	1.2036238923e+06
-4.00000000 -4.00000000 	1.2036238923e+06
-4.00000000 -3.50000000 	1.2036238923e+06
-4.00000000 -3.00000000 	1.2036238923e+06
-4.00000000 -2.50000000 	1.2036238923e+06
-4.00000000 -2.00000000 	1.2036238923e+06
-4.00000000 -1.50000000 	1.2036238923e+06
-4.00000000 -1.00000000 	1.2036238923e+06
-4.00000000 -0.50000000 	1.2036238923e+06
-4.00000000 0.00000000 	1.2036238923e+06
-4.00000000 0.50000000 	1.2036238923e+06
-4.00000000 1.00000000 	1.2036238923e+06
-4.00000000 1.50000000 	1.2036238923e+06
-4.00000000 2.00000000 	1.2036238923e+06
-4.00000000 2.50000000 	1.2036238923e+06
-4.00000000 3.00000000 	1.2036238923e+06
-4.00000000 3.50000000 	1.2036238923e+06
-4.00000000 4.00000000 	1.2036238923e+06
-4.00000000 4.50000000 	1.2036238923e+06
-4.00000000 5.00000000 	1.2036238923e+06
-4.00000000 5.50000000 	1.2036238923e+06
-4.00000000 6.00000000 	1.2036238923e+06
-4.00000000 6.50000000 	1.2036238923e+06
-4.00000000 7.00000000 	1.2036238923e+06
-4.00000000 7.50000000 	1.2036238923e+06
-4.00000000 8.00000000 	1.2036238923e+06
-3.50000000 -12.00000000 	1.1031091650e+06
-3.50000000 -11.50000000 	1.1031091650e+06
-3.50000000 -11.00000000 	1.1031091650e+06
-3.50000000 -10.50000000 	1.1031091650e+06
-3.50000000 -10.00000000 	1.1031091650e+06
-3.50000000 -9.50000000 	1.1031091650e+06
-3.50000000 -9.00000000 	1.1031091650e+06
-3.50000000 -8.50000000 	1.1031091650e+06
-3.50000000 -8.00000000 	1.1031091650e+06
-3.50000000 -7.50000000 	1.1031091650e+06
-3.50000000 -7.00000000 	1.1031091650e+06
-3.50000000 -6.50000000 	1.1031091650e+06
-3.50000000 -6.00000000 	1.1031091650e+06
-3.50000000 -5.50000000 	1.1031091650e+06
-3.50000000 -5.00000000 	1.1031091650e+06
-3.50000000 -4.50000000 	1.1031091650e+06
-3.50000000 -4.00000000 	1.1031091650e+06
-3.50000000 -3.50000000 	1.1031091650e+06
-3.50000000 -3.00000000 	1.1031091650e+06
-3.50000000 -2.50000000 	1.1031091650e+06
-3.50000000 -2.00000000 	1.1031091650e+06
-3.50000000 -1.50000000 	1.1031091650e+06
-3.50000000 -1.00000000 	1.1031091650e+06
-3.50000000 -0.50000000 	1.1031091650e+06
-3.50000000 0.00000000 	1.1031091650e+06
-3.50000000 0.50000000 	1.1031091650e+06
-3.50000000 1.00000000 	1.1031091650e+06
-3.50000000 1.50000000 	1.1031091650e+06
-3.50000000 2.00000000 	1.1031091650e+06
-3.50000000 2.50000000 	1.1031091650e+06
-3.50000000 3.00000000 	1.1031091650e+06
-3.50000000 3.50000000 	1.1031091650e+06
-3.50000000 4.00000000 	1.1031091650e+06
-3.50000000 4.50000000 	1.1031091650e+06
-3.50000000 5.00000000 	1.1031091650e+06
-3.50000000 5.50000000 	1.1031091650e+06
-3.50000000 6.00000000 	1.1031091650e+06
-3.50000000 6.50000000 	1.1031091650e+06
-3.50000000 7.00000000 	1.1031091650e+06
-3.50000000 7.50000000 	1.1031091650e+06
-3.50000000 8.00000000 	1.1031091650e+06
-3.00000000 -12.00000000 	1.1031091650e+06
-3.00000000 -11.50000000 	1.1031091650e+06
-3.00000000 -11.00000000 	1.1031091650e+06
-3.00000000 -10.50000000 	1.1031091650e+06
-3.00000000 -10.00000000 	1.1031091650e+06
-3.00000000 -9.50000000 	1.1031091650e+06
-3.00000000 -9.00000000 	1.1031091650e+06
-3.00000000 -8.50000000 	1.1031091650e+06
-3.00000000 -8.00000000 	1.1031091650e+06
-3.00000000 -7.50000000 	1.1031091650e+06
-3.00000000 -7.00000000 	1.1031091650e+06
-3.00000000 -6.50000000 	1.1031091650e+06
-3.00000000 -6.00000000 	1.1031091650e+06
-3.00000000 -5.50000000 	1.1031091650e+06
-3.00000000 -5.00000000 	1.1031091650e+06
-3.00000000 -4.50000000 	1.1031091650e+06
-3.00000000 -4.00000000 	1.1031091650e+06
-3.00000000 -3.50000000 	1.1031091650e+06
-3.00000000 -3.00000000 	1.1031091650e+06
-3.00000000 -2.50000000 	1.1031091650e+06
-3.00000000 -2.00000000 	1.1031091650e+06
-3.00000000 -1.50000000 	1.1031091650e+06
-3.00000000 -1.00000000 	1.1031091650e+06
-3.00000000 -0.50000000 	1.1031091650e+06
-3.00000000 0.00000000 	1.1031091650e+06
-3.00000000 0.50000000 	1.1031091650e+06
-3.00000000 1.00000000 	1.1031091650e+06
-3.00000000 1.50000000 	1.1031091650e+06
-3.00000000 2.00000000 	1.1031091650e+06
-3.00000000 2.50000000 	1.1031091650e+06
-3.00000000 3.00000000 	1.1031091650e+06
-3.00000000 3.50000000 	1.1031091650e+06
-3.00000000 4.00000000 	1.1031091650e+06
-3.00000000 4.50000000 	1.1031091650e+06
-3.00000000 5.00000000 	1.1031091650e+06
-3.00000000 5.50000000 	1.1031091650e+06
-3.00000000 6.00000000 	1.1031091650e+06
-3.00000000 6.50000000 	1.1031091650e+06
-3.00000000 7.00000000 	1.1031091650e+06
-3.00000000 7.50000000 	1.1031091650e+06
-3.00000000 8.00000000 	1.1031091650e+06
-2.50000000 -12.00000000 	1.1031091650e+06
-2.50000000 -11.50000000 	1.1031091650e+06
-2.50000000 -11.00000000 	1.1031091650e+06
-2.50000000 -10.50000000 	1.1031091650e+06
-2.50000000 -10.00000000 	1.1031091650e+06
-2.50000000 -9.50000000 	1.1031091650e+06
-2.50000000 -9.00000000 	1.1031091650e+06
-2.50000000 -8.50000000 	1.1031091650e+06
-2.50000000 -8.00000000 	1.1031091650e+06
-2.50000000 -7.50000000 	1.1031091650e+06
-2.50000000 -7.00000000 	1.1031091650e+06
-2.50000000 -6.50000000 	1.1031091650e+06
-2.50000000 -6.00000000 	1.1031091650e+06
-2.50000000 -5.50000000 	1.1031091650e+06
-2.50000000 -5.00000000 	1.1031091650e+06
-2.50000000 -4.50000000 	1.1031091650e+06
-2.50000000 -4.00000000 	1.1031091650e+06
-2.50000000 -3.50000000 	1.1031091650e+06
-2.50000000 -3.00000000 	1.1031091650e+06
-2.50000000 -2.50000000 	1.1031091650e+06
-2.50000000 -2.00000000 	1.1031091650e+06
-2.50000000 -1.50000000 	1.1030336806e+06
-2.50000000 -1.00000000 	1.1025809101e+06
-2.50000000 -0.50000000 	1.1014493735e+06
-2.50000000 0.00000000 	1.0999412451e+06
-2.50000000 0.50000000 	1.0988104849e+06
-2.50000000 1.00000000 	1.0983582117e+06
-2.50000000 1.50000000 	1.0983582117e+06
-2.50000000 2.00000000 	1.0988104849e+06
-2.50000000 2.50000000 	1.0999412451e+06
-2.50000000 3.00000000 	1.1014493735e+06
-2.50000000 3.50000000 	1.1025809101e+06
-2.50000000 4.00000000 	1.1030336806e+06
-2.50000000 4.50000000 	1.1031091650e+06
-2.50000000 5.00000000 	1.1031091650e+06
-2.50000000 5.50000000 	1.1031091650e+06
-2.50000000 6.00000000 	1.1031091650e+06
-2.50000000 6.50000000 	1.1031091650e+06
-2.50000000 7.00000000 	1.1031091650e+06
-2.50000000 7.50000000 	1.1031091650e+06
-2.50000000 8.00000000 	1.1031091650e+06
-2.00000000 -12.00000000 	1.1031091650e+06
-2.00000000 -11.50000000 	1.1031091650e+06
-2.00000000 -11.00000000 	1.1031091650e+06
-2.00000000 -10.50000000 	1.1031091650e+06
-2.00000000 -10.00000000 	1.1031091650e+06
-2.00000000 -9.50000000 	1.1031091650e+06
-2.00000000 -9.00000000 	1.1031091650e+06
-2.00000000 -8.50000000 	1.1031091650e+06
-2.00000000 -8.00000000 	1.1031091650e+06
-2.00000000 -7.50000000 	1.1031091650e+06
-2.00000000 -7.00000000 	1.1031091650e+06
-2.00000000 -6.50000000 	1.1031091650e+06
-2.00000000 -6.00000000 	1.1031091650e+06
-2.00000000 -5.50000000 	1.1031091650e+06
-2.00000000 -5.00000000 	1.1031091650e+06
-2.00000000 -4.50000000 	1.1031091650e+06
-2.00000000 -4.00000000 	1.1031091650e+06
-2.00000000 -3.50000000 	1.1031091650e+06
-2.00000000 -3.00000000 	1.1031091650e+06
-2.00000000 -2.50000000 	1.1031091650e+06
-2.00000000 -2.00000000 	1.1030336806e+06
-2.00000000 -1.50000000 	1.1021281922e+06
-2.00000000 -1.00000000 	1.0982834271e+06
-2.00000000 -0.50000000 	1.0900057199e+06
-2.00000000 0.00000000 	1.0798721506e+06
-2.00000000 0.50000000 	1.0726821557e+06
-2.00000000 1.00000000 	1.0699141117e+06
-2.00000000 1.50000000 	1.0699141117e+06
-2.00000000 2.00000000 	1.0726821557e+06
-2.00000000 2.50000000 	1.0798721506e+06
-2.00000000 3.00000000 	1.0900057199e+06
-2.00000000 3.50000000 	1.0982834271e+06
-2.00000000 4.00000000 	1.1021281922e+06
-2.00000000 4.50000000 	1.1030336806e+06
-2.00000000 5.00000000 	1.1031091650e+06
-2.00000000 5.50000000 	1.1031091650e+06
-2.00000000 6.00000000 	1.1031091650e+06
-2.00000000 6.50000000 	1.1031091650e+06
-2.00000000 7.00000000 	1.1031091650e+06
-2.00000000 7.50000000 	1.1031091650e+06
-2.00000000 8.00000000 	1.1031091650e+06
-1.50000000 -12.00000000 	1.1031091650e+06
-1.50000000 -11.50000000 	1.1031091650e+06
-1.50000000 -11.00000000 	1.1031091650e+06
-1.50000000 -10.50000000 	1.1031091650e+06
-1.50000000 -10.00000000 	1.1031091650e+06
-1.50000000 -9.50000000 	1.1031091650e+06
-1.50000000 -9.00000000 	1.1031091650e+06
-1.50000000 -8.50000000 	1.1031091650e+06
-1.50000000 -8.00000000 	1.1031091650e+06
-1.50000000 -7.50000000 	1.1031091650e+06
-1.50000000 -7.00000000 	1.1031091650e+06
-1.50000000 -6.50000000 	1.1031091650e+06
-1.50000000 -6.00000000 	1.1031091650e+06
-1.50000000 -5.50000000 	1.1031091650e+06
-1.50000000 -5.00000000 	1.1031091650e+06
-1.50000000 -4.50000000 	1.1031091650e+06
-1.50000000 -4.00000000 	1.1031091650e+06
-1.50000000 -3.50000000 	1.1031091650e+06
-1.50000000 -3.00000000 	1.1031091650e+06
-1.50000000 -2.50000000 	1.1030336806e+06
-1.50000000 -2.00000000 	1.1021281922e+06
-1.50000000 -1.50000000 	1.0971531522e+06
-1.50000000 -1.00000000 	1.0821210592e+06
-1.50000000 -0.50000000 	1.0552192513e+06
-1.50000000 0.00000000 	1.0258547357e+06
-1.50000000 0.50000000 	1.0065561553e+06
-1.50000000 1.00000000 	9.9950948944e+05
-1.50000000 1.50000000 	9.9950948944e+05
-1.50000000 2.00000000 	1.0065561553e+06
-1.50000000 2.50000000 	1.0258547357e+06
-1.50000000 3.00000000 	1.0552192513e+06
-1.50000000 3.50000000 	1.0821210592e+06
-1.50000000 4.00000000 	1.0971531522e+06
-1.50000000 4.50000000 	1.1021281922e+06
-1.50000000 5.00000000 	1.1030336806e+06
-1.50000000 5.50000000 	1.1031091650e+06
-1.50000000 6.00000000 	1.1031091650e+06
-1.50000000 6.50000000 	1.1031091650e+06
-1.50000000 7.00000000 	1.1031091650e+06
-1.50000000 7.50000000 	1.1031091650e+06
-1.50000000 8.00000000 	1.1031091650e+06
-1.00000000 -12.00000000 	1.1031091650e+06
-1.00000000 -11.50000000 	1.1031091650e+06
-1.00000000 -11.00000000 	1.1031091650e+06
-1.00000000 -10.50000000 	1.1031091650e+06
-1.00000000 -10.00000000 	1.1031091650e+06
-1.00000000 -9.50000000 	1.1031091650e+06
-1.00000000 -9.00000000 	1.1031091650e+06
-1.00000000 -8.50000000 	1.1031091650e+06
-1.00000000 -8.00000000 	1.1031091650e+06
-1.00000000 -7.50000000 	1.1031091650e+06
-1.00000000 -7.00000000 	1.1031091650e+06
-1.00000000 -6.50000000 	1.1031091650e+06
-1.00000000 -6.00000000 	1.1031091650e+06
-1.00000000 -5.50000000 	1.1031091650e+06
-1.00000000 -5.00000000 	1.1031091650e+06
-1.00000000 -4.50000000 	1.1031091650e+06
-1.00000000 -4.00000000 	1.1031091650e+06
-1.00000000 -3.50000000 	1.1031091650e+06
-1.00000000 -3.00000000 	1.1031091650e+06
-1.00000000 -2.50000000 	1.1025809090e+06
-1.00000000 -2.00000000 	1.0982834238e+06
-1.00000000 -1.50000000 	1.0821210571e+06
-1.00000000 -1.00000000 	1.0459226284e+06
-1.00000000 -0.50000000 	9.9394590644e+05
-1.00000000 0.00000000 	9.4547748649e+05
-1.00000000 0.50000000 	9.1695767596e+05
-1.00000000 1.00000000 	9.0731415272e+05
-1.00000000 1.50000000 	9.0731415272e+05
-1.00000000 2.00000000 	9.1695767596e+05
-1.00000000 2.50000000 	9.4540525682e+05
-1.00000000 3.00000000 	9.9350641539e+05
-1.00000000 3.50000000 	1.0448080323e+06
-1.00000000 4.00000000 	1.0806205468e+06
-1.00000000 4.50000000 	1.0971531522e+06
-1.00000000 5.00000000 	1.1021281922e+06
-1.00000000 5.50000000 	1.1030336806e+06
-1.00000000 6.00000000 	1.1031091650e+06
-1.00000000 6.50000000 	1.1031091650e+06
-1.00000000 7.00000000 	1.1031091650e+06
-1.00000000 7.50000000 	1.1031091650e+06
-1.00000000 8.00000000 	1.1031091650e+06
-0.50000000 -12.00000000 	1.1031091650e+06
-0.50000000 -11.50000000 	1.1031091650e+06
-0.50000000 -11.00000000 	1.1031091650e+06
-0.50000000 -10.50000000 	1.1031091650e+06
-0.50000000 -10.00000000 	1.1031091650e+06
-0.50000000 -9.50000000 	1.1031091650e+06
-0.50000000 -9.00000000 	1.1031091650e+06
-0.50000000 -8.50000000 	1.1031091650e+06
-0.50000000 -8.00000000 	1.1031091650e+06
-0.50000000 -7.50000000 	1.1031091650e+06
-0.50000000 -7.00000000 	1.1031091650e+06
-0.50000000 -6.50000000 	1.1031091650e+06
-0.50000000 -6.00000000 	1.1031091650e+06
-0.50000000 -5.50000000 	1.1031091650e+06
-0.50000000 -5.00000000 	1.1031091650e+06
-0.50000000 -4.50000000 	1.1031091650e+06
-0.50000000 -4.00000000 	1.1031091650e+06
-0.50000000 -3.50000000 	1.1031091650e+06
-0.50000000 -3.00000000 	1.1030336806e+06
-0.50000000 -2.50000000 	1.1009967855e+06
-0.50000000 -2.00000000 	1.0888778769e+06
-0.50000000 -1.50000000 	1.0537294922e+06
-0.50000000 -1.00000000 	9.9284743891e+05
-0.50000000 -0.50000000 	9.2433193986e+05
-0.50000000 0.00000000 	8.7263979698e+05
-0.50000000 0.50000000 	8.4693706078e+05
-0.50000000 1.00000000 	8.3925342379e+05
-0.50000000 1.50000000 	8.3925342379e+05
-0.50000000 2.00000000 	8.4693706078e+05
-0.50000000 2.50000000 	8.7221635365e+05
-0.50000000 3.00000000 	9.2175096725e+05
-0.50000000 3.50000000 	9.8626692423e+05
-0.50000000 4.00000000 	1.0448080353e+06
-0.50000000 4.50000000 	1.0821210571e+06
-0.50000000 5.00000000 	1.0982834238e+06
-0.50000000 5.50000000 	1.1025809090e+06
-0.50000000 6.00000000 	1.1031091650e+06
-0.50000000 6.50000000 	1.1031091650e+06
-0.50000000 7.00000000 	1.1031091650e+06
-0.50000000 7.50000000 	1.1031091650e+06
-0.50000000 8.00000000 	1.1031091650e+06
0.00000000 -12.00000000 	1.1031091650e+06
0.00000000 -11.50000000 	1.1031091650e+06
0.00000000 -11.00000000 	1.1031091650e+06
0.00000000 -10.50000000 	1.1031091650e+06
0.00000000 -10.00000000 	1.1031091650e+06
0.00000000 -9.50000000 	1.1031091650e+06
0.00000000 -9.00000000 	1.1031091650e+06
0.00000000 -8.50000000 	1.1031091650e+06
0.00000000 -8.00000000 	1.1031091650e+06
0.00000000 -7.50000000 	1.1031091650e+06
0.00000000 -7.00000000 	1.1031091650e+06
0.00000000 -6.50000000 	1.1031091650e+06
0.00000000 -6.00000000 	1.1031091650e+06
0.00000000 -5.50000000 	1.1031091650e+06
0.00000000 -5.00000000 	1.1031091650e+06
0.00000000 -4.50000000 	1.1031091650e+06
0.00000000 -4.00000000 	1.1031091650e+06
0.00000000 -3.50000000 	1.1031091650e+06
0.00000000 -3.00000000 	1.1025809090e+06
0.00000000 -2.50000000 	1.0967765346e+06
0.00000000 -2.00000000 	1.0720085490e+06
0.00000000 -1.50000000 	1.0155274222e+06
0.00000000 -1.00000000 	9.3790771670e+05
0.00000000 -0.50000000 	8.6974841092e+05
0.00000000 0.00000000 	8.3040875730e+05
0.00000000 0.50000000 	8.1549426521e+05
0.00000000 1.00000000 	8.1196700097e+05
0.00000000 1.50000000 	8.1196700097e+05
0.00000000 2.00000000 	8.1549426521e+05
0.00000000 2.50000000 	8.2936530481e+05
0.00000000 3.00000000 	8.6341271495e+05
0.00000000 3.50000000 	9.2175098156e+05
0.00000000 4.00000000 	9.9350642570e+05
0.00000000 4.50000000 	1.0552192415e+06
0.00000000 5.00000000 	1.0900057059e+06
0.00000000 5.50000000 	1.1014493692e+06
0.00000000 6.00000000 	1.1031091650e+06
0.00000000 6.50000000 	1.1031091650e+06
0.00000000 7.00000000 	1.1031091650e+06
0.00000000 7.50000000 	1.1031091650e+06
0.00000000 8.00000000 	1.1031091650e+06
0.50000000 -12.00000000 	1.1031091650e+06
0.50000000 -11.50000000 	1.1031091650e+06
0.50000000 -11.00000000 	1.1031091650e+06
0.50000000 -10.50000000 	1.1031091650e+06
0.50000000 -10.00000000 	1.1031091650e+06
0.50000000 -9.50000000 	1.1031091650e+06
0.50000000 -9.00000000 	1.1031091650e+06
0.50000000 -8.50000000 	1.1031091650e+06
0.50000000 -8.00000000 	1.1031091650e+06
0.50000000 -7.50000000 	1.1031091650e+06
0.50000000 -7.00000000 	1.1031091650e+06
0.50000000 -6.50000000 	1.1031091650e+06
0.50000000 -6.00000000 	1.1031091650e+06
0.50000000 -5.50000000 	1.1031091650e+06
0.50000000 -5.00000000 	1.1031091650e+06
0.50000000 -4.50000000 	1.1031091650e+06
0.50000000 -4.00000000 	1.1031091650e+06
0.50000000 -3.50000000 	1.1031091650e+06
0.50000000 -3.00000000 	1.1014493692e+06
0.50000000 -2.50000000 	1.0888778784e+06
0.50000000 -2.00000000 	1.0480766529e+06
0.50000000 -1.50000000 	9.7438490740e+05
0.50000000 -1.00000000 	8.9343977704e+05
0.50000000 -0.50000000 	8.3771898075e+05
0.50000000 0.00000000 	8.1397183163e+05
0.50000000 0.50000000 	8.0802926760e+05
0.50000000 1.00000000 	8.0720086749e+05
0.50000000 1.50000000 	8.0720086749e+05
0.50000000 2.00000000 	8.0802926760e+05
0.50000000 2.50000000 	8.1258863999e+05
0.50000000 3.00000000 	8.2936531233e+05
0.50000000 3.50000000 	8.7221637580e+05
0.50000000 4.00000000 	9.4540527022e+05
0.50000000 4.50000000 	1.0258547189e+06
0.50000000 5.00000000 	1.0798721283e+06
0.50000000 5.50000000 	1.0999412384e+06
0.50000000 6.00000000 	1.1031091650e+06
0.50000000 6.50000000 	1.1031091650e+06
0.50000000 7.00000000 	1.1031091650e+06
0.50000000 7.50000000 	1.1031091650e+06
0.50000000 8.00000000 	1.1031091650e+06
1.00000000 -12.00000000 	1.1031091650e+06
1.00000000 -11.50000000 	1.1031091650e+06
1.00000000 -11.00000000 	1.1031091650e+06
1.00000000 -10.50000000 	1.1031091650e+06
1.00000000 -10.00000000 	1.1031091650e+06
1.00000000 -9.50000000 	1.1031091650e+06
1.00000000 -9.00000000 	1.1031091650e+06
1.00000000 -8.50000000 	1.1031091650e+06
1.00000000 -8.00000000 	1.1031091650e+06
1.00000000 -7.50000000 	1.1031091650e+06
1.00000000 -7.00000000 	1.1031091650e+06
1.00000000 -6.50000000 	1.1031091650e+06
1.00000000 -6.00000000 	1.1031091650e+06
1.00000000 -5.50000000 	1.1031091650e+06
1.00000000 -5.00000000 	1.1031091650e+06
1.00000000 -4.50000000 	1.1031091650e+06
1.00000000 -4.00000000 	1.1031091650e+06
1.00000000 -3.50000000 	1.1031091650e+06
1.00000000 -3.00000000 	1.0999412384e+06
1.00000000 -2.50000000 	1.0794221013e+06
1.00000000 -2.00000000 	1.0231217976e+06
1.00000000 -1.50000000 	9.3848399384e+05
1.00000000 -1.00000000 	8.6271021618e+05
1.00000000 -0.50000000 	8.2172770514e+05
1.00000000 0.00000000 	8.0906497454e+05
1.00000000 0.50000000 	8.0720086749e+05
1.00000000 1.00000000 	8.0713183035e+05
1.00000000 1.50000000 	8.0713183035e+05
1.00000000 2.00000000 	8.0720086749e+05
1.00000000 2.50000000 	8.0802926760e+05
1.00000000 3.00000000 	8.1549427004e+05
1.00000000 3.50000000 	8.4693707481e+05
1.00000000 4.00000000 	9.1695768369e+05
1.00000000 4.50000000 	1.0065561429e+06
1.00000000 5.00000000 	1.0726821402e+06
1.00000000 5.50000000 	1.0988104803e+06
1.00000000 6.00000000 	1.1031091650e+06
1.00000000 6.50000000 	1.1031091650e+06
1.00000000 7.00000000 	1.1031091650e+06
1.00000000 7.50000000 	1.1031091650e+06
1.00000000 8.00000000 	1.1031091650e+06
1.50000000 -12.00000000 	1.1031091650e+06
1.50000000 -11.50000000 	1.1031091650e+06
1.50000000 -11.00000000 	1.1031091650e+06
1.50000000 -10.50000000 	1.1031091650e+06
1.50000000 -10.00000000 	1.1031091650e+06
1.50000000 -9.50000000 	1.1031091650e+06
1.50000000 -9.00000000 	1.1031091650e+06
1.50000000 -8.50000000 	1.1031091650e+06
1.50000000 -8.00000000 	1.1031091650e+06
1.50000000 -7.50000000 	1.1031091650e+06
1.50000000 -7.00000000 	1.1031091650e+06
1.50000000 -6.50000000 	1.1031091650e+06
1.50000000 -6.00000000 	1.1031091650e+06
1.50000000 -5.50000000 	1.1031091650e+06
1.50000000 -5.00000000 	1.1031091650e+06
1.50000000 -4.50000000 	1.1031091650e+06
1.50000000 -4.00000000 	1.1031091650e+06
1.50000000 -3.50000000 	1.1031091650e+06
1.50000000 -3.00000000 	1.0988104803e+06
1.50000000 -2.50000000 	1.0726072587e+06
1.50000000 -2.00000000 	1.0061150686e+06
1.50000000 -1.50000000 	9.1588423663e+05
1.50000000 -1.00000000 	8.4553808879e+05
1.50000000 -0.50000000 	8.1445621189e+05
1.50000000 0.00000000 	8.0761503647e+05
1.50000000 0.50000000 	8.0713183035e+05
1.50000000 1.00000000 	8.0713183035e+05
1.50000000 1.50000000 	8.0713183035e+05
1.50000000 2.00000000 	8.0713183035e+05
1.50000000 2.50000000 	8.0720086749e+05
1.50000000 3.00000000 	8.1196700215e+05
1.50000000 3.50000000 	8.3925342717e+05
1.50000000 4.00000000 	9.0731415439e+05
1.50000000 4.50000000 	9.9950948606e+05
1.50000000 5.00000000 	1.0699141076e+06
1.50000000 5.50000000 	1.0983582105e+06
1.50000000 6.00000000 	1.1031091650e+06
1.50000000 6.50000000 	1.1031091650e+06
1.50000000 7.00000000 	1.1031091650e+06
1.50000000 7.50000000 	1.1031091650e+06
1.50000000 8.00000000 	1.1031091650e+06
2.00000000 -12.00000000 	1.1031091650e+06
2.00000000 -11.50000000 	1.1031091650e+06
2.00000000 -11.00000000 	1.1031091650e+06
2.00000000 -10.50000000 	1.1031091650e+06
2.00000000 -10.00000000 	1.1031091650e+06
2.00000000 -9.50000000 	1.1031091650e+06
2.00000000 -9.00000000 	1.1031091650e+06
2.00000000 -8.50000000 	1.1031091650e+06
2.00000000 -8.00000000 	1.1031091650e+06
2.00000000 -7.50000000 	1.1031091650e+06
2.00000000 -7.00000000 	1.1031091650e+06
2.00000000 -6.50000000 	1.1031091650e+06
2.00000000 -6.00000000 	1.1031091650e+06
2.00000000 -5.50000000 	1.1031091650e+06
2.00000000 -5.00000000 	1.1031091650e+06
2.00000000 -4.50000000 	1.1031091650e+06
2.00000000 -4.00000000 	1.1031091650e+06
2.00000000 -3.50000000 	1.1031091650e+06
2.00000000 -3.00000000 	1.0983582105e+06
2.00000000 -2.50000000 	1.0699141076e+06
2.00000000 -2.00000000 	9.9950948606e+05
2.00000000 -1.50000000 	9.0731415439e+05
2.00000000 -1.00000000 	8.3925342717e+05
2.00000000 -0.50000000 	8.1196700215e+05
2.00000000 0.00000000 	8.0720086749e+05
2.00000000 0.50000000 	8.0713183035e+05
2.00000000 1.00000000 	8.0713183035e+05
2.00000000 1.50000000 	8.0713183035e+05
2.00000000 2.00000000 	8.0713183035e+05
2.00000000 2.50000000 	8.0713183035e+05
2.00000000 3.00000000 	8.1155219468e+05
2.00000000 3.50000000 	8.3820681136e+05
2.00000000 4.00000000 	9.0588735322e+05
2.00000000 4.50000000 	9.9840925979e+05
2.00000000 5.00000000 	1.0694652706e+06
2.00000000 5.50000000 	1.0982828207e+06
2.00000000 6.00000000 	1.1031091650e+06
2.00000000 6.50000000 	1.1031091650e+06
2.00000000 7.00000000 	1.1031091650e+06
2.00000000 7.50000000 	1.1031091650e+06
2.00000000 8.00000000 	1.1031091650e+06
