-8.00000000 -12.00000000 	5.0926575632e+08
-8.00000000 -11.50000000 	5.0926575632e+08
-8.00000000 -11.00000000 	5.0926575632e+08
-8.00000000 -10.50000000 	5.0926575632e+08
-8.00000000 -10.00000000 	5.0926575632e+08
-8.00000000 -9.50000000 	5.0926575632e+08
-8.00000000 -9.00000000 	5.0926575632e+08
-8.00000000 -8.50000000 	5.0926575632e+08
-8.00000000 -8.00000000 	5.0926575632e+08
-8.00000000 -7.50000000 	5.0926575632e+08
-8.00000000 -7.00000000 	5.0926575632e+08
-8.00000000 -6.50000000 	5.0926575632e+08
-8.00000000 -6.00000000 	5.0926575632e+08
-8.00000000 -5.50000000 	5.0926575632e+08
-8.00000000 -5.00000000 	5.0926575632e+08
-8.00000000 -4.50000000 	5.0926575632e+08
-8.00000000 -4.00000000 	5.0926575632e+08
-8.00000000 -3.50000000 	5.0926575632e+08
-8.00000000 -3.00000000 	5.0926575632e+08
-8.00000000 -2.50000000 	5.0926575632e+08
-8.00000000 -2.00000000 	5.0926575632e+08
-8.00000000 -1.50000000 	5.0926575632e+08
-8.00000000 -1.00000000 	5.0926575632e+08
-8.00000000 -0.50000000 	5.0926575632e+08
-8.00000000 0.00000000 	5.0926575632e+08
-8.00000000 0.50000000 	5.0926575632e+08
-8.00000000 1.00000000 	5.0926575632e+08
-8.00000000 1.50000000 	5.0926575632e+08
-8.00000000 2.00000000 	5.0926575632e+08
-8.00000000 2.50000000 	5.0926575632e+08
-8.00000000 3.00000000 	5.0926575632e+08
-8.00000000 3.50000000 	5.0926575632e+08
-8.00000000 4.00000000 	5.0926575632e+08
-8.00000000 4.50000000 	5.0926575632e+08
-8.00000000 5.00000000 	5.0926575632e+08
-8.00000000 5.50000000 	5.0926575632e+08
-8.00000000 6.00000000 	5.0926575632e+08
-8.00000000 6.50000000 	5.0926575632e+08
-8.00000000 7.00000000 	5.0926575632e+08
-8.00000000 7.50000000 	5.0926575632e+08
-8.00000000 8.00000000 	5.0926575632e+08
-7.50000000 -12.00000000 	5.0926575632e+08
-7.50000000 -11.50000000 	5.0926575632e+08
-7.50000000 -11.00000000 	5.0926575632e+08
-7.50000000 -10.50000000 	5.0926575632e+08
-7.50000000 -10.00000000 	5.0926575632e+08
-7.50000000 -9.50000000 	5.0926575632e+08
-7.50000000 -9.00000000 	5.0926575632e+08
-7.50000000 -8.50000000 	5.0926575632e+08
-7.50000000 -8.00000000 	5.0926575632e+08
-7.50000000 -7.50000000 	5.0926575632e+08
-7.50000000 -7.00000000 	5.0926575632e+08
-7.50000000 -6.50000000 	5.0926575632e+08
-7.50000000 -6.00000000 	5.0926575632e+08
-7.50000000 -5.50000000 	5.0926575632e+08
-7.50000000 -5.00000000 	5.0926575632e+08
-7.50000000 -4.50000000 	5.0926575632e+08
-7.50000000 -4.00000000 	5.0926575632e+08
-7.50000000 -3.50000000 	5.0926575632e+08
-7.50000000 -3.00000000 	5.0926575632e+08
-7.50000000 -2.50000000 	5.0926575632e+08
-7.50000000 -2.00000000 	5.0926575632e+08
-7.50000000 -1.50000000 	5.0926575632e+08
-7.50000000 -1.00000000 	5.0926575632e+08
-7.50000000 -0.50000000 	5.0926575632e+08
-7.50000000 0.00000000 	5.0926575632e+08
-7.50000000 0.50000000 	5.0926575632e+08
-7.50000000 1.00000000 	5.0926575632e+08
-7.50000000 1.50000000 	5.0926575632e+08
-7.50000000 2.00000000 	5.0926575632e+08
-7.50000000 2.50000000 	5.0926575632e+08
-7.50000000 3.00000000 	5.0926575632e+08
-7.50000000 3.50000000 	5.0926575632e+08
-7.50000000 4.00000000 	5.0926575632e+08
-7.50000000 4.50000000 	5.0926575632e+08
-7.50000000 5.00000000 	5.0926575632e+08
-7.50000000 5.50000000 	5.0926575632e+08
-7.50000000 6.00000000 	5.0926575632e+08
-7.50000000 6.50000000 	5.0926575632e+08
-7.50000000 7.00000000 	5.0926575632e+08
-7.50000000 7.50000000 	5.0926575632e+08
-7.50000000 8.00000000 	5.0926575632e+08
-7.00000000 -12.00000000 	5.0926575632e+08
-7.00000000 -11.50000000 	5.0926575632e+08
-7.00000000 -11.00000000 	5.0926575632e+08
-7.00000000 -10.50000000 	5.0926575632e+08
-7.00000000 -10.00000000 	5.0926575632e+08
-7.00000000 -9.50000000 	5.0926575632e+08
-7.00000000 -9.00000000 	5.0926575632e+08
-7.00000000 -8.50000000 	5.0926575632e+08
-7.00000000 -8.00000000 	5.0926575632e+08
-7.00000000 -7.50000000 	5.0926575632e+08
-7.00000000 -7.00000000 	5.0926575632e+08
-7.00000000 -6.50000000 	5.0926575632e+08
-7.00000000 -6.00000000 	5.0926575632e+08
-7.00000000 -5.50000000 	5.0926575632e+08
-7.00000000 -5.00000000 	5.0926575632e+08
-7.00000000 -4.50000000 	5.0926575632e+08
-7.00000000 -4.00000000 	5.0926575632e+08
-7.00000000 -3.50000000 	5.0926575632e+08
-7.00000000 -3.00000000 	5.0926575632e+08
-7.00000000 -2.50000000 	5.0926575632e+08
-7.00000000 -2.00000000 	5.0926575632e+08
-7.00000000 -1.50000000 	5.0926575632e+08
-7.00000000 -1.00000000 	5.0926575632e+08
-7.00000000 -0.50000000 	5.0926575632e+08
-7.00000000 0.00000000 	5.0926575632e+08
-7.00000000 0.50000000 	5.0926575632e+08
-7.00000000 1.00000000 	5.0926575632e+08
-7.00000000 1.50000000 	5.0926575632e+08
-7.00000000 2.00000000 	5.0926575632e+08
-7.00000000 2.50000000 	5.0926575632e+08
-7.00000000 3.00000000 	5.0926575632e+08
-7.00000000 3.50000000 	5.0926575632e+08
-7.00000000 4.00000000 	5.0926575632e+08
-7.00000000 4.50000000 	5.0926575632e+08
-7.00000000 5.00000000 	5.0926575632e+08
-7.00000000 5.50000000 	5.0926575632e+08
-7.00000000 6.00000000 	5.0926575632e+08
-7.00000000 6.50000000 	5.0926575632e+08
-7.00000000 7.00000000 	5.0926575632e+08
-7.00000000 7.50000000 	5.0926575632e+08
-7.00000000 8.00000000 	5.0926575632e+08
-6.50000000 -12.00000000 	5.0821926235e+08
-6.50000000 -11.50000000 	5.0821926235e+08
-6.50000000 -11.00000000 	5.0926575632e+08
-6.50000000 -10.50000000 	5.0926575632e+08
-6.50000000 -10.00000000 	5.0926575632e+08
-6.50000000 -9.50000000 	5.0926575632e+08
-6.50000000 -9.00000000 	5.0926575632e+08
-6.50000000 -8.50000000 	5.0926575632e+08
-6.50000000 -8.00000000 	5.0926575632e+08
-6.50000000 -7.50000000 	5.0926575632e+08
-6.50000000 -7.00000000 	5.0926575632e+08
-6.50000000 -6.50000000 	5.0926575632e+08
-6.50000000 -6.00000000 	5.0926575632e+08
-6.50000000 -5.50000000 	5.0926575632e+08
-6.50000000 -5.00000000 	5.0926575632e+08
-6.50000000 -4.50000000 	5.0926575632e+08
-6.50000000 -4.00000000 	5.0926575632e+08
-6.50000000 -3.50000000 	5.0926575632e+08
-6.50000000 -3.00000000 	5.0926575632e+08
-6.50000000 -2.50000000 	5.0926575632e+08
-6.50000000 -2.00000000 	5.0926575632e+08
-6.50000000 -1.50000000 	5.0926575632e+08
-6.50000000 -1.00000000 	5.0926575632e+08
-6.50000000 -0.50000000 	5.0926575632e+08
-6.50000000 0.00000000 	5.0926575632e+08
-6.50000000 0.50000000 	5.0926575632e+08
-6.50000000 1.00000000 	5.0926575632e+08
-6.50000000 1.50000000 	5.0926575632e+08
-6.50000000 2.00000000 	5.0926575632e+08
-6.50000000 2.50000000 	5.0926575632e+08
-6.50000000 3.00000000 	5.0926575632e+08
-6.50000000 3.50000000 	5.0926575632e+08
-6.50000000 4.00000000 	5.0926575632e+08
-6.50000000 4.50000000 	5.0926575632e+08
-6.50000000 5.00000000 	5.0926575632e+08
-6.50000000 5.50000000 	5.0926575632e+08
-6.50000000 6.00000000 	5.0926575632e+08
-6.50000000 6.50000000 	5.0926575632e+08
-6.50000000 7.00000000 	5.0926575632e+08
-6.50000000 7.50000000 	5.0926575632e+08
-6.50000000 8.00000000 	5.0926575632e+08
-6.00000000 -12.00000000 	5.0410946174e+08
-6.00000000 -11.50000000 	5.0555275962e+08
-6.00000000 -11.00000000 	5.0555275962e+08
-6.00000000 -10.50000000 	5.0821926235e+08
-6.00000000 -10.00000000 	5.0926575632e+08
-6.00000000 -9.50000000 	5.0926575632e+08
-6.00000000 -9.00000000 	5.0926575632e+08
-6.00000000 -8.50000000 	5.0926575632e+08
-6.00000000 -8.00000000 	5.0926575632e+08
-6.00000000 -7.50000000 	5.0926575632e+08
-6.00000000 -7.00000000 	5.0926575632e+08
-6.00000000 -6.50000000 	5.0926575632e+08
-6.00000000 -6.00000000 	5.0926575632e+08
-6.00000000 -5.50000000 	5.0926575632e+08
-6.00000000 -5.00000000 	5.0926575632e+08
-6.00000000 -4.50000000 	5.0926575632e+08
-6.00000000 -4.00000000 	5.0926575632e+08
-6.00000000 -3.50000000 	5.0926575632e+08
-6.00000000 -3.00000000 	5.0926575632e+08
-6.00000000 -2.50000000 	5.0926575632e+08
-6.00000000 -2.00000000 	5.0926575632e+08
-6.00000000 -1.50000000 	5.0926575632e+08
-6.00000000 -1.00000000 	5.0926575632e+08
-6.00000000 -0.50000000 	5.0926575632e+08
-6.00000000 0.00000000 	5.0926575632e+08
-6.00000000 0.50000000 	5.0926575632e+08
-6.00000000 1.00000000 	5.0926575632e+08
-6.00000000 1.50000000 	5.0926575632e+08
-6.00000000 2.00000000 	5.0926575632e+08
-6.00000000 2.50000000 	5.0926575632e+08
-6.00000000 3.00000000 	5.0926575632e+08
-6.00000000 3.50000000 	5.0926575632e+08
-6.00000000 4.00000000 	5.0926575632e+08
-6.00000000 4.50000000 	5.0926575632e+08
-6.00000000 5.00000000 	5.0926575632e+08
-6.00000000 5.50000000 	5.0926575632e+08
-6.00000000 6.00000000 	5.0926575632e+08
-6.00000000 6.50000000 	5.0926575632e+08
-6.00000000 7.00000000 	5.0926575632e+08
-6.00000000 7.50000000 	5.0926575632e+08
-6.00000000 8.00000000 	5.0926575632e+08
-5.50000000 -12.00000000 	4.9889497943e+08
-5.50000000 -11.50000000 	4.9889497943e+08
-5.50000000 -11.00000000 	5.0188427418e+08
-5.50000000 -10.50000000 	5.0332575081e+08
-5.50000000 -10.00000000 	5.0555275962e+08
-5.50000000 -9.50000000 	5.0821926235e+08
-5.50000000 -9.00000000 	5.0926575632e+08
-5.50000000 -8.50000000 	5.0926575632e+08
-5.50000000 -8.00000000 	5.0926575632e+08
-5.50000000 -7.50000000 	5.0926575632e+08
-5.50000000 -7.00000000 	5.0926575632e+08
-5.50000000 -6.50000000 	5.0926575632e+08
-5.50000000 -6.00000000 	5.0926575632e+08
-5.50000000 -5.50000000 	5.0926575632e+08
-5.50000000 -5.00000000 	5.0926575632e+08
-5.50000000 -4.50000000 	5.0926575632e+08
-5.50000000 -4.00000000 	5.0926575632e+08
-5.50000000 -3.50000000 	5.0926575632e+08
-5.50000000 -3.00000000 	5.0926575632e+08
-5.50000000 -2.50000000 	5.0926575632e+08
-5.50000000 -2.00000000 	5.0926575632e+08
-5.50000000 -1.50000000 	5.0926575632e+08
-5.50000000 -1.00000000 	5.0926575632e+08
-5.50000000 -0.50000000 	5.0926575632e+08
-5.50000000 0.00000000 	5.0926575632e+08
-5.50000000 0.50000000 	5.0926575632e+08
-5.50000000 1.00000000 	5.0926575632e+08
-5.50000000 1.50000000 	5.0926575632e+08
-5.50000000 2.00000000 	5.0926575632e+08
-5.50000000 2.50000000 	5.0926575632e+08
-5.50000000 3.00000000 	5.0926575632e+08
-5.50000000 3.50000000 	5.0926575632e+08
-5.50000000 4.00000000 	5.0926575632e+08
-5.50000000 4.50000000 	5.0926575632e+08
-5.50000000 5.00000000 	5.0926575632e+08
-5.50000000 5.50000000 	5.0926575632e+08
-5.50000000 6.00000000 	5.0926575632e+08
-5.50000000 6.50000000 	5.0926575632e+08
-5.50000000 7.00000000 	5.0926575632e+08
-5.50000000 7.50000000 	5.0926575632e+08
-5.50000000 8.00000000 	5.0926575632e+08
-5.00000000 -12.00000000 	4.9825045011e+08
-5.00000000 -11.50000000 	4.9672365139e+08
-5.00000000 -11.00000000 	4.9658081368e+08
-5.00000000 -10.50000000 	4.9829792074e+08
-5.00000000 -10.00000000 	5.0128619510e+08
-5.00000000 -9.50000000 	5.0332575081e+08
-5.00000000 -9.00000000 	5.0555275962e+08
-5.00000000 -8.50000000 	5.0821926235e+08
-5.00000000 -8.00000000 	5.0926575632e+08
-5.00000000 -7.50000000 	5.0926575632e+08
-5.00000000 -7.00000000 	5.0926575632e+08
-5.00000000 -6.50000000 	5.0926575632e+08
-5.00000000 -6.00000000 	5.0926575632e+08
-5.00000000 -5.50000000 	5.0926575632e+08
-5.00000000 -5.00000000 	5.0926575632e+08
-5.00000000 -4.50000000 	5.0926575632e+08
-5.00000000 -4.00000000 	5.0926575632e+08
-5.00000000 -3.50000000 	5.0926575632e+08
-5.00000000 -3.00000000 	5.0926575632e+08
-5.00000000 -2.50000000 	5.0926575632e+08
-5.00000000 -2.00000000 	5.0926575632e+08
-5.00000000 -1.50000000 	5.0926575632e+08
-5.00000000 -1.00000000 	5.0926575632e+08
-5.00000000 -0.50000000 	5.0926575632e+08
-5.00000000 0.00000000 	5.0926575632e+08
-5.00000000 0.50000000 	5.0926575632e+08
-5.00000000 1.00000000 	5.0926575632e+08
-5.00000000 1.50000000 	5.0926575632e+08
-5.00000000 2.00000000 	5.0926575632e+08
-5.00000000 2.50000000 	5.0926575632e+08
-5.00000000 3.00000000 	5.0926575632e+08
-5.00000000 3.50000000 	5.0926575632e+08
-5.00000000 4.00000000 	5.0926575632e+08
-5.00000000 4.50000000 	5.0926575632e+08
-5.00000000 5.00000000 	5.0926575632e+08
-5.00000000 5.50000000 	5.0926575632e+08
-5.00000000 6.00000000 	5.0926575632e+08
-5.00000000 6.50000000 	5.0926575632e+08
-5.00000000 7.00000000 	5.0926575632e+08
-5.00000000 7.50000000 	5.0926575632e+08
-5.00000000 8.00000000 	5.0926575632e+08
-4.50000000 -12.00000000 	5.0188427418e+08
-4.50000000 -11.50000000 	5.0128619510e+08
-4.50000000 -11.00000000 	4.9829792074e+08
-4.50000000 -10.50000000 	4.9658081368e+08
-4.50000000 -10.00000000 	4.9658081368e+08
-4.50000000 -9.50000000 	4.9829792074e+08
-4.50000000 -9.00000000 	5.0128619510e+08
-4.50000000 -8.50000000 	5.0332575081e+08
-4.50000000 -8.00000000 	5.0555275962e+08
-4.50000000 -7.50000000 	5.0821926235e+08
-4.50000000 -7.00000000 	5.0926575632e+08
-4.50000000 -6.50000000 	5.0926575632e+08
-4.50000000 -6.00000000 	5.0926575632e+08
-4.50000000 -5.50000000 	5.0926575632e+08
-4.50000000 -5.00000000 	5.0926575632e+08
-4.50000000 -4.50000000 	5.0926575632e+08
-4.50000000 -4.00000000 	5.0926575632e+08
-4.50000000 -3.50000000 	5.0926575632e+08
-4.50000000 -3.00000000 	5.0926575632e+08
-4.50000000 -2.50000000 	5.0926575632e+08
-4.50000000 -2.00000000 	5.0926575632e+08
-4.50000000 -1.50000000 	5.0926575632e+08
-4.50000000 -1.00000000 	5.0926575632e+08
-4.50000000 -0.50000000 	5.0926575632e+08
-4.50000000 0.00000000 	5.0926575632e+08
-4.50000000 0.50000000 	5.0926575632e+08
-4.50000000 1.00000000 	5.0926575632e+08
-4.50000000 1.50000000 	5.0926575632e+08
-4.50000000 2.00000000 	5.0926575632e+08
-4.50000000 2.50000000 	5.0926575632e+08
-4.50000000 3.00000000 	5.0926575632e+08
-4.50000000 3.50000000 	5.0926575632e+08
-4.50000000 4.00000000 	5.0926575632e+08
-4.50000000 4.50000000 	5.0926575632e+08
-4.50000000 5.00000000 	5.0926575632e+08
-4.50000000 5.50000000 	5.0926575632e+08
-4.50000000 6.00000000 	5.0926575632e+08
-4.50000000 6.50000000 	5.0926575632e+08
-4.50000000 7.00000000 	5.0926575632e+08
-4.50000000 7.50000000 	5.0926575632e+08
-4.50000000 8.00000000 	5.0926575632e+08
-4.00000000 -12.00000000 	5.0821926235e+08
-4.00000000 -11.50000000 	5.0555275962e+08
-4.00000000 -11.00000000 	5.0332575081e+08
-4.00000000 -10.50000000 	5.0128619510e+08
-4.00000000 -10.00000000 	4.9829792074e+08
-4.00000000 -9.50000000 	4.9658081368e+08
-4.00000000 -9.00000000 	4.9658081368e+08
-4.00000000 -8.50000000 	4.9829792074e+08
-4.00000000 -8.00000000 	5.0128619510e+08
-4.00000000 -7.50000000 	5.0332575081e+08
-4.00000000 -7.00000000 	5.0555275962e+08
-4.00000000 -6.50000000 	5.0821926235e+08
-4.00000000 -6.00000000 	5.0926575632e+08
-4.00000000 -5.50000000 	5.0926575632e+08
-4.00000000 -5.00000000 	5.0926575632e+08
-4.00000000 -4.50000000 	5.0926575632e+08
-4.00000000 -4.00000000 	5.0926575632e+08
-4.00000000 -3.50000000 	5.0926575632e+08
-4.00000000 -3.00000000 	5.0926575632e+08
-4.00000000 -2.50000000 	5.0926575632e+08
-4.00000000 -2.00000000 	5.0926575632e+08
-4.00000000 -1.50000000 	5.0926575632e+08
-4.00000000 -1.00000000 	5.0926575632e+08
-4.00000000 -0.50000000 	5.0926575632e+08
-4.00000000 0.00000000 	5.0926575632e+08
-4.00000000 0.50000000 	5.0926575632e+08
-4.00000000 1.00000000 	5.0926575632e+08
-4.00000000 1.50000000 	5.0926575632e+08
-4.00000000 2.00000000 	5.0926575632e+08
-4.00000000 2.50000000 	5.0926575632e+08
-4.00000000 3.00000000 	5.0926575632e+08
-4.00000000 3.50000000 	5.0926575632e+08
-4.00000000 4.00000000 	5.0926575632e+08
-4.00000000 4.50000000 	5.0926575632e+08
-4.00000000 5.00000000 	5.0926575632e+08
-4.00000000 5.50000000 	5.0926575632e+08
-4.00000000 6.00000000 	5.0926575632e+08
-4.00000000 6.50000000 	5.0926575632e+08
-4.00000000 7.00000000 	5.0926575632e+08
-4.00000000 7.50000000 	5.0926575632e+08
-4.00000000 8.00000000 	5.0926575632e+08
-3.50000000 -12.00000000 	5.0926575632e+08
-3.50000000 -11.50000000 	5.0926575632e+08
-3.50000000 -11.00000000 	5.0821926235e+08
-3.50000000 -10.50000000 	5.0555275962e+08
-3.50000000 -10.00000000 	5.0332575081e+08
-3.50000000 -9.50000000 	5.0128619510e+08
-3.50000000 -9.00000000 	4.9829792074e+08
-3.50000000 -8.50000000 	4.9658081368e+08
-3.50000000 -8.00000000 	4.9658081368e+08
-3.50000000 -7.50000000 	4.9829792074e+08
-3.50000000 -7.00000000 	5.0128619510e+08
-3.50000000 -6.50000000 	5.0332575081e+08
-3.50000000 -6.00000000 	5.0555275962e+08
-3.50000000 -5.50000000 	5.0821926235e+08
-3.50000000 -5.00000000 	5.0926575632e+08
-3.50000000 -4.50000000 	5.0926575632e+08
-3.50000000 -4.00000000 	5.0926575632e+08
-3.50000000 -3.50000000 	5.0926575632e+08
-3.50000000 -3.00000000 	5.0926575632e+08
-3.50000000 -2.50000000 	5.0926575632e+08
-3.50000000 -2.00000000 	5.0926575632e+08
-3.50000000 -1.50000000 	5.0926575632e+08
-3.50000000 -1.00000000 	5.0926575632e+08
-3.50000000 -0.50000000 	5.0926575632e+08
-3.50000000 0.00000000 	5.0926575632e+08
-3.50000000 0.50000000 	5.0926575632e+08
-3.50000000 1.00000000 	5.0926575632e+08
-3.50000000 1.50000000 	5.0926575632e+08
-3.50000000 2.00000000 	5.0926575632e+08
-3.50000000 2.50000000 	5.0926575632e+08
-3.50000000 3.00000000 	5.0926575632e+08
-3.50000000 3.50000000 	5.0926575632e+08
-3.50000000 4.00000000 	5.0926575632e+08
-3.50000000 4.50000000 	5.0926575632e+08
-3.50000000 5.00000000 	5.0926575632e+08
-3.50000000 5.50000000 	5.0926575632e+08
-3.50000000 6.00000000 	5.0926575632e+08
-3.50000000 6.50000000 	5.0926575632e+08
-3.50000000 7.00000000 	5.0926575632e+08
-3.50000000 7.50000000 	5.0926575632e+08
-3.50000000 8.00000000 	5.0926575632e+08
-3.00000000 -12.00000000 	5.0926575632e+08
-3.00000000 -11.50000000 	5.0926575632e+08
-3.00000000 -11.00000000 	5.0926575632e+08
-3.00000000 -10.50000000 	5.0926575632e+08
-3.00000000 -10.00000000 	5.0821926235e+08
-3.00000000 -9.50000000 	5.0555275962e+08
-3.00000000 -9.00000000 	5.0332575081e+08
-3.00000000 -8.50000000 	5.0128619510e+08
-3.00000000 -8.00000000 	4.9829792074e+08
-3.00000000 -7.50000000 	4.9658081368e+08
-3.00000000 -7.00000000 	4.9658081368e+08
-3.00000000 -6.50000000 	4.9829792074e+08
-3.00000000 -6.00000000 	5.0128619510e+08
-3.00000000 -5.50000000 	5.0332575081e+08
-3.00000000 -5.00000000 	5.0555275962e+08
-3.00000000 -4.50000000 	5.0821926235e+08
-3.00000000 -4.00000000 	5.0926575632e+08
-3.00000000 -3.50000000 	5.0926575632e+08
-3.00000000 -3.00000000 	5.0926575632e+08
-3.00000000 -2.50000000 	5.0926575632e+08
-3.00000000 -2.00000000 	5.0926575632e+08
-3.00000000 -1.50000000 	5.0926575632e+08
-3.00000000 -1.00000000 	5.0926575632e+08
-3.00000000 -0.50000000 	5.0926575632e+08
-3.00000000 0.00000000 	5.0926575632e+08
-3.00000000 0.50000000 	5.0926575632e+08
-3.00000000 1.00000000 	5.0926575632e+08
-3.00000000 1.50000000 	5.0926575632e+08
-3.00000000 2.00000000 	5.0926575632e+08
-3.00000000 2.50000000 	5.0926575632e+08
-3.00000000 3.00000000 	5.0926575632e+08
-3.00000000 3.50000000 	5.0926575632e+08
-3.00000000 4.00000000 	5.0926575632e+08
-3.00000000 4.50000000 	5.0926575632e+08
-3.00000000 5.00000000 	5.0926575632e+08
-3.00000000 5.50000000 	5.0926575632e+08
-3.00000000 6.00000000 	5.0926575632e+08
-3.00000000 6.50000000 	5.0926575632e+08
-3.00000000 7.00000000 	5.0926575632e+08
-3.00000000 7.50000000 	5.0926575632e+08
-3.00000000 8.00000000 	5.0926575632e+08
-2.50000000 -12.00000000 	5.0926575632e+08
-2.50000000 -11.50000000 	5.0926575632e+08
-2.50000000 -11.00000000 	5.0926575632e+08
-2.50000000 -10.50000000 	5.0926575632e+08
-2.50000000 -10.00000000 	5.0926575632e+08
-2.50000000 -9.50000000 	5.0926575632e+08
-2.50000000 -9.00000000 	5.0821926235e+08
-2.50000000 -8.50000000 	5.0555275962e+08
-2.50000000 -8.00000000 	5.0332575081e+08
-2.50000000 -7.50000000 	5.0128619510e+08
-2.50000000 -7.00000000 	4.9829792074e+08
-2.50000000 -6.50000000 	4.9658081368e+08
-2.50000000 -6.00000000 	4.9658081368e+08
-2.50000000 -5.50000000 	4.9829792074e+08
-2.50000000 -5.00000000 	5.0128619510e+08
-2.50000000 -4.50000000 	5.0332575081e+08
-2.50000000 -4.00000000 	5.0555275962e+08
-2.50000000 -3.50000000 	5.0821926235e+08
-2.50000000 -3.00000000 	5.0926575632e+08
-2.50000000 -2.50000000 	5.0926575632e+08
-2.50000000 -2.00000000 	5.0926575632e+08
-2.50000000 -1.50000000 	5.0926575632e+08
-2.50000000 -1.00000000 	5.0926575632e+08
-2.50000000 -0.50000000 	5.0926575632e+08
-2.50000000 0.00000000 	5.0926575632e+08
-2.50000000 0.50000000 	5.0926575632e+08
-2.50000000 1.00000000 	5.0926575632e+08
-2.50000000 1.50000000 	5.0926575632e+08
-2.50000000 2.00000000 	5.0926575632e+08
-2.50000000 2.50000000 	5.0926575632e+08
-2.50000000 3.00000000 	5.0926575632e+08
-2.50000000 3.50000000 	5.0926575632e+08
-2.50000000 4.00000000 	5.0926575632e+08
-2.50000000 4.50000000 	5.0926575632e+08
-2.50000000 5.00000000 	5.0926575632e+08
-2.50000000 5.50000000 	5.0926575632e+08
-2.50000000 6.00000000 	5.0926575632e+08
-2.50000000 6.50000000 	5.0926575632e+08
-2.50000000 7.00000000 	5.0926575632e+08
-2.50000000 7.50000000 	5.0926575632e+08
-2.50000000 8.00000000 	5.0926575632e+08
-2.00000000 -12.00000000 	5.0926575632e+08
-2.00000000 -11.50000000 	5.0926575632e+08
-2.00000000 -11.00000000 	5.0926575632e+08
-2.00000000 -10.50000000 	5.0926575632e+08
-2.00000000 -10.00000000 	5.0926575632e+08
-2.00000000 -9.50000000 	5.0926575632e+08
-2.00000000 -9.00000000 	5.0926575632e+08
-2.00000000 -8.50000000 	5.0926575632e+08
-2.00000000 -8.00000000 	5.0821926235e+08
-2.00000000 -7.50000000 	5.0555275962e+08
-2.00000000 -7.00000000 	5.0332575081e+08
-2.00000000 -6.50000000 	5.0128619510e+08
-2.00000000 -6.00000000 	4.9829792074e+08
-2.00000000 -5.50000000 	4.9658081368e+08
-2.00000000 -5.00000000 	4.9658081368e+08
-2.00000000 -4.50000000 	4.9829792074e+08
-2.00000000 -4.00000000 	5.0128619510e+08
-2.00000000 -3.50000000 	5.0332575081e+08
-2.00000000 -3.00000000 	5.0555275962e+08
-2.00000000 -2.50000000 	5.0821926235e+08
-2.00000000 -2.00000000 	5.0926575632e+08
-2.00000000 -1.50000000 	5.0926575632e+08
-2.00000000 -1.00000000 	5.0926575632e+08
-2.00000000 -0.50000000 	5.0926575632e+08
-2.00000000 0.00000000 	5.0926575632e+08
-2.00000000 0.50000000 	5.0926575632e+08
-2.00000000 1.00000000 	5.0926575632e+08
-2.00000000 1.50000000 	5.0926575632e+08
-2.00000000 2.00000000 	5.0926575632e+08
-2.00000000 2.50000000 	5.0926575632e+08
-2.00000000 3.00000000 	5.0926575632e+08
-2.00000000 3.50000000 	5.0926575632e+08
-2.00000000 4.00000000 	5.0926575632e+08
-2.00000000 4.50000000 	5.0926575632e+08
-2.00000000 5.00000000 	5.0926575632e+08
-2.00000000 5.50000000 	5.0926575632e+08
-2.00000000 6.00000000 	5.0926575632e+08
-2.00000000 6.50000000 	5.0926575632e+08
-2.00000000 7.00000000 	5.0926575632e+08
-2.00000000 7.50000000 	5.0926575632e+08
-2.00000000 8.00000000 	5.0926575632e+08
-1.50000000 -12.00000000 	5.0926575632e+08
-1.50000000 -11.50000000 	5.0926575632e+08
-1.50000000 -11.00000000 	5.0926575632e+08
-1.50000000 -10.50000000 	5.0926575632e+08
-1.50000000 -10.00000000 	5.0926575632e+08
-1.50000000 -9.50000000 	5.0926575632e+08
-1.50000000 -9.00000000 	5.0926575632e+08
-1.50000000 -8.50000000 	5.0926575632e+08
-1.50000000 -8.00000000 	5.0926575632e+08
-1.50000000 -7.50000000 	5.0926575632e+08
-1.50000000 -7.00000000 	5.0821926235e+08
-1.50000000 -6.50000000 	5.0555275962e+08
-1.50000000 -6.00000000 	5.0332575081e+08
-1.50000000 -5.50000000 	5.0128619510e+08
-1.50000000 -5.00000000 	4.9829792074e+08
-1.50000000 -4.50000000 	4.9658081368e+08
-1.50000000 -4.00000000 	4.9658081368e+08
-1.50000000 -3.50000000 	4.9829792074e+08
-1.50000000 -3.00000000 	5.0128619510e+08
-1.50000000 -2.50000000 	5.0332575081e+08
-1.50000000 -2.00000000 	5.0555275962e+08
-1.50000000 -1.50000000 	5.0821926235e+08
-1.50000000 -1.00000000 	5.0926575632e+08
-1.50000000 -0.50000000 	5.0926575632e+08
-1.50000000 0.00000000 	5.0926575632e+08
-1.50000000 0.50000000 	5.0926575632e+08
-1.50000000 1.00000000 	5.0926575632e+08
-1.50000000 1.50000000 	5.0926575632e+08
-1.50000000 2.00000000 	5.0926575632e+08
-1.50000000 2.50000000 	5.0926575632e+08
-1.50000000 3.00000000 	5.0926575632e+08
-1.50000000 3.50000000 	5.0926575632e+08
-1.50000000 4.00000000 	5.0926575632e+08
-1.50000000 4.50000000 	5.0926575632e+08
-1.50000000 5.00000000 	5.0926575632e+08
-1.50000000 5.50000000 	5.0926575632e+08
-1.50000000 6.00000000 	5.0926575632e+08
-1.50000000 6.50000000 	5.0926575632e+08
-1.50000000 7.00000000 	5.0926575632e+08
-1.50000000 7.50000000 	5.0926575632e+08
-1.50000000 8.00000000 	5.0926575632e+08
-1.00000000 -12.00000000 	5.0926575632e+08
-1.00000000 -11.50000000 	5.0926575632e+08
-1.00000000 -11.00000000 	5.0926575632e+08
-1.00000000 -10.50000000 	5.0926575632e+08
-1.00000000 -10.00000000 	5.0926575632e+08
-1.00000000 -9.50000000 	5.0926575632e+08
-1.00000000 -9.00000000 	5.0926575632e+08
-1.00000000 -8.50000000 	5.0926575632e+08
-1.00000000 -8.00000000 	5.0926575632e+08
-1.00000000 -7.50000000 	5.0926575632e+08
-1.00000000 -7.00000000 	5.0926575632e+08
-1.00000000 -6.50000000 	5.0926575632e+08
-1.00000000 -6.00000000 	5.0821926235e+08
-1.00000000 -5.50000000 	5.0555275962e+08
-1.00000000 -5.00000000 	5.0332575081e+08
-1.00000000 -4.50000000 	5.0128619510e+08
-1.00000000 -4.00000000 	4.9829792074e+08
-1.00000000 -3.50000000 	4.9658081368e+08
-1.00000000 -3.00000000 	4.9658081368e+08
-1.00000000 -2.50000000 	4.9829792074e+08
-1.00000000 -2.00000000 	5.0128619510e+08
-1.00000000 -1.50000000 	5.0332575081e+08
-1.00000000 -1.00000000 	5.0555275962e+08
-1.00000000 -0.50000000 	5.0821926235e+08
-1.00000000 0.00000000 	5.0926575632e+08
-1.00000000 0.50000000 	5.0926575632e+08
-1.00000000 1.00000000 	5.0926575632e+08
-1.00000000 1.50000000 	5.0926575632e+08
-1.00000000 2.00000000 	5.0926575632e+08
-1.00000000 2.50000000 	5.0926575632e+08
-1.00000000 3.00000000 	5.0926575632e+08
-1.00000000 3.50000000 	5.0926575632e+08
-1.00000000 4.00000000 	5.0926575632e+08
-1.00000000 4.50000000 	5.0926575632e+08
-1.00000000 5.00000000 	5.0926575632e+08
-1.00000000 5.50000000 	5.0926575632e+08
-1.00000000 6.00000000 	5.0926575632e+08
-1.00000000 6.50000000 	5.0926575632e+08
-1.00000000 7.00000000 	5.0926575632e+08
-1.00000000 7.50000000 	5.0926575632e+08
-1.00000000 8.00000000 	5.0926575632e+08
-0.50000000 -12.00000000 	5.0926575632e+08
-0.50000000 -11.50000000 	5.0926575632e+08
-0.50000000 -11.00000000 	5.0926575632e+08
-0.50000000 -10.50000000 	5.0926575632e+08
-0.50000000 -10.00000000 	5.0926575632e+08
-0.50000000 -9.50000000 	5.0926575632e+08
-0.50000000 -9.00000000 	5.0926575632e+08
-0.50000000 -8.50000000 	5.0926575632e+08
-0.50000000 -8.00000000 	5.0926575632e+08
-0.50000000 -7.50000000 	5.0926575632e+08
-0.50000000 -7.00000000 	5.0926575632e+08
-0.50000000 -6.50000000 	5.0926575632e+08
-0.50000000 -6.00000000 	5.0926575632e+08
-0.50000000 -5.50000000 	5.0926575632e+08
-0.50000000 -5.00000000 	5.0821926235e+08
-0.50000000 -4.50000000 	5.0555275962e+08
-0.50000000 -4.00000000 	5.0332575081e+08
-0.50000000 -3.50000000 	5.0128619510e+08
-0.50000000 -3.00000000 	4.9829792074e+08
-0.50000000 -2.50000000 	4.9658081368e+08
-0.50000000 -2.00000000 	4.9658081368e+08
-0.50000000 -1.50000000 	4.9829792074e+08
-0.50000000 -1.00000000 	5.0128619510e+08
-0.50000000 -0.50000000 	5.0332575081e+08
-0.50000000 0.00000000 	5.0555275962e+08
-0.50000000 0.50000000 	5.0821926235e+08
-0.50000000 1.00000000 	5.0926575632e+08
-0.50000000 1.50000000 	5.0926575632e+08
-0.50000000 2.00000000 	5.0926575632e+08
-0.50000000 2.50000000 	5.0926575632e+08
-0.50000000 3.00000000 	5.0926575632e+08
-0.50000000 3.50000000 	5.0926575632e+08
-0.50000000 4.00000000 	5.0926575632e+08
-0.50000000 4.50000000 	5.0926575632e+08
-0.50000000 5.00000000 	5.0926575632e+08
-0.50000000 5.50000000 	5.0926575632e+08
-0.50000000 6.00000000 	5.0926575632e+08
-0.50000000 6.50000000 	5.0926575632e+08
-0.50000000 7.00000000 	5.0926575632e+08
-0.50000000 7.50000000 	5.0926575632e+08
-0.50000000 8.00000000 	5.0926575632e+08
0.00000000 -12.00000000 	5.0926575632e+08
0.00000000 -11.50000000 	5.0926575632e+08
0.00000000 -11.00000000 	5.0926575632e+08
0.00000000 -10.50000000 	5.0926575632e+08
0.00000000 -10.00000000 	5.0926575632e+08
0.00000000 -9.50000000 	5.0926575632e+08
0.00000000 -9.00000000 	5.0926575632e+08
0.00000000 -8.50000000 	5.0926575632e+08
0.00000000 -8.00000000 	5.0926575632e+08
0.00000000 -7.50000000 	5.0926575632e+08
0.00000000 -7.00000000 	5.0926575632e+08
0.00000000 -6.50000000 	5.0926575632e+08
0.00000000 -6.00000000 	5.0926575632e+08
0.00000000 -5.50000000 	5.0926575632e+08
0.00000000 -5.00000000 	5.0926575632e+08
0.00000000 -4.50000000 	5.0926575632e+08
0.00000000 -4.00000000 	5.0821926235e+08
0.00000000 -3.50000000 	5.0555275962e+08
0.00000000 -3.00000000 	5.0332575081e+08
0.00000000 -2.50000000 	5.0128619510e+08
0.00000000 -2.00000000 	4.9829792074e+08
0.00000000 -1.50000000 	4.9658081368e+08
0.00000000 -1.00000000 	4.9658081368e+08
0.00000000 -0.50000000 	4.9829792074e+08
0.00000000 0.00000000 	5.0128619510e+08
0.00000000 0.50000000 	5.0332575081e+08
0.00000000 1.00000000 	5.0555275962e+08
0.00000000 1.50000000 	5.0821926235e+08
0.00000000 2.00000000 	5.0926575632e+08
0.00000000 2.50000000 	5.0926575632e+08
0.00000000 3.00000000 	5.0926575632e+08
0.00000000 3.50000000 	5.0926575632e+08
0.00000000 4.00000000 	5.0926575632e+08
0.00000000 4.50000000 	5.0926575632e+08
0.00000000 5.00000000 	5.0926575632e+08
0.00000000 5.50000000 	5.0926575632e+08
0.00000000 6.00000000 	5.0926575632e+08
0.00000000 6.50000000 	5.0926575632e+08
0.00000000 7.00000000 	5.0926575632e+08
0.00000000 7.50000000 	5.0926575632e+08
0.00000000 8.00000000 	5.0926575632e+08
0.50000000 -12.00000000 	5.0926575632e+08
0.50000000 -11.50000000 	5.0926575632e+08
0.50000000 -11.00000000 	5.0926575632e+08
0.50000000 -10.50000000 	5.0926575632e+08
0.50000000 -10.00000000 	5.0926575632e+08
0.50000000 -9.50000000 	5.0926575632e+08
0.50000000 -9.00000000 	5.0926575632e+08
0.50000000 -8.50000000 	5.0926575632e+08
0.50000000 -8.00000000 	5.0926575632e+08
0.50000000 -7.50000000 	5.0926575632e+08
0.50000000 -7.00000000 	5.0926575632e+08
0.50000000 -6.50000000 	5.0926575632e+08
0.50000000 -6.00000000 	5.0926575632e+08
0.50000000 -5.50000000 	5.0926575632e+08
0.50000000 -5.00000000 	5.0926575632e+08
0.50000000 -4.50000000 	5.0926575632e+08
0.50000000 -4.00000000 	5.0926575632e+08
0.50000000 -3.50000000 	5.0926575632e+08
0.50000000 -3.00000000 	5.0821926235e+08
0.50000000 -2.50000000 	5.0555275962e+08
0.50000000 -2.00000000 	5.0332575081e+08
0.50000000 -1.50000000 	5.0128619510e+08
0.50000000 -1.00000000 	4.9829792074e+08
0.50000000 -0.50000000 	4.9658081368e+08
0.50000000 0.00000000 	4.9658081368e+08
0.50000000 0.50000000 	4.9829792074e+08
0.50000000 1.00000000 	5.0128619510e+08
0.50000000 1.50000000 	5.0332575081e+08
0.50000000 2.00000000 	5.0555275962e+08
0.50000000 2.50000000 	5.0821926235e+08
0.50000000 3.00000000 	5.0926575632e+08
0.50000000 3.50000000 	5.0926575632e+08
0.50000000 4.00000000 	5.0926575632e+08
0.50000000 4.50000000 	5.0926575632e+08
0.50000000 5.00000000 	5.0926575632e+08
0.50000000 5.50000000 	5.0926575632e+08
0.50000000 6.00000000 	5.0926575632e+08
0.50000000 6.50000000 	5.0926575632e+08
0.50000000 7.00000000 	5.0926575632e+08
0.50000000 7.50000000 	5.0926575632e+08
0.50000000 8.00000000 	5.0926575632e+08
1.00000000 -12.00000000 	5.0926575632e+08
1.00000000 -11.50000000 	5.0926575632e+08
1.00000000 -11.00000000 	5.0926575632e+08
1.00000000 -10.50000000 	5.0926575632e+08
1.00000000 -10.00000000 	5.0926575632e+08
1.00000000 -9.50000000 	5.0926575632e+08
1.00000000 -9.00000000 	5.0926575632e+08
1.00000000 -8.50000000 	5.0926575632e+08
1.00000000 -8.00000000 	5.0926575632e+08
1.00000000 -7.50000000 	5.0926575632e+08
1.00000000 -7.00000000 	5.0926575632e+08
1.00000000 -6.50000000 	5.0926575632e+08
1.00000000 -6.00000000 	5.0926575632e+08
1.00000000 -5.50000000 	5.0926575632e+08
1.00000000 -5.00000000 	5.0926575632e+08
1.00000000 -4.50000000 	5.0926575632e+08
1.00000000 -4.00000000 	5.0926575632e+08
1.00000000 -3.50000000 	5.0926575632e+08
1.00000000 -3.00000000 	5.0926575632e+08
1.00000000 -2.50000000 	5.0926575632e+08
1.00000000 -2.00000000 	5.0821926235e+08
1.00000000 -1.50000000 	5.0555275962e+08
1.00000000 -1.00000000 	5.0332575081e+08
1.00000000 -0.50000000 	5.0128619510e+08
1.00000000 0.00000000 	4.9829792074e+08
1.00000000 0.50000000 	4.9658081368e+08
1.00000000 1.00000000 	4.9658081368e+08
1.00000000 1.50000000 	4.9829792074e+08
1.00000000 2.00000000 	5.0128619510e+08
1.00000000 2.50000000 	5.0332575081e+08
1.00000000 3.00000000 	5.0659242306e+08
1.00000000 3.50000000 	5.0926575632e+08
1.00000000 4.00000000 	5.0926575632e+08
1.00000000 4.50000000 	5.0926575632e+08
1.00000000 5.00000000 	5.0926575632e+08
1.00000000 5.50000000 	5.0926575632e+08
1.00000000 6.00000000 	5.0926575632e+08
1.00000000 6.50000000 	5.0926575632e+08
1.00000000 7.00000000 	5.0926575632e+08
1.00000000 7.50000000 	5.0926575632e+08
1.00000000 8.00000000 	5.0926575632e+08
1.50000000 -12.00000000 	5.0926575632e+08
1.50000000 -11.50000000 	5.0926575632e+08
1.50000000 -11.00000000 	5.0926575632e+08
1.50000000 -10.50000000 	5.0926575632e+08
1.50000000 -10.00000000 	5.0926575632e+08
1.50000000 -9.50000000 	5.0926575632e+08
1.50000000 -9.00000000 	5.0926575632e+08
1.50000000 -8.50000000 	5.0926575632e+08
1.50000000 -8.00000000 	5.0926575632e+08
1.50000000 -7.50000000 	5.0926575632e+08
1.50000000 -7.00000000 	5.0926575632e+08
1.50000000 -6.50000000 	5.0926575632e+08
1.50000000 -6.00000000 	5.0926575632e+08
1.50000000 -5.50000000 	5.0926575632e+08
1.50000000 -5.00000000 	5.0926575632e+08
1.50000000 -4.50000000 	5.0926575632e+08
1.50000000 -4.00000000 	5.0926575632e+08
1.50000000 -3.50000000 	5.0926575632e+08
1.50000000 -3.00000000 	5.0926575632e+08
1.50000000 -2.50000000 	5.0926575632e+08
1.50000000 -2.00000000 	5.0926575632e+08
1.50000000 -1.50000000 	5.0926575632e+08
1.50000000 -1.00000000 	5.0821926235e+08
1.50000000 -0.50000000 	5.0555275962e+08
1.50000000 0.00000000 	5.0332575081e+08
1.50000000 0.50000000 	5.0128619510e+08
1.50000000 1.00000000 	4.9829792074e+08
1.50000000 1.50000000 	4.9658081368e+08
1.50000000 2.00000000 	4.9690403266e+08
1.50000000 2.50000000 	5.0006628563e+08
1.50000000 3.00000000 	5.0376518235e+08
1.50000000 3.50000000 	5.0702802392e+08
1.50000000 4.00000000 	5.0926575632e+08
1.50000000 4.50000000 	5.0926575632e+08
1.50000000 5.00000000 	5.0926575632e+08
1.50000000 5.50000000 	5.0926575632e+08
1.50000000 6.00000000 	5.0926575632e+08
1.50000000 6.50000000 	5.0926575632e+08
1.50000000 7.00000000 	5.0926575632e+08
1.50000000 7.50000000 	5.0926575632e+08
1.50000000 8.00000000 	5.0926575632e+08
2.00000000 -12.00000000 	5.0926575632e+08
2.00000000 -11.50000000 	5.0926575632e+08
2.00000000 -11.00000000 	5.0926575632e+08
2.00000000 -10.50000000 	5.0926575632e+08
2.00000000 -10.00000000 	5.0926575632e+08
2.00000000 -9.50000000 	5.0926575632e+08
2.00000000 -9.00000000 	5.0926575632e+08
2.00000000 -8.50000000 	5.0926575632e+08
2.00000000 -8.00000000 	5.0926575632e+08
2.00000000 -7.50000000 	5.0926575632e+08
2.00000000 -7.00000000 	5.0926575632e+08
2.00000000 -6.50000000 	5.0926575632e+08
2.00000000 -6.00000000 	5.0926575632e+08
2.00000000 -5.50000000 	5.0926575632e+08
2.00000000 -5.00000000 	5.0926575632e+08
2.00000000 -4.50000000 	5.0926575632e+08
2.00000000 -4.00000000 	5.0926575632e+08
2.00000000 -3.50000000 	5.0926575632e+08
2.00000000 -3.00000000 	5.0926575632e+08
2.00000000 -2.50000000 	5.0926575632e+08
2.00000000 -2.00000000 	5.0926575632e+08
2.00000000 -1.50000000 	5.0926575632e+08
2.00000000 -1.00000000 	5.0926575632e+08
2.00000000 -0.50000000 	5.0926575632e+08
2.00000000 0.00000000 	5.0821926235e+08
2.00000000 0.50000000 	5.0555275962e+08
2.00000000 1.00000000 	5.0300134355e+08
2.00000000 1.50000000 	5.0038807324e+08
2.00000000 2.00000000 	4.9790343322e+08
2.00000000 2.50000000 	4.9877784081e+08
2.00000000 3.00000000 	5.0262610900e+08
2.00000000 3.50000000 	5.0642819914e+08
2.00000000 4.00000000 	5.0866340919e+08
2.00000000 4.50000000 	5.0926575632e+08
2.00000000 5.00000000 	5.0926575632e+08
2.00000000 5.50000000 	5.0926575632e+08
2.00000000 6.00000000 	5.0926575632e+08
2.00000000 6.50000000 	5.0926575632e+08
2.00000000 7.00000000 	5.0926575632e+08
2.00000000 7.50000000 	5.0926575632e+08
2.00000000 8.00000000 	5.0926575632e+08
