-25.00000000 	5.0734904220e+08
-24.00000000 	5.0553046560e+08
-23.00000000 	5.0553046560e+08
-22.00000000 	5.0165934111e+08
-21.00000000 	5.0165934111e+08
-20.00000000 	4.9576509793e+08
-19.00000000 	4.9576509793e+08
-18.00000000 	4.8799718610e+08
-17.00000000 	4.8799718610e+08
-16.00000000 	4.7894486918e+08
-15.00000000 	4.7894486918e+08
-14.00000000 	4.6949790718e+08
-13.00000000 	4.6949790718e+08
-12.00000000 	4.6060455051e+08
-11.00000000 	4.6060455051e+08
-10.00000000 	4.5303897768e+08
-9.00000000 	4.5303897768e+08
-8.00000000 	4.4724476391e+08
-7.00000000 	4.4724476391e+08
-6.00000000 	4.4328707053e+08
-5.00000000 	4.4328707053e+08
-4.00000000 	4.4091891214e+08
-3.00000000 	4.4091891214e+08
-2.00000000 	4.3973930703e+08
-1.00000000 	4.3973930703e+08
0.00000000 	4.3939298741e+08
1.00000000 	4.3939298741e+08
2.00000000 	4.3973930703e+08
3.00000000 	4.3973930703e+08
4.00000000 	4.4091891214e+08
5.00000000 	4.4091891214e+08
6.00000000 	4.4328707053e+08
7.00000000 	4.4328707053e+08
8.00000000 	4.4724476391e+08
9.00000000 	4.4724476391e+08
10.00000000 	4.5303897768e+08
11.00000000 	4.5303897768e+08
12.00000000 	4.6060455051e+08
13.00000000 	4.6060455051e+08
14.00000000 	4.6949790718e+08
15.00000000 	4.6949790718e+08
16.00000000 	4.7894486920e+08
17.00000000 	4.7894486920e+08
18.00000000 	4.8799718154e+08
19.00000000 	4.8799718154e+08
20.00000000 	4.9576488450e+08
21.00000000 	4.9576488450e+08
22.00000000 	5.0165349401e+08
23.00000000 	5.0165349401e+08
24.00000000 	5.0541123167e+08
25.00000000 	5.0541123167e+08
