-25.00000000 	5.0826098060e+08
-24.00000000 	5.0702158574e+08
-23.00000000 	5.0702158574e+08
-22.00000000 	5.0410186869e+08
-21.00000000 	5.0410186869e+08
-20.00000000 	4.9917942239e+08
-19.00000000 	4.9917942239e+08
-18.00000000 	4.9213185291e+08
-17.00000000 	4.9213185291e+08
-16.00000000 	4.8335547144e+08
-15.00000000 	4.8335547144e+08
-14.00000000 	4.7369196633e+08
-13.00000000 	4.7369196633e+08
-12.00000000 	4.6418290195e+08
-11.00000000 	4.6418290195e+08
-10.00000000 	4.5578238346e+08
-9.00000000 	4.5578238346e+08
-8.00000000 	4.4913051012e+08
-7.00000000 	4.4913051012e+08
-6.00000000 	4.4444636876e+08
-5.00000000 	4.4444636876e+08
-4.00000000 	4.4156293262e+08
-3.00000000 	4.4156293262e+08
-2.00000000 	4.4009030186e+08
-1.00000000 	4.4009030186e+08
0.00000000 	4.3965086773e+08
1.00000000 	4.3965086773e+08
2.00000000 	4.4009030186e+08
3.00000000 	4.4009030186e+08
4.00000000 	4.4156293262e+08
5.00000000 	4.4156293262e+08
6.00000000 	4.4444636876e+08
7.00000000 	4.4444636876e+08
8.00000000 	4.4913051012e+08
9.00000000 	4.4913051012e+08
10.00000000 	4.5578238346e+08
11.00000000 	4.5578238346e+08
12.00000000 	4.6418290195e+08
13.00000000 	4.6418290195e+08
14.00000000 	4.7369196633e+08
15.00000000 	4.7369196633e+08
16.00000000 	4.8335547143e+08
17.00000000 	4.8335547143e+08
18.00000000 	4.9213185169e+08
19.00000000 	4.9213185169e+08
20.00000000 	4.9917934584e+08
21.00000000 	4.9917934584e+08
22.00000000 	5.0409914478e+08
23.00000000 	5.0409914478e+08
24.00000000 	5.0695331150e+08
25.00000000 	5.0695331150e+08
