-11.31370850 	-100.0000000000
-11.17228714 	-100.0000000000
-11.03086579 	-100.0000000000
-10.88944443 	-100.0000000000
-10.74802307 	-100.0000000000
-10.60660172 	-100.0000000000
-10.46518036 	-100.0000000000
-10.32375901 	-100.0000000000
-10.18233765 	-100.0000000000
-10.04091629 	-100.0000000000
-9.89949494 	-100.0000000000
-9.75807358 	-100.0000000000
-9.61665222 	-100.0000000000
-9.47523087 	-100.0000000000
-9.33380951 	-100.0000000000
-9.19238816 	-100.0000000000
-9.05096680 	-100.0000000000
-8.90954544 	-100.0000000000
-8.76812409 	-100.0000000000
-8.62670273 	-100.0000000000
-8.48528137 	-100.0000000000
-8.34386002 	-100.0000000000
-8.20243866 	-100.0000000000
-8.06101731 	-100.0000000000
-7.91959595 	-100.0000000000
-7.77817459 	-100.0000000000
-7.63675324 	-100.0000000000
-7.49533188 	-100.0000000000
-7.35391052 	-100.0000000000
-7.21248917 	-100.0000000000
-7.07106781 	-100.0000000000
-6.92964646 	-100.0000000000
-6.78822510 	-100.0000000000
-6.64680374 	-100.0000000000
-6.50538239 	-100.0000000000
-6.36396103 	-100.0000000000
-6.22253967 	-100.0000000000
-6.08111832 	-100.0000000000
-5.93969696 	-100.0000000000
-5.79827561 	-100.0000000000
-5.65685425 	-100.0000000000
-5.51543289 	-100.0000000000
-5.37401154 	-100.0000000000
-5.23259018 	-100.0000000000
-5.09116882 	-100.0000000000
-4.94974747 	-100.0000000000
-4.80832611 	-100.0000000000
-4.66690476 	-100.0000000000
-4.52548340 	-100.0000000000
-4.38406204 	-100.0000000000
-4.24264069 	-100.0000000000
-4.10121933 	-100.0000000000
-3.95979797 	-100.0000000000
-3.81837662 	-100.0000000000
-3.67695526 	-100.0000000000
-3.53553391 	-100.0000000000
-3.39411255 	-100.0000000000
-3.25269119 	-100.0000000000
-3.11126984 	-100.0000000000
-2.96984848 	-100.0000000000
-2.82842712 	-100.0000000000
-2.68700577 	-100.0000000000
-2.54558441 	-100.0000000000
-2.40416306 	-100.0000000000
-2.26274170 	-100.0000000000
-2.12132034 	-100.0000000000
-1.97989899 	-100.0000000000
-1.83847763 	-100.0000000000
-1.69705627 	-100.0000000000
-1.55563492 	-100.0000000000
-1.41421356 	-100.0000000000
-1.27279221 	-100.0000000000
-1.13137085 	-100.0000000000
-0.98994949 	-100.0000000000
-0.84852814 	-100.0000000000
-0.70710678 	-100.0000000000
-0.56568542 	-100.0000000000
-0.42426407 	-100.0000000000
-0.28284271 	-100.0000000000
-0.14142136 	-100.0000000000
0.00000000 	-100.0000000000
0.14142136 	100.0000000000
0.28284271 	100.0000000000
0.42426407 	100.0000000000
0.56568542 	100.0000000000
0.70710678 	100.0000000000
0.84852814 	100.0000000000
0.98994949 	100.0000000000
1.13137085 	100.0000000000
1.27279221 	100.0000000000
1.41421356 	100.0000000000
1.55563492 	100.0000000000
1.69705627 	100.0000000000
1.83847763 	100.0000000000
1.97989899 	100.0000000000
2.12132034 	100.0000000000
2.26274170 	100.0000000000
2.40416306 	100.0000000000
2.54558441 	100.0000000000
2.68700577 	100.0000000000
2.82842712 	100.0000000000
