-8.00000000 	-100.0000000000
-7.50000000 	-100.0000000000
-7.00000000 	-100.0000000000
-6.50000000 	-100.0000000000
-6.00000000 	-100.0000000000
-5.50000000 	-100.0000000000
-5.00000000 	-100.0000000000
-4.50000000 	-100.0000000000
-4.00000000 	-100.0000000000
-3.50000000 	-100.0000000000
-3.00000000 	-100.0000000000
-2.50000000 	-100.0000000000
-2.00000000 	-99.9999726806
-1.50000000 	-99.9959322485
-1.00000000 	-99.9226497527
-0.50000000 	-96.2875995594
0.00000000 	-92.8283047300
0.50000000 	92.8283047300
1.00000000 	96.2875995594
1.50000000 	99.9226497527
2.00000000 	99.9959527659
