-25.00000000 	-78.2290203864
-24.00000000 	-73.6371801923
-23.00000000 	-73.6371801923
-22.00000000 	-63.7560421974
-21.00000000 	-63.7560421974
-20.00000000 	-52.6037124604
-19.00000000 	-52.6037124604
-18.00000000 	-41.3232073222
-17.00000000 	-41.3232073222
-16.00000000 	-30.7530454943
-15.00000000 	-30.7530454943
-14.00000000 	-21.5545424301
-13.00000000 	-21.5545424301
-12.00000000 	-14.1324284408
-11.00000000 	-14.1324284408
-10.00000000 	-8.5980156920
-9.00000000 	-8.5980156920
-8.00000000 	-4.8030159314
-7.00000000 	-4.8030159314
-6.00000000 	-2.4274030927
-5.00000000 	-2.4274030927
-4.00000000 	-1.0821111747
-3.00000000 	-1.0821111747
-2.00000000 	-0.3864485968
-1.00000000 	-0.3864485968
0.00000000 	-0.0000000000
1.00000000 	0.0000000000
2.00000000 	0.3864485967
3.00000000 	0.3864485967
4.00000000 	1.0821111719
5.00000000 	1.0821111719
6.00000000 	2.4274030488
7.00000000 	2.4274030488
8.00000000 	4.8030155119
9.00000000 	4.8030155119
10.00000000 	8.5980128724
11.00000000 	8.5980128724
12.00000000 	14.1324141023
13.00000000 	14.1324141023
14.00000000 	21.5544828973
15.00000000 	21.5544828973
16.00000000 	30.7528053898
17.00000000 	30.7528053898
18.00000000 	41.3218476737
19.00000000 	41.3218476737
20.00000000 	52.5915410404
21.00000000 	52.5915410404
22.00000000 	63.6304207932
23.00000000 	63.6304207932
24.00000000 	72.3963966225
25.00000000 	72.3963966225
