-25.00000000 	-100.0000000000
-24.00000000 	-100.0000000000
-23.00000000 	-100.0000000000
-22.00000000 	-100.0000000000
-21.00000000 	-100.0000000000
-20.00000000 	-100.0000000000
-19.00000000 	-100.0000000000
-18.00000000 	-100.0000000000
-17.00000000 	-100.0000000000
-16.00000000 	-100.0000000000
-15.00000000 	-100.0000000000
-14.00000000 	-100.0000000000
-13.00000000 	-100.0000000000
-12.00000000 	-100.0000000000
-11.00000000 	-100.0000000000
-10.00000000 	-99.2420278795
-9.00000000 	-99.2420278795
-8.00000000 	-94.5349075923
-7.00000000 	-94.5349075923
-6.00000000 	-81.3823618044
-5.00000000 	-81.3823618044
-4.00000000 	-58.7151132659
-3.00000000 	-58.7151132659
-2.00000000 	-30.1982416851
-1.00000000 	-30.1982416851
0.00000000 	-0.0000000000
1.00000000 	0.0000000000
2.00000000 	30.1982416851
3.00000000 	30.1982416851
4.00000000 	58.7151132659
5.00000000 	58.7151132659
6.00000000 	81.3823618044
7.00000000 	81.3823618044
8.00000000 	94.5349075923
9.00000000 	94.5349075923
10.00000000 	99.2420278795
11.00000000 	99.2420278795
12.00000000 	100.0000000000
13.00000000 	100.0000000000
14.00000000 	100.0000000000
15.00000000 	100.0000000000
16.00000000 	100.0000000000
17.00000000 	100.0000000000
18.00000000 	100.0000000000
19.00000000 	100.0000000000
20.00000000 	100.0000000000
21.00000000 	100.0000000000
22.00000000 	100.0000000000
23.00000000 	100.0000000000
24.00000000 	100.0000000000
25.00000000 	100.0000000000
