-25.00000000 	-100.0000000000
-24.00000000 	-100.0000000000
-23.00000000 	-100.0000000000
-22.00000000 	-100.0000000000
-21.00000000 	-100.0000000000
-20.00000000 	-100.0000000000
-19.00000000 	-100.0000000000
-18.00000000 	-100.0000000000
-17.00000000 	-100.0000000000
-16.00000000 	-100.0000000000
-15.00000000 	-100.0000000000
-14.00000000 	-100.0000000000
-13.00000000 	-100.0000000000
-12.00000000 	-100.0000000000
-11.00000000 	-100.0000000000
-10.00000000 	-100.0000000000
-9.00000000 	-100.0000000000
-8.00000000 	-100.0000000000
-7.00000000 	-100.0000000000
-6.00000000 	-100.0000000000
-5.00000000 	-95.8700097144
-4.00000000 	-95.8700097144
-3.00000000 	-75.1458688816
-2.00000000 	-75.1458688816
-1.00000000 	-29.2699880980
0.00000000 	-29.2699880980
1.00000000 	29.2699880980
2.00000000 	29.2699880980
3.00000000 	75.1458688816
4.00000000 	75.1458688816
5.00000000 	95.8700097144
6.00000000 	95.8700097144
7.00000000 	100.0000000000
8.00000000 	100.0000000000
9.00000000 	100.0000000000
10.00000000 	100.0000000000
11.00000000 	100.0000000000
12.00000000 	100.0000000000
13.00000000 	100.0000000000
14.00000000 	100.0000000000
15.00000000 	100.0000000000
16.00000000 	100.0000000000
17.00000000 	100.0000000000
18.00000000 	100.0000000000
19.00000000 	100.0000000000
20.00000000 	100.0000000000
21.00000000 	100.0000000000
22.00000000 	100.0000000000
23.00000000 	100.0000000000
24.00000000 	100.0000000000
25.00000000 	100.0000000000
