-25.00000000 	-99.9923399489
-24.00000000 	-99.9274740714
-23.00000000 	-99.9274740714
-22.00000000 	-99.5505421579
-21.00000000 	-99.5505421579
-20.00000000 	-98.2048218302
-19.00000000 	-98.2048218302
-18.00000000 	-94.7731552185
-17.00000000 	-94.7731552185
-16.00000000 	-88.0704397065
-15.00000000 	-88.0704397065
-14.00000000 	-77.5435726086
-13.00000000 	-77.5435726086
-12.00000000 	-63.7634283027
-11.00000000 	-63.7634283027
-10.00000000 	-48.3446111388
-9.00000000 	-48.3446111388
-8.00000000 	-33.3745869531
-7.00000000 	-33.3745869531
-6.00000000 	-20.6714758634
-5.00000000 	-20.6714758634
-4.00000000 	-11.1772933601
-3.00000000 	-11.1772933601
-2.00000000 	-4.6914050228
-1.00000000 	-4.6914050228
0.00000000 	0.0000000000
1.00000000 	-0.0000000000
2.00000000 	4.6914050228
3.00000000 	4.6914050228
4.00000000 	11.1772933601
5.00000000 	11.1772933601
6.00000000 	20.6714758634
7.00000000 	20.6714758634
8.00000000 	33.3745869531
9.00000000 	33.3745869531
10.00000000 	48.3446111388
11.00000000 	48.3446111388
12.00000000 	63.7634283027
13.00000000 	63.7634283027
14.00000000 	77.5435726086
15.00000000 	77.5435726086
16.00000000 	88.0704397065
17.00000000 	88.0704397065
18.00000000 	94.7731552185
19.00000000 	94.7731552185
20.00000000 	98.2048218302
21.00000000 	98.2048218302
22.00000000 	99.5505421579
23.00000000 	99.5505421579
24.00000000 	99.9267506488
25.00000000 	99.9267506488
