-25.00000000 	0.0000000000
-24.00000000 	0.0000000000
-23.00000000 	0.0141017876
-22.00000000 	0.0141017876
-21.00000000 	0.1659302910
-20.00000000 	0.1659302910
-19.00000000 	0.9361282098
-18.00000000 	0.9361282098
-17.00000000 	3.3870553824
-16.00000000 	3.3870553824
-15.00000000 	8.8864840256
-14.00000000 	8.8864840256
-13.00000000 	18.1390580165
-12.00000000 	18.1390580165
-11.00000000 	30.1255782846
-10.00000000 	30.1255782846
-9.00000000 	41.7955249558
-8.00000000 	41.7955249558
-7.00000000 	48.7955607581
-6.00000000 	48.7955607581
-5.00000000 	46.9908798281
-4.00000000 	46.9908798281
-3.00000000 	34.3735054946
-2.00000000 	34.3735054946
-1.00000000 	12.6529165292
0.00000000 	12.6529165292
1.00000000 	-12.6529165292
2.00000000 	-12.6529165292
3.00000000 	-34.3735054946
4.00000000 	-34.3735054946
5.00000000 	-46.9908798281
6.00000000 	-46.9908798281
7.00000000 	-48.7955607581
8.00000000 	-48.7955607581
9.00000000 	-41.7955249558
10.00000000 	-41.7955249558
11.00000000 	-30.1255782846
12.00000000 	-30.1255782846
13.00000000 	-18.1390580165
14.00000000 	-18.1390580165
15.00000000 	-8.8864840256
16.00000000 	-8.8864840256
17.00000000 	-3.3870553824
18.00000000 	-3.3870553824
19.00000000 	-0.9361282098
20.00000000 	-0.9361282098
21.00000000 	-0.1659302910
22.00000000 	-0.1659302910
23.00000000 	-0.0141017876
24.00000000 	-0.0141017876
25.00000000 	0.0000000000
