-25.00000000 	0.0076527087
-24.00000000 	0.0724345201
-23.00000000 	0.0724345201
-22.00000000 	0.4484266615
-21.00000000 	0.4484266615
-20.00000000 	1.7874440452
-19.00000000 	1.7874440452
-18.00000000 	5.1821223171
-17.00000000 	5.1821223171
-16.00000000 	11.7219888687
-15.00000000 	11.7219888687
-14.00000000 	21.6803787375
-13.00000000 	21.6803787375
-12.00000000 	33.8667945656
-11.00000000 	33.8667945656
-10.00000000 	45.5876825826
-9.00000000 	45.5876825826
-8.00000000 	53.2345709644
-7.00000000 	53.2345709644
-6.00000000 	53.3001776649
-5.00000000 	53.3001776649
-4.00000000 	43.6406887825
-3.00000000 	43.6406887825
-2.00000000 	24.6933346471
-1.00000000 	24.6933346471
0.00000000 	0.0000000000
1.00000000 	-0.0000000000
2.00000000 	-24.6933346471
3.00000000 	-24.6933346471
4.00000000 	-43.6406887825
5.00000000 	-43.6406887825
6.00000000 	-53.3001776649
7.00000000 	-53.3001776649
8.00000000 	-53.2345709644
9.00000000 	-53.2345709644
10.00000000 	-45.5876825826
11.00000000 	-45.5876825826
12.00000000 	-33.8667945656
13.00000000 	-33.8667945656
14.00000000 	-21.6803787375
15.00000000 	-21.6803787375
16.00000000 	-11.7219888687
17.00000000 	-11.7219888687
18.00000000 	-5.1821223171
19.00000000 	-5.1821223171
20.00000000 	-1.7874440452
21.00000000 	-1.7874440452
22.00000000 	-0.4484266615
23.00000000 	-0.4484266615
24.00000000 	-0.0731546310
25.00000000 	-0.0731546310
