-25.00000000 	0.0000000000
-24.00000000 	0.0000000000
-23.00000000 	0.0000000000
-22.00000000 	0.0000000000
-21.00000000 	0.0000000000
-20.00000000 	0.0000000000
-19.00000000 	0.0000000000
-18.00000000 	0.0000000000
-17.00000000 	0.0000000000
-16.00000000 	0.1178548263
-15.00000000 	0.1178548263
-14.00000000 	1.0771520122
-13.00000000 	1.0771520122
-12.00000000 	4.6155270468
-11.00000000 	4.6155270468
-10.00000000 	12.3865640080
-9.00000000 	12.3865640080
-8.00000000 	23.3915479037
-7.00000000 	23.3915479037
-6.00000000 	32.6515552909
-5.00000000 	32.6515552909
-4.00000000 	33.3083295289
-3.00000000 	33.3083295289
-2.00000000 	21.3923484712
-1.00000000 	21.3923484712
0.00000000 	0.0000000000
1.00000000 	-0.0000000000
2.00000000 	-21.3923484712
3.00000000 	-21.3923484712
4.00000000 	-33.3083295289
5.00000000 	-33.3083295289
6.00000000 	-32.6515552909
7.00000000 	-32.6515552909
8.00000000 	-23.3915479037
9.00000000 	-23.3915479037
10.00000000 	-12.3865640080
11.00000000 	-12.3865640080
12.00000000 	-4.6155270468
13.00000000 	-4.6155270468
14.00000000 	-1.0771520122
15.00000000 	-1.0771520122
16.00000000 	-0.1178548263
17.00000000 	-0.1178548263
18.00000000 	0.0000000000
19.00000000 	0.0000000000
20.00000000 	0.0000000000
21.00000000 	0.0000000000
22.00000000 	0.0000000000
23.00000000 	0.0000000000
24.00000000 	0.0000000000
25.00000000 	0.0000000000
