-8.00000000 -12.00000000 	0.0000000000
-8.00000000 -11.00000000 	0.0000000000
-8.00000000 -10.00000000 	0.0000000000
-8.00000000 -9.00000000 	0.0000000000
-8.00000000 -8.00000000 	0.0000000000
-8.00000000 -7.00000000 	0.0000000000
-8.00000000 -6.00000000 	0.0000000000
-8.00000000 -5.00000000 	0.0000000000
-8.00000000 -4.00000000 	0.0000000000
-8.00000000 -3.00000000 	0.0000000000
-8.00000000 -2.00000000 	0.0000000000
-8.00000000 -1.00000000 	0.0000000000
-8.00000000 0.00000000 	0.0000000000
-8.00000000 1.00000000 	0.0000000000
-8.00000000 2.00000000 	0.0000000000
-8.00000000 3.00000000 	0.0000000000
-8.00000000 4.00000000 	0.0000000000
-8.00000000 5.00000000 	0.0000000000
-8.00000000 6.00000000 	0.0000000000
-8.00000000 7.00000000 	0.0000000000
-8.00000000 8.00000000 	0.0000000000
-7.00000000 -12.00000000 	0.0000000000
-7.00000000 -11.00000000 	0.0000000000
-7.00000000 -10.00000000 	0.0000000000
-7.00000000 -9.00000000 	0.0000000000
-7.00000000 -8.00000000 	0.0000000000
-7.00000000 -7.00000000 	0.0000000000
-7.00000000 -6.00000000 	0.0000000000
-7.00000000 -5.00000000 	0.0000000000
-7.00000000 -4.00000000 	0.0000000000
-7.00000000 -3.00000000 	0.0000000000
-7.00000000 -2.00000000 	0.0000000000
-7.00000000 -1.00000000 	0.0000000000
-7.00000000 0.00000000 	0.0000000000
-7.00000000 1.00000000 	0.0000000000
-7.00000000 2.00000000 	0.0000000000
-7.00000000 3.00000000 	0.0000000000
-7.00000000 4.00000000 	0.0000000000
-7.00000000 5.00000000 	0.0000000000
-7.00000000 6.00000000 	0.0000000000
-7.00000000 7.00000000 	0.0000000000
-7.00000000 8.00000000 	0.0000000000
-6.00000000 -12.00000000 	0.0000000000
-6.00000000 -11.00000000 	0.0000000000
-6.00000000 -10.00000000 	0.0000000000
-6.00000000 -9.00000000 	0.0000000000
-6.00000000 -8.00000000 	0.0000000000
-6.00000000 -7.00000000 	0.0000000000
-6.00000000 -6.00000000 	0.0000000000
-6.00000000 -5.00000000 	0.0000000000
-6.00000000 -4.00000000 	0.0000000000
-6.00000000 -3.00000000 	0.0000000000
-6.00000000 -2.00000000 	0.0000000000
-6.00000000 -1.00000000 	0.0000000000
-6.00000000 0.00000000 	0.0000000000
-6.00000000 1.00000000 	0.0000000000
-6.00000000 2.00000000 	0.0000000000
-6.00000000 3.00000000 	0.0000000000
-6.00000000 4.00000000 	0.0000000000
-6.00000000 5.00000000 	0.0000000000
-6.00000000 6.00000000 	0.0000000000
-6.00000000 7.00000000 	0.0000000000
-6.00000000 8.00000000 	0.0000000000
-5.00000000 -12.00000000 	-16.9136162856
-5.00000000 -11.00000000 	-16.9136162856
-5.00000000 -10.00000000 	-16.9136162856
-5.00000000 -9.00000000 	-16.9136162856
-5.00000000 -8.00000000 	-16.9136162856
-5.00000000 -7.00000000 	-16.9136162856
-5.00000000 -6.00000000 	-16.9136162856
-5.00000000 -5.00000000 	-16.9136162856
-5.00000000 -4.00000000 	-16.9136162856
-5.00000000 -3.00000000 	-16.9136162856
-5.00000000 -2.00000000 	-16.9136162856
-5.00000000 -1.00000000 	-16.9136162856
-5.00000000 0.00000000 	-16.9136162856
-5.00000000 1.00000000 	-16.9136162856
-5.00000000 2.00000000 	-16.9136162856
-5.00000000 3.00000000 	-16.9136162856
-5.00000000 4.00000000 	-16.9136162856
-5.00000000 5.00000000 	-16.9136162856
-5.00000000 6.00000000 	-16.9136162856
-5.00000000 7.00000000 	-16.9136162856
-5.00000000 8.00000000 	-16.9136162856
-4.00000000 -12.00000000 	-0.0000000000
-4.00000000 -11.00000000 	-0.0000000000
-4.00000000 -10.00000000 	-0.0000000000
-4.00000000 -9.00000000 	-0.0000000000
-4.00000000 -8.00000000 	-0.0000000000
-4.00000000 -7.00000000 	-0.0000000000
-4.00000000 -6.00000000 	-0.0000000000
-4.00000000 -5.00000000 	-0.0000000000
-4.00000000 -4.00000000 	-0.0000000000
-4.00000000 -3.00000000 	-0.0000000000
-4.00000000 -2.00000000 	-0.0000000000
-4.00000000 -1.00000000 	-0.0000000000
-4.00000000 0.00000000 	-0.0000000000
-4.00000000 1.00000000 	-0.0000000000
-4.00000000 2.00000000 	-0.0000000000
-4.00000000 3.00000000 	-0.0000000000
-4.00000000 4.00000000 	-0.0000000000
-4.00000000 5.00000000 	-0.0000000000
-4.00000000 6.00000000 	-0.0000000000
-4.00000000 7.00000000 	-0.0000000000
-4.00000000 8.00000000 	-0.0000000000
-3.00000000 -12.00000000 	30.1246183881
-3.00000000 -11.00000000 	30.1246183881
-3.00000000 -10.00000000 	30.1246183881
-3.00000000 -9.00000000 	30.1246183881
-3.00000000 -8.00000000 	30.1246183881
-3.00000000 -7.00000000 	30.1246183881
-3.00000000 -6.00000000 	30.1246183881
-3.00000000 -5.00000000 	30.1246183881
-3.00000000 -4.00000000 	30.1246183881
-3.00000000 -3.00000000 	30.1246183881
-3.00000000 -2.00000000 	30.1246183881
-3.00000000 -1.00000000 	30.1246183881
-3.00000000 0.00000000 	30.1246183881
-3.00000000 1.00000000 	30.1246183881
-3.00000000 2.00000000 	30.1246183881
-3.00000000 3.00000000 	30.1246183881
-3.00000000 4.00000000 	30.1246183881
-3.00000000 5.00000000 	30.1246183881
-3.00000000 6.00000000 	30.1246183881
-3.00000000 7.00000000 	30.1246183881
-3.00000000 8.00000000 	30.1246183881
-2.00000000 -12.00000000 	0.0000000000
-2.00000000 -11.00000000 	0.0000000000
-2.00000000 -10.00000000 	0.0000000000
-2.00000000 -9.00000000 	0.0000000000
-2.00000000 -8.00000000 	0.0000000000
-2.00000000 -7.00000000 	0.0000000000
-2.00000000 -6.00000000 	0.0000000000
-2.00000000 -5.00000000 	0.0000000000
-2.00000000 -4.00000000 	0.0000000000
-2.00000000 -3.00000000 	0.0000000000
-2.00000000 -2.00000000 	0.0000000000
-2.00000000 -1.00000000 	0.0000000000
-2.00000000 0.00000000 	0.0000000000
-2.00000000 1.00000000 	0.0000000000
-2.00000000 2.00000000 	0.0000000000
-2.00000000 3.00000000 	0.0000000000
-2.00000000 4.00000000 	0.0000000000
-2.00000000 5.00000000 	0.0000000000
-2.00000000 6.00000000 	0.0000000000
-2.00000000 7.00000000 	0.0000000000
-2.00000000 8.00000000 	0.0000000000
-1.00000000 -12.00000000 	0.0000000000
-1.00000000 -11.00000000 	0.0000000000
-1.00000000 -10.00000000 	0.0000000000
-1.00000000 -9.00000000 	0.0000000000
-1.00000000 -8.00000000 	0.0000000000
-1.00000000 -7.00000000 	0.0000000000
-1.00000000 -6.00000000 	0.0000000000
-1.00000000 -5.00000000 	0.0000000000
-1.00000000 -4.00000000 	0.0000000000
-1.00000000 -3.00000000 	0.0000000000
-1.00000000 -2.00000000 	0.0000000000
-1.00000000 -1.00000000 	3.0384524783
-1.00000000 0.00000000 	0.0000000000
-1.00000000 1.00000000 	3.0384524783
-1.00000000 2.00000000 	0.0000000000
-1.00000000 3.00000000 	0.0000000000
-1.00000000 4.00000000 	0.0000000000
-1.00000000 5.00000000 	0.0000000000
-1.00000000 6.00000000 	0.0000000000
-1.00000000 7.00000000 	0.0000000000
-1.00000000 8.00000000 	0.0000000000
0.00000000 -12.00000000 	0.0000000000
0.00000000 -11.00000000 	0.0000000000
0.00000000 -10.00000000 	0.0000000000
0.00000000 -9.00000000 	0.0000000000
0.00000000 -8.00000000 	0.0000000000
0.00000000 -7.00000000 	0.0000000000
0.00000000 -6.00000000 	0.0000000000
0.00000000 -5.00000000 	0.0000000000
0.00000000 -4.00000000 	0.0000000000
0.00000000 -3.00000000 	3.0384524783
0.00000000 -2.00000000 	3.0384524783
0.00000000 -1.00000000 	6.4145107875
0.00000000 0.00000000 	6.4145107875
0.00000000 1.00000000 	6.4145107875
0.00000000 2.00000000 	3.0384524783
0.00000000 3.00000000 	3.0384524783
0.00000000 4.00000000 	0.0000000000
0.00000000 5.00000000 	0.0000000000
0.00000000 6.00000000 	0.0000000000
0.00000000 7.00000000 	0.0000000000
0.00000000 8.00000000 	0.0000000000
1.00000000 -12.00000000 	0.0000000000
1.00000000 -11.00000000 	0.0000000000
1.00000000 -10.00000000 	0.0000000000
1.00000000 -9.00000000 	0.0000000000
1.00000000 -8.00000000 	0.0000000000
1.00000000 -7.00000000 	0.0000000000
1.00000000 -6.00000000 	0.0000000000
1.00000000 -5.00000000 	0.0000000000
1.00000000 -4.00000000 	0.0000000000
1.00000000 -3.00000000 	3.0384524783
1.00000000 -2.00000000 	3.0384524783
1.00000000 -1.00000000 	3.3959174758
1.00000000 0.00000000 	6.4145107875
1.00000000 1.00000000 	3.3959174758
1.00000000 2.00000000 	3.0384524783
1.00000000 3.00000000 	3.0384524783
1.00000000 4.00000000 	0.0000000000
1.00000000 5.00000000 	0.0000000000
1.00000000 6.00000000 	0.0000000000
1.00000000 7.00000000 	0.0000000000
1.00000000 8.00000000 	0.0000000000
2.00000000 -12.00000000 	0.0000000000
2.00000000 -11.00000000 	0.0000000000
2.00000000 -10.00000000 	0.0000000000
2.00000000 -9.00000000 	0.0000000000
2.00000000 -8.00000000 	0.0000000000
2.00000000 -7.00000000 	0.0000000000
2.00000000 -6.00000000 	0.0000000000
2.00000000 -5.00000000 	0.0000000000
2.00000000 -4.00000000 	0.0000000000
2.00000000 -3.00000000 	0.0000000000
2.00000000 -2.00000000 	0.0000000000
2.00000000 -1.00000000 	0.0000000000
2.00000000 0.00000000 	0.0000000000
2.00000000 1.00000000 	0.0000000000
2.00000000 2.00000000 	0.0000000000
2.00000000 3.00000000 	0.0000000000
2.00000000 4.00000000 	0.0000000000
2.00000000 5.00000000 	0.0000000000
2.00000000 6.00000000 	0.0000000000
2.00000000 7.00000000 	0.0000000000
2.00000000 8.00000000 	0.0000000000
