-8.00000000 -12.00000000 	127.3340375493
-8.00000000 -11.50000000 	127.3340375493
-8.00000000 -11.00000000 	127.3340375493
-8.00000000 -10.50000000 	127.3340375493
-8.00000000 -10.00000000 	127.3340375493
-8.00000000 -9.50000000 	127.3340375493
-8.00000000 -9.00000000 	127.3340375493
-8.00000000 -8.50000000 	127.3340375493
-8.00000000 -8.00000000 	127.3340375493
-8.00000000 -7.50000000 	127.3340375493
-8.00000000 -7.00000000 	127.3340375493
-8.00000000 -6.50000000 	127.3340375493
-8.00000000 -6.00000000 	127.3340375493
-8.00000000 -5.50000000 	127.3340375493
-8.00000000 -5.00000000 	127.3340375493
-8.00000000 -4.50000000 	127.3340375493
-8.00000000 -4.00000000 	127.3340375493
-8.00000000 -3.50000000 	127.3340375493
-8.00000000 -3.00000000 	127.3340375493
-8.00000000 -2.50000000 	127.3340375493
-8.00000000 -2.00000000 	127.3340375493
-8.00000000 -1.50000000 	127.3340375493
-8.00000000 -1.00000000 	127.3340375493
-8.00000000 -0.50000000 	127.3340375493
-8.00000000 0.00000000 	127.3340375493
-8.00000000 0.50000000 	127.3340375493
-8.00000000 1.00000000 	127.3340375493
-8.00000000 1.50000000 	127.3340375493
-8.00000000 2.00000000 	127.3340375493
-8.00000000 2.50000000 	127.3340375493
-8.00000000 3.00000000 	127.3340375493
-8.00000000 3.50000000 	127.3340375493
-8.00000000 4.00000000 	127.3340375493
-8.00000000 4.50000000 	127.3340375493
-8.00000000 5.00000000 	127.3340375493
-8.00000000 5.50000000 	127.3340375493
-8.00000000 6.00000000 	127.3340375493
-8.00000000 6.50000000 	127.3340375493
-8.00000000 7.00000000 	127.3340375493
-8.00000000 7.50000000 	127.3340375493
-8.00000000 8.00000000 	127.3340375493
-7.50000000 -12.00000000 	566.1973834576
-7.50000000 -11.50000000 	566.1973834576
-7.50000000 -11.00000000 	566.1973834576
-7.50000000 -10.50000000 	566.1973834576
-7.50000000 -10.00000000 	566.1973834576
-7.50000000 -9.50000000 	566.1973834576
-7.50000000 -9.00000000 	566.1973834576
-7.50000000 -8.50000000 	566.1973834576
-7.50000000 -8.00000000 	566.1973834576
-7.50000000 -7.50000000 	566.1973834576
-7.50000000 -7.00000000 	566.1973834576
-7.50000000 -6.50000000 	566.1973834576
-7.50000000 -6.00000000 	566.1973834576
-7.50000000 -5.50000000 	566.1973834576
-7.50000000 -5.00000000 	566.1973834576
-7.50000000 -4.50000000 	566.1973834576
-7.50000000 -4.00000000 	566.1973834576
-7.50000000 -3.50000000 	566.1973834576
-7.50000000 -3.00000000 	566.1973834576
-7.50000000 -2.50000000 	566.1973834576
-7.50000000 -2.00000000 	566.1973834576
-7.50000000 -1.50000000 	566.1973834576
-7.50000000 -1.00000000 	566.1973834576
-7.50000000 -0.50000000 	566.1973834576
-7.50000000 0.00000000 	566.1973834576
-7.50000000 0.50000000 	566.1973834576
-7.50000000 1.00000000 	566.1973834576
-7.50000000 1.50000000 	566.1973834576
-7.50000000 2.00000000 	566.1973834576
-7.50000000 2.50000000 	566.1973834576
-7.50000000 3.00000000 	566.1973834576
-7.50000000 3.50000000 	566.1973834576
-7.50000000 4.00000000 	566.1973834576
-7.50000000 4.50000000 	566.1973834576
-7.50000000 5.00000000 	566.1973834576
-7.50000000 5.50000000 	566.1973834576
-7.50000000 6.00000000 	566.1973834576
-7.50000000 6.50000000 	566.1973834576
-7.50000000 7.00000000 	566.1973834576
-7.50000000 7.50000000 	566.1973834576
-7.50000000 8.00000000 	566.1973834576
-7.00000000 -12.00000000 	1750.4970352470
-7.00000000 -11.50000000 	1750.4970352470
-7.00000000 -11.00000000 	1750.4970352470
-7.00000000 -10.50000000 	1750.4970352470
-7.00000000 -10.00000000 	1750.4970352470
-7.00000000 -9.50000000 	1750.4970352470
-7.00000000 -9.00000000 	1750.4970352470
-7.00000000 -8.50000000 	1750.4970352470
-7.00000000 -8.00000000 	1750.4970352470
-7.00000000 -7.50000000 	1750.4970352470
-7.00000000 -7.00000000 	1750.4970352470
-7.00000000 -6.50000000 	1750.4970352470
-7.00000000 -6.00000000 	1750.4970352470
-7.00000000 -5.50000000 	1750.4970352470
-7.00000000 -5.00000000 	1750.4970352470
-7.00000000 -4.50000000 	1750.4970352470
-7.00000000 -4.00000000 	1750.4970352470
-7.00000000 -3.50000000 	1750.4970352470
-7.00000000 -3.00000000 	1750.4970352470
-7.00000000 -2.50000000 	1750.4970352470
-7.00000000 -2.00000000 	1750.4970352470
-7.00000000 -1.50000000 	1750.4970352470
-7.00000000 -1.00000000 	1750.4970352470
-7.00000000 -0.50000000 	1750.4970352470
-7.00000000 0.00000000 	1750.4970352470
-7.00000000 0.50000000 	1750.4970352470
-7.00000000 1.00000000 	1750.4970352470
-7.00000000 1.50000000 	1750.4970352470
-7.00000000 2.00000000 	1750.4970352470
-7.00000000 2.50000000 	1750.4970352470
-7.00000000 3.00000000 	1750.4970352470
-7.00000000 3.50000000 	1750.4970352470
-7.00000000 4.00000000 	1750.4970352470
-7.00000000 4.50000000 	1750.4970352470
-7.00000000 5.00000000 	1750.4970352470
-7.00000000 5.50000000 	1750.4970352470
-7.00000000 6.00000000 	1750.4970352470
-7.00000000 6.50000000 	1750.4970352470
-7.00000000 7.00000000 	1750.4970352470
-7.00000000 7.50000000 	1750.4970352470
-7.00000000 8.00000000 	1750.4970352470
-6.50000000 -12.00000000 	3757.9825009115
-6.50000000 -11.50000000 	3757.9825009115
-6.50000000 -11.00000000 	3757.9825009115
-6.50000000 -10.50000000 	3757.9825009115
-6.50000000 -10.00000000 	3757.9825009115
-6.50000000 -9.50000000 	3757.9825009115
-6.50000000 -9.00000000 	3757.9825009115
-6.50000000 -8.50000000 	3757.9825009115
-6.50000000 -8.00000000 	3757.9825009115
-6.50000000 -7.50000000 	3757.9825009115
-6.50000000 -7.00000000 	3757.9825009115
-6.50000000 -6.50000000 	3757.9825009115
-6.50000000 -6.00000000 	3757.9825009115
-6.50000000 -5.50000000 	3757.9825009115
-6.50000000 -5.00000000 	3757.9825009115
-6.50000000 -4.50000000 	3757.9825009115
-6.50000000 -4.00000000 	3757.9825009115
-6.50000000 -3.50000000 	3757.9825009115
-6.50000000 -3.00000000 	3757.9825009115
-6.50000000 -2.50000000 	3757.9825009115
-6.50000000 -2.00000000 	3757.9825009115
-6.50000000 -1.50000000 	3757.9825009115
-6.50000000 -1.00000000 	3757.9825009115
-6.50000000 -0.50000000 	3757.9825009115
-6.50000000 0.00000000 	3757.9825009115
-6.50000000 0.50000000 	3757.9825009115
-6.50000000 1.00000000 	3757.9825009115
-6.50000000 1.50000000 	3757.9825009115
-6.50000000 2.00000000 	3757.9825009115
-6.50000000 2.50000000 	3757.9825009115
-6.50000000 3.00000000 	3757.9825009115
-6.50000000 3.50000000 	3757.9825009115
-6.50000000 4.00000000 	3757.9825009115
-6.50000000 4.50000000 	3757.9825009115
-6.50000000 5.00000000 	3757.9825009115
-6.50000000 5.50000000 	3757.9825009115
-6.50000000 6.00000000 	3757.9825009115
-6.50000000 6.50000000 	3757.9825009115
-6.50000000 7.00000000 	3757.9825009115
-6.50000000 7.50000000 	3757.9825009115
-6.50000000 8.00000000 	3757.9825009115
-6.00000000 -12.00000000 	5705.1212605778
-6.00000000 -11.50000000 	5705.1212605778
-6.00000000 -11.00000000 	5705.1212605778
-6.00000000 -10.50000000 	5705.1212605778
-6.00000000 -10.00000000 	5705.1212605778
-6.00000000 -9.50000000 	5705.1212605778
-6.00000000 -9.00000000 	5705.1212605778
-6.00000000 -8.50000000 	5705.1212605778
-6.00000000 -8.00000000 	5705.1212605778
-6.00000000 -7.50000000 	5705.1212605778
-6.00000000 -7.00000000 	5705.1212605778
-6.00000000 -6.50000000 	5705.1212605778
-6.00000000 -6.00000000 	5705.1212605778
-6.00000000 -5.50000000 	5705.1212605778
-6.00000000 -5.00000000 	5705.1212605778
-6.00000000 -4.50000000 	5705.1212605778
-6.00000000 -4.00000000 	5705.1212605778
-6.00000000 -3.50000000 	5705.1212605778
-6.00000000 -3.00000000 	5705.1212605778
-6.00000000 -2.50000000 	5705.1212605778
-6.00000000 -2.00000000 	5705.1212605778
-6.00000000 -1.50000000 	5705.1212605778
-6.00000000 -1.00000000 	5705.1212605778
-6.00000000 -0.50000000 	5705.1212605778
-6.00000000 0.00000000 	5705.1212605778
-6.00000000 0.50000000 	5705.1212605778
-6.00000000 1.00000000 	5705.1212605778
-6.00000000 1.50000000 	5705.1212605778
-6.00000000 2.00000000 	5705.1212605778
-6.00000000 2.50000000 	5705.1212605778
-6.00000000 3.00000000 	5705.1212605778
-6.00000000 3.50000000 	5705.1212605778
-6.00000000 4.00000000 	5705.1212605778
-6.00000000 4.50000000 	5705.1212605778
-6.00000000 5.00000000 	5705.1212605778
-6.00000000 5.50000000 	5705.1212605778
-6.00000000 6.00000000 	5705.1212605778
-6.00000000 6.50000000 	5705.1212605778
-6.00000000 7.00000000 	5705.1212605778
-6.00000000 7.50000000 	5705.1212605778
-6.00000000 8.00000000 	5705.1212605778
-5.50000000 -12.00000000 	6424.0785619355
-5.50000000 -11.50000000 	6424.0785619355
-5.50000000 -11.00000000 	6424.0785619355
-5.50000000 -10.50000000 	6424.0785619355
-5.50000000 -10.00000000 	6424.0785619355
-5.50000000 -9.50000000 	6424.0785619355
-5.50000000 -9.00000000 	6424.0785619355
-5.50000000 -8.50000000 	6424.0785619355
-5.50000000 -8.00000000 	6424.0785619355
-5.50000000 -7.50000000 	6424.0785619355
-5.50000000 -7.00000000 	6424.0785619355
-5.50000000 -6.50000000 	6424.0785619355
-5.50000000 -6.00000000 	6424.0785619355
-5.50000000 -5.50000000 	6424.0785619355
-5.50000000 -5.00000000 	6424.0785619355
-5.50000000 -4.50000000 	6424.0785619355
-5.50000000 -4.00000000 	6424.0785619355
-5.50000000 -3.50000000 	6424.0785619355
-5.50000000 -3.00000000 	6424.0785619355
-5.50000000 -2.50000000 	6424.0785619355
-5.50000000 -2.00000000 	6424.0785619355
-5.50000000 -1.50000000 	6424.0785619355
-5.50000000 -1.00000000 	6424.0785619355
-5.50000000 -0.50000000 	6424.0785619355
-5.50000000 0.00000000 	6424.0785619355
-5.50000000 0.50000000 	6424.0785619355
-5.50000000 1.00000000 	6424.0785619355
-5.50000000 1.50000000 	6424.0785619355
-5.50000000 2.00000000 	6424.0785619355
-5.50000000 2.50000000 	6424.0785619355
-5.50000000 3.00000000 	6424.0785619355
-5.50000000 3.50000000 	6424.0785619355
-5.50000000 4.00000000 	6424.0785619355
-5.50000000 4.50000000 	6424.0785619355
-5.50000000 5.00000000 	6424.0785619355
-5.50000000 5.50000000 	6424.0785619355
-5.50000000 6.00000000 	6424.0785619355
-5.50000000 6.50000000 	6424.0785619355
-5.50000000 7.00000000 	6424.0785619355
-5.50000000 7.50000000 	6424.0785619355
-5.50000000 8.00000000 	6424.0785619355
-5.00000000 -12.00000000 	5678.3779639786
-5.00000000 -11.50000000 	5678.3779639786
-5.00000000 -11.00000000 	5678.3779639786
-5.00000000 -10.50000000 	5678.3779639786
-5.00000000 -10.00000000 	5678.3779639786
-5.00000000 -9.50000000 	5678.3779639786
-5.00000000 -9.00000000 	5678.3779639786
-5.00000000 -8.50000000 	5678.3779639786
-5.00000000 -8.00000000 	5678.3779639786
-5.00000000 -7.50000000 	5678.3779639786
-5.00000000 -7.00000000 	5678.3779639786
-5.00000000 -6.50000000 	5678.3779639786
-5.00000000 -6.00000000 	5678.3779639786
-5.00000000 -5.50000000 	5678.3779639786
-5.00000000 -5.00000000 	5678.3779639786
-5.00000000 -4.50000000 	5678.3779639786
-5.00000000 -4.00000000 	5678.3779639786
-5.00000000 -3.50000000 	5678.3779639786
-5.00000000 -3.00000000 	5678.3779639786
-5.00000000 -2.50000000 	5678.3779639786
-5.00000000 -2.00000000 	5678.3779639786
-5.00000000 -1.50000000 	5678.3779639786
-5.00000000 -1.00000000 	5678.3779639786
-5.00000000 -0.50000000 	5678.3779639786
-5.00000000 0.00000000 	5678.3779639786
-5.00000000 0.50000000 	5678.3779639786
-5.00000000 1.00000000 	5678.3779639786
-5.00000000 1.50000000 	5678.3779639786
-5.00000000 2.00000000 	5678.3779639786
-5.00000000 2.50000000 	5678.3779639786
-5.00000000 3.00000000 	5678.3779639786
-5.00000000 3.50000000 	5678.3779639786
-5.00000000 4.00000000 	5678.3779639786
-5.00000000 4.50000000 	5678.3779639786
-5.00000000 5.00000000 	5678.3779639786
-5.00000000 5.50000000 	5678.3779639786
-5.00000000 6.00000000 	5678.3779639786
-5.00000000 6.50000000 	5678.3779639786
-5.00000000 7.00000000 	5678.3779639786
-5.00000000 7.50000000 	5678.3779639786
-5.00000000 8.00000000 	5678.3779639786
-4.50000000 -12.00000000 	3840.1634020710
-4.50000000 -11.50000000 	3840.1634020710
-4.50000000 -11.00000000 	3840.1634020710
-4.50000000 -10.50000000 	3840.1634020710
-4.50000000 -10.00000000 	3840.1634020710
-4.50000000 -9.50000000 	3840.1634020710
-4.50000000 -9.00000000 	3840.1634020710
-4.50000000 -8.50000000 	3840.1634020710
-4.50000000 -8.00000000 	3840.1634020710
-4.50000000 -7.50000000 	3840.1634020710
-4.50000000 -7.00000000 	3840.1634020710
-4.50000000 -6.50000000 	3840.1634020710
-4.50000000 -6.00000000 	3840.1634020710
-4.50000000 -5.50000000 	3840.1634020710
-4.50000000 -5.00000000 	3840.1634020710
-4.50000000 -4.50000000 	3840.1634020710
-4.50000000 -4.00000000 	3840.1634020710
-4.50000000 -3.50000000 	3840.1634020710
-4.50000000 -3.00000000 	3840.1634020710
-4.50000000 -2.50000000 	3840.1634020710
-4.50000000 -2.00000000 	3840.1634020710
-4.50000000 -1.50000000 	3840.1634020710
-4.50000000 -1.00000000 	3840.1634020710
-4.50000000 -0.50000000 	3840.1634020710
-4.50000000 0.00000000 	3840.1634020710
-4.50000000 0.50000000 	3840.1634020710
-4.50000000 1.00000000 	3840.1634020710
-4.50000000 1.50000000 	3840.1634020710
-4.50000000 2.00000000 	3840.1634020710
-4.50000000 2.50000000 	3840.1634020710
-4.50000000 3.00000000 	3840.1634020710
-4.50000000 3.50000000 	3840.1634020710
-4.50000000 4.00000000 	3840.1634020710
-4.50000000 4.50000000 	3840.1634020710
-4.50000000 5.00000000 	3840.1634020710
-4.50000000 5.50000000 	3840.1634020710
-4.50000000 6.00000000 	3840.1634020710
-4.50000000 6.50000000 	3840.1634020710
-4.50000000 7.00000000 	3840.1634020710
-4.50000000 7.50000000 	3840.1634020710
-4.50000000 8.00000000 	3840.1634020710
-4.00000000 -12.00000000 	1703.9047329467
-4.00000000 -11.50000000 	1703.9047329467
-4.00000000 -11.00000000 	1703.9047329467
-4.00000000 -10.50000000 	1703.9047329467
-4.00000000 -10.00000000 	1703.9047329467
-4.00000000 -9.50000000 	1703.9047329467
-4.00000000 -9.00000000 	1703.9047329467
-4.00000000 -8.50000000 	1703.9047329467
-4.00000000 -8.00000000 	1703.9047329467
-4.00000000 -7.50000000 	1703.9047329467
-4.00000000 -7.00000000 	1703.9047329467
-4.00000000 -6.50000000 	1703.9047329467
-4.00000000 -6.00000000 	1703.9047329467
-4.00000000 -5.50000000 	1703.9047329467
-4.00000000 -5.00000000 	1703.9047329467
-4.00000000 -4.50000000 	1703.9047329467
-4.00000000 -4.00000000 	1703.9047329467
-4.00000000 -3.50000000 	1703.9047329467
-4.00000000 -3.00000000 	1703.9047329467
-4.00000000 -2.50000000 	1703.9047329467
-4.00000000 -2.00000000 	1703.9047329467
-4.00000000 -1.50000000 	1703.9047329467
-4.00000000 -1.00000000 	1703.9047329467
-4.00000000 -0.50000000 	1703.9047329467
-4.00000000 0.00000000 	1703.9047329467
-4.00000000 0.50000000 	1703.9047329467
-4.00000000 1.00000000 	1703.9047329467
-4.00000000 1.50000000 	1703.9047329467
-4.00000000 2.00000000 	1703.9047329467
-4.00000000 2.50000000 	1703.9047329467
-4.00000000 3.00000000 	1703.9047329467
-4.00000000 3.50000000 	1703.9047329467
-4.00000000 4.00000000 	1703.9047329467
-4.00000000 4.50000000 	1703.9047329467
-4.00000000 5.00000000 	1703.9047329467
-4.00000000 5.50000000 	1703.9047329467
-4.00000000 6.00000000 	1703.9047329467
-4.00000000 6.50000000 	1703.9047329467
-4.00000000 7.00000000 	1703.9047329467
-4.00000000 7.50000000 	1703.9047329467
-4.00000000 8.00000000 	1703.9047329467
-3.50000000 -12.00000000 	384.3878270491
-3.50000000 -11.50000000 	384.3878270491
-3.50000000 -11.00000000 	384.3878270491
-3.50000000 -10.50000000 	384.3878270491
-3.50000000 -10.00000000 	384.3878270491
-3.50000000 -9.50000000 	384.3878270491
-3.50000000 -9.00000000 	384.3878270491
-3.50000000 -8.50000000 	384.3878270491
-3.50000000 -8.00000000 	384.3878270491
-3.50000000 -7.50000000 	384.3878270491
-3.50000000 -7.00000000 	384.3878270491
-3.50000000 -6.50000000 	384.3878270491
-3.50000000 -6.00000000 	384.3878270491
-3.50000000 -5.50000000 	384.3878270491
-3.50000000 -5.00000000 	384.3878270491
-3.50000000 -4.50000000 	384.3878270491
-3.50000000 -4.00000000 	384.3878270491
-3.50000000 -3.50000000 	384.3878270491
-3.50000000 -3.00000000 	384.3878270491
-3.50000000 -2.50000000 	384.3878270491
-3.50000000 -2.00000000 	384.3878270491
-3.50000000 -1.50000000 	384.3878270491
-3.50000000 -1.00000000 	384.3878270491
-3.50000000 -0.50000000 	384.3878270491
-3.50000000 0.00000000 	384.4642745764
-3.50000000 0.50000000 	384.4642745764
-3.50000000 1.00000000 	384.4642745764
-3.50000000 1.50000000 	384.4642745764
-3.50000000 2.00000000 	384.4642745764
-3.50000000 2.50000000 	384.4642745764
-3.50000000 3.00000000 	384.3878270491
-3.50000000 3.50000000 	384.3878270491
-3.50000000 4.00000000 	384.3878270491
-3.50000000 4.50000000 	384.3878270491
-3.50000000 5.00000000 	384.3878270491
-3.50000000 5.50000000 	384.3878270491
-3.50000000 6.00000000 	384.3878270491
-3.50000000 6.50000000 	384.3878270491
-3.50000000 7.00000000 	384.3878270491
-3.50000000 7.50000000 	384.3878270491
-3.50000000 8.00000000 	384.3878270491
-3.00000000 -12.00000000 	33.4357707630
-3.00000000 -11.50000000 	33.4357707630
-3.00000000 -11.00000000 	33.4357707630
-3.00000000 -10.50000000 	33.4357707630
-3.00000000 -10.00000000 	33.4357707630
-3.00000000 -9.50000000 	33.4357707630
-3.00000000 -9.00000000 	33.4357707630
-3.00000000 -8.50000000 	33.4357707630
-3.00000000 -8.00000000 	33.4357707630
-3.00000000 -7.50000000 	33.4357707630
-3.00000000 -7.00000000 	33.4357707630
-3.00000000 -6.50000000 	33.4357707630
-3.00000000 -6.00000000 	33.4357707630
-3.00000000 -5.50000000 	33.4357707630
-3.00000000 -5.00000000 	33.4357707630
-3.00000000 -4.50000000 	33.4357707630
-3.00000000 -4.00000000 	33.4357707630
-3.00000000 -3.50000000 	33.4357707630
-3.00000000 -3.00000000 	33.4357707630
-3.00000000 -2.50000000 	33.4357707630
-3.00000000 -2.00000000 	33.4357707630
-3.00000000 -1.50000000 	33.4357707630
-3.00000000 -1.00000000 	33.4357707630
-3.00000000 -0.50000000 	33.5047402683
-3.00000000 0.00000000 	33.5047402683
-3.00000000 0.50000000 	33.5612495590
-3.00000000 1.00000000 	33.5612495590
-3.00000000 1.50000000 	33.5612495590
-3.00000000 2.00000000 	33.5612495590
-3.00000000 2.50000000 	33.5047402683
-3.00000000 3.00000000 	33.5047402683
-3.00000000 3.50000000 	33.4357707630
-3.00000000 4.00000000 	33.4357707630
-3.00000000 4.50000000 	33.4357707630
-3.00000000 5.00000000 	33.4357707630
-3.00000000 5.50000000 	33.4357707630
-3.00000000 6.00000000 	33.4357707630
-3.00000000 6.50000000 	33.4357707630
-3.00000000 7.00000000 	33.4357707630
-3.00000000 7.50000000 	33.4357707630
-3.00000000 8.00000000 	33.4357707630
-2.50000000 -12.00000000 	0.0000000000
-2.50000000 -11.50000000 	0.0000000000
-2.50000000 -11.00000000 	0.0000000000
-2.50000000 -10.50000000 	0.0000000000
-2.50000000 -10.00000000 	0.0000000000
-2.50000000 -9.50000000 	0.0000000000
-2.50000000 -9.00000000 	0.0000000000
-2.50000000 -8.50000000 	0.0000000000
-2.50000000 -8.00000000 	0.0000000000
-2.50000000 -7.50000000 	0.0000000000
-2.50000000 -7.00000000 	0.0000000000
-2.50000000 -6.50000000 	0.0000000000
-2.50000000 -6.00000000 	0.0000000000
-2.50000000 -5.50000000 	0.0000000000
-2.50000000 -5.00000000 	0.0000000000
-2.50000000 -4.50000000 	0.0000000000
-2.50000000 -4.00000000 	0.0000000000
-2.50000000 -3.50000000 	0.0000000000
-2.50000000 -3.00000000 	0.0000000000
-2.50000000 -2.50000000 	0.0000000000
-2.50000000 -2.00000000 	0.0000000000
-2.50000000 -1.50000000 	0.0000000000
-2.50000000 -1.00000000 	0.0663390348
-2.50000000 -0.50000000 	0.0663390348
-2.50000000 0.00000000 	0.1812011112
-2.50000000 0.50000000 	0.1812011112
-2.50000000 1.00000000 	0.2176425383
-2.50000000 1.50000000 	0.2176425383
-2.50000000 2.00000000 	0.1812011112
-2.50000000 2.50000000 	0.1812011112
-2.50000000 3.00000000 	0.0663390348
-2.50000000 3.50000000 	0.0663390348
-2.50000000 4.00000000 	0.0000000000
-2.50000000 4.50000000 	0.0000000000
-2.50000000 5.00000000 	0.0000000000
-2.50000000 5.50000000 	0.0000000000
-2.50000000 6.00000000 	0.0000000000
-2.50000000 6.50000000 	0.0000000000
-2.50000000 7.00000000 	0.0000000000
-2.50000000 7.50000000 	0.0000000000
-2.50000000 8.00000000 	0.0000000000
-2.00000000 -12.00000000 	0.0000000000
-2.00000000 -11.50000000 	0.0000000000
-2.00000000 -11.00000000 	0.0000000000
-2.00000000 -10.50000000 	0.0000000000
-2.00000000 -10.00000000 	0.0000000000
-2.00000000 -9.50000000 	0.0000000000
-2.00000000 -9.00000000 	0.0000000000
-2.00000000 -8.50000000 	0.0000000000
-2.00000000 -8.00000000 	0.0000000000
-2.00000000 -7.50000000 	0.0000000000
-2.00000000 -7.00000000 	0.0000000000
-2.00000000 -6.50000000 	0.0000000000
-2.00000000 -6.00000000 	0.0000000000
-2.00000000 -5.50000000 	0.0000000000
-2.00000000 -5.00000000 	0.0000000000
-2.00000000 -4.50000000 	0.0000000000
-2.00000000 -4.00000000 	0.0000000000
-2.00000000 -3.50000000 	0.0000000000
-2.00000000 -3.00000000 	0.0000000000
-2.00000000 -2.50000000 	0.0000000000
-2.00000000 -2.00000000 	0.0000000000
-2.00000000 -1.50000000 	0.0845189965
-2.00000000 -1.00000000 	0.0905411643
-2.00000000 -0.50000000 	0.3285598990
-2.00000000 0.00000000 	0.3285598990
-2.00000000 0.50000000 	0.4906149740
-2.00000000 1.00000000 	0.4906149740
-2.00000000 1.50000000 	0.4906149740
-2.00000000 2.00000000 	0.4906149740
-2.00000000 2.50000000 	0.3285598990
-2.00000000 3.00000000 	0.3285598990
-2.00000000 3.50000000 	0.0905411643
-2.00000000 4.00000000 	0.0905411643
-2.00000000 4.50000000 	0.0000000000
-2.00000000 5.00000000 	0.0000000000
-2.00000000 5.50000000 	0.0000000000
-2.00000000 6.00000000 	0.0000000000
-2.00000000 6.50000000 	0.0000000000
-2.00000000 7.00000000 	0.0000000000
-2.00000000 7.50000000 	0.0000000000
-2.00000000 8.00000000 	0.0000000000
-1.50000000 -12.00000000 	0.0000000000
-1.50000000 -11.50000000 	0.0000000000
-1.50000000 -11.00000000 	0.0000000000
-1.50000000 -10.50000000 	0.0000000000
-1.50000000 -10.00000000 	0.0000000000
-1.50000000 -9.50000000 	0.0000000000
-1.50000000 -9.00000000 	0.0000000000
-1.50000000 -8.50000000 	0.0000000000
-1.50000000 -8.00000000 	0.0000000000
-1.50000000 -7.50000000 	0.0000000000
-1.50000000 -7.00000000 	0.0000000000
-1.50000000 -6.50000000 	0.0000000000
-1.50000000 -6.00000000 	0.0000000000
-1.50000000 -5.50000000 	0.0000000000
-1.50000000 -5.00000000 	0.0000000000
-1.50000000 -4.50000000 	0.0000000000
-1.50000000 -4.00000000 	0.0000000000
-1.50000000 -3.50000000 	0.0000000000
-1.50000000 -3.00000000 	0.0000000000
-1.50000000 -2.50000000 	0.0000000000
-1.50000000 -2.00000000 	0.0664560825
-1.50000000 -1.50000000 	0.0966410118
-1.50000000 -1.00000000 	0.3739611303
-1.50000000 -0.50000000 	0.3986241152
-1.50000000 0.00000000 	0.6970548892
-1.50000000 0.50000000 	0.6970548892
-1.50000000 1.00000000 	0.7856775601
-1.50000000 1.50000000 	0.7856775601
-1.50000000 2.00000000 	0.6970548892
-1.50000000 2.50000000 	0.6970548892
-1.50000000 3.00000000 	0.3986241152
-1.50000000 3.50000000 	0.3986241152
-1.50000000 4.00000000 	0.0966410118
-1.50000000 4.50000000 	0.0906121658
-1.50000000 5.00000000 	0.0000000000
-1.50000000 5.50000000 	0.0000000000
-1.50000000 6.00000000 	0.0000000000
-1.50000000 6.50000000 	0.0000000000
-1.50000000 7.00000000 	0.0000000000
-1.50000000 7.50000000 	0.0000000000
-1.50000000 8.00000000 	0.0000000000
-1.00000000 -12.00000000 	0.0000000000
-1.00000000 -11.50000000 	0.0000000000
-1.00000000 -11.00000000 	0.0000000000
-1.00000000 -10.50000000 	0.0000000000
-1.00000000 -10.00000000 	0.0000000000
-1.00000000 -9.50000000 	0.0000000000
-1.00000000 -9.00000000 	0.0000000000
-1.00000000 -8.50000000 	0.0000000000
-1.00000000 -8.00000000 	0.0000000000
-1.00000000 -7.50000000 	0.0000000000
-1.00000000 -7.00000000 	0.0000000000
-1.00000000 -6.50000000 	0.0000000000
-1.00000000 -6.00000000 	0.0000000000
-1.00000000 -5.50000000 	0.0000000000
-1.00000000 -5.00000000 	0.0000000000
-1.00000000 -4.50000000 	0.0000000000
-1.00000000 -4.00000000 	0.0000000000
-1.00000000 -3.50000000 	0.0000000000
-1.00000000 -3.00000000 	0.0000000000
-1.00000000 -2.50000000 	0.0302077480
-1.00000000 -2.00000000 	0.0906298654
-1.00000000 -1.50000000 	0.2823446659
-1.00000000 -1.00000000 	0.4002736298
-1.00000000 -0.50000000 	0.6722307867
-1.00000000 0.00000000 	0.7116113193
-1.00000000 0.50000000 	0.8234451118
-1.00000000 1.00000000 	0.8234451118
-1.00000000 1.50000000 	0.8234451118
-1.00000000 2.00000000 	0.8234451118
-1.00000000 2.50000000 	0.7116113193
-1.00000000 3.00000000 	0.7116113193
-1.00000000 3.50000000 	0.4002736298
-1.00000000 4.00000000 	0.3754865889
-1.00000000 4.50000000 	0.0906298654
-1.00000000 5.00000000 	0.0664690172
-1.00000000 5.50000000 	0.0000000000
-1.00000000 6.00000000 	0.0000000000
-1.00000000 6.50000000 	0.0000000000
-1.00000000 7.00000000 	0.0000000000
-1.00000000 7.50000000 	0.0000000000
-1.00000000 8.00000000 	0.0000000000
-0.50000000 -12.00000000 	0.0000000000
-0.50000000 -11.50000000 	0.0000000000
-0.50000000 -11.00000000 	0.0000000000
-0.50000000 -10.50000000 	0.0000000000
-0.50000000 -10.00000000 	0.0000000000
-0.50000000 -9.50000000 	0.0000000000
-0.50000000 -9.00000000 	0.0000000000
-0.50000000 -8.50000000 	0.0000000000
-0.50000000 -8.00000000 	0.0000000000
-0.50000000 -7.50000000 	0.0000000000
-0.50000000 -7.00000000 	0.0000000000
-0.50000000 -6.50000000 	0.0000000000
-0.50000000 -6.00000000 	0.0000000000
-0.50000000 -5.50000000 	0.0000000000
-0.50000000 -5.00000000 	0.0000000000
-0.50000000 -4.50000000 	0.0000000000
-0.50000000 -4.00000000 	0.0000000000
-0.50000000 -3.50000000 	0.0000000000
-0.50000000 -3.00000000 	0.0060422048
-0.50000000 -2.50000000 	0.0664690172
-0.50000000 -2.00000000 	0.1465060003
-0.50000000 -1.50000000 	0.3696656912
-0.50000000 -1.00000000 	0.4744946828
-0.50000000 -0.50000000 	0.6472032021
-0.50000000 0.00000000 	0.6080694163
-0.50000000 0.50000000 	0.6361709777
-0.50000000 1.00000000 	0.5899842520
-0.50000000 1.50000000 	0.5899842520
-0.50000000 2.00000000 	0.6361709777
-0.50000000 2.50000000 	0.6361709777
-0.50000000 3.00000000 	0.6472032021
-0.50000000 3.50000000 	0.6075128416
-0.50000000 4.00000000 	0.3696656912
-0.50000000 4.50000000 	0.2702887707
-0.50000000 5.00000000 	0.0664690172
-0.50000000 5.50000000 	0.0302077480
-0.50000000 6.00000000 	0.0000000000
-0.50000000 6.50000000 	0.0000000000
-0.50000000 7.00000000 	0.0000000000
-0.50000000 7.50000000 	0.0000000000
-0.50000000 8.00000000 	0.0000000000
0.00000000 -12.00000000 	0.0000000000
0.00000000 -11.50000000 	0.0000000000
0.00000000 -11.00000000 	0.0000000000
0.00000000 -10.50000000 	0.0000000000
0.00000000 -10.00000000 	0.0000000000
0.00000000 -9.50000000 	0.0000000000
0.00000000 -9.00000000 	0.0000000000
0.00000000 -8.50000000 	0.0000000000
0.00000000 -8.00000000 	0.0000000000
0.00000000 -7.50000000 	0.0000000000
0.00000000 -7.00000000 	0.0000000000
0.00000000 -6.50000000 	0.0000000000
0.00000000 -6.00000000 	0.0000000000
0.00000000 -5.50000000 	0.0000000000
0.00000000 -5.00000000 	0.0000000000
0.00000000 -4.50000000 	0.0000000000
0.00000000 -4.00000000 	0.0000000000
0.00000000 -3.50000000 	0.0000000000
0.00000000 -3.00000000 	0.0302077480
0.00000000 -2.50000000 	0.0606496669
0.00000000 -2.00000000 	0.2702887707
0.00000000 -1.50000000 	0.2906193001
0.00000000 -1.00000000 	0.5827569260
0.00000000 -0.50000000 	0.3788240036
0.00000000 0.00000000 	0.4786693527
0.00000000 0.50000000 	0.2794189090
0.00000000 1.00000000 	0.2866745388
0.00000000 1.50000000 	0.2866745388
0.00000000 2.00000000 	0.2866745388
0.00000000 2.50000000 	0.4786693527
0.00000000 3.00000000 	0.4505515891
0.00000000 3.50000000 	0.5827569260
0.00000000 4.00000000 	0.4237344111
0.00000000 4.50000000 	0.2702887707
0.00000000 5.00000000 	0.1220023782
0.00000000 5.50000000 	0.0302077480
0.00000000 6.00000000 	0.0060422048
0.00000000 6.50000000 	0.0000000000
0.00000000 7.00000000 	0.0000000000
0.00000000 7.50000000 	0.0000000000
0.00000000 8.00000000 	0.0000000000
0.50000000 -12.00000000 	0.0000000000
0.50000000 -11.50000000 	0.0000000000
0.50000000 -11.00000000 	0.0000000000
0.50000000 -10.50000000 	0.0000000000
0.50000000 -10.00000000 	0.0000000000
0.50000000 -9.50000000 	0.0000000000
0.50000000 -9.00000000 	0.0000000000
0.50000000 -8.50000000 	0.0000000000
0.50000000 -8.00000000 	0.0000000000
0.50000000 -7.50000000 	0.0000000000
0.50000000 -7.00000000 	0.0000000000
0.50000000 -6.50000000 	0.0000000000
0.50000000 -6.00000000 	0.0000000000
0.50000000 -5.50000000 	0.0000000000
0.50000000 -5.00000000 	0.0000000000
0.50000000 -4.50000000 	0.0000000000
0.50000000 -4.00000000 	0.0000000000
0.50000000 -3.50000000 	0.0060422048
0.50000000 -3.00000000 	0.0241773209
0.50000000 -2.50000000 	0.1220023782
0.50000000 -2.00000000 	0.1859427074
0.50000000 -1.50000000 	0.4237344111
0.50000000 -1.00000000 	0.2925362812
0.50000000 -0.50000000 	0.4103680169
0.50000000 0.00000000 	0.1326708778
0.50000000 0.50000000 	0.1404361265
0.50000000 1.00000000 	0.0634242781
0.50000000 1.50000000 	0.0634397491
0.50000000 2.00000000 	0.1404361265
0.50000000 2.50000000 	0.1332965852
0.50000000 3.00000000 	0.4103680169
0.50000000 3.50000000 	0.2977739220
0.50000000 4.00000000 	0.4237344111
0.50000000 4.50000000 	0.1887946293
0.50000000 5.00000000 	0.1220023782
0.50000000 5.50000000 	0.0242243566
0.50000000 6.00000000 	0.0060422048
0.50000000 6.50000000 	0.0000000000
0.50000000 7.00000000 	0.0000000000
0.50000000 7.50000000 	0.0000000000
0.50000000 8.00000000 	0.0000000000
1.00000000 -12.00000000 	0.0000000000
1.00000000 -11.50000000 	0.0000000000
1.00000000 -11.00000000 	0.0000000000
1.00000000 -10.50000000 	0.0000000000
1.00000000 -10.00000000 	0.0000000000
1.00000000 -9.50000000 	0.0000000000
1.00000000 -9.00000000 	0.0000000000
1.00000000 -8.50000000 	0.0000000000
1.00000000 -8.00000000 	0.0000000000
1.00000000 -7.50000000 	0.0000000000
1.00000000 -7.00000000 	0.0000000000
1.00000000 -6.50000000 	0.0000000000
1.00000000 -6.00000000 	0.0000000000
1.00000000 -5.50000000 	0.0000000000
1.00000000 -5.00000000 	0.0000000000
1.00000000 -4.50000000 	0.0000000000
1.00000000 -4.00000000 	0.0000000000
1.00000000 -3.50000000 	0.0060422048
1.00000000 -3.00000000 	0.0242243566
1.00000000 -2.50000000 	0.0977221412
1.00000000 -2.00000000 	0.1887946293
1.00000000 -1.50000000 	0.2591831078
1.00000000 -1.00000000 	0.2977739220
1.00000000 -0.50000000 	0.1453311846
1.00000000 0.00000000 	0.1053076972
1.00000000 0.50000000 	0.0140592923
1.00000000 1.00000000 	0.0070396026
1.00000000 1.50000000 	0.0070396026
1.00000000 2.00000000 	0.0070378807
1.00000000 2.50000000 	0.1053076972
1.00000000 3.00000000 	0.0767454310
1.00000000 3.50000000 	0.2977739220
1.00000000 4.00000000 	0.1317095483
1.00000000 4.50000000 	0.1887946293
1.00000000 5.00000000 	0.0368851023
1.00000000 5.50000000 	0.0242243566
1.00000000 6.00000000 	0.0000000000
1.00000000 6.50000000 	0.0000000000
1.00000000 7.00000000 	0.0000000000
1.00000000 7.50000000 	0.0000000000
1.00000000 8.00000000 	0.0000000000
1.50000000 -12.00000000 	0.0000000000
1.50000000 -11.50000000 	0.0000000000
1.50000000 -11.00000000 	0.0000000000
1.50000000 -10.50000000 	0.0000000000
1.50000000 -10.00000000 	0.0000000000
1.50000000 -9.50000000 	0.0000000000
1.50000000 -9.00000000 	0.0000000000
1.50000000 -8.50000000 	0.0000000000
1.50000000 -8.00000000 	0.0000000000
1.50000000 -7.50000000 	0.0000000000
1.50000000 -7.00000000 	0.0000000000
1.50000000 -6.50000000 	0.0000000000
1.50000000 -6.00000000 	0.0000000000
1.50000000 -5.50000000 	0.0000000000
1.50000000 -5.00000000 	0.0000000000
1.50000000 -4.50000000 	0.0000000000
1.50000000 -4.00000000 	0.0000000000
1.50000000 -3.50000000 	0.0000000000
1.50000000 -3.00000000 	0.0242243566
1.50000000 -2.50000000 	0.0368851023
1.50000000 -2.00000000 	0.1512270994
1.50000000 -1.50000000 	0.1323624239
1.50000000 -1.00000000 	0.1698629398
1.50000000 -0.50000000 	0.0767454310
1.50000000 0.00000000 	0.0280927359
1.50000000 0.50000000 	0.0000000000
1.50000000 1.00000000 	0.0000000000
1.50000000 1.50000000 	0.0000000000
1.50000000 2.00000000 	0.0000000000
1.50000000 2.50000000 	0.0000000000
1.50000000 3.00000000 	0.0767454310
1.50000000 3.50000000 	0.0341946559
1.50000000 4.00000000 	0.1317095483
1.50000000 4.50000000 	0.0253733112
1.50000000 5.00000000 	0.0368851023
1.50000000 5.50000000 	0.0000000000
1.50000000 6.00000000 	0.0000000000
1.50000000 6.50000000 	0.0000000000
1.50000000 7.00000000 	0.0000000000
1.50000000 7.50000000 	0.0000000000
1.50000000 8.00000000 	0.0000000000
2.00000000 -12.00000000 	0.0000000000
2.00000000 -11.50000000 	0.0000000000
2.00000000 -11.00000000 	0.0000000000
2.00000000 -10.50000000 	0.0000000000
2.00000000 -10.00000000 	0.0000000000
2.00000000 -9.50000000 	0.0000000000
2.00000000 -9.00000000 	0.0000000000
2.00000000 -8.50000000 	0.0000000000
2.00000000 -8.00000000 	0.0000000000
2.00000000 -7.50000000 	0.0000000000
2.00000000 -7.00000000 	0.0000000000
2.00000000 -6.50000000 	0.0000000000
2.00000000 -6.00000000 	0.0000000000
2.00000000 -5.50000000 	0.0000000000
2.00000000 -5.00000000 	0.0000000000
2.00000000 -4.50000000 	0.0000000000
2.00000000 -4.00000000 	0.0000000000
2.00000000 -3.50000000 	0.0000000000
2.00000000 -3.00000000 	0.0000000000
2.00000000 -2.50000000 	0.0368851023
2.00000000 -2.00000000 	0.0361632577
2.00000000 -1.50000000 	0.1060828408
2.00000000 -1.00000000 	0.0459545591
2.00000000 -0.50000000 	0.0418627630
2.00000000 0.00000000 	0.0000000000
2.00000000 0.50000000 	0.0000000000
2.00000000 1.00000000 	0.0000000000
2.00000000 1.50000000 	0.0000000000
2.00000000 2.00000000 	0.0000000000
2.00000000 2.50000000 	0.0000000000
2.00000000 3.00000000 	0.0000000000
2.00000000 3.50000000 	0.0341946559
2.00000000 4.00000000 	0.0101424763
2.00000000 4.50000000 	0.0253733112
2.00000000 5.00000000 	0.0000000000
2.00000000 5.50000000 	0.0000000000
2.00000000 6.00000000 	0.0000000000
2.00000000 6.50000000 	0.0000000000
2.00000000 7.00000000 	0.0000000000
2.00000000 7.50000000 	0.0000000000
2.00000000 8.00000000 	0.0000000000
