-8.00000000 -12.00000000 	70.7106781187
-8.00000000 -11.50000000 	70.7106781187
-8.00000000 -11.00000000 	70.7106781187
-8.00000000 -10.50000000 	70.7106781187
-8.00000000 -10.00000000 	70.7106439831
-8.00000000 -9.50000000 	70.7089630525
-8.00000000 -9.00000000 	70.5186269024
-8.00000000 -8.50000000 	70.3666115367
-8.00000000 -8.00000000 	-70.8072219332
-8.00000000 -7.50000000 	-68.3744683109
-8.00000000 -7.00000000 	-69.9592214975
-8.00000000 -6.50000000 	-70.5050680920
-8.00000000 -6.00000000 	-70.7057486487
-8.00000000 -5.50000000 	-70.7094844601
-8.00000000 -5.00000000 	-70.7106129978
-8.00000000 -4.50000000 	-70.7106693832
-8.00000000 -4.00000000 	-70.7106781187
-8.00000000 -3.50000000 	-70.7106781187
-8.00000000 -3.00000000 	-70.7106781187
-8.00000000 -2.50000000 	-70.7106781187
-8.00000000 -2.00000000 	-70.7106781187
-8.00000000 -1.50000000 	-70.7106781187
-8.00000000 -1.00000000 	-70.7106781187
-8.00000000 -0.50000000 	-70.7106781187
-8.00000000 0.00000000 	-70.7106781187
-8.00000000 0.50000000 	-70.7106781187
-8.00000000 1.00000000 	-70.7106781187
-8.00000000 1.50000000 	-70.7106781187
-8.00000000 2.00000000 	-70.7106781187
-8.00000000 2.50000000 	-70.7106781187
-8.00000000 3.00000000 	-70.7106781187
-8.00000000 3.50000000 	-70.7106781187
-8.00000000 4.00000000 	-70.7106781187
-8.00000000 4.50000000 	-70.7106781187
-8.00000000 5.00000000 	-70.7106781187
-8.00000000 5.50000000 	-70.7106781187
-8.00000000 6.00000000 	-70.7106781187
-8.00000000 6.50000000 	-70.7106781187
-8.00000000 7.00000000 	-70.7106781187
-8.00000000 7.50000000 	-70.7106781187
-8.00000000 8.00000000 	-70.7106781187
-7.50000000 -12.00000000 	70.7106781187
-7.50000000 -11.50000000 	70.7106781187
-7.50000000 -11.00000000 	70.7106781187
-7.50000000 -10.50000000 	70.7106781187
-7.50000000 -10.00000000 	70.7106114839
-7.50000000 -9.50000000 	70.7074820274
-7.50000000 -9.00000000 	70.3268140822
-7.50000000 -8.50000000 	68.2033869144
-7.50000000 -8.00000000 	70.3067992809
-7.50000000 -7.50000000 	-70.0919367518
-7.50000000 -7.00000000 	-67.6426174526
-7.50000000 -6.50000000 	-69.7684178045
-7.50000000 -6.00000000 	-70.5023533487
-7.50000000 -5.50000000 	-70.7050246332
-7.50000000 -5.00000000 	-70.7094251591
-7.50000000 -4.50000000 	-70.7106052216
-7.50000000 -4.00000000 	-70.7106693832
-7.50000000 -3.50000000 	-70.7106781187
-7.50000000 -3.00000000 	-70.7106781187
-7.50000000 -2.50000000 	-70.7106781187
-7.50000000 -2.00000000 	-70.7106781187
-7.50000000 -1.50000000 	-70.7106781187
-7.50000000 -1.00000000 	-70.7106781187
-7.50000000 -0.50000000 	-70.7106781187
-7.50000000 0.00000000 	-70.7106781187
-7.50000000 0.50000000 	-70.7106781187
-7.50000000 1.00000000 	-70.7106781187
-7.50000000 1.50000000 	-70.7106781187
-7.50000000 2.00000000 	-70.7106781187
-7.50000000 2.50000000 	-70.7106781187
-7.50000000 3.00000000 	-70.7106781187
-7.50000000 3.50000000 	-70.7106781187
-7.50000000 4.00000000 	-70.7106781187
-7.50000000 4.50000000 	-70.7106781187
-7.50000000 5.00000000 	-70.7106781187
-7.50000000 5.50000000 	-70.7106781187
-7.50000000 6.00000000 	-70.7106781187
-7.50000000 6.50000000 	-70.7106781187
-7.50000000 7.00000000 	-70.7106781187
-7.50000000 7.50000000 	-70.7106781187
-7.50000000 8.00000000 	-70.7106781187
-7.00000000 -12.00000000 	70.7106781187
-7.00000000 -11.50000000 	70.7106781187
-7.00000000 -11.00000000 	70.7106781187
-7.00000000 -10.50000000 	70.7106781187
-7.00000000 -10.00000000 	70.7106168438
-7.00000000 -9.50000000 	70.7072271860
-7.00000000 -9.00000000 	70.4999934242
-7.00000000 -8.50000000 	69.7595639421
-7.00000000 -8.00000000 	67.6505906299
-7.00000000 -7.50000000 	70.1201836889
-7.00000000 -7.00000000 	-70.0922198884
-7.00000000 -6.50000000 	-67.6415030324
-7.00000000 -6.00000000 	-69.7679626728
-7.00000000 -5.50000000 	-70.5023443231
-7.00000000 -5.00000000 	-70.7050241508
-7.00000000 -4.50000000 	-70.7094251591
-7.00000000 -4.00000000 	-70.7106052216
-7.00000000 -3.50000000 	-70.7106693832
-7.00000000 -3.00000000 	-70.7106781187
-7.00000000 -2.50000000 	-70.7106781187
-7.00000000 -2.00000000 	-70.7106781187
-7.00000000 -1.50000000 	-70.7106781187
-7.00000000 -1.00000000 	-70.7106781187
-7.00000000 -0.50000000 	-70.7106781187
-7.00000000 0.00000000 	-70.7106781187
-7.00000000 0.50000000 	-70.7106781187
-7.00000000 1.00000000 	-70.7106781187
-7.00000000 1.50000000 	-70.7106781187
-7.00000000 2.00000000 	-70.7106781187
-7.00000000 2.50000000 	-70.7106781187
-7.00000000 3.00000000 	-70.7106781187
-7.00000000 3.50000000 	-70.7106781187
-7.00000000 4.00000000 	-70.7106781187
-7.00000000 4.50000000 	-70.7106781187
-7.00000000 5.00000000 	-70.7106781187
-7.00000000 5.50000000 	-70.7106781187
-7.00000000 6.00000000 	-70.7106781187
-7.00000000 6.50000000 	-70.7106781187
-7.00000000 7.00000000 	-70.7106781187
-7.00000000 7.50000000 	-70.7106781187
-7.00000000 8.00000000 	-70.7106781187
-6.50000000 -12.00000000 	70.7106781187
-6.50000000 -11.50000000 	70.7106781187
-6.50000000 -11.00000000 	70.7106781187
-6.50000000 -10.50000000 	70.7106781187
-6.50000000 -10.00000000 	70.7106406013
-6.50000000 -9.50000000 	70.7090620001
-6.50000000 -9.00000000 	70.7030872598
-6.50000000 -8.50000000 	70.4955158097
-6.50000000 -8.00000000 	69.7564429414
-6.50000000 -7.50000000 	67.6487749643
-6.50000000 -7.00000000 	70.1197029631
-6.50000000 -6.50000000 	-70.0921397885
-6.50000000 -6.00000000 	-67.6414617188
-6.50000000 -5.50000000 	-69.7679554403
-6.50000000 -5.00000000 	-70.5023443231
-6.50000000 -4.50000000 	-70.7050241508
-6.50000000 -4.00000000 	-70.7094251591
-6.50000000 -3.50000000 	-70.7106052216
-6.50000000 -3.00000000 	-70.7106693832
-6.50000000 -2.50000000 	-70.7106781187
-6.50000000 -2.00000000 	-70.7106781187
-6.50000000 -1.50000000 	-70.7106781187
-6.50000000 -1.00000000 	-70.7106781187
-6.50000000 -0.50000000 	-70.7106781187
-6.50000000 0.00000000 	-70.7106781187
-6.50000000 0.50000000 	-70.7106781187
-6.50000000 1.00000000 	-70.7106781187
-6.50000000 1.50000000 	-70.7106781187
-6.50000000 2.00000000 	-70.7106781187
-6.50000000 2.50000000 	-70.7106781187
-6.50000000 3.00000000 	-70.7106781187
-6.50000000 3.50000000 	-70.7106781187
-6.50000000 4.00000000 	-70.7106781187
-6.50000000 4.50000000 	-70.7106781187
-6.50000000 5.00000000 	-70.7106781187
-6.50000000 5.50000000 	-70.7106781187
-6.50000000 6.00000000 	-70.7106781187
-6.50000000 6.50000000 	-70.7106781187
-6.50000000 7.00000000 	-70.7106781187
-6.50000000 7.50000000 	-70.7106781187
-6.50000000 8.00000000 	-70.7106781187
-6.00000000 -12.00000000 	70.7106781187
-6.00000000 -11.50000000 	70.7106781187
-6.00000000 -11.00000000 	70.7106781187
-6.00000000 -10.50000000 	70.7106781187
-6.00000000 -10.00000000 	70.7106676348
-6.00000000 -9.50000000 	70.7105955051
-6.00000000 -9.00000000 	70.7089724094
-6.00000000 -8.50000000 	70.7029713137
-6.00000000 -8.00000000 	70.4954035216
-6.00000000 -7.50000000 	69.7563636218
-6.00000000 -7.00000000 	67.6487395724
-6.00000000 -6.50000000 	70.1196958595
-6.00000000 -6.00000000 	-70.0921397885
-6.00000000 -5.50000000 	-67.6414617188
-6.00000000 -5.00000000 	-69.7679554403
-6.00000000 -4.50000000 	-70.5023443231
-6.00000000 -4.00000000 	-70.7050241508
-6.00000000 -3.50000000 	-70.7094251591
-6.00000000 -3.00000000 	-70.7106052216
-6.00000000 -2.50000000 	-70.7106693832
-6.00000000 -2.00000000 	-70.7106781187
-6.00000000 -1.50000000 	-70.7106781187
-6.00000000 -1.00000000 	-70.7106781187
-6.00000000 -0.50000000 	-70.7106781187
-6.00000000 0.00000000 	-70.7106781187
-6.00000000 0.50000000 	-70.7106781187
-6.00000000 1.00000000 	-70.7106781187
-6.00000000 1.50000000 	-70.7106781187
-6.00000000 2.00000000 	-70.7106781187
-6.00000000 2.50000000 	-70.7106781187
-6.00000000 3.00000000 	-70.7106781187
-6.00000000 3.50000000 	-70.7106781187
-6.00000000 4.00000000 	-70.7106781187
-6.00000000 4.50000000 	-70.7106781187
-6.00000000 5.00000000 	-70.7106781187
-6.00000000 5.50000000 	-70.7106781187
-6.00000000 6.00000000 	-70.7106781187
-6.00000000 6.50000000 	-70.7106781187
-6.00000000 7.00000000 	-70.7106781187
-6.00000000 7.50000000 	-70.7106781187
-6.00000000 8.00000000 	-70.7106781187
-5.50000000 -12.00000000 	70.7106781187
-5.50000000 -11.50000000 	70.7106781187
-5.50000000 -11.00000000 	70.7106781187
-5.50000000 -10.50000000 	70.7106781187
-5.50000000 -10.00000000 	70.7106781187
-5.50000000 -9.50000000 	70.7106676348
-5.50000000 -9.00000000 	70.7105955051
-5.50000000 -8.50000000 	70.7089724094
-5.50000000 -8.00000000 	70.7029713137
-5.50000000 -7.50000000 	70.4954035216
-5.50000000 -7.00000000 	69.7563636218
-5.50000000 -6.50000000 	67.6487395724
-5.50000000 -6.00000000 	70.1196958595
-5.50000000 -5.50000000 	-70.0921397885
-5.50000000 -5.00000000 	-67.6414617188
-5.50000000 -4.50000000 	-69.7679554403
-5.50000000 -4.00000000 	-70.5023443231
-5.50000000 -3.50000000 	-70.7050241508
-5.50000000 -3.00000000 	-70.7094251591
-5.50000000 -2.50000000 	-70.7106052216
-5.50000000 -2.00000000 	-70.7106693832
-5.50000000 -1.50000000 	-70.7106781187
-5.50000000 -1.00000000 	-70.7106781187
-5.50000000 -0.50000000 	-70.7106781187
-5.50000000 0.00000000 	-70.7106781187
-5.50000000 0.50000000 	-70.7106781187
-5.50000000 1.00000000 	-70.7106781187
-5.50000000 1.50000000 	-70.7106781187
-5.50000000 2.00000000 	-70.7106781187
-5.50000000 2.50000000 	-70.7106781187
-5.50000000 3.00000000 	-70.7106781187
-5.50000000 3.50000000 	-70.7106781187
-5.50000000 4.00000000 	-70.7106781187
-5.50000000 4.50000000 	-70.7106781187
-5.50000000 5.00000000 	-70.7106781187
-5.50000000 5.50000000 	-70.7106781187
-5.50000000 6.00000000 	-70.7106781187
-5.50000000 6.50000000 	-70.7106781187
-5.50000000 7.00000000 	-70.7106781187
-5.50000000 7.50000000 	-70.7106781187
-5.50000000 8.00000000 	-70.7106781187
-5.00000000 -12.00000000 	70.7106781187
-5.00000000 -11.50000000 	70.7106781187
-5.00000000 -11.00000000 	70.7106781187
-5.00000000 -10.50000000 	70.7106781187
-5.00000000 -10.00000000 	70.7106781187
-5.00000000 -9.50000000 	70.7106781187
-5.00000000 -9.00000000 	70.7106676348
-5.00000000 -8.50000000 	70.7105955051
-5.00000000 -8.00000000 	70.7089724094
-5.00000000 -7.50000000 	70.7029713137
-5.00000000 -7.00000000 	70.4954035216
-5.00000000 -6.50000000 	69.7563636218
-5.00000000 -6.00000000 	67.6487395724
-5.00000000 -5.50000000 	70.1196958595
-5.00000000 -5.00000000 	-70.0921397885
-5.00000000 -4.50000000 	-67.6414617188
-5.00000000 -4.00000000 	-69.7679554403
-5.00000000 -3.50000000 	-70.5023443231
-5.00000000 -3.00000000 	-70.7050241508
-5.00000000 -2.50000000 	-70.7094251591
-5.00000000 -2.00000000 	-70.7106052216
-5.00000000 -1.50000000 	-70.7106693832
-5.00000000 -1.00000000 	-70.7106781187
-5.00000000 -0.50000000 	-70.7106781187
-5.00000000 0.00000000 	-70.7106781187
-5.00000000 0.50000000 	-70.7106781187
-5.00000000 1.00000000 	-70.7106781187
-5.00000000 1.50000000 	-70.7106781187
-5.00000000 2.00000000 	-70.7106781187
-5.00000000 2.50000000 	-70.7106781187
-5.00000000 3.00000000 	-70.7106781187
-5.00000000 3.50000000 	-70.7106781187
-5.00000000 4.00000000 	-70.7106781187
-5.00000000 4.50000000 	-70.7106781187
-5.00000000 5.00000000 	-70.7106781187
-5.00000000 5.50000000 	-70.7106781187
-5.00000000 6.00000000 	-70.7106781187
-5.00000000 6.50000000 	-70.7106781187
-5.00000000 7.00000000 	-70.7106781187
-5.00000000 7.50000000 	-70.7106781187
-5.00000000 8.00000000 	-70.7106781187
-4.50000000 -12.00000000 	70.7106781187
-4.50000000 -11.50000000 	70.7106781187
-4.50000000 -11.00000000 	70.7106781187
-4.50000000 -10.50000000 	70.7106781187
-4.50000000 -10.00000000 	70.7106781187
-4.50000000 -9.50000000 	70.7106781187
-4.50000000 -9.00000000 	70.7106781187
-4.50000000 -8.50000000 	70.7106676348
-4.50000000 -8.00000000 	70.7105955051
-4.50000000 -7.50000000 	70.7089724094
-4.50000000 -7.00000000 	70.7029713137
-4.50000000 -6.50000000 	70.4954035216
-4.50000000 -6.00000000 	69.7563636218
-4.50000000 -5.50000000 	67.6487395724
-4.50000000 -5.00000000 	70.1196958595
-4.50000000 -4.50000000 	-70.0921397885
-4.50000000 -4.00000000 	-67.6414617188
-4.50000000 -3.50000000 	-69.7679554403
-4.50000000 -3.00000000 	-70.5023443231
-4.50000000 -2.50000000 	-70.7050241508
-4.50000000 -2.00000000 	-70.7094251591
-4.50000000 -1.50000000 	-70.7106052216
-4.50000000 -1.00000000 	-70.7106693832
-4.50000000 -0.50000000 	-70.7106781187
-4.50000000 0.00000000 	-70.7106781187
-4.50000000 0.50000000 	-70.7106781187
-4.50000000 1.00000000 	-70.7106781187
-4.50000000 1.50000000 	-70.7106781187
-4.50000000 2.00000000 	-70.7106781187
-4.50000000 2.50000000 	-70.7106781187
-4.50000000 3.00000000 	-70.7106781187
-4.50000000 3.50000000 	-70.7106781187
-4.50000000 4.00000000 	-70.7106781187
-4.50000000 4.50000000 	-70.7106781187
-4.50000000 5.00000000 	-70.7106781187
-4.50000000 5.50000000 	-70.7106781187
-4.50000000 6.00000000 	-70.7106781187
-4.50000000 6.50000000 	-70.7106781187
-4.50000000 7.00000000 	-70.7106781187
-4.50000000 7.50000000 	-70.7106781187
-4.50000000 8.00000000 	-70.7106781187
-4.00000000 -12.00000000 	70.7106781187
-4.00000000 -11.50000000 	70.7106781187
-4.00000000 -11.00000000 	70.7106781187
-4.00000000 -10.50000000 	70.7106781187
-4.00000000 -10.00000000 	70.7106781187
-4.00000000 -9.50000000 	70.7106781187
-4.00000000 -9.00000000 	70.7106781187
-4.00000000 -8.50000000 	70.7106781187
-4.00000000 -8.00000000 	70.7106676348
-4.00000000 -7.50000000 	70.7105955051
-4.00000000 -7.00000000 	70.7089724094
-4.00000000 -6.50000000 	70.7029713137
-4.00000000 -6.00000000 	70.4954035216
-4.00000000 -5.50000000 	69.7563636218
-4.00000000 -5.00000000 	67.6487395724
-4.00000000 -4.50000000 	70.1196958595
-4.00000000 -4.00000000 	-70.0921397885
-4.00000000 -3.50000000 	-67.6414617188
-4.00000000 -3.00000000 	-69.7679554403
-4.00000000 -2.50000000 	-70.5023443231
-4.00000000 -2.00000000 	-70.7050241508
-4.00000000 -1.50000000 	-70.7094251591
-4.00000000 -1.00000000 	-70.7106052216
-4.00000000 -0.50000000 	-70.7106693832
-4.00000000 0.00000000 	-70.7106781187
-4.00000000 0.50000000 	-70.7106781187
-4.00000000 1.00000000 	-70.7106781187
-4.00000000 1.50000000 	-70.7106781187
-4.00000000 2.00000000 	-70.7106781187
-4.00000000 2.50000000 	-70.7106781187
-4.00000000 3.00000000 	-70.7106781187
-4.00000000 3.50000000 	-70.7106781187
-4.00000000 4.00000000 	-70.7106781187
-4.00000000 4.50000000 	-70.7106781187
-4.00000000 5.00000000 	-70.7106781187
-4.00000000 5.50000000 	-70.7106781187
-4.00000000 6.00000000 	-70.7106781187
-4.00000000 6.50000000 	-70.7106781187
-4.00000000 7.00000000 	-70.7106781187
-4.00000000 7.50000000 	-70.7106781187
-4.00000000 8.00000000 	-70.7106781187
-3.50000000 -12.00000000 	70.7106781187
-3.50000000 -11.50000000 	70.7106781187
-3.50000000 -11.00000000 	70.7106781187
-3.50000000 -10.50000000 	70.7106781187
-3.50000000 -10.00000000 	70.7106781187
-3.50000000 -9.50000000 	70.7106781187
-3.50000000 -9.00000000 	70.7106781187
-3.50000000 -8.50000000 	70.7106781187
-3.50000000 -8.00000000 	70.7106781187
-3.50000000 -7.50000000 	70.7106676348
-3.50000000 -7.00000000 	70.7105955051
-3.50000000 -6.50000000 	70.7089724094
-3.50000000 -6.00000000 	70.7029713137
-3.50000000 -5.50000000 	70.4954035216
-3.50000000 -5.00000000 	69.7563636218
-3.50000000 -4.50000000 	67.6487395724
-3.50000000 -4.00000000 	70.1196958595
-3.50000000 -3.50000000 	-70.0921397885
-3.50000000 -3.00000000 	-67.6414617188
-3.50000000 -2.50000000 	-69.7679554403
-3.50000000 -2.00000000 	-70.5023443231
-3.50000000 -1.50000000 	-70.7050241508
-3.50000000 -1.00000000 	-70.7094251591
-3.50000000 -0.50000000 	-70.7106052216
-3.50000000 0.00000000 	-70.7106693832
-3.50000000 0.50000000 	-70.7106781187
-3.50000000 1.00000000 	-70.7106781187
-3.50000000 1.50000000 	-70.7106781187
-3.50000000 2.00000000 	-70.7106781187
-3.50000000 2.50000000 	-70.7106781187
-3.50000000 3.00000000 	-70.7106781187
-3.50000000 3.50000000 	-70.7106781187
-3.50000000 4.00000000 	-70.7106781187
-3.50000000 4.50000000 	-70.7106781187
-3.50000000 5.00000000 	-70.7106781187
-3.50000000 5.50000000 	-70.7106781187
-3.50000000 6.00000000 	-70.7106781187
-3.50000000 6.50000000 	-70.7106781187
-3.50000000 7.00000000 	-70.7106781187
-3.50000000 7.50000000 	-70.7106781187
-3.50000000 8.00000000 	-70.7106781187
-3.00000000 -12.00000000 	70.7106781187
-3.00000000 -11.50000000 	70.7106781187
-3.00000000 -11.00000000 	70.7106781187
-3.00000000 -10.50000000 	70.7106781187
-3.00000000 -10.00000000 	70.7106781187
-3.00000000 -9.50000000 	70.7106781187
-3.00000000 -9.00000000 	70.7106781187
-3.00000000 -8.50000000 	70.7106781187
-3.00000000 -8.00000000 	70.7106781187
-3.00000000 -7.50000000 	70.7106781187
-3.00000000 -7.00000000 	70.7106676348
-3.00000000 -6.50000000 	70.7105955051
-3.00000000 -6.00000000 	70.7089724094
-3.00000000 -5.50000000 	70.7029713137
-3.00000000 -5.00000000 	70.4954035216
-3.00000000 -4.50000000 	69.7563636218
-3.00000000 -4.00000000 	67.6487395724
-3.00000000 -3.50000000 	70.1196958595
-3.00000000 -3.00000000 	-70.0921397885
-3.00000000 -2.50000000 	-67.6414617188
-3.00000000 -2.00000000 	-69.7679554403
-3.00000000 -1.50000000 	-70.5023443231
-3.00000000 -1.00000000 	-70.7050241508
-3.00000000 -0.50000000 	-70.7094251591
-3.00000000 0.00000000 	-70.7106052216
-3.00000000 0.50000000 	-70.7106693832
-3.00000000 1.00000000 	-70.7106781187
-3.00000000 1.50000000 	-70.7106781187
-3.00000000 2.00000000 	-70.7106781187
-3.00000000 2.50000000 	-70.7106781187
-3.00000000 3.00000000 	-70.7106781187
-3.00000000 3.50000000 	-70.7106781187
-3.00000000 4.00000000 	-70.7106781187
-3.00000000 4.50000000 	-70.7106781187
-3.00000000 5.00000000 	-70.7106781187
-3.00000000 5.50000000 	-70.7106781187
-3.00000000 6.00000000 	-70.7106781187
-3.00000000 6.50000000 	-70.7106781187
-3.00000000 7.00000000 	-70.7106781187
-3.00000000 7.50000000 	-70.7106781187
-3.00000000 8.00000000 	-70.7106781187
-2.50000000 -12.00000000 	70.7106781187
-2.50000000 -11.50000000 	70.7106781187
-2.50000000 -11.00000000 	70.7106781187
-2.50000000 -10.50000000 	70.7106781187
-2.50000000 -10.00000000 	70.7106781187
-2.50000000 -9.50000000 	70.7106781187
-2.50000000 -9.00000000 	70.7106781187
-2.50000000 -8.50000000 	70.7106781187
-2.50000000 -8.00000000 	70.7106781187
-2.50000000 -7.50000000 	70.7106781187
-2.50000000 -7.00000000 	70.7106781187
-2.50000000 -6.50000000 	70.7106676348
-2.50000000 -6.00000000 	70.7105955051
-2.50000000 -5.50000000 	70.7089724094
-2.50000000 -5.00000000 	70.7029713137
-2.50000000 -4.50000000 	70.4954035216
-2.50000000 -4.00000000 	69.7563636218
-2.50000000 -3.50000000 	67.6487395724
-2.50000000 -3.00000000 	70.1196958595
-2.50000000 -2.50000000 	-70.0921397885
-2.50000000 -2.00000000 	-67.6414617188
-2.50000000 -1.50000000 	-69.7679554403
-2.50000000 -1.00000000 	-70.5023443231
-2.50000000 -0.50000000 	-70.7050241508
-2.50000000 0.00000000 	-70.7094251591
-2.50000000 0.50000000 	-70.7106052216
-2.50000000 1.00000000 	-70.7106693832
-2.50000000 1.50000000 	-70.7106781187
-2.50000000 2.00000000 	-70.7106781187
-2.50000000 2.50000000 	-70.7106781187
-2.50000000 3.00000000 	-70.7106781187
-2.50000000 3.50000000 	-70.7106781187
-2.50000000 4.00000000 	-70.7106781187
-2.50000000 4.50000000 	-70.7106781187
-2.50000000 5.00000000 	-70.7106781187
-2.50000000 5.50000000 	-70.7106781187
-2.50000000 6.00000000 	-70.7106781187
-2.50000000 6.50000000 	-70.7106781187
-2.50000000 7.00000000 	-70.7106781187
-2.50000000 7.50000000 	-70.7106781187
-2.50000000 8.00000000 	-70.7106781187
-2.00000000 -12.00000000 	70.7106781187
-2.00000000 -11.50000000 	70.7106781187
-2.00000000 -11.00000000 	70.7106781187
-2.00000000 -10.50000000 	70.7106781187
-2.00000000 -10.00000000 	70.7106781187
-2.00000000 -9.50000000 	70.7106781187
-2.00000000 -9.00000000 	70.7106781187
-2.00000000 -8.50000000 	70.7106781187
-2.00000000 -8.00000000 	70.7106781187
-2.00000000 -7.50000000 	70.7106781187
-2.00000000 -7.00000000 	70.7106781187
-2.00000000 -6.50000000 	70.7106781187
-2.00000000 -6.00000000 	70.7106676348
-2.00000000 -5.50000000 	70.7105955051
-2.00000000 -5.00000000 	70.7089724094
-2.00000000 -4.50000000 	70.7029713137
-2.00000000 -4.00000000 	70.4954035216
-2.00000000 -3.50000000 	69.7563636218
-2.00000000 -3.00000000 	67.6487395724
-2.00000000 -2.50000000 	70.1196958595
-2.00000000 -2.00000000 	-70.0921397885
-2.00000000 -1.50000000 	-67.6414617188
-2.00000000 -1.00000000 	-69.7679554403
-2.00000000 -0.50000000 	-70.5023443231
-2.00000000 0.00000000 	-70.7050241508
-2.00000000 0.50000000 	-70.7094251591
-2.00000000 1.00000000 	-70.7106052216
-2.00000000 1.50000000 	-70.7106693832
-2.00000000 2.00000000 	-70.7106781187
-2.00000000 2.50000000 	-70.7106781187
-2.00000000 3.00000000 	-70.7106781187
-2.00000000 3.50000000 	-70.7106781187
-2.00000000 4.00000000 	-70.7106781187
-2.00000000 4.50000000 	-70.7106781187
-2.00000000 5.00000000 	-70.7106781187
-2.00000000 5.50000000 	-70.7106781187
-2.00000000 6.00000000 	-70.7106781187
-2.00000000 6.50000000 	-70.7106781187
-2.00000000 7.00000000 	-70.7106781187
-2.00000000 7.50000000 	-70.7106781187
-2.00000000 8.00000000 	-70.7106781187
-1.50000000 -12.00000000 	70.7106781187
-1.50000000 -11.50000000 	70.7106781187
-1.50000000 -11.00000000 	70.7106781187
-1.50000000 -10.50000000 	70.7106781187
-1.50000000 -10.00000000 	70.7106781187
-1.50000000 -9.50000000 	70.7106781187
-1.50000000 -9.00000000 	70.7106781187
-1.50000000 -8.50000000 	70.7106781187
-1.50000000 -8.00000000 	70.7106781187
-1.50000000 -7.50000000 	70.7106781187
-1.50000000 -7.00000000 	70.7106781187
-1.50000000 -6.50000000 	70.7106781187
-1.50000000 -6.00000000 	70.7106781187
-1.50000000 -5.50000000 	70.7106676348
-1.50000000 -5.00000000 	70.7105955051
-1.50000000 -4.50000000 	70.7089724094
-1.50000000 -4.00000000 	70.7029713137
-1.50000000 -3.50000000 	70.4954035216
-1.50000000 -3.00000000 	69.7563636218
-1.50000000 -2.50000000 	67.6487395724
-1.50000000 -2.00000000 	70.1196958595
-1.50000000 -1.50000000 	-70.0921397885
-1.50000000 -1.00000000 	-67.6414617188
-1.50000000 -0.50000000 	-69.7679554403
-1.50000000 0.00000000 	-70.5023443231
-1.50000000 0.50000000 	-70.7050241508
-1.50000000 1.00000000 	-70.7094251591
-1.50000000 1.50000000 	-70.7106052216
-1.50000000 2.00000000 	-70.7106693832
-1.50000000 2.50000000 	-70.7106781187
-1.50000000 3.00000000 	-70.7106781187
-1.50000000 3.50000000 	-70.7106781187
-1.50000000 4.00000000 	-70.7106781187
-1.50000000 4.50000000 	-70.7106781187
-1.50000000 5.00000000 	-70.7106781187
-1.50000000 5.50000000 	-70.7106781187
-1.50000000 6.00000000 	-70.7106781187
-1.50000000 6.50000000 	-70.7106781187
-1.50000000 7.00000000 	-70.7106781187
-1.50000000 7.50000000 	-70.7106781187
-1.50000000 8.00000000 	-70.7106781187
-1.00000000 -12.00000000 	70.7106781187
-1.00000000 -11.50000000 	70.7106781187
-1.00000000 -11.00000000 	70.7106781187
-1.00000000 -10.50000000 	70.7106781187
-1.00000000 -10.00000000 	70.7106781187
-1.00000000 -9.50000000 	70.7106781187
-1.00000000 -9.00000000 	70.7106781187
-1.00000000 -8.50000000 	70.7106781187
-1.00000000 -8.00000000 	70.7106781187
-1.00000000 -7.50000000 	70.7106781187
-1.00000000 -7.00000000 	70.7106781187
-1.00000000 -6.50000000 	70.7106781187
-1.00000000 -6.00000000 	70.7106781187
-1.00000000 -5.50000000 	70.7106781187
-1.00000000 -5.00000000 	70.7106676348
-1.00000000 -4.50000000 	70.7105955051
-1.00000000 -4.00000000 	70.7089724094
-1.00000000 -3.50000000 	70.7029713137
-1.00000000 -3.00000000 	70.4954035216
-1.00000000 -2.50000000 	69.7563636218
-1.00000000 -2.00000000 	67.6487395724
-1.00000000 -1.50000000 	70.1196958595
-1.00000000 -1.00000000 	-70.0921397885
-1.00000000 -0.50000000 	-67.6414617188
-1.00000000 0.00000000 	-69.7679554403
-1.00000000 0.50000000 	-70.5023443231
-1.00000000 1.00000000 	-70.7050241508
-1.00000000 1.50000000 	-70.7094251591
-1.00000000 2.00000000 	-70.7106052216
-1.00000000 2.50000000 	-70.7106693832
-1.00000000 3.00000000 	-70.7106781187
-1.00000000 3.50000000 	-70.7106781187
-1.00000000 4.00000000 	-70.7106781187
-1.00000000 4.50000000 	-70.7106781187
-1.00000000 5.00000000 	-70.7106781187
-1.00000000 5.50000000 	-70.7106781187
-1.00000000 6.00000000 	-70.7106781187
-1.00000000 6.50000000 	-70.7106781187
-1.00000000 7.00000000 	-70.7106781187
-1.00000000 7.50000000 	-70.7106781187
-1.00000000 8.00000000 	-70.7106781187
-0.50000000 -12.00000000 	70.7106781187
-0.50000000 -11.50000000 	70.7106781187
-0.50000000 -11.00000000 	70.7106781187
-0.50000000 -10.50000000 	70.7106781187
-0.50000000 -10.00000000 	70.7106781187
-0.50000000 -9.50000000 	70.7106781187
-0.50000000 -9.00000000 	70.7106781187
-0.50000000 -8.50000000 	70.7106781187
-0.50000000 -8.00000000 	70.7106781187
-0.50000000 -7.50000000 	70.7106781187
-0.50000000 -7.00000000 	70.7106781187
-0.50000000 -6.50000000 	70.7106781187
-0.50000000 -6.00000000 	70.7106781187
-0.50000000 -5.50000000 	70.7106781187
-0.50000000 -5.00000000 	70.7106781187
-0.50000000 -4.50000000 	70.7106676348
-0.50000000 -4.00000000 	70.7105955051
-0.50000000 -3.50000000 	70.7089724094
-0.50000000 -3.00000000 	70.7029713137
-0.50000000 -2.50000000 	70.4954035216
-0.50000000 -2.00000000 	69.7563636218
-0.50000000 -1.50000000 	67.6487395724
-0.50000000 -1.00000000 	70.1196958595
-0.50000000 -0.50000000 	-70.0921397885
-0.50000000 0.00000000 	-67.6414617188
-0.50000000 0.50000000 	-69.7679554403
-0.50000000 1.00000000 	-70.5023443231
-0.50000000 1.50000000 	-70.7050241508
-0.50000000 2.00000000 	-70.7094251591
-0.50000000 2.50000000 	-70.7106052216
-0.50000000 3.00000000 	-70.7106693832
-0.50000000 3.50000000 	-70.7106781187
-0.50000000 4.00000000 	-70.7106781187
-0.50000000 4.50000000 	-70.7106781187
-0.50000000 5.00000000 	-70.7106781187
-0.50000000 5.50000000 	-70.7106781187
-0.50000000 6.00000000 	-70.7106781187
-0.50000000 6.50000000 	-70.7106781187
-0.50000000 7.00000000 	-70.7106781187
-0.50000000 7.50000000 	-70.7106781187
-0.50000000 8.00000000 	-70.7106781187
0.00000000 -12.00000000 	70.7106781187
0.00000000 -11.50000000 	70.7106781187
0.00000000 -11.00000000 	70.7106781187
0.00000000 -10.50000000 	70.7106781187
0.00000000 -10.00000000 	70.7106781187
0.00000000 -9.50000000 	70.7106781187
0.00000000 -9.00000000 	70.7106781187
0.00000000 -8.50000000 	70.7106781187
0.00000000 -8.00000000 	70.7106781187
0.00000000 -7.50000000 	70.7106781187
0.00000000 -7.00000000 	70.7106781187
0.00000000 -6.50000000 	70.7106781187
0.00000000 -6.00000000 	70.7106781187
0.00000000 -5.50000000 	70.7106781187
0.00000000 -5.00000000 	70.7106781187
0.00000000 -4.50000000 	70.7106781187
0.00000000 -4.00000000 	70.7106676348
0.00000000 -3.50000000 	70.7105955051
0.00000000 -3.00000000 	70.7089724094
0.00000000 -2.50000000 	70.7029713137
0.00000000 -2.00000000 	70.4954035216
0.00000000 -1.50000000 	69.7563636218
0.00000000 -1.00000000 	67.6487395724
0.00000000 -0.50000000 	70.1196958595
0.00000000 0.00000000 	-70.0921397885
0.00000000 0.50000000 	-67.6414617188
0.00000000 1.00000000 	-69.7679554403
0.00000000 1.50000000 	-70.5023443231
0.00000000 2.00000000 	-70.7050241508
0.00000000 2.50000000 	-70.7094251591
0.00000000 3.00000000 	-70.7106052216
0.00000000 3.50000000 	-70.7106693832
0.00000000 4.00000000 	-70.7106781187
0.00000000 4.50000000 	-70.7106781187
0.00000000 5.00000000 	-70.7106781187
0.00000000 5.50000000 	-70.7106781187
0.00000000 6.00000000 	-70.7106781187
0.00000000 6.50000000 	-70.7106781187
0.00000000 7.00000000 	-70.7106781187
0.00000000 7.50000000 	-70.7106781187
0.00000000 8.00000000 	-70.7106781187
0.50000000 -12.00000000 	70.7106781187
0.50000000 -11.50000000 	70.7106781187
0.50000000 -11.00000000 	70.7106781187
0.50000000 -10.50000000 	70.7106781187
0.50000000 -10.00000000 	70.7106781187
0.50000000 -9.50000000 	70.7106781187
0.50000000 -9.00000000 	70.7106781187
0.50000000 -8.50000000 	70.7106781187
0.50000000 -8.00000000 	70.7106781187
0.50000000 -7.50000000 	70.7106781187
0.50000000 -7.00000000 	70.7106781187
0.50000000 -6.50000000 	70.7106781187
0.50000000 -6.00000000 	70.7106781187
0.50000000 -5.50000000 	70.7106781187
0.50000000 -5.00000000 	70.7106781187
0.50000000 -4.50000000 	70.7106781187
0.50000000 -4.00000000 	70.7106781187
0.50000000 -3.50000000 	70.7106676348
0.50000000 -3.00000000 	70.7105955051
0.50000000 -2.50000000 	70.7089724094
0.50000000 -2.00000000 	70.7029713137
0.50000000 -1.50000000 	70.4954035216
0.50000000 -1.00000000 	69.7563636218
0.50000000 -0.50000000 	67.6487395724
0.50000000 0.00000000 	70.1196958595
0.50000000 0.50000000 	-70.0921469383
0.50000000 1.00000000 	-67.6414977041
0.50000000 1.50000000 	-69.7680363571
0.50000000 2.00000000 	-70.5024579933
0.50000000 2.50000000 	-70.7051402635
0.50000000 3.00000000 	-70.7095123389
0.50000000 3.50000000 	-70.7106464645
0.50000000 4.00000000 	-70.7106781187
0.50000000 4.50000000 	-70.7106781187
0.50000000 5.00000000 	-70.7106781187
0.50000000 5.50000000 	-70.7106781187
0.50000000 6.00000000 	-70.7106781187
0.50000000 6.50000000 	-70.7106781187
0.50000000 7.00000000 	-70.7106781187
0.50000000 7.50000000 	-70.7106781187
0.50000000 8.00000000 	-70.7106781187
1.00000000 -12.00000000 	70.7106781187
1.00000000 -11.50000000 	70.7106781187
1.00000000 -11.00000000 	70.7106781187
1.00000000 -10.50000000 	70.7106781187
1.00000000 -10.00000000 	70.7106781187
1.00000000 -9.50000000 	70.7106781187
1.00000000 -9.00000000 	70.7106781187
1.00000000 -8.50000000 	70.7106781187
1.00000000 -8.00000000 	70.7106781187
1.00000000 -7.50000000 	70.7106781187
1.00000000 -7.00000000 	70.7106781187
1.00000000 -6.50000000 	70.7106781187
1.00000000 -6.00000000 	70.7106781187
1.00000000 -5.50000000 	70.7106781187
1.00000000 -5.00000000 	70.7106781187
1.00000000 -4.50000000 	70.7106781187
1.00000000 -4.00000000 	70.7106781187
1.00000000 -3.50000000 	70.7106781187
1.00000000 -3.00000000 	70.7106676348
1.00000000 -2.50000000 	70.7105955051
1.00000000 -2.00000000 	70.7089724094
1.00000000 -1.50000000 	70.7029713137
1.00000000 -1.00000000 	70.4954035216
1.00000000 -0.50000000 	69.7563708550
1.00000000 0.00000000 	67.6487802870
1.00000000 0.50000000 	70.1197753204
1.00000000 1.00000000 	-70.0926297784
1.00000000 1.50000000 	-67.6435139750
1.00000000 2.00000000 	-69.7715769030
1.00000000 2.50000000 	-70.5067901613
1.00000000 3.00000000 	-70.7084910526
1.00000000 3.50000000 	-70.7106254330
1.00000000 4.00000000 	-70.7106781187
1.00000000 4.50000000 	-70.7106781187
1.00000000 5.00000000 	-70.7106781187
1.00000000 5.50000000 	-70.7106781187
1.00000000 6.00000000 	-70.7106781187
1.00000000 6.50000000 	-70.7106781187
1.00000000 7.00000000 	-70.7106781187
1.00000000 7.50000000 	-70.7106781187
1.00000000 8.00000000 	-70.7106781187
1.50000000 -12.00000000 	70.7106781187
1.50000000 -11.50000000 	70.7106781187
1.50000000 -11.00000000 	70.7106781187
1.50000000 -10.50000000 	70.7106781187
1.50000000 -10.00000000 	70.7106781187
1.50000000 -9.50000000 	70.7106781187
1.50000000 -9.00000000 	70.7106781187
1.50000000 -8.50000000 	70.7106781187
1.50000000 -8.00000000 	70.7106781187
1.50000000 -7.50000000 	70.7106781187
1.50000000 -7.00000000 	70.7106781187
1.50000000 -6.50000000 	70.7106781187
1.50000000 -6.00000000 	70.7106781187
1.50000000 -5.50000000 	70.7106781187
1.50000000 -5.00000000 	70.7106781187
1.50000000 -4.50000000 	70.7106781187
1.50000000 -4.00000000 	70.7106781187
1.50000000 -3.50000000 	70.7106781187
1.50000000 -3.00000000 	70.7106781187
1.50000000 -2.50000000 	70.7106676348
1.50000000 -2.00000000 	70.7105955051
1.50000000 -1.50000000 	70.7089724094
1.50000000 -1.00000000 	70.7029721469
1.50000000 -0.50000000 	70.4954129764
1.50000000 0.00000000 	69.7568231857
1.50000000 0.50000000 	67.6495125830
1.50000000 1.00000000 	70.1185479562
1.50000000 1.50000000 	-70.2790243884
1.50000000 2.00000000 	-68.1954695118
1.50000000 2.50000000 	-70.3388214214
1.50000000 3.00000000 	-70.7087382936
1.50000000 3.50000000 	-70.7106196238
1.50000000 4.00000000 	-70.7106781187
1.50000000 4.50000000 	-70.7106781187
1.50000000 5.00000000 	-70.7106781187
1.50000000 5.50000000 	-70.7106781187
1.50000000 6.00000000 	-70.7106781187
1.50000000 6.50000000 	-70.7106781187
1.50000000 7.00000000 	-70.7106781187
1.50000000 7.50000000 	-70.7106781187
1.50000000 8.00000000 	-70.7106781187
2.00000000 -12.00000000 	70.7106781187
2.00000000 -11.50000000 	70.7106781187
2.00000000 -11.00000000 	70.7106781187
2.00000000 -10.50000000 	70.7106781187
2.00000000 -10.00000000 	70.7106781187
2.00000000 -9.50000000 	70.7106781187
2.00000000 -9.00000000 	70.7106781187
2.00000000 -8.50000000 	70.7106781187
2.00000000 -8.00000000 	70.7106781187
2.00000000 -7.50000000 	70.7106781187
2.00000000 -7.00000000 	70.7106781187
2.00000000 -6.50000000 	70.7106781187
2.00000000 -6.00000000 	70.7106781187
2.00000000 -5.50000000 	70.7106781187
2.00000000 -5.00000000 	70.7106781187
2.00000000 -4.50000000 	70.7106781187
2.00000000 -4.00000000 	70.7106781187
2.00000000 -3.50000000 	70.7106781187
2.00000000 -3.00000000 	70.7106781187
2.00000000 -2.50000000 	70.7106781187
2.00000000 -2.00000000 	70.7106676348
2.00000000 -1.50000000 	70.7106044376
2.00000000 -1.00000000 	70.7090373258
2.00000000 -0.50000000 	70.7040990488
2.00000000 0.00000000 	70.4996504642
2.00000000 0.50000000 	69.9485046292
2.00000000 1.00000000 	68.3837631846
2.00000000 1.50000000 	70.8415110385
2.00000000 2.00000000 	-70.3516807530
2.00000000 2.50000000 	-70.5336007844
2.00000000 3.00000000 	-70.7094600263
2.00000000 3.50000000 	-70.7106500397
2.00000000 4.00000000 	-70.7106781187
2.00000000 4.50000000 	-70.7106781187
2.00000000 5.00000000 	-70.7106781187
2.00000000 5.50000000 	-70.7106781187
2.00000000 6.00000000 	-70.7106781187
2.00000000 6.50000000 	-70.7106781187
2.00000000 7.00000000 	-70.7106781187
2.00000000 7.50000000 	-70.7106781187
2.00000000 8.00000000 	-70.7106781187
