-8.00000000 -12.00000000 	-0.0001472794
-8.00000000 -11.50000000 	-0.0001472794
-8.00000000 -11.00000000 	-0.0001472794
-8.00000000 -10.50000000 	-0.0001472794
-8.00000000 -10.00000000 	-0.0001472794
-8.00000000 -9.50000000 	-0.0001472794
-8.00000000 -9.00000000 	-0.0001472794
-8.00000000 -8.50000000 	-0.0001472794
-8.00000000 -8.00000000 	-0.0001472794
-8.00000000 -7.50000000 	-0.0001472794
-8.00000000 -7.00000000 	-0.0001472794
-8.00000000 -6.50000000 	-0.0001472794
-8.00000000 -6.00000000 	-0.0001472794
-8.00000000 -5.50000000 	-0.0001472794
-8.00000000 -5.00000000 	-0.0001472794
-8.00000000 -4.50000000 	-0.0001472794
-8.00000000 -4.00000000 	-0.0001472794
-8.00000000 -3.50000000 	-0.0001472794
-8.00000000 -3.00000000 	-0.0001472794
-8.00000000 -2.50000000 	-0.0001472794
-8.00000000 -2.00000000 	-0.0001472794
-8.00000000 -1.50000000 	-0.0001472794
-8.00000000 -1.00000000 	-0.0001472794
-8.00000000 -0.50000000 	-0.0001472794
-8.00000000 0.00000000 	-0.0001472794
-8.00000000 0.50000000 	-0.0001472794
-8.00000000 1.00000000 	-0.0001472794
-8.00000000 1.50000000 	-0.0001472794
-8.00000000 2.00000000 	-0.0001472794
-8.00000000 2.50000000 	-0.0001472794
-8.00000000 3.00000000 	-0.0001472794
-8.00000000 3.50000000 	-0.0001472794
-8.00000000 4.00000000 	-0.0001472794
-8.00000000 4.50000000 	-0.0001472794
-8.00000000 5.00000000 	-0.0001472794
-8.00000000 5.50000000 	-0.0001472794
-8.00000000 6.00000000 	-0.0001472794
-8.00000000 6.50000000 	-0.0001472794
-8.00000000 7.00000000 	-0.0001472794
-8.00000000 7.50000000 	-0.0001472794
-8.00000000 8.00000000 	-0.0001472794
-7.50000000 -12.00000000 	-0.0702057276
-7.50000000 -11.50000000 	-0.0702057276
-7.50000000 -11.00000000 	-0.0702057276
-7.50000000 -10.50000000 	-0.0702057276
-7.50000000 -10.00000000 	-0.0702057276
-7.50000000 -9.50000000 	-0.0702057276
-7.50000000 -9.00000000 	-0.0702057276
-7.50000000 -8.50000000 	-0.0702057276
-7.50000000 -8.00000000 	-0.0702057276
-7.50000000 -7.50000000 	-0.0702057276
-7.50000000 -7.00000000 	-0.0702057276
-7.50000000 -6.50000000 	-0.0702057276
-7.50000000 -6.00000000 	-0.0702057276
-7.50000000 -5.50000000 	-0.0702057276
-7.50000000 -5.00000000 	-0.0702057276
-7.50000000 -4.50000000 	-0.0702057276
-7.50000000 -4.00000000 	-0.0702057276
-7.50000000 -3.50000000 	-0.0702057276
-7.50000000 -3.00000000 	-0.0702057276
-7.50000000 -2.50000000 	-0.0702057276
-7.50000000 -2.00000000 	-0.0702057276
-7.50000000 -1.50000000 	-0.0702057276
-7.50000000 -1.00000000 	-0.0702057276
-7.50000000 -0.50000000 	-0.0702057276
-7.50000000 0.00000000 	-0.0702057276
-7.50000000 0.50000000 	-0.0702057276
-7.50000000 1.00000000 	-0.0702057276
-7.50000000 1.50000000 	-0.0702057276
-7.50000000 2.00000000 	-0.0702057276
-7.50000000 2.50000000 	-0.0702057276
-7.50000000 3.00000000 	-0.0702057276
-7.50000000 3.50000000 	-0.0702057276
-7.50000000 4.00000000 	-0.0702057276
-7.50000000 4.50000000 	-0.0702057276
-7.50000000 5.00000000 	-0.0702057276
-7.50000000 5.50000000 	-0.0702057276
-7.50000000 6.00000000 	-0.0702057276
-7.50000000 6.50000000 	-0.0702057276
-7.50000000 7.00000000 	-0.0702057276
-7.50000000 7.50000000 	-0.0702057276
-7.50000000 8.00000000 	-0.0702057276
-7.00000000 -12.00000000 	-47.3951109437
-7.00000000 -11.50000000 	-47.3951109437
-7.00000000 -11.00000000 	-47.3951109437
-7.00000000 -10.50000000 	-47.3951109437
-7.00000000 -10.00000000 	-47.3951109437
-7.00000000 -9.50000000 	-47.3951109437
-7.00000000 -9.00000000 	-47.3951109437
-7.00000000 -8.50000000 	-47.3951109437
-7.00000000 -8.00000000 	-47.3951109437
-7.00000000 -7.50000000 	-47.3951109437
-7.00000000 -7.00000000 	-47.3951109437
-7.00000000 -6.50000000 	-47.3951109437
-7.00000000 -6.00000000 	-47.3951109437
-7.00000000 -5.50000000 	-47.3951109437
-7.00000000 -5.00000000 	-47.3951109437
-7.00000000 -4.50000000 	-47.3951109437
-7.00000000 -4.00000000 	-47.3951109437
-7.00000000 -3.50000000 	-47.3951109437
-7.00000000 -3.00000000 	-47.3951109437
-7.00000000 -2.50000000 	-47.3951109437
-7.00000000 -2.00000000 	-47.3951109437
-7.00000000 -1.50000000 	-47.3951109437
-7.00000000 -1.00000000 	-47.3951109437
-7.00000000 -0.50000000 	-47.3951109437
-7.00000000 0.00000000 	-47.3951109437
-7.00000000 0.50000000 	-47.3951109437
-7.00000000 1.00000000 	-47.3951109437
-7.00000000 1.50000000 	-47.3951109437
-7.00000000 2.00000000 	-47.3951109437
-7.00000000 2.50000000 	-47.3951109437
-7.00000000 3.00000000 	-47.3951109437
-7.00000000 3.50000000 	-47.3951109437
-7.00000000 4.00000000 	-47.3951109437
-7.00000000 4.50000000 	-47.3951109437
-7.00000000 5.00000000 	-47.3951109437
-7.00000000 5.50000000 	-47.3951109437
-7.00000000 6.00000000 	-47.3951109437
-7.00000000 6.50000000 	-47.3951109437
-7.00000000 7.00000000 	-47.3951109437
-7.00000000 7.50000000 	-47.3951109437
-7.00000000 8.00000000 	-47.3951109437
-6.50000000 -12.00000000 	-4457.2700422443
-6.50000000 -11.50000000 	-4457.2700422443
-6.50000000 -11.00000000 	-4457.2700422443
-6.50000000 -10.50000000 	-4457.2700422443
-6.50000000 -10.00000000 	-4457.2700422443
-6.50000000 -9.50000000 	-4457.2700422443
-6.50000000 -9.00000000 	-4457.2700422443
-6.50000000 -8.50000000 	-4457.2700422443
-6.50000000 -8.00000000 	-4457.2700422443
-6.50000000 -7.50000000 	-4457.2700422443
-6.50000000 -7.00000000 	-4457.2700422443
-6.50000000 -6.50000000 	-4457.2700422443
-6.50000000 -6.00000000 	-4457.2700422443
-6.50000000 -5.50000000 	-4457.2700422443
-6.50000000 -5.00000000 	-4457.2700422443
-6.50000000 -4.50000000 	-4457.2700422443
-6.50000000 -4.00000000 	-4457.2700422443
-6.50000000 -3.50000000 	-4457.2700422443
-6.50000000 -3.00000000 	-4457.2700422443
-6.50000000 -2.50000000 	-4457.2700422443
-6.50000000 -2.00000000 	-4457.2700422443
-6.50000000 -1.50000000 	-4457.2700422443
-6.50000000 -1.00000000 	-4457.2700422443
-6.50000000 -0.50000000 	-4457.2700422443
-6.50000000 0.00000000 	-4457.2700422443
-6.50000000 0.50000000 	-4457.2700422443
-6.50000000 1.00000000 	-4457.2700422443
-6.50000000 1.50000000 	-4457.2700422443
-6.50000000 2.00000000 	-4457.2700422443
-6.50000000 2.50000000 	-4457.2700422443
-6.50000000 3.00000000 	-4457.2700422443
-6.50000000 3.50000000 	-4457.2700422443
-6.50000000 4.00000000 	-4457.2700422443
-6.50000000 4.50000000 	-4457.2700422443
-6.50000000 5.00000000 	-4457.2700422443
-6.50000000 5.50000000 	-4457.2700422443
-6.50000000 6.00000000 	-4457.2700422443
-6.50000000 6.50000000 	-4457.2700422443
-6.50000000 7.00000000 	-4457.2700422443
-6.50000000 7.50000000 	-4457.2700422443
-6.50000000 8.00000000 	-4457.2700422443
-6.00000000 -12.00000000 	8238.4380392680
-6.00000000 -11.50000000 	8238.4380392680
-6.00000000 -11.00000000 	8238.4380392680
-6.00000000 -10.50000000 	8238.4380392680
-6.00000000 -10.00000000 	8238.4380392680
-6.00000000 -9.50000000 	8238.4380392680
-6.00000000 -9.00000000 	8238.4380392680
-6.00000000 -8.50000000 	8238.4380392680
-6.00000000 -8.00000000 	8238.4380392680
-6.00000000 -7.50000000 	8238.4380392680
-6.00000000 -7.00000000 	8238.4380392680
-6.00000000 -6.50000000 	8238.4380392680
-6.00000000 -6.00000000 	8238.4380392680
-6.00000000 -5.50000000 	8238.4380392680
-6.00000000 -5.00000000 	8238.4380392680
-6.00000000 -4.50000000 	8238.4380392680
-6.00000000 -4.00000000 	8238.4380392680
-6.00000000 -3.50000000 	8238.4380392680
-6.00000000 -3.00000000 	8238.4380392680
-6.00000000 -2.50000000 	8238.4380392680
-6.00000000 -2.00000000 	8238.4380392680
-6.00000000 -1.50000000 	8238.4380392680
-6.00000000 -1.00000000 	8238.4380392680
-6.00000000 -0.50000000 	8238.4380392680
-6.00000000 0.00000000 	8238.4380392680
-6.00000000 0.50000000 	8238.4380392680
-6.00000000 1.00000000 	8238.4380392680
-6.00000000 1.50000000 	8238.4380392680
-6.00000000 2.00000000 	8238.4380392680
-6.00000000 2.50000000 	8238.4380392680
-6.00000000 3.00000000 	8238.4380392680
-6.00000000 3.50000000 	8238.4380392680
-6.00000000 4.00000000 	8238.4380392680
-6.00000000 4.50000000 	8238.4380392680
-6.00000000 5.00000000 	8238.4380392680
-6.00000000 5.50000000 	8238.4380392680
-6.00000000 6.00000000 	8238.4380392680
-6.00000000 6.50000000 	8238.4380392680
-6.00000000 7.00000000 	8238.4380392680
-6.00000000 7.50000000 	8238.4380392680
-6.00000000 8.00000000 	8238.4380392680
-5.50000000 -12.00000000 	11016.9698396286
-5.50000000 -11.50000000 	11016.9698396286
-5.50000000 -11.00000000 	11016.9698396286
-5.50000000 -10.50000000 	11016.9698396286
-5.50000000 -10.00000000 	11016.9698396286
-5.50000000 -9.50000000 	11016.9698396286
-5.50000000 -9.00000000 	11016.9698396286
-5.50000000 -8.50000000 	11016.9698396286
-5.50000000 -8.00000000 	11016.9698396286
-5.50000000 -7.50000000 	11016.9698396286
-5.50000000 -7.00000000 	11016.9698396286
-5.50000000 -6.50000000 	11016.9698396286
-5.50000000 -6.00000000 	11016.9698396286
-5.50000000 -5.50000000 	11016.9698396286
-5.50000000 -5.00000000 	11016.9698396286
-5.50000000 -4.50000000 	11016.9698396286
-5.50000000 -4.00000000 	11016.9698396286
-5.50000000 -3.50000000 	11016.9698396286
-5.50000000 -3.00000000 	11016.9698396286
-5.50000000 -2.50000000 	11016.9698396286
-5.50000000 -2.00000000 	11016.9698396286
-5.50000000 -1.50000000 	11016.9698396286
-5.50000000 -1.00000000 	11016.9698396286
-5.50000000 -0.50000000 	11016.9698396286
-5.50000000 0.00000000 	11016.9698396286
-5.50000000 0.50000000 	11016.9698396286
-5.50000000 1.00000000 	11016.9698396286
-5.50000000 1.50000000 	11016.9698396286
-5.50000000 2.00000000 	11016.9698396286
-5.50000000 2.50000000 	11016.9698396286
-5.50000000 3.00000000 	11016.9698396286
-5.50000000 3.50000000 	11016.9698396286
-5.50000000 4.00000000 	11016.9698396286
-5.50000000 4.50000000 	11016.9698396286
-5.50000000 5.00000000 	11016.9698396286
-5.50000000 5.50000000 	11016.9698396286
-5.50000000 6.00000000 	11016.9698396286
-5.50000000 6.50000000 	11016.9698396286
-5.50000000 7.00000000 	11016.9698396286
-5.50000000 7.50000000 	11016.9698396286
-5.50000000 8.00000000 	11016.9698396286
-5.00000000 -12.00000000 	4514.9603924382
-5.00000000 -11.50000000 	4514.9603924382
-5.00000000 -11.00000000 	4514.9603924382
-5.00000000 -10.50000000 	4514.9603924382
-5.00000000 -10.00000000 	4514.9603924382
-5.00000000 -9.50000000 	4514.9603924382
-5.00000000 -9.00000000 	4514.9603924382
-5.00000000 -8.50000000 	4514.9603924382
-5.00000000 -8.00000000 	4514.9603924382
-5.00000000 -7.50000000 	4514.9603924382
-5.00000000 -7.00000000 	4514.9603924382
-5.00000000 -6.50000000 	4514.9603924382
-5.00000000 -6.00000000 	4514.9603924382
-5.00000000 -5.50000000 	4514.9603924382
-5.00000000 -5.00000000 	4514.9603924382
-5.00000000 -4.50000000 	4514.9603924382
-5.00000000 -4.00000000 	4514.9603924382
-5.00000000 -3.50000000 	4514.9603924382
-5.00000000 -3.00000000 	4514.9603924382
-5.00000000 -2.50000000 	4514.9603924382
-5.00000000 -2.00000000 	4514.9603924382
-5.00000000 -1.50000000 	4514.9603924382
-5.00000000 -1.00000000 	4514.9603924382
-5.00000000 -0.50000000 	4514.9603924382
-5.00000000 0.00000000 	4514.9603924382
-5.00000000 0.50000000 	4514.9603924382
-5.00000000 1.00000000 	4514.9603924382
-5.00000000 1.50000000 	4514.9603924382
-5.00000000 2.00000000 	4514.9603924382
-5.00000000 2.50000000 	4514.9603924382
-5.00000000 3.00000000 	4514.9603924382
-5.00000000 3.50000000 	4514.9603924382
-5.00000000 4.00000000 	4514.9603924382
-5.00000000 4.50000000 	4514.9603924382
-5.00000000 5.00000000 	4514.9603924382
-5.00000000 5.50000000 	4514.9603924382
-5.00000000 6.00000000 	4514.9603924382
-5.00000000 6.50000000 	4514.9603924382
-5.00000000 7.00000000 	4514.9603924382
-5.00000000 7.50000000 	4514.9603924382
-5.00000000 8.00000000 	4514.9603924382
-4.50000000 -12.00000000 	256.5052136086
-4.50000000 -11.50000000 	256.5052136086
-4.50000000 -11.00000000 	256.5052136086
-4.50000000 -10.50000000 	256.5052136086
-4.50000000 -10.00000000 	256.5052136086
-4.50000000 -9.50000000 	256.5052136086
-4.50000000 -9.00000000 	256.5052136086
-4.50000000 -8.50000000 	256.5052136086
-4.50000000 -8.00000000 	256.5052136086
-4.50000000 -7.50000000 	256.5052136086
-4.50000000 -7.00000000 	256.5052136086
-4.50000000 -6.50000000 	256.5052136086
-4.50000000 -6.00000000 	256.5052136086
-4.50000000 -5.50000000 	256.5052136086
-4.50000000 -5.00000000 	256.5052136086
-4.50000000 -4.50000000 	256.5052136086
-4.50000000 -4.00000000 	256.5052136086
-4.50000000 -3.50000000 	256.5052136086
-4.50000000 -3.00000000 	256.5052136086
-4.50000000 -2.50000000 	256.5052136086
-4.50000000 -2.00000000 	256.5052136086
-4.50000000 -1.50000000 	256.5052136086
-4.50000000 -1.00000000 	256.5052136086
-4.50000000 -0.50000000 	256.5052136086
-4.50000000 0.00000000 	256.5052136086
-4.50000000 0.50000000 	256.5052136086
-4.50000000 1.00000000 	256.5052136086
-4.50000000 1.50000000 	256.5052136086
-4.50000000 2.00000000 	256.5052136086
-4.50000000 2.50000000 	256.5052136086
-4.50000000 3.00000000 	256.5052136086
-4.50000000 3.50000000 	256.5052136086
-4.50000000 4.00000000 	256.5052136086
-4.50000000 4.50000000 	256.5052136086
-4.50000000 5.00000000 	256.5052136086
-4.50000000 5.50000000 	256.5052136086
-4.50000000 6.00000000 	256.5052136086
-4.50000000 6.50000000 	256.5052136086
-4.50000000 7.00000000 	256.5052136086
-4.50000000 7.50000000 	256.5052136086
-4.50000000 8.00000000 	256.5052136086
-4.00000000 -12.00000000 	0.2375617452
-4.00000000 -11.50000000 	0.2375617452
-4.00000000 -11.00000000 	0.2375617452
-4.00000000 -10.50000000 	0.2375617452
-4.00000000 -10.00000000 	0.2375617452
-4.00000000 -9.50000000 	0.2375617452
-4.00000000 -9.00000000 	0.2375617452
-4.00000000 -8.50000000 	0.2375617452
-4.00000000 -8.00000000 	0.2375617452
-4.00000000 -7.50000000 	0.2375617452
-4.00000000 -7.00000000 	0.2375617452
-4.00000000 -6.50000000 	0.2375617452
-4.00000000 -6.00000000 	0.2375617452
-4.00000000 -5.50000000 	0.2375617452
-4.00000000 -5.00000000 	0.2375617452
-4.00000000 -4.50000000 	0.2375617452
-4.00000000 -4.00000000 	0.2375617452
-4.00000000 -3.50000000 	0.2375617452
-4.00000000 -3.00000000 	0.2375617452
-4.00000000 -2.50000000 	0.2375617452
-4.00000000 -2.00000000 	0.2375617452
-4.00000000 -1.50000000 	0.2375617452
-4.00000000 -1.00000000 	0.2375617452
-4.00000000 -0.50000000 	0.2375617452
-4.00000000 0.00000000 	0.2375617452
-4.00000000 0.50000000 	0.2375617452
-4.00000000 1.00000000 	0.2375617452
-4.00000000 1.50000000 	0.2375617452
-4.00000000 2.00000000 	0.2375617452
-4.00000000 2.50000000 	0.2375617452
-4.00000000 3.00000000 	0.2375617452
-4.00000000 3.50000000 	0.2375617452
-4.00000000 4.00000000 	0.2375617452
-4.00000000 4.50000000 	0.2375617452
-4.00000000 5.00000000 	0.2375617452
-4.00000000 5.50000000 	0.2375617452
-4.00000000 6.00000000 	0.2375617452
-4.00000000 6.50000000 	0.2375617452
-4.00000000 7.00000000 	0.2375617452
-4.00000000 7.50000000 	0.2375617452
-4.00000000 8.00000000 	0.2375617452
-3.50000000 -12.00000000 	0.0005924226
-3.50000000 -11.50000000 	0.0005924226
-3.50000000 -11.00000000 	0.0005924226
-3.50000000 -10.50000000 	0.0005924226
-3.50000000 -10.00000000 	0.0005924226
-3.50000000 -9.50000000 	0.0005924226
-3.50000000 -9.00000000 	0.0005924226
-3.50000000 -8.50000000 	0.0005924226
-3.50000000 -8.00000000 	0.0005924226
-3.50000000 -7.50000000 	0.0005924226
-3.50000000 -7.00000000 	0.0005924226
-3.50000000 -6.50000000 	0.0005924226
-3.50000000 -6.00000000 	0.0005924226
-3.50000000 -5.50000000 	0.0005924226
-3.50000000 -5.00000000 	0.0005924226
-3.50000000 -4.50000000 	0.0005924226
-3.50000000 -4.00000000 	0.0005924226
-3.50000000 -3.50000000 	0.0005924226
-3.50000000 -3.00000000 	0.0005924226
-3.50000000 -2.50000000 	0.0005924226
-3.50000000 -2.00000000 	0.0005924226
-3.50000000 -1.50000000 	0.0005924226
-3.50000000 -1.00000000 	0.0005924226
-3.50000000 -0.50000000 	0.0005924227
-3.50000000 0.00000000 	0.0005924227
-3.50000000 0.50000000 	0.0005924227
-3.50000000 1.00000000 	0.0005924227
-3.50000000 1.50000000 	0.0005924227
-3.50000000 2.00000000 	0.0005924227
-3.50000000 2.50000000 	0.0005924227
-3.50000000 3.00000000 	0.0005924227
-3.50000000 3.50000000 	0.0005924226
-3.50000000 4.00000000 	0.0005924226
-3.50000000 4.50000000 	0.0005924226
-3.50000000 5.00000000 	0.0005924226
-3.50000000 5.50000000 	0.0005924226
-3.50000000 6.00000000 	0.0005924226
-3.50000000 6.50000000 	0.0005924226
-3.50000000 7.00000000 	0.0005924226
-3.50000000 7.50000000 	0.0005924226
-3.50000000 8.00000000 	0.0005924226
-3.00000000 -12.00000000 	0.0000001462
-3.00000000 -11.50000000 	0.0000001462
-3.00000000 -11.00000000 	0.0000001462
-3.00000000 -10.50000000 	0.0000001462
-3.00000000 -10.00000000 	0.0000001462
-3.00000000 -9.50000000 	0.0000001462
-3.00000000 -9.00000000 	0.0000001462
-3.00000000 -8.50000000 	0.0000001462
-3.00000000 -8.00000000 	0.0000001462
-3.00000000 -7.50000000 	0.0000001462
-3.00000000 -7.00000000 	0.0000001462
-3.00000000 -6.50000000 	0.0000001462
-3.00000000 -6.00000000 	0.0000001462
-3.00000000 -5.50000000 	0.0000001462
-3.00000000 -5.00000000 	0.0000001462
-3.00000000 -4.50000000 	0.0000001462
-3.00000000 -4.00000000 	0.0000001462
-3.00000000 -3.50000000 	0.0000001462
-3.00000000 -3.00000000 	0.0000001462
-3.00000000 -2.50000000 	0.0000001462
-3.00000000 -2.00000000 	0.0000001462
-3.00000000 -1.50000000 	0.0000001463
-3.00000000 -1.00000000 	0.0000001464
-3.00000000 -0.50000000 	0.0000001465
-3.00000000 0.00000000 	0.0000001467
-3.00000000 0.50000000 	0.0000001469
-3.00000000 1.00000000 	0.0000001470
-3.00000000 1.50000000 	0.0000001470
-3.00000000 2.00000000 	0.0000001469
-3.00000000 2.50000000 	0.0000001467
-3.00000000 3.00000000 	0.0000001465
-3.00000000 3.50000000 	0.0000001464
-3.00000000 4.00000000 	0.0000001463
-3.00000000 4.50000000 	0.0000001462
-3.00000000 5.00000000 	0.0000001462
-3.00000000 5.50000000 	0.0000001462
-3.00000000 6.00000000 	0.0000001462
-3.00000000 6.50000000 	0.0000001462
-3.00000000 7.00000000 	0.0000001462
-3.00000000 7.50000000 	0.0000001462
-3.00000000 8.00000000 	0.0000001462
-2.50000000 -12.00000000 	0.0000000000
-2.50000000 -11.50000000 	0.0000000000
-2.50000000 -11.00000000 	0.0000000000
-2.50000000 -10.50000000 	0.0000000000
-2.50000000 -10.00000000 	0.0000000000
-2.50000000 -9.50000000 	0.0000000000
-2.50000000 -9.00000000 	0.0000000000
-2.50000000 -8.50000000 	0.0000000000
-2.50000000 -8.00000000 	0.0000000000
-2.50000000 -7.50000000 	0.0000000000
-2.50000000 -7.00000000 	0.0000000000
-2.50000000 -6.50000000 	0.0000000000
-2.50000000 -6.00000000 	0.0000000000
-2.50000000 -5.50000000 	0.0000000000
-2.50000000 -5.00000000 	0.0000000000
-2.50000000 -4.50000000 	0.0000000000
-2.50000000 -4.00000000 	0.0000000000
-2.50000000 -3.50000000 	0.0000000000
-2.50000000 -3.00000000 	0.0000000000
-2.50000000 -2.50000000 	0.0000000000
-2.50000000 -2.00000000 	0.0000000001
-2.50000000 -1.50000000 	0.0000007362
-2.50000000 -1.00000000 	0.0000036643
-2.50000000 -0.50000000 	0.0000087691
-2.50000000 0.00000000 	0.0000145944
-2.50000000 0.50000000 	0.0000196837
-2.50000000 1.00000000 	0.0000225810
-2.50000000 1.50000000 	0.0000225810
-2.50000000 2.00000000 	0.0000196837
-2.50000000 2.50000000 	0.0000145944
-2.50000000 3.00000000 	0.0000087692
-2.50000000 3.50000000 	0.0000036644
-2.50000000 4.00000000 	0.0000007362
-2.50000000 4.50000000 	0.0000000001
-2.50000000 5.00000000 	0.0000000000
-2.50000000 5.50000000 	0.0000000000
-2.50000000 6.00000000 	0.0000000000
-2.50000000 6.50000000 	0.0000000000
-2.50000000 7.00000000 	0.0000000000
-2.50000000 7.50000000 	0.0000000000
-2.50000000 8.00000000 	0.0000000000
-2.00000000 -12.00000000 	0.0000000000
-2.00000000 -11.50000000 	0.0000000000
-2.00000000 -11.00000000 	0.0000000000
-2.00000000 -10.50000000 	0.0000000000
-2.00000000 -10.00000000 	0.0000000000
-2.00000000 -9.50000000 	0.0000000000
-2.00000000 -9.00000000 	0.0000000000
-2.00000000 -8.50000000 	0.0000000000
-2.00000000 -8.00000000 	0.0000000000
-2.00000000 -7.50000000 	0.0000000000
-2.00000000 -7.00000000 	0.0000000000
-2.00000000 -6.50000000 	0.0000000000
-2.00000000 -6.00000000 	0.0000000000
-2.00000000 -5.50000000 	0.0000000000
-2.00000000 -5.00000000 	0.0000000000
-2.00000000 -4.50000000 	0.0000000000
-2.00000000 -4.00000000 	0.0000000000
-2.00000000 -3.50000000 	0.0000000000
-2.00000000 -3.00000000 	0.0000000000
-2.00000000 -2.50000000 	0.0000000001
-2.00000000 -2.00000000 	0.0000007362
-2.00000000 -1.50000000 	0.0000051046
-2.00000000 -1.00000000 	0.0000239256
-2.00000000 -0.50000000 	0.0000486645
-2.00000000 0.00000000 	0.0000677755
-2.00000000 0.50000000 	0.0000891155
-2.00000000 1.00000000 	0.0001023055
-2.00000000 1.50000000 	0.0001023055
-2.00000000 2.00000000 	0.0000892675
-2.00000000 2.50000000 	0.0000693889
-2.00000000 3.00000000 	0.0000514351
-2.00000000 3.50000000 	0.0000252350
-2.00000000 4.00000000 	0.0000051047
-2.00000000 4.50000000 	0.0000007362
-2.00000000 5.00000000 	0.0000000001
-2.00000000 5.50000000 	0.0000000000
-2.00000000 6.00000000 	0.0000000000
-2.00000000 6.50000000 	0.0000000000
-2.00000000 7.00000000 	0.0000000000
-2.00000000 7.50000000 	0.0000000000
-2.00000000 8.00000000 	0.0000000000
-1.50000000 -12.00000000 	0.0000000000
-1.50000000 -11.50000000 	0.0000000000
-1.50000000 -11.00000000 	0.0000000000
-1.50000000 -10.50000000 	0.0000000000
-1.50000000 -10.00000000 	0.0000000000
-1.50000000 -9.50000000 	0.0000000000
-1.50000000 -9.00000000 	0.0000000000
-1.50000000 -8.50000000 	0.0000000000
-1.50000000 -8.00000000 	0.0000000000
-1.50000000 -7.50000000 	0.0000000000
-1.50000000 -7.00000000 	0.0000000000
-1.50000000 -6.50000000 	0.0000000000
-1.50000000 -6.00000000 	0.0000000000
-1.50000000 -5.50000000 	0.0000000000
-1.50000000 -5.00000000 	0.0000000000
-1.50000000 -4.50000000 	0.0000000000
-1.50000000 -4.00000000 	0.0000000000
-1.50000000 -3.50000000 	0.0000000000
-1.50000000 -3.00000000 	0.0000000000
-1.50000000 -2.50000000 	0.0000007361
-1.50000000 -2.00000000 	0.0000051045
-1.50000000 -1.50000000 	0.0000245950
-1.50000000 -1.00000000 	0.0000432072
-1.50000000 -0.50000000 	0.3031121556
-1.50000000 0.00000000 	0.9029464111
-1.50000000 0.50000000 	1.1997054490
-1.50000000 1.00000000 	1.1996999992
-1.50000000 1.50000000 	1.1996999991
-1.50000000 2.00000000 	1.1997042671
-1.50000000 2.50000000 	0.9029451342
-1.50000000 3.00000000 	0.3031121684
-1.50000000 3.50000000 	0.0000473284
-1.50000000 4.00000000 	0.0000259788
-1.50000000 4.50000000 	0.0000051047
-1.50000000 5.00000000 	0.0000007362
-1.50000000 5.50000000 	0.0000000001
-1.50000000 6.00000000 	0.0000000000
-1.50000000 6.50000000 	0.0000000000
-1.50000000 7.00000000 	0.0000000000
-1.50000000 7.50000000 	0.0000000000
-1.50000000 8.00000000 	0.0000000000
-1.00000000 -12.00000000 	0.0000000000
-1.00000000 -11.50000000 	0.0000000000
-1.00000000 -11.00000000 	0.0000000000
-1.00000000 -10.50000000 	0.0000000000
-1.00000000 -10.00000000 	0.0000000000
-1.00000000 -9.50000000 	0.0000000000
-1.00000000 -9.00000000 	0.0000000000
-1.00000000 -8.50000000 	0.0000000000
-1.00000000 -8.00000000 	0.0000000000
-1.00000000 -7.50000000 	0.0000000000
-1.00000000 -7.00000000 	0.0000000000
-1.00000000 -6.50000000 	0.0000000000
-1.00000000 -6.00000000 	0.0000000000
-1.00000000 -5.50000000 	0.0000000000
-1.00000000 -5.00000000 	0.0000000000
-1.00000000 -4.50000000 	0.0000000000
-1.00000000 -4.00000000 	0.0000000000
-1.00000000 -3.50000000 	0.0000000000
-1.00000000 -3.00000000 	0.0000000001
-1.00000000 -2.50000000 	0.0000021924
-1.00000000 -2.00000000 	0.0000195732
-1.00000000 -1.50000000 	0.0000375160
-1.00000000 -1.00000000 	0.3031084982
-1.00000000 -0.50000000 	0.8901226639
-1.00000000 0.00000000 	1.4509656598
-1.00000000 0.50000000 	1.4343918053
-1.00000000 1.00000000 	1.4343961586
-1.00000000 1.50000000 	1.4343961586
-1.00000000 2.00000000 	1.4343899691
-1.00000000 2.50000000 	1.4509582245
-1.00000000 3.00000000 	0.8901183815
-1.00000000 3.50000000 	0.3031120699
-1.00000000 4.00000000 	0.0000474082
-1.00000000 4.50000000 	0.0000259786
-1.00000000 5.00000000 	0.0000051046
-1.00000000 5.50000000 	0.0000007361
-1.00000000 6.00000000 	0.0000000000
-1.00000000 6.50000000 	0.0000000000
-1.00000000 7.00000000 	0.0000000000
-1.00000000 7.50000000 	0.0000000000
-1.00000000 8.00000000 	0.0000000000
-0.50000000 -12.00000000 	0.0000000000
-0.50000000 -11.50000000 	0.0000000000
-0.50000000 -11.00000000 	0.0000000000
-0.50000000 -10.50000000 	0.0000000000
-0.50000000 -10.00000000 	0.0000000000
-0.50000000 -9.50000000 	0.0000000000
-0.50000000 -9.00000000 	0.0000000000
-0.50000000 -8.50000000 	0.0000000000
-0.50000000 -8.00000000 	0.0000000000
-0.50000000 -7.50000000 	0.0000000000
-0.50000000 -7.00000000 	0.0000000000
-0.50000000 -6.50000000 	0.0000000000
-0.50000000 -6.00000000 	0.0000000000
-0.50000000 -5.50000000 	0.0000000000
-0.50000000 -5.00000000 	0.0000000000
-0.50000000 -4.50000000 	0.0000000000
-0.50000000 -4.00000000 	0.0000000000
-0.50000000 -3.50000000 	0.0000000000
-0.50000000 -3.00000000 	0.0000007361
-0.50000000 -2.50000000 	0.0000058250
-0.50000000 -2.00000000 	0.0000198160
-0.50000000 -1.50000000 	0.3030974867
-0.50000000 -1.00000000 	0.8901077046
-0.50000000 -0.50000000 	1.0881802442
-0.50000000 0.00000000 	0.3544937248
-0.50000000 0.50000000 	0.0001465734
-0.50000000 1.00000000 	0.0001449797
-0.50000000 1.50000000 	0.0001449798
-0.50000000 2.00000000 	0.0001479753
-0.50000000 2.50000000 	0.3544993914
-0.50000000 3.00000000 	1.0881878909
-0.50000000 3.50000000 	0.8901178308
-0.50000000 4.00000000 	0.3031060699
-0.50000000 4.50000000 	0.0000414881
-0.50000000 5.00000000 	0.0000208823
-0.50000000 5.50000000 	0.0000021923
-0.50000000 6.00000000 	0.0000000001
-0.50000000 6.50000000 	0.0000000000
-0.50000000 7.00000000 	0.0000000000
-0.50000000 7.50000000 	0.0000000000
-0.50000000 8.00000000 	0.0000000000
0.00000000 -12.00000000 	0.0000000000
0.00000000 -11.50000000 	0.0000000000
0.00000000 -11.00000000 	0.0000000000
0.00000000 -10.50000000 	0.0000000000
0.00000000 -10.00000000 	0.0000000000
0.00000000 -9.50000000 	0.0000000000
0.00000000 -9.00000000 	0.0000000000
0.00000000 -8.50000000 	0.0000000000
0.00000000 -8.00000000 	0.0000000000
0.00000000 -7.50000000 	0.0000000000
0.00000000 -7.00000000 	0.0000000000
0.00000000 -6.50000000 	0.0000000000
0.00000000 -6.00000000 	0.0000000000
0.00000000 -5.50000000 	0.0000000000
0.00000000 -5.00000000 	0.0000000000
0.00000000 -4.50000000 	0.0000000000
0.00000000 -4.00000000 	0.0000000000
0.00000000 -3.50000000 	0.0000000001
0.00000000 -3.00000000 	0.0000021923
0.00000000 -2.50000000 	0.0000195729
0.00000000 -2.00000000 	0.0000364947
0.00000000 -1.50000000 	0.2968058429
0.00000000 -1.00000000 	0.7253743739
0.00000000 -0.50000000 	0.3544447786
0.00000000 0.00000000 	0.0000679565
0.00000000 0.50000000 	0.0000433359
0.00000000 1.00000000 	0.0000270925
0.00000000 1.50000000 	0.0000270925
0.00000000 2.00000000 	0.0000450576
0.00000000 2.50000000 	0.0000739083
0.00000000 3.00000000 	0.3544491143
0.00000000 3.50000000 	1.0881477326
0.00000000 4.00000000 	0.8900914845
0.00000000 4.50000000 	0.3030912164
0.00000000 5.00000000 	0.0000177324
0.00000000 5.50000000 	0.0000029129
0.00000000 6.00000000 	0.0000000001
0.00000000 6.50000000 	0.0000000000
0.00000000 7.00000000 	0.0000000000
0.00000000 7.50000000 	0.0000000000
0.00000000 8.00000000 	0.0000000000
0.50000000 -12.00000000 	0.0000000000
0.50000000 -11.50000000 	0.0000000000
0.50000000 -11.00000000 	0.0000000000
0.50000000 -10.50000000 	0.0000000000
0.50000000 -10.00000000 	0.0000000000
0.50000000 -9.50000000 	0.0000000000
0.50000000 -9.00000000 	0.0000000000
0.50000000 -8.50000000 	0.0000000000
0.50000000 -8.00000000 	0.0000000000
0.50000000 -7.50000000 	0.0000000000
0.50000000 -7.00000000 	0.0000000000
0.50000000 -6.50000000 	0.0000000000
0.50000000 -6.00000000 	0.0000000000
0.50000000 -5.50000000 	0.0000000000
0.50000000 -5.00000000 	0.0000000000
0.50000000 -4.50000000 	0.0000000000
0.50000000 -4.00000000 	0.0000000000
0.50000000 -3.50000000 	0.0000000001
0.50000000 -3.00000000 	0.0000029128
0.50000000 -2.50000000 	0.0000140573
0.50000000 -2.00000000 	0.3030957380
0.50000000 -1.50000000 	0.5933438739
0.50000000 -1.00000000 	0.3628483873
0.50000000 -0.50000000 	0.0000560686
0.50000000 0.00000000 	0.0000273727
0.50000000 0.50000000 	0.0000055649
0.50000000 1.00000000 	0.0000007881
0.50000000 1.50000000 	0.0000007881
0.50000000 2.00000000 	0.0000055650
0.50000000 2.50000000 	0.0000290943
0.50000000 3.00000000 	0.0000611298
0.50000000 3.50000000 	0.3544229124
0.50000000 4.00000000 	0.7253267672
0.50000000 4.50000000 	0.2967882211
0.50000000 5.00000000 	0.0000174524
0.50000000 5.50000000 	0.0000029128
0.50000000 6.00000000 	0.0000000001
0.50000000 6.50000000 	0.0000000000
0.50000000 7.00000000 	0.0000000000
0.50000000 7.50000000 	0.0000000000
0.50000000 8.00000000 	0.0000000000
1.00000000 -12.00000000 	0.0000000000
1.00000000 -11.50000000 	0.0000000000
1.00000000 -11.00000000 	0.0000000000
1.00000000 -10.50000000 	0.0000000000
1.00000000 -10.00000000 	0.0000000000
1.00000000 -9.50000000 	0.0000000000
1.00000000 -9.00000000 	0.0000000000
1.00000000 -8.50000000 	0.0000000000
1.00000000 -8.00000000 	0.0000000000
1.00000000 -7.50000000 	0.0000000000
1.00000000 -7.00000000 	0.0000000000
1.00000000 -6.50000000 	0.0000000000
1.00000000 -6.00000000 	0.0000000000
1.00000000 -5.50000000 	0.0000000000
1.00000000 -5.00000000 	0.0000000000
1.00000000 -4.50000000 	0.0000000000
1.00000000 -4.00000000 	0.0000000000
1.00000000 -3.50000000 	0.0000000001
1.00000000 -3.00000000 	0.0000029127
1.00000000 -2.50000000 	0.0000124446
1.00000000 -2.00000000 	0.2967733611
1.00000000 -1.50000000 	0.7253096895
1.00000000 -1.00000000 	0.3543880571
1.00000000 -0.50000000 	0.0000216881
1.00000000 0.00000000 	0.0000063700
1.00000000 0.50000000 	0.0000007873
1.00000000 1.00000000 	0.0000000001
1.00000000 1.50000000 	0.0000000001
1.00000000 2.00000000 	0.0000007873
1.00000000 2.50000000 	0.0000055643
1.00000000 3.00000000 	0.0000259086
1.00000000 3.50000000 	0.0000412328
1.00000000 4.00000000 	0.0000396344
1.00000000 4.50000000 	0.0000256308
1.00000000 5.00000000 	0.0000186812
1.00000000 5.50000000 	0.0000021769
1.00000000 6.00000000 	0.0000000001
1.00000000 6.50000000 	0.0000000000
1.00000000 7.00000000 	0.0000000000
1.00000000 7.50000000 	0.0000000000
1.00000000 8.00000000 	0.0000000000
1.50000000 -12.00000000 	0.0000000000
1.50000000 -11.50000000 	0.0000000000
1.50000000 -11.00000000 	0.0000000000
1.50000000 -10.50000000 	0.0000000000
1.50000000 -10.00000000 	0.0000000000
1.50000000 -9.50000000 	0.0000000000
1.50000000 -9.00000000 	0.0000000000
1.50000000 -8.50000000 	0.0000000000
1.50000000 -8.00000000 	0.0000000000
1.50000000 -7.50000000 	0.0000000000
1.50000000 -7.00000000 	0.0000000000
1.50000000 -6.50000000 	0.0000000000
1.50000000 -6.00000000 	0.0000000000
1.50000000 -5.50000000 	0.0000000000
1.50000000 -5.00000000 	0.0000000000
1.50000000 -4.50000000 	0.0000000000
1.50000000 -4.00000000 	0.0000000000
1.50000000 -3.50000000 	0.0000000001
1.50000000 -3.00000000 	0.0000021768
1.50000000 -2.50000000 	0.0000157219
1.50000000 -2.00000000 	0.0000215133
1.50000000 -1.50000000 	0.0000313566
1.50000000 -1.00000000 	0.0000334482
1.50000000 -0.50000000 	0.0000186138
1.50000000 0.00000000 	0.0000023796
1.50000000 0.50000000 	0.0000000001
1.50000000 1.00000000 	0.0000000000
1.50000000 1.50000000 	0.0000000000
1.50000000 2.00000000 	0.0000000001
1.50000000 2.50000000 	0.0000007873
1.50000000 3.00000000 	0.0000031848
1.50000000 3.50000000 	0.0000057222
1.50000000 4.00000000 	0.0000070202
1.50000000 4.50000000 	0.0000052618
1.50000000 5.00000000 	0.0000030259
1.50000000 5.50000000 	0.0000007207
1.50000000 6.00000000 	0.0000000000
1.50000000 6.50000000 	0.0000000000
1.50000000 7.00000000 	0.0000000000
1.50000000 7.50000000 	0.0000000000
1.50000000 8.00000000 	0.0000000000
2.00000000 -12.00000000 	0.0000000000
2.00000000 -11.50000000 	0.0000000000
2.00000000 -11.00000000 	0.0000000000
2.00000000 -10.50000000 	0.0000000000
2.00000000 -10.00000000 	0.0000000000
2.00000000 -9.50000000 	0.0000000000
2.00000000 -9.00000000 	0.0000000000
2.00000000 -8.50000000 	0.0000000000
2.00000000 -8.00000000 	0.0000000000
2.00000000 -7.50000000 	0.0000000000
2.00000000 -7.00000000 	0.0000000000
2.00000000 -6.50000000 	0.0000000000
2.00000000 -6.00000000 	0.0000000000
2.00000000 -5.50000000 	0.0000000000
2.00000000 -5.00000000 	0.0000000000
2.00000000 -4.50000000 	0.0000000000
2.00000000 -4.00000000 	0.0000000000
2.00000000 -3.50000000 	0.0000000000
2.00000000 -3.00000000 	0.0000007206
2.00000000 -2.50000000 	0.0000027089
2.00000000 -2.00000000 	0.0000044855
2.00000000 -1.50000000 	0.0000062604
2.00000000 -1.00000000 	0.0000055365
2.00000000 -0.50000000 	0.0000031846
2.00000000 0.00000000 	0.0000007871
2.00000000 0.50000000 	0.0000000000
2.00000000 1.00000000 	0.0000000000
2.00000000 1.50000000 	0.0000000000
2.00000000 2.00000000 	0.0000000000
2.00000000 2.50000000 	0.0000000001
2.00000000 3.00000000 	0.0000000001
2.00000000 3.50000000 	0.0000000002
2.00000000 4.00000000 	0.0000000003
2.00000000 4.50000000 	0.0000000001
2.00000000 5.00000000 	0.0000000001
2.00000000 5.50000000 	0.0000000001
2.00000000 6.00000000 	0.0000000000
2.00000000 6.50000000 	0.0000000000
2.00000000 7.00000000 	0.0000000000
2.00000000 7.50000000 	0.0000000000
2.00000000 8.00000000 	0.0000000000
