-8.00000000 -12.00000000 	-100.0000000000
-8.00000000 -11.50000000 	-100.0000000000
-8.00000000 -11.00000000 	-100.0000000000
-8.00000000 -10.50000000 	-100.0000000000
-8.00000000 -10.00000000 	-100.0000000000
-8.00000000 -9.50000000 	-100.0000000000
-8.00000000 -9.00000000 	-100.0000000000
-8.00000000 -8.50000000 	-100.0000000000
-8.00000000 -8.00000000 	-100.0000000000
-8.00000000 -7.50000000 	-100.0000000000
-8.00000000 -7.00000000 	-100.0000000000
-8.00000000 -6.50000000 	-100.0000000000
-8.00000000 -6.00000000 	-100.0000000000
-8.00000000 -5.50000000 	-100.0000000000
-8.00000000 -5.00000000 	-100.0000000000
-8.00000000 -4.50000000 	-100.0000000000
-8.00000000 -4.00000000 	-100.0000000000
-8.00000000 -3.50000000 	-100.0000000000
-8.00000000 -3.00000000 	-100.0000000000
-8.00000000 -2.50000000 	-100.0000000000
-8.00000000 -2.00000000 	-100.0000000000
-8.00000000 -1.50000000 	-100.0000000000
-8.00000000 -1.00000000 	-100.0000000000
-8.00000000 -0.50000000 	-100.0000000000
-8.00000000 0.00000000 	-100.0000000000
-8.00000000 0.50000000 	-100.0000000000
-8.00000000 1.00000000 	-100.0000000000
-8.00000000 1.50000000 	-100.0000000000
-8.00000000 2.00000000 	-100.0000000000
-8.00000000 2.50000000 	-100.0000000000
-8.00000000 3.00000000 	-100.0000000000
-8.00000000 3.50000000 	-100.0000000000
-8.00000000 4.00000000 	-100.0000000000
-8.00000000 4.50000000 	-100.0000000000
-8.00000000 5.00000000 	-100.0000000000
-8.00000000 5.50000000 	-100.0000000000
-8.00000000 6.00000000 	-100.0000000000
-8.00000000 6.50000000 	-100.0000000000
-8.00000000 7.00000000 	-100.0000000000
-8.00000000 7.50000000 	-100.0000000000
-8.00000000 8.00000000 	-100.0000000000
-7.50000000 -12.00000000 	-100.0000000000
-7.50000000 -11.50000000 	-100.0000000000
-7.50000000 -11.00000000 	-100.0000000000
-7.50000000 -10.50000000 	-100.0000000000
-7.50000000 -10.00000000 	-100.0000000000
-7.50000000 -9.50000000 	-100.0000000000
-7.50000000 -9.00000000 	-100.0000000000
-7.50000000 -8.50000000 	-100.0000000000
-7.50000000 -8.00000000 	-100.0000000000
-7.50000000 -7.50000000 	-100.0000000000
-7.50000000 -7.00000000 	-100.0000000000
-7.50000000 -6.50000000 	-100.0000000000
-7.50000000 -6.00000000 	-100.0000000000
-7.50000000 -5.50000000 	-100.0000000000
-7.50000000 -5.00000000 	-100.0000000000
-7.50000000 -4.50000000 	-100.0000000000
-7.50000000 -4.00000000 	-100.0000000000
-7.50000000 -3.50000000 	-100.0000000000
-7.50000000 -3.00000000 	-100.0000000000
-7.50000000 -2.50000000 	-100.0000000000
-7.50000000 -2.00000000 	-100.0000000000
-7.50000000 -1.50000000 	-100.0000000000
-7.50000000 -1.00000000 	-100.0000000000
-7.50000000 -0.50000000 	-100.0000000000
-7.50000000 0.00000000 	-100.0000000000
-7.50000000 0.50000000 	-100.0000000000
-7.50000000 1.00000000 	-100.0000000000
-7.50000000 1.50000000 	-100.0000000000
-7.50000000 2.00000000 	-100.0000000000
-7.50000000 2.50000000 	-100.0000000000
-7.50000000 3.00000000 	-100.0000000000
-7.50000000 3.50000000 	-100.0000000000
-7.50000000 4.00000000 	-100.0000000000
-7.50000000 4.50000000 	-100.0000000000
-7.50000000 5.00000000 	-100.0000000000
-7.50000000 5.50000000 	-100.0000000000
-7.50000000 6.00000000 	-100.0000000000
-7.50000000 6.50000000 	-100.0000000000
-7.50000000 7.00000000 	-100.0000000000
-7.50000000 7.50000000 	-100.0000000000
-7.50000000 8.00000000 	-100.0000000000
-7.00000000 -12.00000000 	-100.0000000000
-7.00000000 -11.50000000 	-100.0000000000
-7.00000000 -11.00000000 	-100.0000000000
-7.00000000 -10.50000000 	-100.0000000000
-7.00000000 -10.00000000 	-100.0000000000
-7.00000000 -9.50000000 	-100.0000000000
-7.00000000 -9.00000000 	-100.0000000000
-7.00000000 -8.50000000 	-100.0000000000
-7.00000000 -8.00000000 	-100.0000000000
-7.00000000 -7.50000000 	-100.0000000000
-7.00000000 -7.00000000 	-100.0000000000
-7.00000000 -6.50000000 	-100.0000000000
-7.00000000 -6.00000000 	-100.0000000000
-7.00000000 -5.50000000 	-100.0000000000
-7.00000000 -5.00000000 	-100.0000000000
-7.00000000 -4.50000000 	-100.0000000000
-7.00000000 -4.00000000 	-100.0000000000
-7.00000000 -3.50000000 	-100.0000000000
-7.00000000 -3.00000000 	-100.0000000000
-7.00000000 -2.50000000 	-100.0000000000
-7.00000000 -2.00000000 	-100.0000000000
-7.00000000 -1.50000000 	-100.0000000000
-7.00000000 -1.00000000 	-100.0000000000
-7.00000000 -0.50000000 	-100.0000000000
-7.00000000 0.00000000 	-100.0000000000
-7.00000000 0.50000000 	-100.0000000000
-7.00000000 1.00000000 	-100.0000000000
-7.00000000 1.50000000 	-100.0000000000
-7.00000000 2.00000000 	-100.0000000000
-7.00000000 2.50000000 	-100.0000000000
-7.00000000 3.00000000 	-100.0000000000
-7.00000000 3.50000000 	-100.0000000000
-7.00000000 4.00000000 	-100.0000000000
-7.00000000 4.50000000 	-100.0000000000
-7.00000000 5.00000000 	-100.0000000000
-7.00000000 5.50000000 	-100.0000000000
-7.00000000 6.00000000 	-100.0000000000
-7.00000000 6.50000000 	-100.0000000000
-7.00000000 7.00000000 	-100.0000000000
-7.00000000 7.50000000 	-100.0000000000
-7.00000000 8.00000000 	-100.0000000000
-6.50000000 -12.00000000 	-100.0000000000
-6.50000000 -11.50000000 	-100.0000000000
-6.50000000 -11.00000000 	-100.0000000000
-6.50000000 -10.50000000 	-100.0000000000
-6.50000000 -10.00000000 	-100.0000000000
-6.50000000 -9.50000000 	-100.0000000000
-6.50000000 -9.00000000 	-100.0000000000
-6.50000000 -8.50000000 	-100.0000000000
-6.50000000 -8.00000000 	-100.0000000000
-6.50000000 -7.50000000 	-100.0000000000
-6.50000000 -7.00000000 	-100.0000000000
-6.50000000 -6.50000000 	-100.0000000000
-6.50000000 -6.00000000 	-100.0000000000
-6.50000000 -5.50000000 	-100.0000000000
-6.50000000 -5.00000000 	-100.0000000000
-6.50000000 -4.50000000 	-100.0000000000
-6.50000000 -4.00000000 	-100.0000000000
-6.50000000 -3.50000000 	-100.0000000000
-6.50000000 -3.00000000 	-100.0000000000
-6.50000000 -2.50000000 	-100.0000000000
-6.50000000 -2.00000000 	-100.0000000000
-6.50000000 -1.50000000 	-100.0000000000
-6.50000000 -1.00000000 	-100.0000000000
-6.50000000 -0.50000000 	-100.0000000000
-6.50000000 0.00000000 	-100.0000000000
-6.50000000 0.50000000 	-100.0000000000
-6.50000000 1.00000000 	-100.0000000000
-6.50000000 1.50000000 	-100.0000000000
-6.50000000 2.00000000 	-100.0000000000
-6.50000000 2.50000000 	-100.0000000000
-6.50000000 3.00000000 	-100.0000000000
-6.50000000 3.50000000 	-100.0000000000
-6.50000000 4.00000000 	-100.0000000000
-6.50000000 4.50000000 	-100.0000000000
-6.50000000 5.00000000 	-100.0000000000
-6.50000000 5.50000000 	-100.0000000000
-6.50000000 6.00000000 	-100.0000000000
-6.50000000 6.50000000 	-100.0000000000
-6.50000000 7.00000000 	-100.0000000000
-6.50000000 7.50000000 	-100.0000000000
-6.50000000 8.00000000 	-100.0000000000
-6.00000000 -12.00000000 	-100.0000000000
-6.00000000 -11.50000000 	-100.0000000000
-6.00000000 -11.00000000 	-100.0000000000
-6.00000000 -10.50000000 	-100.0000000000
-6.00000000 -10.00000000 	-100.0000000000
-6.00000000 -9.50000000 	-100.0000000000
-6.00000000 -9.00000000 	-100.0000000000
-6.00000000 -8.50000000 	-100.0000000000
-6.00000000 -8.00000000 	-100.0000000000
-6.00000000 -7.50000000 	-100.0000000000
-6.00000000 -7.00000000 	-100.0000000000
-6.00000000 -6.50000000 	-100.0000000000
-6.00000000 -6.00000000 	-100.0000000000
-6.00000000 -5.50000000 	-100.0000000000
-6.00000000 -5.00000000 	-100.0000000000
-6.00000000 -4.50000000 	-100.0000000000
-6.00000000 -4.00000000 	-100.0000000000
-6.00000000 -3.50000000 	-100.0000000000
-6.00000000 -3.00000000 	-100.0000000000
-6.00000000 -2.50000000 	-100.0000000000
-6.00000000 -2.00000000 	-100.0000000000
-6.00000000 -1.50000000 	-100.0000000000
-6.00000000 -1.00000000 	-100.0000000000
-6.00000000 -0.50000000 	-100.0000000000
-6.00000000 0.00000000 	-100.0000000000
-6.00000000 0.50000000 	-100.0000000000
-6.00000000 1.00000000 	-100.0000000000
-6.00000000 1.50000000 	-100.0000000000
-6.00000000 2.00000000 	-100.0000000000
-6.00000000 2.50000000 	-100.0000000000
-6.00000000 3.00000000 	-100.0000000000
-6.00000000 3.50000000 	-100.0000000000
-6.00000000 4.00000000 	-100.0000000000
-6.00000000 4.50000000 	-100.0000000000
-6.00000000 5.00000000 	-100.0000000000
-6.00000000 5.50000000 	-100.0000000000
-6.00000000 6.00000000 	-100.0000000000
-6.00000000 6.50000000 	-100.0000000000
-6.00000000 7.00000000 	-100.0000000000
-6.00000000 7.50000000 	-100.0000000000
-6.00000000 8.00000000 	-100.0000000000
-5.50000000 -12.00000000 	-100.0000000000
-5.50000000 -11.50000000 	-100.0000000000
-5.50000000 -11.00000000 	-100.0000000000
-5.50000000 -10.50000000 	-100.0000000000
-5.50000000 -10.00000000 	-100.0000000000
-5.50000000 -9.50000000 	-100.0000000000
-5.50000000 -9.00000000 	-100.0000000000
-5.50000000 -8.50000000 	-100.0000000000
-5.50000000 -8.00000000 	-100.0000000000
-5.50000000 -7.50000000 	-100.0000000000
-5.50000000 -7.00000000 	-100.0000000000
-5.50000000 -6.50000000 	-100.0000000000
-5.50000000 -6.00000000 	-100.0000000000
-5.50000000 -5.50000000 	-100.0000000000
-5.50000000 -5.00000000 	-100.0000000000
-5.50000000 -4.50000000 	-100.0000000000
-5.50000000 -4.00000000 	-100.0000000000
-5.50000000 -3.50000000 	-100.0000000000
-5.50000000 -3.00000000 	-100.0000000000
-5.50000000 -2.50000000 	-100.0000000000
-5.50000000 -2.00000000 	-100.0000000000
-5.50000000 -1.50000000 	-100.0000000000
-5.50000000 -1.00000000 	-100.0000000000
-5.50000000 -0.50000000 	-100.0000000000
-5.50000000 0.00000000 	-100.0000000000
-5.50000000 0.50000000 	-100.0000000000
-5.50000000 1.00000000 	-100.0000000000
-5.50000000 1.50000000 	-100.0000000000
-5.50000000 2.00000000 	-100.0000000000
-5.50000000 2.50000000 	-100.0000000000
-5.50000000 3.00000000 	-100.0000000000
-5.50000000 3.50000000 	-100.0000000000
-5.50000000 4.00000000 	-100.0000000000
-5.50000000 4.50000000 	-100.0000000000
-5.50000000 5.00000000 	-100.0000000000
-5.50000000 5.50000000 	-100.0000000000
-5.50000000 6.00000000 	-100.0000000000
-5.50000000 6.50000000 	-100.0000000000
-5.50000000 7.00000000 	-100.0000000000
-5.50000000 7.50000000 	-100.0000000000
-5.50000000 8.00000000 	-100.0000000000
-5.00000000 -12.00000000 	-100.0000000000
-5.00000000 -11.50000000 	-100.0000000000
-5.00000000 -11.00000000 	-100.0000000000
-5.00000000 -10.50000000 	-100.0000000000
-5.00000000 -10.00000000 	-100.0000000000
-5.00000000 -9.50000000 	-100.0000000000
-5.00000000 -9.00000000 	-100.0000000000
-5.00000000 -8.50000000 	-100.0000000000
-5.00000000 -8.00000000 	-100.0000000000
-5.00000000 -7.50000000 	-100.0000000000
-5.00000000 -7.00000000 	-100.0000000000
-5.00000000 -6.50000000 	-100.0000000000
-5.00000000 -6.00000000 	-100.0000000000
-5.00000000 -5.50000000 	-100.0000000000
-5.00000000 -5.00000000 	-100.0000000000
-5.00000000 -4.50000000 	-100.0000000000
-5.00000000 -4.00000000 	-100.0000000000
-5.00000000 -3.50000000 	-100.0000000000
-5.00000000 -3.00000000 	-100.0000000000
-5.00000000 -2.50000000 	-100.0000000000
-5.00000000 -2.00000000 	-100.0000000000
-5.00000000 -1.50000000 	-100.0000000000
-5.00000000 -1.00000000 	-100.0000000000
-5.00000000 -0.50000000 	-100.0000000000
-5.00000000 0.00000000 	-100.0000000000
-5.00000000 0.50000000 	-100.0000000000
-5.00000000 1.00000000 	-100.0000000000
-5.00000000 1.50000000 	-100.0000000000
-5.00000000 2.00000000 	-100.0000000000
-5.00000000 2.50000000 	-100.0000000000
-5.00000000 3.00000000 	-100.0000000000
-5.00000000 3.50000000 	-100.0000000000
-5.00000000 4.00000000 	-100.0000000000
-5.00000000 4.50000000 	-100.0000000000
-5.00000000 5.00000000 	-100.0000000000
-5.00000000 5.50000000 	-100.0000000000
-5.00000000 6.00000000 	-100.0000000000
-5.00000000 6.50000000 	-100.0000000000
-5.00000000 7.00000000 	-100.0000000000
-5.00000000 7.50000000 	-100.0000000000
-5.00000000 8.00000000 	-100.0000000000
-4.50000000 -12.00000000 	-100.0000000000
-4.50000000 -11.50000000 	-100.0000000000
-4.50000000 -11.00000000 	-100.0000000000
-4.50000000 -10.50000000 	-100.0000000000
-4.50000000 -10.00000000 	-100.0000000000
-4.50000000 -9.50000000 	-100.0000000000
-4.50000000 -9.00000000 	-100.0000000000
-4.50000000 -8.50000000 	-100.0000000000
-4.50000000 -8.00000000 	-100.0000000000
-4.50000000 -7.50000000 	-100.0000000000
-4.50000000 -7.00000000 	-100.0000000000
-4.50000000 -6.50000000 	-100.0000000000
-4.50000000 -6.00000000 	-100.0000000000
-4.50000000 -5.50000000 	-100.0000000000
-4.50000000 -5.00000000 	-100.0000000000
-4.50000000 -4.50000000 	-100.0000000000
-4.50000000 -4.00000000 	-100.0000000000
-4.50000000 -3.50000000 	-100.0000000000
-4.50000000 -3.00000000 	-100.0000000000
-4.50000000 -2.50000000 	-100.0000000000
-4.50000000 -2.00000000 	-100.0000000000
-4.50000000 -1.50000000 	-100.0000000000
-4.50000000 -1.00000000 	-100.0000000000
-4.50000000 -0.50000000 	-100.0000000000
-4.50000000 0.00000000 	-100.0000000000
-4.50000000 0.50000000 	-100.0000000000
-4.50000000 1.00000000 	-100.0000000000
-4.50000000 1.50000000 	-100.0000000000
-4.50000000 2.00000000 	-100.0000000000
-4.50000000 2.50000000 	-100.0000000000
-4.50000000 3.00000000 	-100.0000000000
-4.50000000 3.50000000 	-100.0000000000
-4.50000000 4.00000000 	-100.0000000000
-4.50000000 4.50000000 	-100.0000000000
-4.50000000 5.00000000 	-100.0000000000
-4.50000000 5.50000000 	-100.0000000000
-4.50000000 6.00000000 	-100.0000000000
-4.50000000 6.50000000 	-100.0000000000
-4.50000000 7.00000000 	-100.0000000000
-4.50000000 7.50000000 	-100.0000000000
-4.50000000 8.00000000 	-100.0000000000
-4.00000000 -12.00000000 	-100.0000000000
-4.00000000 -11.50000000 	-100.0000000000
-4.00000000 -11.00000000 	-100.0000000000
-4.00000000 -10.50000000 	-100.0000000000
-4.00000000 -10.00000000 	-100.0000000000
-4.00000000 -9.50000000 	-100.0000000000
-4.00000000 -9.00000000 	-100.0000000000
-4.00000000 -8.50000000 	-100.0000000000
-4.00000000 -8.00000000 	-100.0000000000
-4.00000000 -7.50000000 	-100.0000000000
-4.00000000 -7.00000000 	-100.0000000000
-4.00000000 -6.50000000 	-100.0000000000
-4.00000000 -6.00000000 	-100.0000000000
-4.00000000 -5.50000000 	-100.0000000000
-4.00000000 -5.00000000 	-100.0000000000
-4.00000000 -4.50000000 	-100.0000000000
-4.00000000 -4.00000000 	-100.0000000000
-4.00000000 -3.50000000 	-100.0000000000
-4.00000000 -3.00000000 	-100.0000000000
-4.00000000 -2.50000000 	-100.0000000000
-4.00000000 -2.00000000 	-100.0000000000
-4.00000000 -1.50000000 	-100.0000000000
-4.00000000 -1.00000000 	-100.0000000000
-4.00000000 -0.50000000 	-100.0000000000
-4.00000000 0.00000000 	-100.0000000000
-4.00000000 0.50000000 	-100.0000000000
-4.00000000 1.00000000 	-100.0000000000
-4.00000000 1.50000000 	-100.0000000000
-4.00000000 2.00000000 	-100.0000000000
-4.00000000 2.50000000 	-100.0000000000
-4.00000000 3.00000000 	-100.0000000000
-4.00000000 3.50000000 	-100.0000000000
-4.00000000 4.00000000 	-100.0000000000
-4.00000000 4.50000000 	-100.0000000000
-4.00000000 5.00000000 	-100.0000000000
-4.00000000 5.50000000 	-100.0000000000
-4.00000000 6.00000000 	-100.0000000000
-4.00000000 6.50000000 	-100.0000000000
-4.00000000 7.00000000 	-100.0000000000
-4.00000000 7.50000000 	-100.0000000000
-4.00000000 8.00000000 	-100.0000000000
-3.50000000 -12.00000000 	-100.0000000000
-3.50000000 -11.50000000 	-100.0000000000
-3.50000000 -11.00000000 	-100.0000000000
-3.50000000 -10.50000000 	-100.0000000000
-3.50000000 -10.00000000 	-100.0000000000
-3.50000000 -9.50000000 	-100.0000000000
-3.50000000 -9.00000000 	-100.0000000000
-3.50000000 -8.50000000 	-100.0000000000
-3.50000000 -8.00000000 	-100.0000000000
-3.50000000 -7.50000000 	-100.0000000000
-3.50000000 -7.00000000 	-100.0000000000
-3.50000000 -6.50000000 	-100.0000000000
-3.50000000 -6.00000000 	-100.0000000000
-3.50000000 -5.50000000 	-100.0000000000
-3.50000000 -5.00000000 	-100.0000000000
-3.50000000 -4.50000000 	-100.0000000000
-3.50000000 -4.00000000 	-100.0000000000
-3.50000000 -3.50000000 	-100.0000000000
-3.50000000 -3.00000000 	-100.0000000000
-3.50000000 -2.50000000 	-100.0000000000
-3.50000000 -2.00000000 	-100.0000000000
-3.50000000 -1.50000000 	-100.0000000000
-3.50000000 -1.00000000 	-100.0000000000
-3.50000000 -0.50000000 	-100.0000000000
-3.50000000 0.00000000 	-100.0000000000
-3.50000000 0.50000000 	-100.0000000000
-3.50000000 1.00000000 	-100.0000000000
-3.50000000 1.50000000 	-100.0000000000
-3.50000000 2.00000000 	-100.0000000000
-3.50000000 2.50000000 	-100.0000000000
-3.50000000 3.00000000 	-100.0000000000
-3.50000000 3.50000000 	-100.0000000000
-3.50000000 4.00000000 	-100.0000000000
-3.50000000 4.50000000 	-100.0000000000
-3.50000000 5.00000000 	-100.0000000000
-3.50000000 5.50000000 	-100.0000000000
-3.50000000 6.00000000 	-100.0000000000
-3.50000000 6.50000000 	-100.0000000000
-3.50000000 7.00000000 	-100.0000000000
-3.50000000 7.50000000 	-100.0000000000
-3.50000000 8.00000000 	-100.0000000000
-3.00000000 -12.00000000 	-100.0000000000
-3.00000000 -11.50000000 	-100.0000000000
-3.00000000 -11.00000000 	-100.0000000000
-3.00000000 -10.50000000 	-100.0000000000
-3.00000000 -10.00000000 	-100.0000000000
-3.00000000 -9.50000000 	-100.0000000000
-3.00000000 -9.00000000 	-100.0000000000
-3.00000000 -8.50000000 	-100.0000000000
-3.00000000 -8.00000000 	-100.0000000000
-3.00000000 -7.50000000 	-100.0000000000
-3.00000000 -7.00000000 	-100.0000000000
-3.00000000 -6.50000000 	-100.0000000000
-3.00000000 -6.00000000 	-100.0000000000
-3.00000000 -5.50000000 	-100.0000000000
-3.00000000 -5.00000000 	-100.0000000000
-3.00000000 -4.50000000 	-100.0000000000
-3.00000000 -4.00000000 	-100.0000000000
-3.00000000 -3.50000000 	-100.0000000000
-3.00000000 -3.00000000 	-100.0000000000
-3.00000000 -2.50000000 	-100.0000000000
-3.00000000 -2.00000000 	-100.0000000000
-3.00000000 -1.50000000 	-100.0000000000
-3.00000000 -1.00000000 	-100.0000000000
-3.00000000 -0.50000000 	-100.0000000000
-3.00000000 0.00000000 	-100.0000000000
-3.00000000 0.50000000 	-100.0000000000
-3.00000000 1.00000000 	-100.0000000000
-3.00000000 1.50000000 	-100.0000000000
-3.00000000 2.00000000 	-100.0000000000
-3.00000000 2.50000000 	-100.0000000000
-3.00000000 3.00000000 	-100.0000000000
-3.00000000 3.50000000 	-100.0000000000
-3.00000000 4.00000000 	-100.0000000000
-3.00000000 4.50000000 	-100.0000000000
-3.00000000 5.00000000 	-100.0000000000
-3.00000000 5.50000000 	-100.0000000000
-3.00000000 6.00000000 	-100.0000000000
-3.00000000 6.50000000 	-100.0000000000
-3.00000000 7.00000000 	-100.0000000000
-3.00000000 7.50000000 	-100.0000000000
-3.00000000 8.00000000 	-100.0000000000
-2.50000000 -12.00000000 	-100.0000000000
-2.50000000 -11.50000000 	-100.0000000000
-2.50000000 -11.00000000 	-100.0000000000
-2.50000000 -10.50000000 	-100.0000000000
-2.50000000 -10.00000000 	-100.0000000000
-2.50000000 -9.50000000 	-100.0000000000
-2.50000000 -9.00000000 	-100.0000000000
-2.50000000 -8.50000000 	-100.0000000000
-2.50000000 -8.00000000 	-100.0000000000
-2.50000000 -7.50000000 	-100.0000000000
-2.50000000 -7.00000000 	-100.0000000000
-2.50000000 -6.50000000 	-100.0000000000
-2.50000000 -6.00000000 	-100.0000000000
-2.50000000 -5.50000000 	-100.0000000000
-2.50000000 -5.00000000 	-100.0000000000
-2.50000000 -4.50000000 	-100.0000000000
-2.50000000 -4.00000000 	-100.0000000000
-2.50000000 -3.50000000 	-100.0000000000
-2.50000000 -3.00000000 	-100.0000000000
-2.50000000 -2.50000000 	-100.0000000000
-2.50000000 -2.00000000 	-100.0000000000
-2.50000000 -1.50000000 	-100.0000000000
-2.50000000 -1.00000000 	-100.0000000000
-2.50000000 -0.50000000 	-100.0000000000
-2.50000000 0.00000000 	-100.0000000000
-2.50000000 0.50000000 	-100.0000000000
-2.50000000 1.00000000 	-100.0000000000
-2.50000000 1.50000000 	-100.0000000000
-2.50000000 2.00000000 	-100.0000000000
-2.50000000 2.50000000 	-100.0000000000
-2.50000000 3.00000000 	-100.0000000000
-2.50000000 3.50000000 	-100.0000000000
-2.50000000 4.00000000 	-100.0000000000
-2.50000000 4.50000000 	-100.0000000000
-2.50000000 5.00000000 	-100.0000000000
-2.50000000 5.50000000 	-100.0000000000
-2.50000000 6.00000000 	-100.0000000000
-2.50000000 6.50000000 	-100.0000000000
-2.50000000 7.00000000 	-100.0000000000
-2.50000000 7.50000000 	-100.0000000000
-2.50000000 8.00000000 	-100.0000000000
-2.00000000 -12.00000000 	-100.0000000000
-2.00000000 -11.50000000 	-100.0000000000
-2.00000000 -11.00000000 	-100.0000000000
-2.00000000 -10.50000000 	-100.0000000000
-2.00000000 -10.00000000 	-100.0000000000
-2.00000000 -9.50000000 	-100.0000000000
-2.00000000 -9.00000000 	-100.0000000000
-2.00000000 -8.50000000 	-100.0000000000
-2.00000000 -8.00000000 	-100.0000000000
-2.00000000 -7.50000000 	-100.0000000000
-2.00000000 -7.00000000 	-100.0000000000
-2.00000000 -6.50000000 	-100.0000000000
-2.00000000 -6.00000000 	-100.0000000000
-2.00000000 -5.50000000 	-100.0000000000
-2.00000000 -5.00000000 	-100.0000000000
-2.00000000 -4.50000000 	-100.0000000000
-2.00000000 -4.00000000 	-100.0000000000
-2.00000000 -3.50000000 	-100.0000000000
-2.00000000 -3.00000000 	-100.0000000000
-2.00000000 -2.50000000 	-100.0000000000
-2.00000000 -2.00000000 	-100.0000000000
-2.00000000 -1.50000000 	-100.0000000000
-2.00000000 -1.00000000 	-100.0000000000
-2.00000000 -0.50000000 	-100.0000000000
-2.00000000 0.00000000 	-100.0000000000
-2.00000000 0.50000000 	-100.0000000000
-2.00000000 1.00000000 	-100.0000000000
-2.00000000 1.50000000 	-100.0000000000
-2.00000000 2.00000000 	-100.0000000000
-2.00000000 2.50000000 	-100.0000000000
-2.00000000 3.00000000 	-100.0000000000
-2.00000000 3.50000000 	-100.0000000000
-2.00000000 4.00000000 	-100.0000000000
-2.00000000 4.50000000 	-100.0000000000
-2.00000000 5.00000000 	-100.0000000000
-2.00000000 5.50000000 	-100.0000000000
-2.00000000 6.00000000 	-100.0000000000
-2.00000000 6.50000000 	-100.0000000000
-2.00000000 7.00000000 	-100.0000000000
-2.00000000 7.50000000 	-100.0000000000
-2.00000000 8.00000000 	-100.0000000000
-1.50000000 -12.00000000 	-99.9991831832
-1.50000000 -11.50000000 	-99.9991831832
-1.50000000 -11.00000000 	-99.9991831832
-1.50000000 -10.50000000 	-99.9991831832
-1.50000000 -10.00000000 	-99.9991831832
-1.50000000 -9.50000000 	-99.9991831832
-1.50000000 -9.00000000 	-99.9991831832
-1.50000000 -8.50000000 	-99.9991831832
-1.50000000 -8.00000000 	-99.9991831832
-1.50000000 -7.50000000 	-99.9991831832
-1.50000000 -7.00000000 	-99.9991831832
-1.50000000 -6.50000000 	-99.9991831832
-1.50000000 -6.00000000 	-99.9991831832
-1.50000000 -5.50000000 	-99.9991831832
-1.50000000 -5.00000000 	-99.9991831832
-1.50000000 -4.50000000 	-99.9991831832
-1.50000000 -4.00000000 	-99.9991831832
-1.50000000 -3.50000000 	-99.9991831832
-1.50000000 -3.00000000 	-99.9991831832
-1.50000000 -2.50000000 	-99.9991831832
-1.50000000 -2.00000000 	-99.9991831832
-1.50000000 -1.50000000 	-99.9991831832
-1.50000000 -1.00000000 	-99.9991831832
-1.50000000 -0.50000000 	-99.9991831832
-1.50000000 0.00000000 	-99.9991831832
-1.50000000 0.50000000 	-99.9991831832
-1.50000000 1.00000000 	-99.9991831832
-1.50000000 1.50000000 	-99.9991831832
-1.50000000 2.00000000 	-99.9991831832
-1.50000000 2.50000000 	-99.9991831832
-1.50000000 3.00000000 	-99.9991831832
-1.50000000 3.50000000 	-99.9991831832
-1.50000000 4.00000000 	-99.9991831832
-1.50000000 4.50000000 	-99.9991831832
-1.50000000 5.00000000 	-99.9991831832
-1.50000000 5.50000000 	-99.9991831832
-1.50000000 6.00000000 	-99.9991831832
-1.50000000 6.50000000 	-99.9991831832
-1.50000000 7.00000000 	-99.9991831832
-1.50000000 7.50000000 	-99.9991831832
-1.50000000 8.00000000 	-99.9991831832
-1.00000000 -12.00000000 	-99.9693929500
-1.00000000 -11.50000000 	-99.9693929500
-1.00000000 -11.00000000 	-99.9693929500
-1.00000000 -10.50000000 	-99.9693929500
-1.00000000 -10.00000000 	-99.9693929500
-1.00000000 -9.50000000 	-99.9693929500
-1.00000000 -9.00000000 	-99.9693929500
-1.00000000 -8.50000000 	-99.9693929500
-1.00000000 -8.00000000 	-99.9693929500
-1.00000000 -7.50000000 	-99.9693929500
-1.00000000 -7.00000000 	-99.9693929500
-1.00000000 -6.50000000 	-99.9693929500
-1.00000000 -6.00000000 	-99.9693929500
-1.00000000 -5.50000000 	-99.9693929500
-1.00000000 -5.00000000 	-99.9693929500
-1.00000000 -4.50000000 	-99.9693929500
-1.00000000 -4.00000000 	-99.9693929500
-1.00000000 -3.50000000 	-99.9693929500
-1.00000000 -3.00000000 	-99.9693929500
-1.00000000 -2.50000000 	-99.9693929500
-1.00000000 -2.00000000 	-99.9693929500
-1.00000000 -1.50000000 	-99.9693929500
-1.00000000 -1.00000000 	-99.9693929500
-1.00000000 -0.50000000 	-99.9693929500
-1.00000000 0.00000000 	-99.9693929500
-1.00000000 0.50000000 	-99.9693929500
-1.00000000 1.00000000 	-99.9693929500
-1.00000000 1.50000000 	-99.9693929500
-1.00000000 2.00000000 	-99.9693929500
-1.00000000 2.50000000 	-99.9693929500
-1.00000000 3.00000000 	-99.9693929500
-1.00000000 3.50000000 	-99.9693929500
-1.00000000 4.00000000 	-99.9693929500
-1.00000000 4.50000000 	-99.9693929500
-1.00000000 5.00000000 	-99.9693929500
-1.00000000 5.50000000 	-99.9693929500
-1.00000000 6.00000000 	-99.9693929500
-1.00000000 6.50000000 	-99.9693929500
-1.00000000 7.00000000 	-99.9693929500
-1.00000000 7.50000000 	-99.9693929500
-1.00000000 8.00000000 	-99.9693929500
-0.50000000 -12.00000000 	-97.7579035259
-0.50000000 -11.50000000 	-97.7579035259
-0.50000000 -11.00000000 	-97.7579035259
-0.50000000 -10.50000000 	-97.7579035259
-0.50000000 -10.00000000 	-97.7579035259
-0.50000000 -9.50000000 	-97.7579035259
-0.50000000 -9.00000000 	-97.7579035259
-0.50000000 -8.50000000 	-97.7579035259
-0.50000000 -8.00000000 	-97.7579035259
-0.50000000 -7.50000000 	-97.7579035259
-0.50000000 -7.00000000 	-97.7579035259
-0.50000000 -6.50000000 	-97.7579035259
-0.50000000 -6.00000000 	-97.7579035259
-0.50000000 -5.50000000 	-97.7579035259
-0.50000000 -5.00000000 	-97.7579035259
-0.50000000 -4.50000000 	-97.7579035259
-0.50000000 -4.00000000 	-97.7579035259
-0.50000000 -3.50000000 	-97.7579035259
-0.50000000 -3.00000000 	-97.7579035259
-0.50000000 -2.50000000 	-97.7579035259
-0.50000000 -2.00000000 	-97.7579035259
-0.50000000 -1.50000000 	-97.7579035259
-0.50000000 -1.00000000 	-97.7579035259
-0.50000000 -0.50000000 	-97.7579035259
-0.50000000 0.00000000 	-97.7579035259
-0.50000000 0.50000000 	-97.7579035259
-0.50000000 1.00000000 	-97.7579035259
-0.50000000 1.50000000 	-97.7579035259
-0.50000000 2.00000000 	-97.7579035259
-0.50000000 2.50000000 	-97.7579035259
-0.50000000 3.00000000 	-97.7579035259
-0.50000000 3.50000000 	-97.7579035259
-0.50000000 4.00000000 	-97.7579035259
-0.50000000 4.50000000 	-97.7579035259
-0.50000000 5.00000000 	-97.7579035259
-0.50000000 5.50000000 	-97.7579035259
-0.50000000 6.00000000 	-97.7579035259
-0.50000000 6.50000000 	-97.7579035259
-0.50000000 7.00000000 	-97.7579035259
-0.50000000 7.50000000 	-97.7579035259
-0.50000000 8.00000000 	-97.7579035259
0.00000000 -12.00000000 	-94.9440892218
0.00000000 -11.50000000 	-94.9440892218
0.00000000 -11.00000000 	-94.9440892218
0.00000000 -10.50000000 	-94.9440892218
0.00000000 -10.00000000 	-94.9440892218
0.00000000 -9.50000000 	-94.9440892218
0.00000000 -9.00000000 	-94.9440892218
0.00000000 -8.50000000 	-94.9440892218
0.00000000 -8.00000000 	-94.9440892218
0.00000000 -7.50000000 	-94.9440892218
0.00000000 -7.00000000 	-94.9440892218
0.00000000 -6.50000000 	-94.9440892218
0.00000000 -6.00000000 	-94.9440892218
0.00000000 -5.50000000 	-94.9440892218
0.00000000 -5.00000000 	-94.9440892218
0.00000000 -4.50000000 	-94.9440892218
0.00000000 -4.00000000 	-94.9440892218
0.00000000 -3.50000000 	-94.9440892218
0.00000000 -3.00000000 	-94.9440892218
0.00000000 -2.50000000 	-94.9440892218
0.00000000 -2.00000000 	-94.9440892218
0.00000000 -1.50000000 	-94.9440892218
0.00000000 -1.00000000 	-94.9440892218
0.00000000 -0.50000000 	-94.9440892218
0.00000000 0.00000000 	-94.9440892218
0.00000000 0.50000000 	-94.9440892218
0.00000000 1.00000000 	-94.9440892218
0.00000000 1.50000000 	-94.9440892218
0.00000000 2.00000000 	-94.9440892218
0.00000000 2.50000000 	-94.9440892218
0.00000000 3.00000000 	-94.9440892218
0.00000000 3.50000000 	-94.9440892218
0.00000000 4.00000000 	-94.9440892218
0.00000000 4.50000000 	-94.9440892218
0.00000000 5.00000000 	-94.9440892218
0.00000000 5.50000000 	-94.9440892218
0.00000000 6.00000000 	-94.9440892218
0.00000000 6.50000000 	-94.9440892218
0.00000000 7.00000000 	-94.9440892218
0.00000000 7.50000000 	-94.9440892218
0.00000000 8.00000000 	-94.9440892218
0.50000000 -12.00000000 	94.9440892218
0.50000000 -11.50000000 	94.9440892218
0.50000000 -11.00000000 	94.9440892218
0.50000000 -10.50000000 	94.9440892218
0.50000000 -10.00000000 	94.9440892218
0.50000000 -9.50000000 	94.9440892218
0.50000000 -9.00000000 	94.9440892218
0.50000000 -8.50000000 	94.9440892218
0.50000000 -8.00000000 	94.9440892218
0.50000000 -7.50000000 	94.9440892218
0.50000000 -7.00000000 	94.9440892218
0.50000000 -6.50000000 	94.9440892218
0.50000000 -6.00000000 	94.9440892218
0.50000000 -5.50000000 	94.9440892218
0.50000000 -5.00000000 	94.9440892218
0.50000000 -4.50000000 	94.9440892218
0.50000000 -4.00000000 	94.9440892218
0.50000000 -3.50000000 	94.9440892218
0.50000000 -3.00000000 	94.9440892218
0.50000000 -2.50000000 	94.9440892218
0.50000000 -2.00000000 	94.9440892218
0.50000000 -1.50000000 	94.9440892218
0.50000000 -1.00000000 	94.9440892218
0.50000000 -0.50000000 	94.9440892218
0.50000000 0.00000000 	94.9440892218
0.50000000 0.50000000 	94.9440892218
0.50000000 1.00000000 	94.9440892218
0.50000000 1.50000000 	94.9440892218
0.50000000 2.00000000 	94.9440892218
0.50000000 2.50000000 	94.9440892218
0.50000000 3.00000000 	94.9440892218
0.50000000 3.50000000 	94.9440892218
0.50000000 4.00000000 	94.9440892218
0.50000000 4.50000000 	94.9440892218
0.50000000 5.00000000 	94.9440892218
0.50000000 5.50000000 	94.9440892218
0.50000000 6.00000000 	94.9440892218
0.50000000 6.50000000 	94.9440892218
0.50000000 7.00000000 	94.9440892218
0.50000000 7.50000000 	94.9440892218
0.50000000 8.00000000 	94.9440892218
1.00000000 -12.00000000 	97.7579035259
1.00000000 -11.50000000 	97.7579035259
1.00000000 -11.00000000 	97.7579035259
1.00000000 -10.50000000 	97.7579035259
1.00000000 -10.00000000 	97.7579035259
1.00000000 -9.50000000 	97.7579035259
1.00000000 -9.00000000 	97.7579035259
1.00000000 -8.50000000 	97.7579035259
1.00000000 -8.00000000 	97.7579035259
1.00000000 -7.50000000 	97.7579035259
1.00000000 -7.00000000 	97.7579035259
1.00000000 -6.50000000 	97.7579035259
1.00000000 -6.00000000 	97.7579035259
1.00000000 -5.50000000 	97.7579035259
1.00000000 -5.00000000 	97.7579035259
1.00000000 -4.50000000 	97.7579035259
1.00000000 -4.00000000 	97.7579035259
1.00000000 -3.50000000 	97.7579035259
1.00000000 -3.00000000 	97.7579035259
1.00000000 -2.50000000 	97.7579035259
1.00000000 -2.00000000 	97.7579035259
1.00000000 -1.50000000 	97.7579035259
1.00000000 -1.00000000 	97.7579035259
1.00000000 -0.50000000 	97.7579035259
1.00000000 0.00000000 	97.7579035259
1.00000000 0.50000000 	97.7579035259
1.00000000 1.00000000 	97.7579035259
1.00000000 1.50000000 	97.7579035259
1.00000000 2.00000000 	97.7579035259
1.00000000 2.50000000 	97.7579035259
1.00000000 3.00000000 	97.7579035259
1.00000000 3.50000000 	97.7579035259
1.00000000 4.00000000 	97.7579035259
1.00000000 4.50000000 	97.7579035259
1.00000000 5.00000000 	97.7579035259
1.00000000 5.50000000 	97.7579035259
1.00000000 6.00000000 	97.7579035259
1.00000000 6.50000000 	97.7579035259
1.00000000 7.00000000 	97.7579035259
1.00000000 7.50000000 	97.7579035259
1.00000000 8.00000000 	97.7579035259
1.50000000 -12.00000000 	99.9693929500
1.50000000 -11.50000000 	99.9693929500
1.50000000 -11.00000000 	99.9693929500
1.50000000 -10.50000000 	99.9693929500
1.50000000 -10.00000000 	99.9693929500
1.50000000 -9.50000000 	99.9693929500
1.50000000 -9.00000000 	99.9693929500
1.50000000 -8.50000000 	99.9693929500
1.50000000 -8.00000000 	99.9693929500
1.50000000 -7.50000000 	99.9693929500
1.50000000 -7.00000000 	99.9693929500
1.50000000 -6.50000000 	99.9693929500
1.50000000 -6.00000000 	99.9693929500
1.50000000 -5.50000000 	99.9693929500
1.50000000 -5.00000000 	99.9693929500
1.50000000 -4.50000000 	99.9693929500
1.50000000 -4.00000000 	99.9693929500
1.50000000 -3.50000000 	99.9693929500
1.50000000 -3.00000000 	99.9693929500
1.50000000 -2.50000000 	99.9693929500
1.50000000 -2.00000000 	99.9693929500
1.50000000 -1.50000000 	99.9693929500
1.50000000 -1.00000000 	99.9693929500
1.50000000 -0.50000000 	99.9693929500
1.50000000 0.00000000 	99.9693929500
1.50000000 0.50000000 	99.9693929500
1.50000000 1.00000000 	99.9693929500
1.50000000 1.50000000 	99.9693929500
1.50000000 2.00000000 	99.9693929500
1.50000000 2.50000000 	99.9693929500
1.50000000 3.00000000 	99.9693929500
1.50000000 3.50000000 	99.9693929500
1.50000000 4.00000000 	99.9693929500
1.50000000 4.50000000 	99.9693929500
1.50000000 5.00000000 	99.9693929500
1.50000000 5.50000000 	99.9693929500
1.50000000 6.00000000 	99.9693929500
1.50000000 6.50000000 	99.9693929500
1.50000000 7.00000000 	99.9693929500
1.50000000 7.50000000 	99.9693929500
1.50000000 8.00000000 	99.9693929500
2.00000000 -12.00000000 	99.9991831832
2.00000000 -11.50000000 	99.9991831832
2.00000000 -11.00000000 	99.9991831832
2.00000000 -10.50000000 	99.9991831832
2.00000000 -10.00000000 	99.9991831832
2.00000000 -9.50000000 	99.9991831832
2.00000000 -9.00000000 	99.9991831832
2.00000000 -8.50000000 	99.9991831832
2.00000000 -8.00000000 	99.9991831832
2.00000000 -7.50000000 	99.9991831832
2.00000000 -7.00000000 	99.9991831832
2.00000000 -6.50000000 	99.9991831832
2.00000000 -6.00000000 	99.9991831832
2.00000000 -5.50000000 	99.9991831832
2.00000000 -5.00000000 	99.9991831832
2.00000000 -4.50000000 	99.9991831832
2.00000000 -4.00000000 	99.9991831832
2.00000000 -3.50000000 	99.9991831832
2.00000000 -3.00000000 	99.9991831832
2.00000000 -2.50000000 	99.9991831832
2.00000000 -2.00000000 	99.9991831832
2.00000000 -1.50000000 	99.9991831832
2.00000000 -1.00000000 	99.9991831832
2.00000000 -0.50000000 	99.9991831832
2.00000000 0.00000000 	99.9991831832
2.00000000 0.50000000 	99.9991831832
2.00000000 1.00000000 	99.9991831832
2.00000000 1.50000000 	99.9991831832
2.00000000 2.00000000 	99.9991831832
2.00000000 2.50000000 	99.9991831832
2.00000000 3.00000000 	99.9991831832
2.00000000 3.50000000 	99.9991831832
2.00000000 4.00000000 	99.9991831832
2.00000000 4.50000000 	99.9991831832
2.00000000 5.00000000 	99.9991831832
2.00000000 5.50000000 	99.9991831832
2.00000000 6.00000000 	99.9991831832
2.00000000 6.50000000 	99.9991831832
2.00000000 7.00000000 	99.9991831832
2.00000000 7.50000000 	99.9991831832
2.00000000 8.00000000 	99.9991831832
