-8.00000000 -12.00000000 	-86.6025403784
-8.00000000 -11.50000000 	-86.6025403784
-8.00000000 -11.00000000 	-86.6025403784
-8.00000000 -10.50000000 	-86.6025403784
-8.00000000 -10.00000000 	-86.6025403784
-8.00000000 -9.50000000 	-86.6025403784
-8.00000000 -9.00000000 	-86.6025403784
-8.00000000 -8.50000000 	-86.6025403784
-8.00000000 -8.00000000 	-86.6025403784
-8.00000000 -7.50000000 	-86.6025403784
-8.00000000 -7.00000000 	-86.6025403784
-8.00000000 -6.50000000 	-86.6025403784
-8.00000000 -6.00000000 	-86.6025403784
-8.00000000 -5.50000000 	-86.6025403784
-8.00000000 -5.00000000 	-86.6025403784
-8.00000000 -4.50000000 	-86.6025403784
-8.00000000 -4.00000000 	-86.6025403784
-8.00000000 -3.50000000 	-86.6025403784
-8.00000000 -3.00000000 	-86.6025403784
-8.00000000 -2.50000000 	-86.6025403784
-8.00000000 -2.00000000 	-86.6025403784
-8.00000000 -1.50000000 	-86.6025403784
-8.00000000 -1.00000000 	-86.6025403784
-8.00000000 -0.50000000 	-86.6025403784
-8.00000000 0.00000000 	-86.6025403784
-8.00000000 0.50000000 	-86.6025403784
-8.00000000 1.00000000 	-86.6025403784
-8.00000000 1.50000000 	-86.6025403784
-8.00000000 2.00000000 	-86.6025403784
-8.00000000 2.50000000 	-86.6025403784
-8.00000000 3.00000000 	-86.6025403784
-8.00000000 3.50000000 	-86.6025403784
-8.00000000 4.00000000 	-86.6025403784
-8.00000000 4.50000000 	-86.6025403784
-8.00000000 5.00000000 	-86.6025403784
-8.00000000 5.50000000 	-86.6025403784
-8.00000000 6.00000000 	-86.6025403784
-8.00000000 6.50000000 	-86.6025403784
-8.00000000 7.00000000 	-86.6025403784
-8.00000000 7.50000000 	-86.6025403784
-8.00000000 8.00000000 	-86.6025403784
-7.50000000 -12.00000000 	-86.6025403784
-7.50000000 -11.50000000 	-86.6025403784
-7.50000000 -11.00000000 	-86.6025403784
-7.50000000 -10.50000000 	-86.6025403784
-7.50000000 -10.00000000 	-86.6025403784
-7.50000000 -9.50000000 	-86.6025403784
-7.50000000 -9.00000000 	-86.6025403784
-7.50000000 -8.50000000 	-86.6025403784
-7.50000000 -8.00000000 	-86.6025403784
-7.50000000 -7.50000000 	-86.6025403784
-7.50000000 -7.00000000 	-86.6025403784
-7.50000000 -6.50000000 	-86.6025403784
-7.50000000 -6.00000000 	-86.6025403784
-7.50000000 -5.50000000 	-86.6025403784
-7.50000000 -5.00000000 	-86.6025403784
-7.50000000 -4.50000000 	-86.6025403784
-7.50000000 -4.00000000 	-86.6025403784
-7.50000000 -3.50000000 	-86.6025403784
-7.50000000 -3.00000000 	-86.6025403784
-7.50000000 -2.50000000 	-86.6025403784
-7.50000000 -2.00000000 	-86.6025403784
-7.50000000 -1.50000000 	-86.6025403784
-7.50000000 -1.00000000 	-86.6025403784
-7.50000000 -0.50000000 	-86.6025403784
-7.50000000 0.00000000 	-86.6025403784
-7.50000000 0.50000000 	-86.6025403784
-7.50000000 1.00000000 	-86.6025403784
-7.50000000 1.50000000 	-86.6025403784
-7.50000000 2.00000000 	-86.6025403784
-7.50000000 2.50000000 	-86.6025403784
-7.50000000 3.00000000 	-86.6025403784
-7.50000000 3.50000000 	-86.6025403784
-7.50000000 4.00000000 	-86.6025403784
-7.50000000 4.50000000 	-86.6025403784
-7.50000000 5.00000000 	-86.6025403784
-7.50000000 5.50000000 	-86.6025403784
-7.50000000 6.00000000 	-86.6025403784
-7.50000000 6.50000000 	-86.6025403784
-7.50000000 7.00000000 	-86.6025403784
-7.50000000 7.50000000 	-86.6025403784
-7.50000000 8.00000000 	-86.6025403784
-7.00000000 -12.00000000 	-86.6025403784
-7.00000000 -11.50000000 	-86.6025403784
-7.00000000 -11.00000000 	-86.6025403784
-7.00000000 -10.50000000 	-86.6025403784
-7.00000000 -10.00000000 	-86.6025403784
-7.00000000 -9.50000000 	-86.6025403784
-7.00000000 -9.00000000 	-86.6025403784
-7.00000000 -8.50000000 	-86.6025403784
-7.00000000 -8.00000000 	-86.6025403784
-7.00000000 -7.50000000 	-86.6025403784
-7.00000000 -7.00000000 	-86.6025403784
-7.00000000 -6.50000000 	-86.6025403784
-7.00000000 -6.00000000 	-86.6025403784
-7.00000000 -5.50000000 	-86.6025403784
-7.00000000 -5.00000000 	-86.6025403784
-7.00000000 -4.50000000 	-86.6025403784
-7.00000000 -4.00000000 	-86.6025403784
-7.00000000 -3.50000000 	-86.6025403784
-7.00000000 -3.00000000 	-86.6025403784
-7.00000000 -2.50000000 	-86.6025403784
-7.00000000 -2.00000000 	-86.6025403784
-7.00000000 -1.50000000 	-86.6025403784
-7.00000000 -1.00000000 	-86.6025403784
-7.00000000 -0.50000000 	-86.6025403784
-7.00000000 0.00000000 	-86.6025403784
-7.00000000 0.50000000 	-86.6025403784
-7.00000000 1.00000000 	-86.6025403784
-7.00000000 1.50000000 	-86.6025403784
-7.00000000 2.00000000 	-86.6025403784
-7.00000000 2.50000000 	-86.6025403784
-7.00000000 3.00000000 	-86.6025403784
-7.00000000 3.50000000 	-86.6025403784
-7.00000000 4.00000000 	-86.6025403784
-7.00000000 4.50000000 	-86.6025403784
-7.00000000 5.00000000 	-86.6025403784
-7.00000000 5.50000000 	-86.6025403784
-7.00000000 6.00000000 	-86.6025403784
-7.00000000 6.50000000 	-86.6025403784
-7.00000000 7.00000000 	-86.6025403784
-7.00000000 7.50000000 	-86.6025403784
-7.00000000 8.00000000 	-86.6025403784
-6.50000000 -12.00000000 	-86.6025403784
-6.50000000 -11.50000000 	-86.6025403784
-6.50000000 -11.00000000 	-86.6025403784
-6.50000000 -10.50000000 	-86.6025403784
-6.50000000 -10.00000000 	-86.6025403784
-6.50000000 -9.50000000 	-86.6025403784
-6.50000000 -9.00000000 	-86.6025403784
-6.50000000 -8.50000000 	-86.6025403784
-6.50000000 -8.00000000 	-86.6025403784
-6.50000000 -7.50000000 	-86.6025403784
-6.50000000 -7.00000000 	-86.6025403784
-6.50000000 -6.50000000 	-86.6025403784
-6.50000000 -6.00000000 	-86.6025403784
-6.50000000 -5.50000000 	-86.6025403784
-6.50000000 -5.00000000 	-86.6025403784
-6.50000000 -4.50000000 	-86.6025403784
-6.50000000 -4.00000000 	-86.6025403784
-6.50000000 -3.50000000 	-86.6025403784
-6.50000000 -3.00000000 	-86.6025403784
-6.50000000 -2.50000000 	-86.6025403784
-6.50000000 -2.00000000 	-86.6025403784
-6.50000000 -1.50000000 	-86.6025403784
-6.50000000 -1.00000000 	-86.6025403784
-6.50000000 -0.50000000 	-86.6025403784
-6.50000000 0.00000000 	-86.6025403784
-6.50000000 0.50000000 	-86.6025403784
-6.50000000 1.00000000 	-86.6025403784
-6.50000000 1.50000000 	-86.6025403784
-6.50000000 2.00000000 	-86.6025403784
-6.50000000 2.50000000 	-86.6025403784
-6.50000000 3.00000000 	-86.6025403784
-6.50000000 3.50000000 	-86.6025403784
-6.50000000 4.00000000 	-86.6025403784
-6.50000000 4.50000000 	-86.6025403784
-6.50000000 5.00000000 	-86.6025403784
-6.50000000 5.50000000 	-86.6025403784
-6.50000000 6.00000000 	-86.6025403784
-6.50000000 6.50000000 	-86.6025403784
-6.50000000 7.00000000 	-86.6025403784
-6.50000000 7.50000000 	-86.6025403784
-6.50000000 8.00000000 	-86.6025403784
-6.00000000 -12.00000000 	-86.6025403784
-6.00000000 -11.50000000 	-86.6025403784
-6.00000000 -11.00000000 	-86.6025403784
-6.00000000 -10.50000000 	-86.6025403784
-6.00000000 -10.00000000 	-86.6025403784
-6.00000000 -9.50000000 	-86.6025403784
-6.00000000 -9.00000000 	-86.6025403784
-6.00000000 -8.50000000 	-86.6025403784
-6.00000000 -8.00000000 	-86.6025403784
-6.00000000 -7.50000000 	-86.6025403784
-6.00000000 -7.00000000 	-86.6025403784
-6.00000000 -6.50000000 	-86.6025403784
-6.00000000 -6.00000000 	-86.6025403784
-6.00000000 -5.50000000 	-86.6025403784
-6.00000000 -5.00000000 	-86.6025403784
-6.00000000 -4.50000000 	-86.6025403784
-6.00000000 -4.00000000 	-86.6025403784
-6.00000000 -3.50000000 	-86.6025403784
-6.00000000 -3.00000000 	-86.6025403784
-6.00000000 -2.50000000 	-86.6025403784
-6.00000000 -2.00000000 	-86.6025403784
-6.00000000 -1.50000000 	-86.6025403784
-6.00000000 -1.00000000 	-86.6025403784
-6.00000000 -0.50000000 	-86.6025403784
-6.00000000 0.00000000 	-86.6025403784
-6.00000000 0.50000000 	-86.6025403784
-6.00000000 1.00000000 	-86.6025403784
-6.00000000 1.50000000 	-86.6025403784
-6.00000000 2.00000000 	-86.6025403784
-6.00000000 2.50000000 	-86.6025403784
-6.00000000 3.00000000 	-86.6025403784
-6.00000000 3.50000000 	-86.6025403784
-6.00000000 4.00000000 	-86.6025403784
-6.00000000 4.50000000 	-86.6025403784
-6.00000000 5.00000000 	-86.6025403784
-6.00000000 5.50000000 	-86.6025403784
-6.00000000 6.00000000 	-86.6025403784
-6.00000000 6.50000000 	-86.6025403784
-6.00000000 7.00000000 	-86.6025403784
-6.00000000 7.50000000 	-86.6025403784
-6.00000000 8.00000000 	-86.6025403784
-5.50000000 -12.00000000 	-43.9662581541
-5.50000000 -11.50000000 	-54.3723171944
-5.50000000 -11.00000000 	-75.7392020629
-5.50000000 -10.50000000 	-86.6025403784
-5.50000000 -10.00000000 	-86.6025403784
-5.50000000 -9.50000000 	-86.6025403784
-5.50000000 -9.00000000 	-86.6025403784
-5.50000000 -8.50000000 	-86.6025403784
-5.50000000 -8.00000000 	-86.6025403784
-5.50000000 -7.50000000 	-86.6025403784
-5.50000000 -7.00000000 	-86.6025403784
-5.50000000 -6.50000000 	-86.6025403784
-5.50000000 -6.00000000 	-86.6025403784
-5.50000000 -5.50000000 	-86.6025403784
-5.50000000 -5.00000000 	-86.6025403784
-5.50000000 -4.50000000 	-86.6025403784
-5.50000000 -4.00000000 	-86.6025403784
-5.50000000 -3.50000000 	-86.6025403784
-5.50000000 -3.00000000 	-86.6025403784
-5.50000000 -2.50000000 	-86.6025403784
-5.50000000 -2.00000000 	-86.6025403784
-5.50000000 -1.50000000 	-86.6025403784
-5.50000000 -1.00000000 	-86.6025403784
-5.50000000 -0.50000000 	-86.6025403784
-5.50000000 0.00000000 	-86.6025403784
-5.50000000 0.50000000 	-86.6025403784
-5.50000000 1.00000000 	-86.6025403784
-5.50000000 1.50000000 	-86.6025403784
-5.50000000 2.00000000 	-86.6025403784
-5.50000000 2.50000000 	-86.6025403784
-5.50000000 3.00000000 	-86.6025403784
-5.50000000 3.50000000 	-86.6025403784
-5.50000000 4.00000000 	-86.6025403784
-5.50000000 4.50000000 	-86.6025403784
-5.50000000 5.00000000 	-86.6025403784
-5.50000000 5.50000000 	-86.6025403784
-5.50000000 6.00000000 	-86.6025403784
-5.50000000 6.50000000 	-86.6025403784
-5.50000000 7.00000000 	-86.6025403784
-5.50000000 7.50000000 	-86.6025403784
-5.50000000 8.00000000 	-86.6025403784
-5.00000000 -12.00000000 	43.9662581541
-5.00000000 -11.50000000 	22.0810198266
-5.00000000 -11.00000000 	-22.0810198266
-5.00000000 -10.50000000 	-54.3723171944
-5.00000000 -10.00000000 	-75.7392020629
-5.00000000 -9.50000000 	-86.6025403784
-5.00000000 -9.00000000 	-86.6025403784
-5.00000000 -8.50000000 	-86.6025403784
-5.00000000 -8.00000000 	-86.6025403784
-5.00000000 -7.50000000 	-86.6025403784
-5.00000000 -7.00000000 	-86.6025403784
-5.00000000 -6.50000000 	-86.6025403784
-5.00000000 -6.00000000 	-86.6025403784
-5.00000000 -5.50000000 	-86.6025403784
-5.00000000 -5.00000000 	-86.6025403784
-5.00000000 -4.50000000 	-86.6025403784
-5.00000000 -4.00000000 	-86.6025403784
-5.00000000 -3.50000000 	-86.6025403784
-5.00000000 -3.00000000 	-86.6025403784
-5.00000000 -2.50000000 	-86.6025403784
-5.00000000 -2.00000000 	-86.6025403784
-5.00000000 -1.50000000 	-86.6025403784
-5.00000000 -1.00000000 	-86.6025403784
-5.00000000 -0.50000000 	-86.6025403784
-5.00000000 0.00000000 	-86.6025403784
-5.00000000 0.50000000 	-86.6025403784
-5.00000000 1.00000000 	-86.6025403784
-5.00000000 1.50000000 	-86.6025403784
-5.00000000 2.00000000 	-86.6025403784
-5.00000000 2.50000000 	-86.6025403784
-5.00000000 3.00000000 	-86.6025403784
-5.00000000 3.50000000 	-86.6025403784
-5.00000000 4.00000000 	-86.6025403784
-5.00000000 4.50000000 	-86.6025403784
-5.00000000 5.00000000 	-86.6025403784
-5.00000000 5.50000000 	-86.6025403784
-5.00000000 6.00000000 	-86.6025403784
-5.00000000 6.50000000 	-86.6025403784
-5.00000000 7.00000000 	-86.6025403784
-5.00000000 7.50000000 	-86.6025403784
-5.00000000 8.00000000 	-86.6025403784
-4.50000000 -12.00000000 	86.6025403784
-4.50000000 -11.50000000 	75.7392020629
-4.50000000 -11.00000000 	54.3723171944
-4.50000000 -10.50000000 	22.0810198266
-4.50000000 -10.00000000 	-22.0810198266
-4.50000000 -9.50000000 	-54.3723171944
-4.50000000 -9.00000000 	-75.7392020629
-4.50000000 -8.50000000 	-86.6025403784
-4.50000000 -8.00000000 	-86.6025403784
-4.50000000 -7.50000000 	-86.6025403784
-4.50000000 -7.00000000 	-86.6025403784
-4.50000000 -6.50000000 	-86.6025403784
-4.50000000 -6.00000000 	-86.6025403784
-4.50000000 -5.50000000 	-86.6025403784
-4.50000000 -5.00000000 	-86.6025403784
-4.50000000 -4.50000000 	-86.6025403784
-4.50000000 -4.00000000 	-86.6025403784
-4.50000000 -3.50000000 	-86.6025403784
-4.50000000 -3.00000000 	-86.6025403784
-4.50000000 -2.50000000 	-86.6025403784
-4.50000000 -2.00000000 	-86.6025403784
-4.50000000 -1.50000000 	-86.6025403784
-4.50000000 -1.00000000 	-86.6025403784
-4.50000000 -0.50000000 	-86.6025403784
-4.50000000 0.00000000 	-86.6025403784
-4.50000000 0.50000000 	-86.6025403784
-4.50000000 1.00000000 	-86.6025403784
-4.50000000 1.50000000 	-86.6025403784
-4.50000000 2.00000000 	-86.6025403784
-4.50000000 2.50000000 	-86.6025403784
-4.50000000 3.00000000 	-86.6025403784
-4.50000000 3.50000000 	-86.6025403784
-4.50000000 4.00000000 	-86.6025403784
-4.50000000 4.50000000 	-86.6025403784
-4.50000000 5.00000000 	-86.6025403784
-4.50000000 5.50000000 	-86.6025403784
-4.50000000 6.00000000 	-86.6025403784
-4.50000000 6.50000000 	-86.6025403784
-4.50000000 7.00000000 	-86.6025403784
-4.50000000 7.50000000 	-86.6025403784
-4.50000000 8.00000000 	-86.6025403784
-4.00000000 -12.00000000 	86.6025403784
-4.00000000 -11.50000000 	86.6025403784
-4.00000000 -11.00000000 	86.6025403784
-4.00000000 -10.50000000 	75.7392020629
-4.00000000 -10.00000000 	54.3723171944
-4.00000000 -9.50000000 	22.0810198266
-4.00000000 -9.00000000 	-22.0810198266
-4.00000000 -8.50000000 	-54.3723171944
-4.00000000 -8.00000000 	-75.7392020629
-4.00000000 -7.50000000 	-86.6025403784
-4.00000000 -7.00000000 	-86.6025403784
-4.00000000 -6.50000000 	-86.6025403784
-4.00000000 -6.00000000 	-86.6025403784
-4.00000000 -5.50000000 	-86.6025403784
-4.00000000 -5.00000000 	-86.6025403784
-4.00000000 -4.50000000 	-86.6025403784
-4.00000000 -4.00000000 	-86.6025403784
-4.00000000 -3.50000000 	-86.6025403784
-4.00000000 -3.00000000 	-86.6025403784
-4.00000000 -2.50000000 	-86.6025403784
-4.00000000 -2.00000000 	-86.6025403784
-4.00000000 -1.50000000 	-86.6025403784
-4.00000000 -1.00000000 	-86.6025403784
-4.00000000 -0.50000000 	-86.6025403784
-4.00000000 0.00000000 	-86.6025403784
-4.00000000 0.50000000 	-86.6025403784
-4.00000000 1.00000000 	-86.6025403784
-4.00000000 1.50000000 	-86.6025403784
-4.00000000 2.00000000 	-86.6025403784
-4.00000000 2.50000000 	-86.6025403784
-4.00000000 3.00000000 	-86.6025403784
-4.00000000 3.50000000 	-86.6025403784
-4.00000000 4.00000000 	-86.6025403784
-4.00000000 4.50000000 	-86.6025403784
-4.00000000 5.00000000 	-86.6025403784
-4.00000000 5.50000000 	-86.6025403784
-4.00000000 6.00000000 	-86.6025403784
-4.00000000 6.50000000 	-86.6025403784
-4.00000000 7.00000000 	-86.6025403784
-4.00000000 7.50000000 	-86.6025403784
-4.00000000 8.00000000 	-86.6025403784
-3.50000000 -12.00000000 	86.6025403784
-3.50000000 -11.50000000 	86.6025403784
-3.50000000 -11.00000000 	86.6025403784
-3.50000000 -10.50000000 	86.6025403784
-3.50000000 -10.00000000 	86.6025403784
-3.50000000 -9.50000000 	75.7392020629
-3.50000000 -9.00000000 	54.3723171944
-3.50000000 -8.50000000 	22.0810198266
-3.50000000 -8.00000000 	-22.0810198266
-3.50000000 -7.50000000 	-54.3723171944
-3.50000000 -7.00000000 	-75.7392020629
-3.50000000 -6.50000000 	-86.6025403784
-3.50000000 -6.00000000 	-86.6025403784
-3.50000000 -5.50000000 	-86.6025403784
-3.50000000 -5.00000000 	-86.6025403784
-3.50000000 -4.50000000 	-86.6025403784
-3.50000000 -4.00000000 	-86.6025403784
-3.50000000 -3.50000000 	-86.6025403784
-3.50000000 -3.00000000 	-86.6025403784
-3.50000000 -2.50000000 	-86.6025403784
-3.50000000 -2.00000000 	-86.6025403784
-3.50000000 -1.50000000 	-86.6025403784
-3.50000000 -1.00000000 	-86.6025403784
-3.50000000 -0.50000000 	-86.6025403784
-3.50000000 0.00000000 	-86.6025403784
-3.50000000 0.50000000 	-86.6025403784
-3.50000000 1.00000000 	-86.6025403784
-3.50000000 1.50000000 	-86.6025403784
-3.50000000 2.00000000 	-86.6025403784
-3.50000000 2.50000000 	-86.6025403784
-3.50000000 3.00000000 	-86.6025403784
-3.50000000 3.50000000 	-86.6025403784
-3.50000000 4.00000000 	-86.6025403784
-3.50000000 4.50000000 	-86.6025403784
-3.50000000 5.00000000 	-86.6025403784
-3.50000000 5.50000000 	-86.6025403784
-3.50000000 6.00000000 	-86.6025403784
-3.50000000 6.50000000 	-86.6025403784
-3.50000000 7.00000000 	-86.6025403784
-3.50000000 7.50000000 	-86.6025403784
-3.50000000 8.00000000 	-86.6025403784
-3.00000000 -12.00000000 	86.6025403784
-3.00000000 -11.50000000 	86.6025403784
-3.00000000 -11.00000000 	86.6025403784
-3.00000000 -10.50000000 	86.6025403784
-3.00000000 -10.00000000 	86.6025403784
-3.00000000 -9.50000000 	86.6025403784
-3.00000000 -9.00000000 	86.6025403784
-3.00000000 -8.50000000 	75.7392020629
-3.00000000 -8.00000000 	54.3723171944
-3.00000000 -7.50000000 	22.0810198266
-3.00000000 -7.00000000 	-22.0810198266
-3.00000000 -6.50000000 	-54.3723171944
-3.00000000 -6.00000000 	-75.7392020629
-3.00000000 -5.50000000 	-86.6025403784
-3.00000000 -5.00000000 	-86.6025403784
-3.00000000 -4.50000000 	-86.6025403784
-3.00000000 -4.00000000 	-86.6025403784
-3.00000000 -3.50000000 	-86.6025403784
-3.00000000 -3.00000000 	-86.6025403784
-3.00000000 -2.50000000 	-86.6025403784
-3.00000000 -2.00000000 	-86.6025403784
-3.00000000 -1.50000000 	-86.6025403784
-3.00000000 -1.00000000 	-86.6025403784
-3.00000000 -0.50000000 	-86.6025403784
-3.00000000 0.00000000 	-86.6025403784
-3.00000000 0.50000000 	-86.6025403784
-3.00000000 1.00000000 	-86.6025403784
-3.00000000 1.50000000 	-86.6025403784
-3.00000000 2.00000000 	-86.6025403784
-3.00000000 2.50000000 	-86.6025403784
-3.00000000 3.00000000 	-86.6025403784
-3.00000000 3.50000000 	-86.6025403784
-3.00000000 4.00000000 	-86.6025403784
-3.00000000 4.50000000 	-86.6025403784
-3.00000000 5.00000000 	-86.6025403784
-3.00000000 5.50000000 	-86.6025403784
-3.00000000 6.00000000 	-86.6025403784
-3.00000000 6.50000000 	-86.6025403784
-3.00000000 7.00000000 	-86.6025403784
-3.00000000 7.50000000 	-86.6025403784
-3.00000000 8.00000000 	-86.6025403784
-2.50000000 -12.00000000 	86.6025403784
-2.50000000 -11.50000000 	86.6025403784
-2.50000000 -11.00000000 	86.6025403784
-2.50000000 -10.50000000 	86.6025403784
-2.50000000 -10.00000000 	86.6025403784
-2.50000000 -9.50000000 	86.6025403784
-2.50000000 -9.00000000 	86.6025403784
-2.50000000 -8.50000000 	86.6025403784
-2.50000000 -8.00000000 	86.6025403784
-2.50000000 -7.50000000 	75.7392020629
-2.50000000 -7.00000000 	54.3723171944
-2.50000000 -6.50000000 	22.0810198266
-2.50000000 -6.00000000 	-22.0810198266
-2.50000000 -5.50000000 	-54.3723171944
-2.50000000 -5.00000000 	-75.7392020629
-2.50000000 -4.50000000 	-86.6025403784
-2.50000000 -4.00000000 	-86.6025403784
-2.50000000 -3.50000000 	-86.6025403784
-2.50000000 -3.00000000 	-86.6025403784
-2.50000000 -2.50000000 	-86.6025403784
-2.50000000 -2.00000000 	-86.6025403784
-2.50000000 -1.50000000 	-86.6025403784
-2.50000000 -1.00000000 	-86.6025403784
-2.50000000 -0.50000000 	-86.6025403784
-2.50000000 0.00000000 	-86.6025403784
-2.50000000 0.50000000 	-86.6025403784
-2.50000000 1.00000000 	-86.6025403784
-2.50000000 1.50000000 	-86.6025403784
-2.50000000 2.00000000 	-86.6025403784
-2.50000000 2.50000000 	-86.6025403784
-2.50000000 3.00000000 	-86.6025403784
-2.50000000 3.50000000 	-86.6025403784
-2.50000000 4.00000000 	-86.6025403784
-2.50000000 4.50000000 	-86.6025403784
-2.50000000 5.00000000 	-86.6025403784
-2.50000000 5.50000000 	-86.6025403784
-2.50000000 6.00000000 	-86.6025403784
-2.50000000 6.50000000 	-86.6025403784
-2.50000000 7.00000000 	-86.6025403784
-2.50000000 7.50000000 	-86.6025403784
-2.50000000 8.00000000 	-86.6025403784
-2.00000000 -12.00000000 	86.6025403784
-2.00000000 -11.50000000 	86.6025403784
-2.00000000 -11.00000000 	86.6025403784
-2.00000000 -10.50000000 	86.6025403784
-2.00000000 -10.00000000 	86.6025403784
-2.00000000 -9.50000000 	86.6025403784
-2.00000000 -9.00000000 	86.6025403784
-2.00000000 -8.50000000 	86.6025403784
-2.00000000 -8.00000000 	86.6025403784
-2.00000000 -7.50000000 	86.6025403784
-2.00000000 -7.00000000 	86.6025403784
-2.00000000 -6.50000000 	75.7392020629
-2.00000000 -6.00000000 	54.3723171944
-2.00000000 -5.50000000 	22.0810198266
-2.00000000 -5.00000000 	-22.0810198266
-2.00000000 -4.50000000 	-54.3723171944
-2.00000000 -4.00000000 	-75.7392020629
-2.00000000 -3.50000000 	-86.6025403784
-2.00000000 -3.00000000 	-86.6025403784
-2.00000000 -2.50000000 	-86.6025403784
-2.00000000 -2.00000000 	-86.6025403784
-2.00000000 -1.50000000 	-86.6025403784
-2.00000000 -1.00000000 	-86.6025403784
-2.00000000 -0.50000000 	-86.6025403784
-2.00000000 0.00000000 	-86.6025403784
-2.00000000 0.50000000 	-86.6025403784
-2.00000000 1.00000000 	-86.6025403784
-2.00000000 1.50000000 	-86.6025403784
-2.00000000 2.00000000 	-86.6025403784
-2.00000000 2.50000000 	-86.6025403784
-2.00000000 3.00000000 	-86.6025403784
-2.00000000 3.50000000 	-86.6025403784
-2.00000000 4.00000000 	-86.6025403784
-2.00000000 4.50000000 	-86.6025403784
-2.00000000 5.00000000 	-86.6025403784
-2.00000000 5.50000000 	-86.6025403784
-2.00000000 6.00000000 	-86.6025403784
-2.00000000 6.50000000 	-86.6025403784
-2.00000000 7.00000000 	-86.6025403784
-2.00000000 7.50000000 	-86.6025403784
-2.00000000 8.00000000 	-86.6025403784
-1.50000000 -12.00000000 	86.6025403784
-1.50000000 -11.50000000 	86.6025403784
-1.50000000 -11.00000000 	86.6025403784
-1.50000000 -10.50000000 	86.6025403784
-1.50000000 -10.00000000 	86.6025403784
-1.50000000 -9.50000000 	86.6025403784
-1.50000000 -9.00000000 	86.6025403784
-1.50000000 -8.50000000 	86.6025403784
-1.50000000 -8.00000000 	86.6025403784
-1.50000000 -7.50000000 	86.6025403784
-1.50000000 -7.00000000 	86.6025403784
-1.50000000 -6.50000000 	86.6025403784
-1.50000000 -6.00000000 	86.6025403784
-1.50000000 -5.50000000 	75.7392020629
-1.50000000 -5.00000000 	54.3723171944
-1.50000000 -4.50000000 	22.0810198266
-1.50000000 -4.00000000 	-22.0810198266
-1.50000000 -3.50000000 	-54.3723171944
-1.50000000 -3.00000000 	-75.7392020629
-1.50000000 -2.50000000 	-86.6025403784
-1.50000000 -2.00000000 	-86.6025403784
-1.50000000 -1.50000000 	-86.6025403784
-1.50000000 -1.00000000 	-86.6025403784
-1.50000000 -0.50000000 	-86.6025403784
-1.50000000 0.00000000 	-86.6025403784
-1.50000000 0.50000000 	-86.6025403784
-1.50000000 1.00000000 	-86.6025403784
-1.50000000 1.50000000 	-86.6025403784
-1.50000000 2.00000000 	-86.6025403784
-1.50000000 2.50000000 	-86.6025403784
-1.50000000 3.00000000 	-86.6025403784
-1.50000000 3.50000000 	-86.6025403784
-1.50000000 4.00000000 	-86.6025403784
-1.50000000 4.50000000 	-86.6025403784
-1.50000000 5.00000000 	-86.6025403784
-1.50000000 5.50000000 	-86.6025403784
-1.50000000 6.00000000 	-86.6025403784
-1.50000000 6.50000000 	-86.6025403784
-1.50000000 7.00000000 	-86.6025403784
-1.50000000 7.50000000 	-86.6025403784
-1.50000000 8.00000000 	-86.6025403784
-1.00000000 -12.00000000 	86.6025403784
-1.00000000 -11.50000000 	86.6025403784
-1.00000000 -11.00000000 	86.6025403784
-1.00000000 -10.50000000 	86.6025403784
-1.00000000 -10.00000000 	86.6025403784
-1.00000000 -9.50000000 	86.6025403784
-1.00000000 -9.00000000 	86.6025403784
-1.00000000 -8.50000000 	86.6025403784
-1.00000000 -8.00000000 	86.6025403784
-1.00000000 -7.50000000 	86.6025403784
-1.00000000 -7.00000000 	86.6025403784
-1.00000000 -6.50000000 	86.6025403784
-1.00000000 -6.00000000 	86.6025403784
-1.00000000 -5.50000000 	86.6025403784
-1.00000000 -5.00000000 	86.6025403784
-1.00000000 -4.50000000 	75.7392020629
-1.00000000 -4.00000000 	54.3723171944
-1.00000000 -3.50000000 	22.0810198266
-1.00000000 -3.00000000 	-22.0810198266
-1.00000000 -2.50000000 	-54.3723171944
-1.00000000 -2.00000000 	-75.7392020629
-1.00000000 -1.50000000 	-86.6025403784
-1.00000000 -1.00000000 	-86.6025403784
-1.00000000 -0.50000000 	-86.6025403784
-1.00000000 0.00000000 	-86.6025403784
-1.00000000 0.50000000 	-86.6025403784
-1.00000000 1.00000000 	-86.6025403784
-1.00000000 1.50000000 	-86.6025403784
-1.00000000 2.00000000 	-86.6025403784
-1.00000000 2.50000000 	-86.6025403784
-1.00000000 3.00000000 	-86.6025403784
-1.00000000 3.50000000 	-86.6025403784
-1.00000000 4.00000000 	-86.6025403784
-1.00000000 4.50000000 	-86.6025403784
-1.00000000 5.00000000 	-86.6025403784
-1.00000000 5.50000000 	-86.6025403784
-1.00000000 6.00000000 	-86.6025403784
-1.00000000 6.50000000 	-86.6025403784
-1.00000000 7.00000000 	-86.6025403784
-1.00000000 7.50000000 	-86.6025403784
-1.00000000 8.00000000 	-86.6025403784
-0.50000000 -12.00000000 	86.6025403784
-0.50000000 -11.50000000 	86.6025403784
-0.50000000 -11.00000000 	86.6025403784
-0.50000000 -10.50000000 	86.6025403784
-0.50000000 -10.00000000 	86.6025403784
-0.50000000 -9.50000000 	86.6025403784
-0.50000000 -9.00000000 	86.6025403784
-0.50000000 -8.50000000 	86.6025403784
-0.50000000 -8.00000000 	86.6025403784
-0.50000000 -7.50000000 	86.6025403784
-0.50000000 -7.00000000 	86.6025403784
-0.50000000 -6.50000000 	86.6025403784
-0.50000000 -6.00000000 	86.6025403784
-0.50000000 -5.50000000 	86.6025403784
-0.50000000 -5.00000000 	86.6025403784
-0.50000000 -4.50000000 	86.6025403784
-0.50000000 -4.00000000 	86.6025403784
-0.50000000 -3.50000000 	75.7392020629
-0.50000000 -3.00000000 	54.3723171944
-0.50000000 -2.50000000 	22.0810198266
-0.50000000 -2.00000000 	-22.0810198266
-0.50000000 -1.50000000 	-54.3723171944
-0.50000000 -1.00000000 	-75.7392020629
-0.50000000 -0.50000000 	-86.6025403784
-0.50000000 0.00000000 	-86.6025403784
-0.50000000 0.50000000 	-86.6025403784
-0.50000000 1.00000000 	-86.6025403784
-0.50000000 1.50000000 	-86.6025403784
-0.50000000 2.00000000 	-86.6025403784
-0.50000000 2.50000000 	-86.6025403784
-0.50000000 3.00000000 	-86.6025403784
-0.50000000 3.50000000 	-86.6025403784
-0.50000000 4.00000000 	-86.6025403784
-0.50000000 4.50000000 	-86.6025403784
-0.50000000 5.00000000 	-86.6025403784
-0.50000000 5.50000000 	-86.6025403784
-0.50000000 6.00000000 	-86.6025403784
-0.50000000 6.50000000 	-86.6025403784
-0.50000000 7.00000000 	-86.6025403784
-0.50000000 7.50000000 	-86.6025403784
-0.50000000 8.00000000 	-86.6025403784
0.00000000 -12.00000000 	86.6025403784
0.00000000 -11.50000000 	86.6025403784
0.00000000 -11.00000000 	86.6025403784
0.00000000 -10.50000000 	86.6025403784
0.00000000 -10.00000000 	86.6025403784
0.00000000 -9.50000000 	86.6025403784
0.00000000 -9.00000000 	86.6025403784
0.00000000 -8.50000000 	86.6025403784
0.00000000 -8.00000000 	86.6025403784
0.00000000 -7.50000000 	86.6025403784
0.00000000 -7.00000000 	86.6025403784
0.00000000 -6.50000000 	86.6025403784
0.00000000 -6.00000000 	86.6025403784
0.00000000 -5.50000000 	86.6025403784
0.00000000 -5.00000000 	86.6025403784
0.00000000 -4.50000000 	86.6025403784
0.00000000 -4.00000000 	86.6025403784
0.00000000 -3.50000000 	86.6025403784
0.00000000 -3.00000000 	86.6025403784
0.00000000 -2.50000000 	75.7392020629
0.00000000 -2.00000000 	54.3723171944
0.00000000 -1.50000000 	22.0810198266
0.00000000 -1.00000000 	-22.0810198266
0.00000000 -0.50000000 	-54.3723171944
0.00000000 0.00000000 	-75.7392020629
0.00000000 0.50000000 	-86.6025403784
0.00000000 1.00000000 	-86.6025403784
0.00000000 1.50000000 	-86.6025403784
0.00000000 2.00000000 	-86.6025403784
0.00000000 2.50000000 	-86.6025403784
0.00000000 3.00000000 	-86.6025403784
0.00000000 3.50000000 	-86.6025403784
0.00000000 4.00000000 	-86.6025403784
0.00000000 4.50000000 	-86.6025403784
0.00000000 5.00000000 	-86.6025403784
0.00000000 5.50000000 	-86.6025403784
0.00000000 6.00000000 	-86.6025403784
0.00000000 6.50000000 	-86.6025403784
0.00000000 7.00000000 	-86.6025403784
0.00000000 7.50000000 	-86.6025403784
0.00000000 8.00000000 	-86.6025403784
0.50000000 -12.00000000 	86.6025403784
0.50000000 -11.50000000 	86.6025403784
0.50000000 -11.00000000 	86.6025403784
0.50000000 -10.50000000 	86.6025403784
0.50000000 -10.00000000 	86.6025403784
0.50000000 -9.50000000 	86.6025403784
0.50000000 -9.00000000 	86.6025403784
0.50000000 -8.50000000 	86.6025403784
0.50000000 -8.00000000 	86.6025403784
0.50000000 -7.50000000 	86.6025403784
0.50000000 -7.00000000 	86.6025403784
0.50000000 -6.50000000 	86.6025403784
0.50000000 -6.00000000 	86.6025403784
0.50000000 -5.50000000 	86.6025403784
0.50000000 -5.00000000 	86.6025403784
0.50000000 -4.50000000 	86.6025403784
0.50000000 -4.00000000 	86.6025403784
0.50000000 -3.50000000 	86.6025403784
0.50000000 -3.00000000 	86.6025403784
0.50000000 -2.50000000 	86.6025403784
0.50000000 -2.00000000 	86.6025403784
0.50000000 -1.50000000 	75.7392020629
0.50000000 -1.00000000 	54.3723171944
0.50000000 -0.50000000 	22.0810198266
0.50000000 0.00000000 	-22.0810198266
0.50000000 0.50000000 	-54.3723171944
0.50000000 1.00000000 	-75.7392020629
0.50000000 1.50000000 	-86.6025403784
0.50000000 2.00000000 	-86.6025403784
0.50000000 2.50000000 	-86.6025403784
0.50000000 3.00000000 	-86.6025403784
0.50000000 3.50000000 	-86.6025403784
0.50000000 4.00000000 	-86.6025403784
0.50000000 4.50000000 	-86.6025403784
0.50000000 5.00000000 	-86.6025403784
0.50000000 5.50000000 	-86.6025403784
0.50000000 6.00000000 	-86.6025403784
0.50000000 6.50000000 	-86.6025403784
0.50000000 7.00000000 	-86.6025403784
0.50000000 7.50000000 	-86.6025403784
0.50000000 8.00000000 	-86.6025403784
1.00000000 -12.00000000 	86.6025403784
1.00000000 -11.50000000 	86.6025403784
1.00000000 -11.00000000 	86.6025403784
1.00000000 -10.50000000 	86.6025403784
1.00000000 -10.00000000 	86.6025403784
1.00000000 -9.50000000 	86.6025403784
1.00000000 -9.00000000 	86.6025403784
1.00000000 -8.50000000 	86.6025403784
1.00000000 -8.00000000 	86.6025403784
1.00000000 -7.50000000 	86.6025403784
1.00000000 -7.00000000 	86.6025403784
1.00000000 -6.50000000 	86.6025403784
1.00000000 -6.00000000 	86.6025403784
1.00000000 -5.50000000 	86.6025403784
1.00000000 -5.00000000 	86.6025403784
1.00000000 -4.50000000 	86.6025403784
1.00000000 -4.00000000 	86.6025403784
1.00000000 -3.50000000 	86.6025403784
1.00000000 -3.00000000 	86.6025403784
1.00000000 -2.50000000 	86.6025403784
1.00000000 -2.00000000 	86.6025403784
1.00000000 -1.50000000 	86.6025403784
1.00000000 -1.00000000 	86.6025403784
1.00000000 -0.50000000 	75.7392020629
1.00000000 0.00000000 	54.3723171944
1.00000000 0.50000000 	22.0810198266
1.00000000 1.00000000 	-22.0810198266
1.00000000 1.50000000 	-54.3723171944
1.00000000 2.00000000 	-75.7392020629
1.00000000 2.50000000 	-86.6025403784
1.00000000 3.00000000 	-86.6025403784
1.00000000 3.50000000 	-86.6025403784
1.00000000 4.00000000 	-86.6025403784
1.00000000 4.50000000 	-86.6025403784
1.00000000 5.00000000 	-86.6025403784
1.00000000 5.50000000 	-86.6025403784
1.00000000 6.00000000 	-86.6025403784
1.00000000 6.50000000 	-86.6025403784
1.00000000 7.00000000 	-86.6025403784
1.00000000 7.50000000 	-86.6025403784
1.00000000 8.00000000 	-86.6025403784
1.50000000 -12.00000000 	86.6025403784
1.50000000 -11.50000000 	86.6025403784
1.50000000 -11.00000000 	86.6025403784
1.50000000 -10.50000000 	86.6025403784
1.50000000 -10.00000000 	86.6025403784
1.50000000 -9.50000000 	86.6025403784
1.50000000 -9.00000000 	86.6025403784
1.50000000 -8.50000000 	86.6025403784
1.50000000 -8.00000000 	86.6025403784
1.50000000 -7.50000000 	86.6025403784
1.50000000 -7.00000000 	86.6025403784
1.50000000 -6.50000000 	86.6025403784
1.50000000 -6.00000000 	86.6025403784
1.50000000 -5.50000000 	86.6025403784
1.50000000 -5.00000000 	86.6025403784
1.50000000 -4.50000000 	86.6025403784
1.50000000 -4.00000000 	86.6025403784
1.50000000 -3.50000000 	86.6025403784
1.50000000 -3.00000000 	86.6025403784
1.50000000 -2.50000000 	86.6025403784
1.50000000 -2.00000000 	86.6025403784
1.50000000 -1.50000000 	86.6025403784
1.50000000 -1.00000000 	86.6025403784
1.50000000 -0.50000000 	86.6025403784
1.50000000 0.00000000 	86.6025403784
1.50000000 0.50000000 	75.7392020629
1.50000000 1.00000000 	54.3723171944
1.50000000 1.50000000 	22.0810198266
1.50000000 2.00000000 	-22.0810198266
1.50000000 2.50000000 	-54.3723171944
1.50000000 3.00000000 	-75.7392020629
1.50000000 3.50000000 	-86.6025403784
1.50000000 4.00000000 	-86.6025403784
1.50000000 4.50000000 	-86.6025403784
1.50000000 5.00000000 	-86.6025403784
1.50000000 5.50000000 	-86.6025403784
1.50000000 6.00000000 	-86.6025403784
1.50000000 6.50000000 	-86.6025403784
1.50000000 7.00000000 	-86.6025403784
1.50000000 7.50000000 	-86.6025403784
1.50000000 8.00000000 	-86.6025403784
2.00000000 -12.00000000 	86.6025403784
2.00000000 -11.50000000 	86.6025403784
2.00000000 -11.00000000 	86.6025403784
2.00000000 -10.50000000 	86.6025403784
2.00000000 -10.00000000 	86.6025403784
2.00000000 -9.50000000 	86.6025403784
2.00000000 -9.00000000 	86.6025403784
2.00000000 -8.50000000 	86.6025403784
2.00000000 -8.00000000 	86.6025403784
2.00000000 -7.50000000 	86.6025403784
2.00000000 -7.00000000 	86.6025403784
2.00000000 -6.50000000 	86.6025403784
2.00000000 -6.00000000 	86.6025403784
2.00000000 -5.50000000 	86.6025403784
2.00000000 -5.00000000 	86.6025403784
2.00000000 -4.50000000 	86.6025403784
2.00000000 -4.00000000 	86.6025403784
2.00000000 -3.50000000 	86.6025403784
2.00000000 -3.00000000 	86.6025403784
2.00000000 -2.50000000 	86.6025403784
2.00000000 -2.00000000 	86.6025403784
2.00000000 -1.50000000 	86.6025403784
2.00000000 -1.00000000 	86.6025403784
2.00000000 -0.50000000 	86.6025403784
2.00000000 0.00000000 	86.6025403784
2.00000000 0.50000000 	86.6025403784
2.00000000 1.00000000 	86.6025403784
2.00000000 1.50000000 	75.7392020629
2.00000000 2.00000000 	54.3723171944
2.00000000 2.50000000 	11.5212221877
2.00000000 3.00000000 	-54.1967139424
2.00000000 3.50000000 	-86.6025403784
2.00000000 4.00000000 	-86.6025403784
2.00000000 4.50000000 	-86.6025403784
2.00000000 5.00000000 	-86.6025403784
2.00000000 5.50000000 	-86.6025403784
2.00000000 6.00000000 	-86.6025403784
2.00000000 6.50000000 	-86.6025403784
2.00000000 7.00000000 	-86.6025403784
2.00000000 7.50000000 	-86.6025403784
2.00000000 8.00000000 	-86.6025403784
