-8.00000000 -12.00000000 	-100.0000000000
-8.00000000 -11.50000000 	-100.0000000000
-8.00000000 -11.00000000 	-100.0000000000
-8.00000000 -10.50000000 	-100.0000000000
-8.00000000 -10.00000000 	-100.0000000000
-8.00000000 -9.50000000 	-100.0000000000
-8.00000000 -9.00000000 	-100.0000000000
-8.00000000 -8.50000000 	-100.0000000000
-8.00000000 -8.00000000 	-100.0000000000
-8.00000000 -7.50000000 	-100.0000000000
-8.00000000 -7.00000000 	-100.0000000000
-8.00000000 -6.50000000 	-100.0000000000
-8.00000000 -6.00000000 	-100.0000000000
-8.00000000 -5.50000000 	-100.0000000000
-8.00000000 -5.00000000 	-100.0000000000
-8.00000000 -4.50000000 	-100.0000000000
-8.00000000 -4.00000000 	-100.0000000000
-8.00000000 -3.50000000 	-100.0000000000
-8.00000000 -3.00000000 	-100.0000000000
-8.00000000 -2.50000000 	-100.0000000000
-8.00000000 -2.00000000 	-100.0000000000
-8.00000000 -1.50000000 	-100.0000000000
-8.00000000 -1.00000000 	-100.0000000000
-8.00000000 -0.50000000 	-100.0000000000
-8.00000000 0.00000000 	-100.0000000000
-8.00000000 0.50000000 	-100.0000000000
-8.00000000 1.00000000 	-100.0000000000
-8.00000000 1.50000000 	-100.0000000000
-8.00000000 2.00000000 	-100.0000000000
-8.00000000 2.50000000 	-100.0000000000
-8.00000000 3.00000000 	-100.0000000000
-8.00000000 3.50000000 	-100.0000000000
-8.00000000 4.00000000 	-100.0000000000
-8.00000000 4.50000000 	-100.0000000000
-8.00000000 5.00000000 	-100.0000000000
-8.00000000 5.50000000 	-100.0000000000
-8.00000000 6.00000000 	-100.0000000000
-8.00000000 6.50000000 	-100.0000000000
-8.00000000 7.00000000 	-100.0000000000
-8.00000000 7.50000000 	-100.0000000000
-8.00000000 8.00000000 	-100.0000000000
-7.50000000 -12.00000000 	-100.0000000000
-7.50000000 -11.50000000 	-100.0000000000
-7.50000000 -11.00000000 	-100.0000000000
-7.50000000 -10.50000000 	-100.0000000000
-7.50000000 -10.00000000 	-100.0000000000
-7.50000000 -9.50000000 	-100.0000000000
-7.50000000 -9.00000000 	-100.0000000000
-7.50000000 -8.50000000 	-100.0000000000
-7.50000000 -8.00000000 	-100.0000000000
-7.50000000 -7.50000000 	-100.0000000000
-7.50000000 -7.00000000 	-100.0000000000
-7.50000000 -6.50000000 	-100.0000000000
-7.50000000 -6.00000000 	-100.0000000000
-7.50000000 -5.50000000 	-100.0000000000
-7.50000000 -5.00000000 	-100.0000000000
-7.50000000 -4.50000000 	-100.0000000000
-7.50000000 -4.00000000 	-100.0000000000
-7.50000000 -3.50000000 	-100.0000000000
-7.50000000 -3.00000000 	-100.0000000000
-7.50000000 -2.50000000 	-100.0000000000
-7.50000000 -2.00000000 	-100.0000000000
-7.50000000 -1.50000000 	-100.0000000000
-7.50000000 -1.00000000 	-100.0000000000
-7.50000000 -0.50000000 	-100.0000000000
-7.50000000 0.00000000 	-100.0000000000
-7.50000000 0.50000000 	-100.0000000000
-7.50000000 1.00000000 	-100.0000000000
-7.50000000 1.50000000 	-100.0000000000
-7.50000000 2.00000000 	-100.0000000000
-7.50000000 2.50000000 	-100.0000000000
-7.50000000 3.00000000 	-100.0000000000
-7.50000000 3.50000000 	-100.0000000000
-7.50000000 4.00000000 	-100.0000000000
-7.50000000 4.50000000 	-100.0000000000
-7.50000000 5.00000000 	-100.0000000000
-7.50000000 5.50000000 	-100.0000000000
-7.50000000 6.00000000 	-100.0000000000
-7.50000000 6.50000000 	-100.0000000000
-7.50000000 7.00000000 	-100.0000000000
-7.50000000 7.50000000 	-100.0000000000
-7.50000000 8.00000000 	-100.0000000000
-7.00000000 -12.00000000 	-100.0000000000
-7.00000000 -11.50000000 	-100.0000000000
-7.00000000 -11.00000000 	-100.0000000000
-7.00000000 -10.50000000 	-100.0000000000
-7.00000000 -10.00000000 	-100.0000000000
-7.00000000 -9.50000000 	-100.0000000000
-7.00000000 -9.00000000 	-100.0000000000
-7.00000000 -8.50000000 	-100.0000000000
-7.00000000 -8.00000000 	-100.0000000000
-7.00000000 -7.50000000 	-100.0000000000
-7.00000000 -7.00000000 	-100.0000000000
-7.00000000 -6.50000000 	-100.0000000000
-7.00000000 -6.00000000 	-100.0000000000
-7.00000000 -5.50000000 	-100.0000000000
-7.00000000 -5.00000000 	-100.0000000000
-7.00000000 -4.50000000 	-100.0000000000
-7.00000000 -4.00000000 	-100.0000000000
-7.00000000 -3.50000000 	-100.0000000000
-7.00000000 -3.00000000 	-100.0000000000
-7.00000000 -2.50000000 	-100.0000000000
-7.00000000 -2.00000000 	-100.0000000000
-7.00000000 -1.50000000 	-100.0000000000
-7.00000000 -1.00000000 	-100.0000000000
-7.00000000 -0.50000000 	-100.0000000000
-7.00000000 0.00000000 	-100.0000000000
-7.00000000 0.50000000 	-100.0000000000
-7.00000000 1.00000000 	-100.0000000000
-7.00000000 1.50000000 	-100.0000000000
-7.00000000 2.00000000 	-100.0000000000
-7.00000000 2.50000000 	-100.0000000000
-7.00000000 3.00000000 	-100.0000000000
-7.00000000 3.50000000 	-100.0000000000
-7.00000000 4.00000000 	-100.0000000000
-7.00000000 4.50000000 	-100.0000000000
-7.00000000 5.00000000 	-100.0000000000
-7.00000000 5.50000000 	-100.0000000000
-7.00000000 6.00000000 	-100.0000000000
-7.00000000 6.50000000 	-100.0000000000
-7.00000000 7.00000000 	-100.0000000000
-7.00000000 7.50000000 	-100.0000000000
-7.00000000 8.00000000 	-100.0000000000
-6.50000000 -12.00000000 	-100.0000000000
-6.50000000 -11.50000000 	-100.0000000000
-6.50000000 -11.00000000 	-100.0000000000
-6.50000000 -10.50000000 	-100.0000000000
-6.50000000 -10.00000000 	-100.0000000000
-6.50000000 -9.50000000 	-100.0000000000
-6.50000000 -9.00000000 	-100.0000000000
-6.50000000 -8.50000000 	-100.0000000000
-6.50000000 -8.00000000 	-100.0000000000
-6.50000000 -7.50000000 	-100.0000000000
-6.50000000 -7.00000000 	-100.0000000000
-6.50000000 -6.50000000 	-100.0000000000
-6.50000000 -6.00000000 	-100.0000000000
-6.50000000 -5.50000000 	-100.0000000000
-6.50000000 -5.00000000 	-100.0000000000
-6.50000000 -4.50000000 	-100.0000000000
-6.50000000 -4.00000000 	-100.0000000000
-6.50000000 -3.50000000 	-100.0000000000
-6.50000000 -3.00000000 	-100.0000000000
-6.50000000 -2.50000000 	-100.0000000000
-6.50000000 -2.00000000 	-100.0000000000
-6.50000000 -1.50000000 	-100.0000000000
-6.50000000 -1.00000000 	-100.0000000000
-6.50000000 -0.50000000 	-100.0000000000
-6.50000000 0.00000000 	-100.0000000000
-6.50000000 0.50000000 	-100.0000000000
-6.50000000 1.00000000 	-100.0000000000
-6.50000000 1.50000000 	-100.0000000000
-6.50000000 2.00000000 	-100.0000000000
-6.50000000 2.50000000 	-100.0000000000
-6.50000000 3.00000000 	-100.0000000000
-6.50000000 3.50000000 	-100.0000000000
-6.50000000 4.00000000 	-100.0000000000
-6.50000000 4.50000000 	-100.0000000000
-6.50000000 5.00000000 	-100.0000000000
-6.50000000 5.50000000 	-100.0000000000
-6.50000000 6.00000000 	-100.0000000000
-6.50000000 6.50000000 	-100.0000000000
-6.50000000 7.00000000 	-100.0000000000
-6.50000000 7.50000000 	-100.0000000000
-6.50000000 8.00000000 	-100.0000000000
-6.00000000 -12.00000000 	-100.0000000000
-6.00000000 -11.50000000 	-100.0000000000
-6.00000000 -11.00000000 	-100.0000000000
-6.00000000 -10.50000000 	-100.0000000000
-6.00000000 -10.00000000 	-100.0000000000
-6.00000000 -9.50000000 	-100.0000000000
-6.00000000 -9.00000000 	-100.0000000000
-6.00000000 -8.50000000 	-100.0000000000
-6.00000000 -8.00000000 	-100.0000000000
-6.00000000 -7.50000000 	-100.0000000000
-6.00000000 -7.00000000 	-100.0000000000
-6.00000000 -6.50000000 	-100.0000000000
-6.00000000 -6.00000000 	-100.0000000000
-6.00000000 -5.50000000 	-100.0000000000
-6.00000000 -5.00000000 	-100.0000000000
-6.00000000 -4.50000000 	-100.0000000000
-6.00000000 -4.00000000 	-100.0000000000
-6.00000000 -3.50000000 	-100.0000000000
-6.00000000 -3.00000000 	-100.0000000000
-6.00000000 -2.50000000 	-100.0000000000
-6.00000000 -2.00000000 	-100.0000000000
-6.00000000 -1.50000000 	-100.0000000000
-6.00000000 -1.00000000 	-100.0000000000
-6.00000000 -0.50000000 	-100.0000000000
-6.00000000 0.00000000 	-100.0000000000
-6.00000000 0.50000000 	-100.0000000000
-6.00000000 1.00000000 	-100.0000000000
-6.00000000 1.50000000 	-100.0000000000
-6.00000000 2.00000000 	-100.0000000000
-6.00000000 2.50000000 	-100.0000000000
-6.00000000 3.00000000 	-100.0000000000
-6.00000000 3.50000000 	-100.0000000000
-6.00000000 4.00000000 	-100.0000000000
-6.00000000 4.50000000 	-100.0000000000
-6.00000000 5.00000000 	-100.0000000000
-6.00000000 5.50000000 	-100.0000000000
-6.00000000 6.00000000 	-100.0000000000
-6.00000000 6.50000000 	-100.0000000000
-6.00000000 7.00000000 	-100.0000000000
-6.00000000 7.50000000 	-100.0000000000
-6.00000000 8.00000000 	-100.0000000000
-5.50000000 -12.00000000 	-100.0000000000
-5.50000000 -11.50000000 	-100.0000000000
-5.50000000 -11.00000000 	-100.0000000000
-5.50000000 -10.50000000 	-100.0000000000
-5.50000000 -10.00000000 	-100.0000000000
-5.50000000 -9.50000000 	-100.0000000000
-5.50000000 -9.00000000 	-100.0000000000
-5.50000000 -8.50000000 	-100.0000000000
-5.50000000 -8.00000000 	-100.0000000000
-5.50000000 -7.50000000 	-100.0000000000
-5.50000000 -7.00000000 	-100.0000000000
-5.50000000 -6.50000000 	-100.0000000000
-5.50000000 -6.00000000 	-100.0000000000
-5.50000000 -5.50000000 	-100.0000000000
-5.50000000 -5.00000000 	-100.0000000000
-5.50000000 -4.50000000 	-100.0000000000
-5.50000000 -4.00000000 	-100.0000000000
-5.50000000 -3.50000000 	-100.0000000000
-5.50000000 -3.00000000 	-100.0000000000
-5.50000000 -2.50000000 	-100.0000000000
-5.50000000 -2.00000000 	-100.0000000000
-5.50000000 -1.50000000 	-100.0000000000
-5.50000000 -1.00000000 	-100.0000000000
-5.50000000 -0.50000000 	-100.0000000000
-5.50000000 0.00000000 	-100.0000000000
-5.50000000 0.50000000 	-100.0000000000
-5.50000000 1.00000000 	-100.0000000000
-5.50000000 1.50000000 	-100.0000000000
-5.50000000 2.00000000 	-100.0000000000
-5.50000000 2.50000000 	-100.0000000000
-5.50000000 3.00000000 	-100.0000000000
-5.50000000 3.50000000 	-100.0000000000
-5.50000000 4.00000000 	-100.0000000000
-5.50000000 4.50000000 	-100.0000000000
-5.50000000 5.00000000 	-100.0000000000
-5.50000000 5.50000000 	-100.0000000000
-5.50000000 6.00000000 	-100.0000000000
-5.50000000 6.50000000 	-100.0000000000
-5.50000000 7.00000000 	-100.0000000000
-5.50000000 7.50000000 	-100.0000000000
-5.50000000 8.00000000 	-100.0000000000
-5.00000000 -12.00000000 	-100.0000000000
-5.00000000 -11.50000000 	-100.0000000000
-5.00000000 -11.00000000 	-100.0000000000
-5.00000000 -10.50000000 	-100.0000000000
-5.00000000 -10.00000000 	-100.0000000000
-5.00000000 -9.50000000 	-100.0000000000
-5.00000000 -9.00000000 	-100.0000000000
-5.00000000 -8.50000000 	-100.0000000000
-5.00000000 -8.00000000 	-100.0000000000
-5.00000000 -7.50000000 	-100.0000000000
-5.00000000 -7.00000000 	-100.0000000000
-5.00000000 -6.50000000 	-100.0000000000
-5.00000000 -6.00000000 	-100.0000000000
-5.00000000 -5.50000000 	-100.0000000000
-5.00000000 -5.00000000 	-100.0000000000
-5.00000000 -4.50000000 	-100.0000000000
-5.00000000 -4.00000000 	-100.0000000000
-5.00000000 -3.50000000 	-100.0000000000
-5.00000000 -3.00000000 	-100.0000000000
-5.00000000 -2.50000000 	-100.0000000000
-5.00000000 -2.00000000 	-100.0000000000
-5.00000000 -1.50000000 	-100.0000000000
-5.00000000 -1.00000000 	-100.0000000000
-5.00000000 -0.50000000 	-100.0000000000
-5.00000000 0.00000000 	-100.0000000000
-5.00000000 0.50000000 	-100.0000000000
-5.00000000 1.00000000 	-100.0000000000
-5.00000000 1.50000000 	-100.0000000000
-5.00000000 2.00000000 	-100.0000000000
-5.00000000 2.50000000 	-100.0000000000
-5.00000000 3.00000000 	-100.0000000000
-5.00000000 3.50000000 	-100.0000000000
-5.00000000 4.00000000 	-100.0000000000
-5.00000000 4.50000000 	-100.0000000000
-5.00000000 5.00000000 	-100.0000000000
-5.00000000 5.50000000 	-100.0000000000
-5.00000000 6.00000000 	-100.0000000000
-5.00000000 6.50000000 	-100.0000000000
-5.00000000 7.00000000 	-100.0000000000
-5.00000000 7.50000000 	-100.0000000000
-5.00000000 8.00000000 	-100.0000000000
-4.50000000 -12.00000000 	-100.0000000000
-4.50000000 -11.50000000 	-100.0000000000
-4.50000000 -11.00000000 	-100.0000000000
-4.50000000 -10.50000000 	-100.0000000000
-4.50000000 -10.00000000 	-100.0000000000
-4.50000000 -9.50000000 	-100.0000000000
-4.50000000 -9.00000000 	-100.0000000000
-4.50000000 -8.50000000 	-100.0000000000
-4.50000000 -8.00000000 	-100.0000000000
-4.50000000 -7.50000000 	-100.0000000000
-4.50000000 -7.00000000 	-100.0000000000
-4.50000000 -6.50000000 	-100.0000000000
-4.50000000 -6.00000000 	-100.0000000000
-4.50000000 -5.50000000 	-100.0000000000
-4.50000000 -5.00000000 	-100.0000000000
-4.50000000 -4.50000000 	-100.0000000000
-4.50000000 -4.00000000 	-100.0000000000
-4.50000000 -3.50000000 	-100.0000000000
-4.50000000 -3.00000000 	-100.0000000000
-4.50000000 -2.50000000 	-100.0000000000
-4.50000000 -2.00000000 	-100.0000000000
-4.50000000 -1.50000000 	-100.0000000000
-4.50000000 -1.00000000 	-100.0000000000
-4.50000000 -0.50000000 	-100.0000000000
-4.50000000 0.00000000 	-100.0000000000
-4.50000000 0.50000000 	-100.0000000000
-4.50000000 1.00000000 	-100.0000000000
-4.50000000 1.50000000 	-100.0000000000
-4.50000000 2.00000000 	-100.0000000000
-4.50000000 2.50000000 	-100.0000000000
-4.50000000 3.00000000 	-100.0000000000
-4.50000000 3.50000000 	-100.0000000000
-4.50000000 4.00000000 	-100.0000000000
-4.50000000 4.50000000 	-100.0000000000
-4.50000000 5.00000000 	-100.0000000000
-4.50000000 5.50000000 	-100.0000000000
-4.50000000 6.00000000 	-100.0000000000
-4.50000000 6.50000000 	-100.0000000000
-4.50000000 7.00000000 	-100.0000000000
-4.50000000 7.50000000 	-100.0000000000
-4.50000000 8.00000000 	-100.0000000000
-4.00000000 -12.00000000 	-100.0000000000
-4.00000000 -11.50000000 	-100.0000000000
-4.00000000 -11.00000000 	-100.0000000000
-4.00000000 -10.50000000 	-100.0000000000
-4.00000000 -10.00000000 	-100.0000000000
-4.00000000 -9.50000000 	-100.0000000000
-4.00000000 -9.00000000 	-100.0000000000
-4.00000000 -8.50000000 	-100.0000000000
-4.00000000 -8.00000000 	-100.0000000000
-4.00000000 -7.50000000 	-100.0000000000
-4.00000000 -7.00000000 	-100.0000000000
-4.00000000 -6.50000000 	-100.0000000000
-4.00000000 -6.00000000 	-100.0000000000
-4.00000000 -5.50000000 	-100.0000000000
-4.00000000 -5.00000000 	-100.0000000000
-4.00000000 -4.50000000 	-100.0000000000
-4.00000000 -4.00000000 	-100.0000000000
-4.00000000 -3.50000000 	-100.0000000000
-4.00000000 -3.00000000 	-100.0000000000
-4.00000000 -2.50000000 	-100.0000000000
-4.00000000 -2.00000000 	-100.0000000000
-4.00000000 -1.50000000 	-100.0000000000
-4.00000000 -1.00000000 	-100.0000000000
-4.00000000 -0.50000000 	-100.0000000000
-4.00000000 0.00000000 	-100.0000000000
-4.00000000 0.50000000 	-100.0000000000
-4.00000000 1.00000000 	-100.0000000000
-4.00000000 1.50000000 	-100.0000000000
-4.00000000 2.00000000 	-100.0000000000
-4.00000000 2.50000000 	-100.0000000000
-4.00000000 3.00000000 	-100.0000000000
-4.00000000 3.50000000 	-100.0000000000
-4.00000000 4.00000000 	-100.0000000000
-4.00000000 4.50000000 	-100.0000000000
-4.00000000 5.00000000 	-100.0000000000
-4.00000000 5.50000000 	-100.0000000000
-4.00000000 6.00000000 	-100.0000000000
-4.00000000 6.50000000 	-100.0000000000
-4.00000000 7.00000000 	-100.0000000000
-4.00000000 7.50000000 	-100.0000000000
-4.00000000 8.00000000 	-100.0000000000
-3.50000000 -12.00000000 	-100.0000000000
-3.50000000 -11.50000000 	-100.0000000000
-3.50000000 -11.00000000 	-100.0000000000
-3.50000000 -10.50000000 	-100.0000000000
-3.50000000 -10.00000000 	-100.0000000000
-3.50000000 -9.50000000 	-100.0000000000
-3.50000000 -9.00000000 	-100.0000000000
-3.50000000 -8.50000000 	-100.0000000000
-3.50000000 -8.00000000 	-100.0000000000
-3.50000000 -7.50000000 	-100.0000000000
-3.50000000 -7.00000000 	-100.0000000000
-3.50000000 -6.50000000 	-100.0000000000
-3.50000000 -6.00000000 	-100.0000000000
-3.50000000 -5.50000000 	-100.0000000000
-3.50000000 -5.00000000 	-100.0000000000
-3.50000000 -4.50000000 	-100.0000000000
-3.50000000 -4.00000000 	-100.0000000000
-3.50000000 -3.50000000 	-100.0000000000
-3.50000000 -3.00000000 	-100.0000000000
-3.50000000 -2.50000000 	-100.0000000000
-3.50000000 -2.00000000 	-100.0000000000
-3.50000000 -1.50000000 	-100.0000000000
-3.50000000 -1.00000000 	-100.0000000000
-3.50000000 -0.50000000 	-100.0000000000
-3.50000000 0.00000000 	-100.0000000000
-3.50000000 0.50000000 	-100.0000000000
-3.50000000 1.00000000 	-100.0000000000
-3.50000000 1.50000000 	-100.0000000000
-3.50000000 2.00000000 	-100.0000000000
-3.50000000 2.50000000 	-100.0000000000
-3.50000000 3.00000000 	-100.0000000000
-3.50000000 3.50000000 	-100.0000000000
-3.50000000 4.00000000 	-100.0000000000
-3.50000000 4.50000000 	-100.0000000000
-3.50000000 5.00000000 	-100.0000000000
-3.50000000 5.50000000 	-100.0000000000
-3.50000000 6.00000000 	-100.0000000000
-3.50000000 6.50000000 	-100.0000000000
-3.50000000 7.00000000 	-100.0000000000
-3.50000000 7.50000000 	-100.0000000000
-3.50000000 8.00000000 	-100.0000000000
-3.00000000 -12.00000000 	-100.0000000000
-3.00000000 -11.50000000 	-100.0000000000
-3.00000000 -11.00000000 	-100.0000000000
-3.00000000 -10.50000000 	-100.0000000000
-3.00000000 -10.00000000 	-100.0000000000
-3.00000000 -9.50000000 	-100.0000000000
-3.00000000 -9.00000000 	-100.0000000000
-3.00000000 -8.50000000 	-100.0000000000
-3.00000000 -8.00000000 	-100.0000000000
-3.00000000 -7.50000000 	-100.0000000000
-3.00000000 -7.00000000 	-100.0000000000
-3.00000000 -6.50000000 	-100.0000000000
-3.00000000 -6.00000000 	-100.0000000000
-3.00000000 -5.50000000 	-100.0000000000
-3.00000000 -5.00000000 	-100.0000000000
-3.00000000 -4.50000000 	-100.0000000000
-3.00000000 -4.00000000 	-100.0000000000
-3.00000000 -3.50000000 	-100.0000000000
-3.00000000 -3.00000000 	-100.0000000000
-3.00000000 -2.50000000 	-100.0000000000
-3.00000000 -2.00000000 	-100.0000000000
-3.00000000 -1.50000000 	-100.0000000000
-3.00000000 -1.00000000 	-100.0000000000
-3.00000000 -0.50000000 	-100.0000000000
-3.00000000 0.00000000 	-100.0000000000
-3.00000000 0.50000000 	-100.0000000000
-3.00000000 1.00000000 	-100.0000000000
-3.00000000 1.50000000 	-100.0000000000
-3.00000000 2.00000000 	-100.0000000000
-3.00000000 2.50000000 	-100.0000000000
-3.00000000 3.00000000 	-100.0000000000
-3.00000000 3.50000000 	-100.0000000000
-3.00000000 4.00000000 	-100.0000000000
-3.00000000 4.50000000 	-100.0000000000
-3.00000000 5.00000000 	-100.0000000000
-3.00000000 5.50000000 	-100.0000000000
-3.00000000 6.00000000 	-100.0000000000
-3.00000000 6.50000000 	-100.0000000000
-3.00000000 7.00000000 	-100.0000000000
-3.00000000 7.50000000 	-100.0000000000
-3.00000000 8.00000000 	-100.0000000000
-2.50000000 -12.00000000 	-100.0000000000
-2.50000000 -11.50000000 	-100.0000000000
-2.50000000 -11.00000000 	-100.0000000000
-2.50000000 -10.50000000 	-100.0000000000
-2.50000000 -10.00000000 	-100.0000000000
-2.50000000 -9.50000000 	-100.0000000000
-2.50000000 -9.00000000 	-100.0000000000
-2.50000000 -8.50000000 	-100.0000000000
-2.50000000 -8.00000000 	-100.0000000000
-2.50000000 -7.50000000 	-100.0000000000
-2.50000000 -7.00000000 	-100.0000000000
-2.50000000 -6.50000000 	-100.0000000000
-2.50000000 -6.00000000 	-100.0000000000
-2.50000000 -5.50000000 	-100.0000000000
-2.50000000 -5.00000000 	-100.0000000000
-2.50000000 -4.50000000 	-100.0000000000
-2.50000000 -4.00000000 	-100.0000000000
-2.50000000 -3.50000000 	-100.0000000000
-2.50000000 -3.00000000 	-100.0000000000
-2.50000000 -2.50000000 	-100.0000000000
-2.50000000 -2.00000000 	-100.0000000000
-2.50000000 -1.50000000 	-100.0000000000
-2.50000000 -1.00000000 	-100.0000000000
-2.50000000 -0.50000000 	-100.0000000000
-2.50000000 0.00000000 	-100.0000000000
-2.50000000 0.50000000 	-100.0000000000
-2.50000000 1.00000000 	-100.0000000000
-2.50000000 1.50000000 	-100.0000000000
-2.50000000 2.00000000 	-100.0000000000
-2.50000000 2.50000000 	-100.0000000000
-2.50000000 3.00000000 	-100.0000000000
-2.50000000 3.50000000 	-100.0000000000
-2.50000000 4.00000000 	-100.0000000000
-2.50000000 4.50000000 	-100.0000000000
-2.50000000 5.00000000 	-100.0000000000
-2.50000000 5.50000000 	-100.0000000000
-2.50000000 6.00000000 	-100.0000000000
-2.50000000 6.50000000 	-100.0000000000
-2.50000000 7.00000000 	-100.0000000000
-2.50000000 7.50000000 	-100.0000000000
-2.50000000 8.00000000 	-100.0000000000
-2.00000000 -12.00000000 	-100.0000000000
-2.00000000 -11.50000000 	-100.0000000000
-2.00000000 -11.00000000 	-100.0000000000
-2.00000000 -10.50000000 	-100.0000000000
-2.00000000 -10.00000000 	-100.0000000000
-2.00000000 -9.50000000 	-100.0000000000
-2.00000000 -9.00000000 	-100.0000000000
-2.00000000 -8.50000000 	-100.0000000000
-2.00000000 -8.00000000 	-100.0000000000
-2.00000000 -7.50000000 	-100.0000000000
-2.00000000 -7.00000000 	-100.0000000000
-2.00000000 -6.50000000 	-100.0000000000
-2.00000000 -6.00000000 	-100.0000000000
-2.00000000 -5.50000000 	-100.0000000000
-2.00000000 -5.00000000 	-100.0000000000
-2.00000000 -4.50000000 	-100.0000000000
-2.00000000 -4.00000000 	-100.0000000000
-2.00000000 -3.50000000 	-100.0000000000
-2.00000000 -3.00000000 	-100.0000000000
-2.00000000 -2.50000000 	-100.0000000000
-2.00000000 -2.00000000 	-100.0000000000
-2.00000000 -1.50000000 	-100.0000000000
-2.00000000 -1.00000000 	-100.0000000000
-2.00000000 -0.50000000 	-100.0000000000
-2.00000000 0.00000000 	-100.0000000000
-2.00000000 0.50000000 	-100.0000000000
-2.00000000 1.00000000 	-100.0000000000
-2.00000000 1.50000000 	-100.0000000000
-2.00000000 2.00000000 	-100.0000000000
-2.00000000 2.50000000 	-100.0000000000
-2.00000000 3.00000000 	-100.0000000000
-2.00000000 3.50000000 	-100.0000000000
-2.00000000 4.00000000 	-100.0000000000
-2.00000000 4.50000000 	-100.0000000000
-2.00000000 5.00000000 	-100.0000000000
-2.00000000 5.50000000 	-100.0000000000
-2.00000000 6.00000000 	-100.0000000000
-2.00000000 6.50000000 	-100.0000000000
-2.00000000 7.00000000 	-100.0000000000
-2.00000000 7.50000000 	-100.0000000000
-2.00000000 8.00000000 	-100.0000000000
-1.50000000 -12.00000000 	-100.0000000000
-1.50000000 -11.50000000 	-100.0000000000
-1.50000000 -11.00000000 	-100.0000000000
-1.50000000 -10.50000000 	-100.0000000000
-1.50000000 -10.00000000 	-100.0000000000
-1.50000000 -9.50000000 	-100.0000000000
-1.50000000 -9.00000000 	-100.0000000000
-1.50000000 -8.50000000 	-100.0000000000
-1.50000000 -8.00000000 	-100.0000000000
-1.50000000 -7.50000000 	-100.0000000000
-1.50000000 -7.00000000 	-100.0000000000
-1.50000000 -6.50000000 	-100.0000000000
-1.50000000 -6.00000000 	-100.0000000000
-1.50000000 -5.50000000 	-100.0000000000
-1.50000000 -5.00000000 	-100.0000000000
-1.50000000 -4.50000000 	-100.0000000000
-1.50000000 -4.00000000 	-100.0000000000
-1.50000000 -3.50000000 	-100.0000000000
-1.50000000 -3.00000000 	-100.0000000000
-1.50000000 -2.50000000 	-100.0000000000
-1.50000000 -2.00000000 	-100.0000000000
-1.50000000 -1.50000000 	-100.0000000000
-1.50000000 -1.00000000 	-100.0000000000
-1.50000000 -0.50000000 	-100.0000000000
-1.50000000 0.00000000 	-100.0000000000
-1.50000000 0.50000000 	-100.0000000000
-1.50000000 1.00000000 	-100.0000000000
-1.50000000 1.50000000 	-100.0000000000
-1.50000000 2.00000000 	-100.0000000000
-1.50000000 2.50000000 	-100.0000000000
-1.50000000 3.00000000 	-100.0000000000
-1.50000000 3.50000000 	-100.0000000000
-1.50000000 4.00000000 	-100.0000000000
-1.50000000 4.50000000 	-100.0000000000
-1.50000000 5.00000000 	-100.0000000000
-1.50000000 5.50000000 	-100.0000000000
-1.50000000 6.00000000 	-100.0000000000
-1.50000000 6.50000000 	-100.0000000000
-1.50000000 7.00000000 	-100.0000000000
-1.50000000 7.50000000 	-100.0000000000
-1.50000000 8.00000000 	-100.0000000000
-1.00000000 -12.00000000 	-95.8233730614
-1.00000000 -11.50000000 	-95.8233730614
-1.00000000 -11.00000000 	-95.8233730614
-1.00000000 -10.50000000 	-95.8233730614
-1.00000000 -10.00000000 	-95.8233730614
-1.00000000 -9.50000000 	-95.8233730614
-1.00000000 -9.00000000 	-95.8233730614
-1.00000000 -8.50000000 	-95.8233730614
-1.00000000 -8.00000000 	-95.8233730614
-1.00000000 -7.50000000 	-95.8233730614
-1.00000000 -7.00000000 	-95.8233730614
-1.00000000 -6.50000000 	-95.8233730614
-1.00000000 -6.00000000 	-95.8233730614
-1.00000000 -5.50000000 	-95.8233730614
-1.00000000 -5.00000000 	-95.8233730614
-1.00000000 -4.50000000 	-95.8233730614
-1.00000000 -4.00000000 	-95.8233730614
-1.00000000 -3.50000000 	-95.8233730614
-1.00000000 -3.00000000 	-95.8233730614
-1.00000000 -2.50000000 	-95.8233730614
-1.00000000 -2.00000000 	-95.8233730614
-1.00000000 -1.50000000 	-95.8233730614
-1.00000000 -1.00000000 	-95.8233730614
-1.00000000 -0.50000000 	-95.8233730614
-1.00000000 0.00000000 	-95.8233730614
-1.00000000 0.50000000 	-95.8233730614
-1.00000000 1.00000000 	-95.8233730614
-1.00000000 1.50000000 	-95.8233730614
-1.00000000 2.00000000 	-95.8233730614
-1.00000000 2.50000000 	-95.8233730614
-1.00000000 3.00000000 	-95.8233730614
-1.00000000 3.50000000 	-95.8233730614
-1.00000000 4.00000000 	-95.8233730614
-1.00000000 4.50000000 	-95.8233730614
-1.00000000 5.00000000 	-95.8233730614
-1.00000000 5.50000000 	-95.8233730614
-1.00000000 6.00000000 	-95.8233730614
-1.00000000 6.50000000 	-95.8233730614
-1.00000000 7.00000000 	-95.8233730614
-1.00000000 7.50000000 	-95.8233730614
-1.00000000 8.00000000 	-95.8233730614
-0.50000000 -12.00000000 	-75.1536981276
-0.50000000 -11.50000000 	-75.1536981276
-0.50000000 -11.00000000 	-75.1536981276
-0.50000000 -10.50000000 	-75.1536981276
-0.50000000 -10.00000000 	-75.1536981276
-0.50000000 -9.50000000 	-75.1536981276
-0.50000000 -9.00000000 	-75.1536981276
-0.50000000 -8.50000000 	-75.1536981276
-0.50000000 -8.00000000 	-75.1536981276
-0.50000000 -7.50000000 	-75.1536981276
-0.50000000 -7.00000000 	-75.1536981276
-0.50000000 -6.50000000 	-75.1536981276
-0.50000000 -6.00000000 	-75.1536981276
-0.50000000 -5.50000000 	-75.1536981276
-0.50000000 -5.00000000 	-75.1536981276
-0.50000000 -4.50000000 	-75.1536981276
-0.50000000 -4.00000000 	-75.1536981276
-0.50000000 -3.50000000 	-75.1536981276
-0.50000000 -3.00000000 	-75.1536981276
-0.50000000 -2.50000000 	-75.1536981276
-0.50000000 -2.00000000 	-75.1536981276
-0.50000000 -1.50000000 	-75.1536981276
-0.50000000 -1.00000000 	-75.1536981276
-0.50000000 -0.50000000 	-75.1536981276
-0.50000000 0.00000000 	-75.1536981276
-0.50000000 0.50000000 	-75.1536981276
-0.50000000 1.00000000 	-75.1536981276
-0.50000000 1.50000000 	-75.1536981276
-0.50000000 2.00000000 	-75.1536981276
-0.50000000 2.50000000 	-75.1536981276
-0.50000000 3.00000000 	-75.1536981276
-0.50000000 3.50000000 	-75.1536981276
-0.50000000 4.00000000 	-75.1536981276
-0.50000000 4.50000000 	-75.1536981276
-0.50000000 5.00000000 	-75.1536981276
-0.50000000 5.50000000 	-75.1536981276
-0.50000000 6.00000000 	-75.1536981276
-0.50000000 6.50000000 	-75.1536981276
-0.50000000 7.00000000 	-75.1536981276
-0.50000000 7.50000000 	-75.1536981276
-0.50000000 8.00000000 	-75.1536981276
0.00000000 -12.00000000 	-29.3682937705
0.00000000 -11.50000000 	-29.3682937705
0.00000000 -11.00000000 	-29.3682937705
0.00000000 -10.50000000 	-29.3682937705
0.00000000 -10.00000000 	-29.3682937705
0.00000000 -9.50000000 	-29.3682937705
0.00000000 -9.00000000 	-29.3682937705
0.00000000 -8.50000000 	-29.3682937705
0.00000000 -8.00000000 	-29.3682937705
0.00000000 -7.50000000 	-29.3682937705
0.00000000 -7.00000000 	-29.3682937705
0.00000000 -6.50000000 	-29.3682937705
0.00000000 -6.00000000 	-29.3682937705
0.00000000 -5.50000000 	-29.3682937705
0.00000000 -5.00000000 	-29.3682937705
0.00000000 -4.50000000 	-29.3682937705
0.00000000 -4.00000000 	-29.3682937705
0.00000000 -3.50000000 	-29.3682937705
0.00000000 -3.00000000 	-29.3682937705
0.00000000 -2.50000000 	-29.3682937705
0.00000000 -2.00000000 	-29.3682937705
0.00000000 -1.50000000 	-29.3682937705
0.00000000 -1.00000000 	-29.3682937705
0.00000000 -0.50000000 	-29.3682937705
0.00000000 0.00000000 	-29.3682937705
0.00000000 0.50000000 	-29.3682937705
0.00000000 1.00000000 	-29.3682937705
0.00000000 1.50000000 	-29.3682937705
0.00000000 2.00000000 	-29.3682937705
0.00000000 2.50000000 	-29.3682937705
0.00000000 3.00000000 	-29.3682937705
0.00000000 3.50000000 	-29.3682937705
0.00000000 4.00000000 	-29.3682937705
0.00000000 4.50000000 	-29.3682937705
0.00000000 5.00000000 	-29.3682937705
0.00000000 5.50000000 	-29.3682937705
0.00000000 6.00000000 	-29.3682937705
0.00000000 6.50000000 	-29.3682937705
0.00000000 7.00000000 	-29.3682937705
0.00000000 7.50000000 	-29.3682937705
0.00000000 8.00000000 	-29.3682937705
0.50000000 -12.00000000 	29.3682937705
0.50000000 -11.50000000 	29.3682937705
0.50000000 -11.00000000 	29.3682937705
0.50000000 -10.50000000 	29.3682937705
0.50000000 -10.00000000 	29.3682937705
0.50000000 -9.50000000 	29.3682937705
0.50000000 -9.00000000 	29.3682937705
0.50000000 -8.50000000 	29.3682937705
0.50000000 -8.00000000 	29.3682937705
0.50000000 -7.50000000 	29.3682937705
0.50000000 -7.00000000 	29.3682937705
0.50000000 -6.50000000 	29.3682937705
0.50000000 -6.00000000 	29.3682937705
0.50000000 -5.50000000 	29.3682937705
0.50000000 -5.00000000 	29.3682937705
0.50000000 -4.50000000 	29.3682937705
0.50000000 -4.00000000 	29.3682937705
0.50000000 -3.50000000 	29.3682937705
0.50000000 -3.00000000 	29.3682937705
0.50000000 -2.50000000 	29.3682937705
0.50000000 -2.00000000 	29.3682937705
0.50000000 -1.50000000 	29.3682937705
0.50000000 -1.00000000 	29.3682937705
0.50000000 -0.50000000 	29.3682937705
0.50000000 0.00000000 	29.3682937705
0.50000000 0.50000000 	29.3682937705
0.50000000 1.00000000 	29.3682937705
0.50000000 1.50000000 	29.3682937705
0.50000000 2.00000000 	29.3682937705
0.50000000 2.50000000 	29.3682937705
0.50000000 3.00000000 	29.3682937705
0.50000000 3.50000000 	29.3682937705
0.50000000 4.00000000 	29.3682937705
0.50000000 4.50000000 	29.3682937705
0.50000000 5.00000000 	29.3682937705
0.50000000 5.50000000 	29.3682937705
0.50000000 6.00000000 	29.3682937705
0.50000000 6.50000000 	29.3682937705
0.50000000 7.00000000 	29.3682937705
0.50000000 7.50000000 	29.3682937705
0.50000000 8.00000000 	29.3682937705
1.00000000 -12.00000000 	75.1536981276
1.00000000 -11.50000000 	75.1536981276
1.00000000 -11.00000000 	75.1536981276
1.00000000 -10.50000000 	75.1536981276
1.00000000 -10.00000000 	75.1536981276
1.00000000 -9.50000000 	75.1536981276
1.00000000 -9.00000000 	75.1536981276
1.00000000 -8.50000000 	75.1536981276
1.00000000 -8.00000000 	75.1536981276
1.00000000 -7.50000000 	75.1536981276
1.00000000 -7.00000000 	75.1536981276
1.00000000 -6.50000000 	75.1536981276
1.00000000 -6.00000000 	75.1536981276
1.00000000 -5.50000000 	75.1536981276
1.00000000 -5.00000000 	75.1536981276
1.00000000 -4.50000000 	75.1536981276
1.00000000 -4.00000000 	75.1536981276
1.00000000 -3.50000000 	75.1536981276
1.00000000 -3.00000000 	75.1536981276
1.00000000 -2.50000000 	75.1536981276
1.00000000 -2.00000000 	75.1536981276
1.00000000 -1.50000000 	75.1536981276
1.00000000 -1.00000000 	75.1536981276
1.00000000 -0.50000000 	75.1536981276
1.00000000 0.00000000 	75.1536981276
1.00000000 0.50000000 	75.1536981276
1.00000000 1.00000000 	75.1536981276
1.00000000 1.50000000 	75.1536981276
1.00000000 2.00000000 	75.1536981276
1.00000000 2.50000000 	75.1536981276
1.00000000 3.00000000 	75.1536981276
1.00000000 3.50000000 	75.1536981276
1.00000000 4.00000000 	75.1536981276
1.00000000 4.50000000 	75.1536981276
1.00000000 5.00000000 	75.1536981276
1.00000000 5.50000000 	75.1536981276
1.00000000 6.00000000 	75.1536981276
1.00000000 6.50000000 	75.1536981276
1.00000000 7.00000000 	75.1536981276
1.00000000 7.50000000 	75.1536981276
1.00000000 8.00000000 	75.1536981276
1.50000000 -12.00000000 	95.8233730614
1.50000000 -11.50000000 	95.8233730614
1.50000000 -11.00000000 	95.8233730614
1.50000000 -10.50000000 	95.8233730614
1.50000000 -10.00000000 	95.8233730614
1.50000000 -9.50000000 	95.8233730614
1.50000000 -9.00000000 	95.8233730614
1.50000000 -8.50000000 	95.8233730614
1.50000000 -8.00000000 	95.8233730614
1.50000000 -7.50000000 	95.8233730614
1.50000000 -7.00000000 	95.8233730614
1.50000000 -6.50000000 	95.8233730614
1.50000000 -6.00000000 	95.8233730614
1.50000000 -5.50000000 	95.8233730614
1.50000000 -5.00000000 	95.8233730614
1.50000000 -4.50000000 	95.8233730614
1.50000000 -4.00000000 	95.8233730614
1.50000000 -3.50000000 	95.8233730614
1.50000000 -3.00000000 	95.8233730614
1.50000000 -2.50000000 	95.8233730614
1.50000000 -2.00000000 	95.8233730614
1.50000000 -1.50000000 	95.8233730614
1.50000000 -1.00000000 	95.8233730614
1.50000000 -0.50000000 	95.8233730614
1.50000000 0.00000000 	95.8233730614
1.50000000 0.50000000 	95.8233730614
1.50000000 1.00000000 	95.8233730614
1.50000000 1.50000000 	95.8233730614
1.50000000 2.00000000 	95.8233730614
1.50000000 2.50000000 	95.8233730614
1.50000000 3.00000000 	95.8233730614
1.50000000 3.50000000 	95.8233730614
1.50000000 4.00000000 	95.8233730614
1.50000000 4.50000000 	95.8233730614
1.50000000 5.00000000 	95.8233730614
1.50000000 5.50000000 	95.8233730614
1.50000000 6.00000000 	95.8233730614
1.50000000 6.50000000 	95.8233730614
1.50000000 7.00000000 	95.8233730614
1.50000000 7.50000000 	95.8233730614
1.50000000 8.00000000 	95.8233730614
2.00000000 -12.00000000 	100.0000000000
2.00000000 -11.50000000 	100.0000000000
2.00000000 -11.00000000 	100.0000000000
2.00000000 -10.50000000 	100.0000000000
2.00000000 -10.00000000 	100.0000000000
2.00000000 -9.50000000 	100.0000000000
2.00000000 -9.00000000 	100.0000000000
2.00000000 -8.50000000 	100.0000000000
2.00000000 -8.00000000 	100.0000000000
2.00000000 -7.50000000 	100.0000000000
2.00000000 -7.00000000 	100.0000000000
2.00000000 -6.50000000 	100.0000000000
2.00000000 -6.00000000 	100.0000000000
2.00000000 -5.50000000 	100.0000000000
2.00000000 -5.00000000 	100.0000000000
2.00000000 -4.50000000 	100.0000000000
2.00000000 -4.00000000 	100.0000000000
2.00000000 -3.50000000 	100.0000000000
2.00000000 -3.00000000 	100.0000000000
2.00000000 -2.50000000 	100.0000000000
2.00000000 -2.00000000 	100.0000000000
2.00000000 -1.50000000 	100.0000000000
2.00000000 -1.00000000 	100.0000000000
2.00000000 -0.50000000 	100.0000000000
2.00000000 0.00000000 	100.0000000000
2.00000000 0.50000000 	100.0000000000
2.00000000 1.00000000 	100.0000000000
2.00000000 1.50000000 	100.0000000000
2.00000000 2.00000000 	100.0000000000
2.00000000 2.50000000 	100.0000000000
2.00000000 3.00000000 	100.0000000000
2.00000000 3.50000000 	100.0000000000
2.00000000 4.00000000 	100.0000000000
2.00000000 4.50000000 	100.0000000000
2.00000000 5.00000000 	100.0000000000
2.00000000 5.50000000 	100.0000000000
2.00000000 6.00000000 	100.0000000000
2.00000000 6.50000000 	100.0000000000
2.00000000 7.00000000 	100.0000000000
2.00000000 7.50000000 	100.0000000000
2.00000000 8.00000000 	100.0000000000
