-8.00000000 -12.00000000 	123.7157337596
-8.00000000 -11.50000000 	123.7157337596
-8.00000000 -11.00000000 	123.7157337596
-8.00000000 -10.50000000 	123.7157337596
-8.00000000 -10.00000000 	123.7157337596
-8.00000000 -9.50000000 	123.7157337596
-8.00000000 -9.00000000 	123.7157337596
-8.00000000 -8.50000000 	123.7157337596
-8.00000000 -8.00000000 	123.7157337596
-8.00000000 -7.50000000 	123.7157337596
-8.00000000 -7.00000000 	123.7157337596
-8.00000000 -6.50000000 	123.7157337596
-8.00000000 -6.00000000 	123.7157337596
-8.00000000 -5.50000000 	123.7157337596
-8.00000000 -5.00000000 	123.7157337596
-8.00000000 -4.50000000 	123.7157337596
-8.00000000 -4.00000000 	123.7157337596
-8.00000000 -3.50000000 	123.7157337596
-8.00000000 -3.00000000 	123.7157337596
-8.00000000 -2.50000000 	123.7157337596
-8.00000000 -2.00000000 	123.7157337596
-8.00000000 -1.50000000 	123.7157337596
-8.00000000 -1.00000000 	123.7157337596
-8.00000000 -0.50000000 	123.7157337596
-8.00000000 0.00000000 	123.7157337596
-8.00000000 0.50000000 	123.7157337596
-8.00000000 1.00000000 	123.7157337596
-8.00000000 1.50000000 	123.7157337596
-8.00000000 2.00000000 	123.7157337596
-8.00000000 2.50000000 	123.7157337596
-8.00000000 3.00000000 	123.7157337596
-8.00000000 3.50000000 	123.7157337596
-8.00000000 4.00000000 	123.7157337596
-8.00000000 4.50000000 	123.7157337596
-8.00000000 5.00000000 	123.7157337596
-8.00000000 5.50000000 	123.7157337596
-8.00000000 6.00000000 	123.7157337596
-8.00000000 6.50000000 	123.7157337596
-8.00000000 7.00000000 	123.7157337596
-8.00000000 7.50000000 	123.7157337596
-8.00000000 8.00000000 	123.7157337596
-7.50000000 -12.00000000 	549.4283829164
-7.50000000 -11.50000000 	549.4283829164
-7.50000000 -11.00000000 	549.4283829164
-7.50000000 -10.50000000 	549.4283829164
-7.50000000 -10.00000000 	549.4283829164
-7.50000000 -9.50000000 	549.4283829164
-7.50000000 -9.00000000 	549.4283829164
-7.50000000 -8.50000000 	549.4283829164
-7.50000000 -8.00000000 	549.4283829164
-7.50000000 -7.50000000 	549.4283829164
-7.50000000 -7.00000000 	549.4283829164
-7.50000000 -6.50000000 	549.4283829164
-7.50000000 -6.00000000 	549.4283829164
-7.50000000 -5.50000000 	549.4283829164
-7.50000000 -5.00000000 	549.4283829164
-7.50000000 -4.50000000 	549.4283829164
-7.50000000 -4.00000000 	549.4283829164
-7.50000000 -3.50000000 	549.4283829164
-7.50000000 -3.00000000 	549.4283829164
-7.50000000 -2.50000000 	549.4283829164
-7.50000000 -2.00000000 	549.4283829164
-7.50000000 -1.50000000 	549.4283829164
-7.50000000 -1.00000000 	549.4283829164
-7.50000000 -0.50000000 	549.4283829164
-7.50000000 0.00000000 	549.4283829164
-7.50000000 0.50000000 	549.4283829164
-7.50000000 1.00000000 	549.4283829164
-7.50000000 1.50000000 	549.4283829164
-7.50000000 2.00000000 	549.4283829164
-7.50000000 2.50000000 	549.4283829164
-7.50000000 3.00000000 	549.4283829164
-7.50000000 3.50000000 	549.4283829164
-7.50000000 4.00000000 	549.4283829164
-7.50000000 4.50000000 	549.4283829164
-7.50000000 5.00000000 	549.4283829164
-7.50000000 5.50000000 	549.4283829164
-7.50000000 6.00000000 	549.4283829164
-7.50000000 6.50000000 	549.4283829164
-7.50000000 7.00000000 	549.4283829164
-7.50000000 7.50000000 	549.4283829164
-7.50000000 8.00000000 	549.4283829164
-7.00000000 -12.00000000 	1704.2019390782
-7.00000000 -11.50000000 	1704.2019390782
-7.00000000 -11.00000000 	1704.2019390782
-7.00000000 -10.50000000 	1704.2019390782
-7.00000000 -10.00000000 	1704.2019390782
-7.00000000 -9.50000000 	1704.2019390782
-7.00000000 -9.00000000 	1704.2019390782
-7.00000000 -8.50000000 	1704.2019390782
-7.00000000 -8.00000000 	1704.2019390782
-7.00000000 -7.50000000 	1704.2019390782
-7.00000000 -7.00000000 	1704.2019390782
-7.00000000 -6.50000000 	1704.2019390782
-7.00000000 -6.00000000 	1704.2019390782
-7.00000000 -5.50000000 	1704.2019390782
-7.00000000 -5.00000000 	1704.2019390782
-7.00000000 -4.50000000 	1704.2019390782
-7.00000000 -4.00000000 	1704.2019390782
-7.00000000 -3.50000000 	1704.2019390782
-7.00000000 -3.00000000 	1704.2019390782
-7.00000000 -2.50000000 	1704.2019390782
-7.00000000 -2.00000000 	1704.2019390782
-7.00000000 -1.50000000 	1704.2019390782
-7.00000000 -1.00000000 	1704.2019390782
-7.00000000 -0.50000000 	1704.2019390782
-7.00000000 0.00000000 	1704.2019390782
-7.00000000 0.50000000 	1704.2019390782
-7.00000000 1.00000000 	1704.2019390782
-7.00000000 1.50000000 	1704.2019390782
-7.00000000 2.00000000 	1704.2019390782
-7.00000000 2.50000000 	1704.2019390782
-7.00000000 3.00000000 	1704.2019390782
-7.00000000 3.50000000 	1704.2019390782
-7.00000000 4.00000000 	1704.2019390782
-7.00000000 4.50000000 	1704.2019390782
-7.00000000 5.00000000 	1704.2019390782
-7.00000000 5.50000000 	1704.2019390782
-7.00000000 6.00000000 	1704.2019390782
-7.00000000 6.50000000 	1704.2019390782
-7.00000000 7.00000000 	1704.2019390782
-7.00000000 7.50000000 	1704.2019390782
-7.00000000 8.00000000 	1704.2019390782
-6.50000000 -12.00000000 	3692.2457423295
-6.50000000 -11.50000000 	3692.2457423295
-6.50000000 -11.00000000 	3692.2457423295
-6.50000000 -10.50000000 	3692.2457423295
-6.50000000 -10.00000000 	3692.2457423295
-6.50000000 -9.50000000 	3692.2457423295
-6.50000000 -9.00000000 	3692.2457423295
-6.50000000 -8.50000000 	3692.2457423295
-6.50000000 -8.00000000 	3692.2457423295
-6.50000000 -7.50000000 	3692.2457423295
-6.50000000 -7.00000000 	3692.2457423295
-6.50000000 -6.50000000 	3692.2457423295
-6.50000000 -6.00000000 	3692.2457423295
-6.50000000 -5.50000000 	3692.2457423295
-6.50000000 -5.00000000 	3692.2457423295
-6.50000000 -4.50000000 	3692.2457423295
-6.50000000 -4.00000000 	3692.2457423295
-6.50000000 -3.50000000 	3692.2457423295
-6.50000000 -3.00000000 	3692.2457423295
-6.50000000 -2.50000000 	3692.2457423295
-6.50000000 -2.00000000 	3692.2457423295
-6.50000000 -1.50000000 	3692.2457423295
-6.50000000 -1.00000000 	3692.2457423295
-6.50000000 -0.50000000 	3692.2457423295
-6.50000000 0.00000000 	3692.2457423295
-6.50000000 0.50000000 	3692.2457423295
-6.50000000 1.00000000 	3692.2457423295
-6.50000000 1.50000000 	3692.2457423295
-6.50000000 2.00000000 	3692.2457423295
-6.50000000 2.50000000 	3692.2457423295
-6.50000000 3.00000000 	3692.2457423295
-6.50000000 3.50000000 	3692.2457423295
-6.50000000 4.00000000 	3692.2457423295
-6.50000000 4.50000000 	3692.2457423295
-6.50000000 5.00000000 	3692.2457423295
-6.50000000 5.50000000 	3692.2457423295
-6.50000000 6.00000000 	3692.2457423295
-6.50000000 6.50000000 	3692.2457423295
-6.50000000 7.00000000 	3692.2457423295
-6.50000000 7.50000000 	3692.2457423295
-6.50000000 8.00000000 	3692.2457423295
-6.00000000 -12.00000000 	5667.0824470909
-6.00000000 -11.50000000 	5667.0824470909
-6.00000000 -11.00000000 	5667.0824470909
-6.00000000 -10.50000000 	5667.0824470909
-6.00000000 -10.00000000 	5667.0824470909
-6.00000000 -9.50000000 	5667.0824470909
-6.00000000 -9.00000000 	5667.0824470909
-6.00000000 -8.50000000 	5667.0824470909
-6.00000000 -8.00000000 	5667.0824470909
-6.00000000 -7.50000000 	5667.0824470909
-6.00000000 -7.00000000 	5667.0824470909
-6.00000000 -6.50000000 	5667.0824470909
-6.00000000 -6.00000000 	5667.0824470909
-6.00000000 -5.50000000 	5667.0824470909
-6.00000000 -5.00000000 	5667.0824470909
-6.00000000 -4.50000000 	5667.0824470909
-6.00000000 -4.00000000 	5667.0824470909
-6.00000000 -3.50000000 	5667.0824470909
-6.00000000 -3.00000000 	5667.0824470909
-6.00000000 -2.50000000 	5667.0824470909
-6.00000000 -2.00000000 	5667.0824470909
-6.00000000 -1.50000000 	5667.0824470909
-6.00000000 -1.00000000 	5667.0824470909
-6.00000000 -0.50000000 	5667.0824470909
-6.00000000 0.00000000 	5667.0824470909
-6.00000000 0.50000000 	5667.0824470909
-6.00000000 1.00000000 	5667.0824470909
-6.00000000 1.50000000 	5667.0824470909
-6.00000000 2.00000000 	5667.0824470909
-6.00000000 2.50000000 	5667.0824470909
-6.00000000 3.00000000 	5667.0824470909
-6.00000000 3.50000000 	5667.0824470909
-6.00000000 4.00000000 	5667.0824470909
-6.00000000 4.50000000 	5667.0824470909
-6.00000000 5.00000000 	5667.0824470909
-6.00000000 5.50000000 	5667.0824470909
-6.00000000 6.00000000 	5667.0824470909
-6.00000000 6.50000000 	5667.0824470909
-6.00000000 7.00000000 	5667.0824470909
-6.00000000 7.50000000 	5667.0824470909
-6.00000000 8.00000000 	5667.0824470909
-5.50000000 -12.00000000 	6427.8672781276
-5.50000000 -11.50000000 	6427.8672781276
-5.50000000 -11.00000000 	6427.8672781276
-5.50000000 -10.50000000 	6427.8672781276
-5.50000000 -10.00000000 	6427.8672781276
-5.50000000 -9.50000000 	6427.8672781276
-5.50000000 -9.00000000 	6427.8672781276
-5.50000000 -8.50000000 	6427.8672781276
-5.50000000 -8.00000000 	6427.8672781276
-5.50000000 -7.50000000 	6427.8672781276
-5.50000000 -7.00000000 	6427.8672781276
-5.50000000 -6.50000000 	6427.8672781276
-5.50000000 -6.00000000 	6427.8672781276
-5.50000000 -5.50000000 	6427.8672781276
-5.50000000 -5.00000000 	6427.8672781276
-5.50000000 -4.50000000 	6427.8672781276
-5.50000000 -4.00000000 	6427.8672781276
-5.50000000 -3.50000000 	6427.8672781276
-5.50000000 -3.00000000 	6427.8672781276
-5.50000000 -2.50000000 	6427.8672781276
-5.50000000 -2.00000000 	6427.8672781276
-5.50000000 -1.50000000 	6427.8672781276
-5.50000000 -1.00000000 	6427.8672781276
-5.50000000 -0.50000000 	6427.8672781276
-5.50000000 0.00000000 	6427.8672781276
-5.50000000 0.50000000 	6427.8672781276
-5.50000000 1.00000000 	6427.8672781276
-5.50000000 1.50000000 	6427.8672781276
-5.50000000 2.00000000 	6427.8672781276
-5.50000000 2.50000000 	6427.8672781276
-5.50000000 3.00000000 	6427.8672781276
-5.50000000 3.50000000 	6427.8672781276
-5.50000000 4.00000000 	6427.8672781276
-5.50000000 4.50000000 	6427.8672781276
-5.50000000 5.00000000 	6427.8672781276
-5.50000000 5.50000000 	6427.8672781276
-5.50000000 6.00000000 	6427.8672781276
-5.50000000 6.50000000 	6427.8672781276
-5.50000000 7.00000000 	6427.8672781276
-5.50000000 7.50000000 	6427.8672781276
-5.50000000 8.00000000 	6427.8672781276
-5.00000000 -12.00000000 	5712.7580747616
-5.00000000 -11.50000000 	5712.7580747616
-5.00000000 -11.00000000 	5712.7580747616
-5.00000000 -10.50000000 	5712.7580747616
-5.00000000 -10.00000000 	5712.7580747616
-5.00000000 -9.50000000 	5712.7580747616
-5.00000000 -9.00000000 	5712.7580747616
-5.00000000 -8.50000000 	5712.7580747616
-5.00000000 -8.00000000 	5712.7580747616
-5.00000000 -7.50000000 	5712.7580747616
-5.00000000 -7.00000000 	5712.7580747616
-5.00000000 -6.50000000 	5712.7580747616
-5.00000000 -6.00000000 	5712.7580747616
-5.00000000 -5.50000000 	5712.7580747616
-5.00000000 -5.00000000 	5712.7580747616
-5.00000000 -4.50000000 	5712.7580747616
-5.00000000 -4.00000000 	5712.7580747616
-5.00000000 -3.50000000 	5712.7580747616
-5.00000000 -3.00000000 	5712.7580747616
-5.00000000 -2.50000000 	5712.7580747616
-5.00000000 -2.00000000 	5712.7580747616
-5.00000000 -1.50000000 	5712.7580747616
-5.00000000 -1.00000000 	5712.7580747616
-5.00000000 -0.50000000 	5712.7580747616
-5.00000000 0.00000000 	5712.7580747616
-5.00000000 0.50000000 	5712.7580747616
-5.00000000 1.00000000 	5712.7580747616
-5.00000000 1.50000000 	5712.7580747616
-5.00000000 2.00000000 	5712.7580747616
-5.00000000 2.50000000 	5712.7580747616
-5.00000000 3.00000000 	5712.7580747616
-5.00000000 3.50000000 	5712.7580747616
-5.00000000 4.00000000 	5712.7580747616
-5.00000000 4.50000000 	5712.7580747616
-5.00000000 5.00000000 	5712.7580747616
-5.00000000 5.50000000 	5712.7580747616
-5.00000000 6.00000000 	5712.7580747616
-5.00000000 6.50000000 	5712.7580747616
-5.00000000 7.00000000 	5712.7580747616
-5.00000000 7.50000000 	5712.7580747616
-5.00000000 8.00000000 	5712.7580747616
-4.50000000 -12.00000000 	3891.7252881528
-4.50000000 -11.50000000 	3891.7252881528
-4.50000000 -11.00000000 	3891.7252881528
-4.50000000 -10.50000000 	3891.7252881528
-4.50000000 -10.00000000 	3891.7252881528
-4.50000000 -9.50000000 	3891.7252881528
-4.50000000 -9.00000000 	3891.7252881528
-4.50000000 -8.50000000 	3891.7252881528
-4.50000000 -8.00000000 	3891.7252881528
-4.50000000 -7.50000000 	3891.7252881528
-4.50000000 -7.00000000 	3891.7252881528
-4.50000000 -6.50000000 	3891.7252881528
-4.50000000 -6.00000000 	3891.7252881528
-4.50000000 -5.50000000 	3891.7252881528
-4.50000000 -5.00000000 	3891.7252881528
-4.50000000 -4.50000000 	3891.7252881528
-4.50000000 -4.00000000 	3891.7252881528
-4.50000000 -3.50000000 	3891.7252881528
-4.50000000 -3.00000000 	3891.7252881528
-4.50000000 -2.50000000 	3891.7252881528
-4.50000000 -2.00000000 	3891.7252881528
-4.50000000 -1.50000000 	3891.7252881528
-4.50000000 -1.00000000 	3891.7252881528
-4.50000000 -0.50000000 	3891.7252881528
-4.50000000 0.00000000 	3891.7252881528
-4.50000000 0.50000000 	3891.7252881528
-4.50000000 1.00000000 	3891.7252881528
-4.50000000 1.50000000 	3891.7252881528
-4.50000000 2.00000000 	3891.7252881528
-4.50000000 2.50000000 	3891.7252881528
-4.50000000 3.00000000 	3891.7252881528
-4.50000000 3.50000000 	3891.7252881528
-4.50000000 4.00000000 	3891.7252881528
-4.50000000 4.50000000 	3891.7252881528
-4.50000000 5.00000000 	3891.7252881528
-4.50000000 5.50000000 	3891.7252881528
-4.50000000 6.00000000 	3891.7252881528
-4.50000000 6.50000000 	3891.7252881528
-4.50000000 7.00000000 	3891.7252881528
-4.50000000 7.50000000 	3891.7252881528
-4.50000000 8.00000000 	3891.7252881528
-4.00000000 -12.00000000 	1743.6583874062
-4.00000000 -11.50000000 	1743.6583874062
-4.00000000 -11.00000000 	1743.6583874062
-4.00000000 -10.50000000 	1743.6583874062
-4.00000000 -10.00000000 	1743.6583874062
-4.00000000 -9.50000000 	1743.6583874062
-4.00000000 -9.00000000 	1743.6583874062
-4.00000000 -8.50000000 	1743.6583874062
-4.00000000 -8.00000000 	1743.6583874062
-4.00000000 -7.50000000 	1743.6583874062
-4.00000000 -7.00000000 	1743.6583874062
-4.00000000 -6.50000000 	1743.6583874062
-4.00000000 -6.00000000 	1743.6583874062
-4.00000000 -5.50000000 	1743.6583874062
-4.00000000 -5.00000000 	1743.6583874062
-4.00000000 -4.50000000 	1743.6583874062
-4.00000000 -4.00000000 	1743.6583874062
-4.00000000 -3.50000000 	1743.6583874062
-4.00000000 -3.00000000 	1743.6583874062
-4.00000000 -2.50000000 	1743.6583874062
-4.00000000 -2.00000000 	1743.6583874062
-4.00000000 -1.50000000 	1743.6583874062
-4.00000000 -1.00000000 	1743.6583874062
-4.00000000 -0.50000000 	1743.6583874062
-4.00000000 0.00000000 	1743.6583874062
-4.00000000 0.50000000 	1743.6583874062
-4.00000000 1.00000000 	1743.6583874062
-4.00000000 1.50000000 	1743.6583874062
-4.00000000 2.00000000 	1743.6583874062
-4.00000000 2.50000000 	1743.6583874062
-4.00000000 3.00000000 	1743.6583874062
-4.00000000 3.50000000 	1743.6583874062
-4.00000000 4.00000000 	1743.6583874062
-4.00000000 4.50000000 	1743.6583874062
-4.00000000 5.00000000 	1743.6583874062
-4.00000000 5.50000000 	1743.6583874062
-4.00000000 6.00000000 	1743.6583874062
-4.00000000 6.50000000 	1743.6583874062
-4.00000000 7.00000000 	1743.6583874062
-4.00000000 7.50000000 	1743.6583874062
-4.00000000 8.00000000 	1743.6583874062
-3.50000000 -12.00000000 	395.4362094943
-3.50000000 -11.50000000 	395.4362094943
-3.50000000 -11.00000000 	395.4362094943
-3.50000000 -10.50000000 	395.4362094943
-3.50000000 -10.00000000 	395.4362094943
-3.50000000 -9.50000000 	395.4362094943
-3.50000000 -9.00000000 	395.4362094943
-3.50000000 -8.50000000 	395.4362094943
-3.50000000 -8.00000000 	395.4362094943
-3.50000000 -7.50000000 	395.4362094943
-3.50000000 -7.00000000 	395.4362094943
-3.50000000 -6.50000000 	395.4362094943
-3.50000000 -6.00000000 	395.4362094943
-3.50000000 -5.50000000 	395.4362094943
-3.50000000 -5.00000000 	395.4362094943
-3.50000000 -4.50000000 	395.4362094943
-3.50000000 -4.00000000 	395.4362094943
-3.50000000 -3.50000000 	395.4362094943
-3.50000000 -3.00000000 	395.4362094943
-3.50000000 -2.50000000 	395.4362833087
-3.50000000 -2.00000000 	395.4370328673
-3.50000000 -1.50000000 	395.4404457895
-3.50000000 -1.00000000 	395.4496229475
-3.50000000 -0.50000000 	395.4657631102
-3.50000000 0.00000000 	395.4851639902
-3.50000000 0.50000000 	395.5012316391
-3.50000000 1.00000000 	395.5096603204
-3.50000000 1.50000000 	395.5096603204
-3.50000000 2.00000000 	395.5012316391
-3.50000000 2.50000000 	395.4851639902
-3.50000000 3.00000000 	395.4657631102
-3.50000000 3.50000000 	395.4496229475
-3.50000000 4.00000000 	395.4404457895
-3.50000000 4.50000000 	395.4370328673
-3.50000000 5.00000000 	395.4362833087
-3.50000000 5.50000000 	395.4362094943
-3.50000000 6.00000000 	395.4362094943
-3.50000000 6.50000000 	395.4362094943
-3.50000000 7.00000000 	395.4362094943
-3.50000000 7.50000000 	395.4362094943
-3.50000000 8.00000000 	395.4362094943
-3.00000000 -12.00000000 	34.2790283291
-3.00000000 -11.50000000 	34.2790283291
-3.00000000 -11.00000000 	34.2790283291
-3.00000000 -10.50000000 	34.2790283291
-3.00000000 -10.00000000 	34.2790283291
-3.00000000 -9.50000000 	34.2790283291
-3.00000000 -9.00000000 	34.2790283291
-3.00000000 -8.50000000 	34.2790283291
-3.00000000 -8.00000000 	34.2790283291
-3.00000000 -7.50000000 	34.2790283291
-3.00000000 -7.00000000 	34.2790283291
-3.00000000 -6.50000000 	34.2790283291
-3.00000000 -6.00000000 	34.2790283291
-3.00000000 -5.50000000 	34.2790283291
-3.00000000 -5.00000000 	34.2790283291
-3.00000000 -4.50000000 	34.2790283291
-3.00000000 -4.00000000 	34.2790283291
-3.00000000 -3.50000000 	34.2790283291
-3.00000000 -3.00000000 	34.2790379277
-3.00000000 -2.50000000 	34.2792359707
-3.00000000 -2.00000000 	34.2807618585
-3.00000000 -1.50000000 	34.2870804628
-3.00000000 -1.00000000 	34.3032975355
-3.00000000 -0.50000000 	34.3309156130
-3.00000000 0.00000000 	34.3631132222
-3.00000000 0.50000000 	34.3888796402
-3.00000000 1.00000000 	34.4019354052
-3.00000000 1.50000000 	34.4019354052
-3.00000000 2.00000000 	34.3888796402
-3.00000000 2.50000000 	34.3631132222
-3.00000000 3.00000000 	34.3309156130
-3.00000000 3.50000000 	34.3032975355
-3.00000000 4.00000000 	34.2870804628
-3.00000000 4.50000000 	34.2807618585
-3.00000000 5.00000000 	34.2792359707
-3.00000000 5.50000000 	34.2790379277
-3.00000000 6.00000000 	34.2790283291
-3.00000000 6.50000000 	34.2790283291
-3.00000000 7.00000000 	34.2790283291
-3.00000000 7.50000000 	34.2790283291
-3.00000000 8.00000000 	34.2790283291
-2.50000000 -12.00000000 	0.0000000000
-2.50000000 -11.50000000 	0.0000000000
-2.50000000 -11.00000000 	0.0000000000
-2.50000000 -10.50000000 	0.0000000000
-2.50000000 -10.00000000 	0.0000000000
-2.50000000 -9.50000000 	0.0000000000
-2.50000000 -9.00000000 	0.0000000000
-2.50000000 -8.50000000 	0.0000000000
-2.50000000 -8.00000000 	0.0000000000
-2.50000000 -7.50000000 	0.0000000000
-2.50000000 -7.00000000 	0.0000000000
-2.50000000 -6.50000000 	0.0000000000
-2.50000000 -6.00000000 	0.0000000000
-2.50000000 -5.50000000 	0.0000000000
-2.50000000 -5.00000000 	0.0000000000
-2.50000000 -4.50000000 	0.0000000000
-2.50000000 -4.00000000 	0.0000000000
-2.50000000 -3.50000000 	0.0000031072
-2.50000000 -3.00000000 	0.0000714222
-2.50000000 -2.50000000 	0.0007415143
-2.50000000 -2.00000000 	0.0045405762
-2.50000000 -1.50000000 	0.0180657069
-2.50000000 -1.00000000 	0.0498465469
-2.50000000 -0.50000000 	0.1006879499
-2.50000000 0.00000000 	0.1567960584
-2.50000000 0.50000000 	0.1992059622
-2.50000000 1.00000000 	0.2195007742
-2.50000000 1.50000000 	0.2195007742
-2.50000000 2.00000000 	0.1992059622
-2.50000000 2.50000000 	0.1567960584
-2.50000000 3.00000000 	0.1006879499
-2.50000000 3.50000000 	0.0498465469
-2.50000000 4.00000000 	0.0180657069
-2.50000000 4.50000000 	0.0045405762
-2.50000000 5.00000000 	0.0007415143
-2.50000000 5.50000000 	0.0000714222
-2.50000000 6.00000000 	0.0000031072
-2.50000000 6.50000000 	0.0000000000
-2.50000000 7.00000000 	0.0000000000
-2.50000000 7.50000000 	0.0000000000
-2.50000000 8.00000000 	0.0000000000
-2.00000000 -12.00000000 	0.0000000000
-2.00000000 -11.50000000 	0.0000000000
-2.00000000 -11.00000000 	0.0000000000
-2.00000000 -10.50000000 	0.0000000000
-2.00000000 -10.00000000 	0.0000000000
-2.00000000 -9.50000000 	0.0000000000
-2.00000000 -9.00000000 	0.0000000000
-2.00000000 -8.50000000 	0.0000000000
-2.00000000 -8.00000000 	0.0000000000
-2.00000000 -7.50000000 	0.0000000000
-2.00000000 -7.00000000 	0.0000000000
-2.00000000 -6.50000000 	0.0000000000
-2.00000000 -6.00000000 	0.0000000000
-2.00000000 -5.50000000 	0.0000000000
-2.00000000 -5.00000000 	0.0000000000
-2.00000000 -4.50000000 	0.0000000000
-2.00000000 -4.00000000 	0.0000000000
-2.00000000 -3.50000000 	0.0000279508
-2.00000000 -3.00000000 	0.0005026786
-2.00000000 -2.50000000 	0.0039702976
-2.00000000 -2.00000000 	0.0189484953
-2.00000000 -1.50000000 	0.0618787472
-2.00000000 -1.00000000 	0.1477631756
-2.00000000 -0.50000000 	0.2702180738
-2.00000000 0.00000000 	0.3947958257
-2.00000000 0.50000000 	0.4836275287
-2.00000000 1.00000000 	0.5244542790
-2.00000000 1.50000000 	0.5244574784
-2.00000000 2.00000000 	0.4836718822
-2.00000000 2.50000000 	0.3950379899
-2.00000000 3.00000000 	0.2709424388
-2.00000000 3.50000000 	0.1491103710
-2.00000000 4.00000000 	0.0635252988
-2.00000000 4.50000000 	0.0202913784
-2.00000000 5.00000000 	0.0046889451
-2.00000000 5.50000000 	0.0007415143
-2.00000000 6.00000000 	0.0000714222
-2.00000000 6.50000000 	0.0000031072
-2.00000000 7.00000000 	0.0000000000
-2.00000000 7.50000000 	0.0000000000
-2.00000000 8.00000000 	0.0000000000
-1.50000000 -12.00000000 	0.0000000000
-1.50000000 -11.50000000 	0.0000000000
-1.50000000 -11.00000000 	0.0000000000
-1.50000000 -10.50000000 	0.0000000000
-1.50000000 -10.00000000 	0.0000000000
-1.50000000 -9.50000000 	0.0000000000
-1.50000000 -9.00000000 	0.0000000000
-1.50000000 -8.50000000 	0.0000000000
-1.50000000 -8.00000000 	0.0000000000
-1.50000000 -7.50000000 	0.0000000000
-1.50000000 -7.00000000 	0.0000000000
-1.50000000 -6.50000000 	0.0000000000
-1.50000000 -6.00000000 	0.0000000000
-1.50000000 -5.50000000 	0.0000000000
-1.50000000 -5.00000000 	0.0000000000
-1.50000000 -4.50000000 	0.0000000000
-1.50000000 -4.00000000 	0.0000031072
-1.50000000 -3.50000000 	0.0001552044
-1.50000000 -3.00000000 	0.0020618080
-1.50000000 -2.50000000 	0.0133344672
-1.50000000 -2.00000000 	0.0530844767
-1.50000000 -1.50000000 	0.1466972331
-1.50000000 -1.00000000 	0.3031608040
-1.50000000 -0.50000000 	0.4942057173
-1.50000000 0.00000000 	0.6651779509
-1.50000000 0.50000000 	0.7751200323
-1.50000000 1.00000000 	0.8219039274
-1.50000000 1.50000000 	0.8219311324
-1.50000000 2.00000000 	0.7754926663
-1.50000000 2.50000000 	0.6671901614
-1.50000000 3.00000000 	0.5001526609
-1.50000000 3.50000000 	0.3140944884
-1.50000000 4.00000000 	0.1599450161
-1.50000000 4.50000000 	0.0638365941
-1.50000000 5.00000000 	0.0190781504
-1.50000000 5.50000000 	0.0039702976
-1.50000000 6.00000000 	0.0005026786
-1.50000000 6.50000000 	0.0000279508
-1.50000000 7.00000000 	0.0000000000
-1.50000000 7.50000000 	0.0000000000
-1.50000000 8.00000000 	0.0000000000
-1.00000000 -12.00000000 	0.0000000000
-1.00000000 -11.50000000 	0.0000000000
-1.00000000 -11.00000000 	0.0000000000
-1.00000000 -10.50000000 	0.0000000000
-1.00000000 -10.00000000 	0.0000000000
-1.00000000 -9.50000000 	0.0000000000
-1.00000000 -9.00000000 	0.0000000000
-1.00000000 -8.50000000 	0.0000000000
-1.00000000 -8.00000000 	0.0000000000
-1.00000000 -7.50000000 	0.0000000000
-1.00000000 -7.00000000 	0.0000000000
-1.00000000 -6.50000000 	0.0000000000
-1.00000000 -6.00000000 	0.0000000000
-1.00000000 -5.50000000 	0.0000000000
-1.00000000 -5.00000000 	0.0000000000
-1.00000000 -4.50000000 	0.0000000000
-1.00000000 -4.00000000 	0.0000279508
-1.00000000 -3.50000000 	0.0006514601
-1.00000000 -3.00000000 	0.0061806288
-1.00000000 -2.50000000 	0.0323419754
-1.00000000 -2.00000000 	0.1085921744
-1.00000000 -1.50000000 	0.2569850817
-1.00000000 -1.00000000 	0.4587856457
-1.00000000 -0.50000000 	0.6542313714
-1.00000000 0.00000000 	0.7885281998
-1.00000000 0.50000000 	0.8526315175
-1.00000000 1.00000000 	0.8727510980
-1.00000000 1.50000000 	0.8728494892
-1.00000000 2.00000000 	0.8539674879
-1.00000000 2.50000000 	0.7956841407
-1.00000000 3.00000000 	0.6751527411
-1.00000000 3.50000000 	0.4967423884
-1.00000000 4.00000000 	0.3023849199
-1.00000000 4.50000000 	0.1450915298
-1.00000000 5.00000000 	0.0517424411
-1.00000000 5.50000000 	0.0126164730
-1.00000000 6.00000000 	0.0018231356
-1.00000000 6.50000000 	0.0001117446
-1.00000000 7.00000000 	0.0000000000
-1.00000000 7.50000000 	0.0000000000
-1.00000000 8.00000000 	0.0000000000
-0.50000000 -12.00000000 	0.0000000000
-0.50000000 -11.50000000 	0.0000000000
-0.50000000 -11.00000000 	0.0000000000
-0.50000000 -10.50000000 	0.0000000000
-0.50000000 -10.00000000 	0.0000000000
-0.50000000 -9.50000000 	0.0000000000
-0.50000000 -9.00000000 	0.0000000000
-0.50000000 -8.50000000 	0.0000000000
-0.50000000 -8.00000000 	0.0000000000
-0.50000000 -7.50000000 	0.0000000000
-0.50000000 -7.00000000 	0.0000000000
-0.50000000 -6.50000000 	0.0000000000
-0.50000000 -6.00000000 	0.0000000000
-0.50000000 -5.50000000 	0.0000000000
-0.50000000 -5.00000000 	0.0000000000
-0.50000000 -4.50000000 	0.0000000000
-0.50000000 -4.00000000 	0.0001117446
-0.50000000 -3.50000000 	0.0019530700
-0.50000000 -3.00000000 	0.0144354827
-0.50000000 -2.50000000 	0.0616849208
-0.50000000 -2.00000000 	0.1742354175
-0.50000000 -1.50000000 	0.3517445431
-0.50000000 -1.00000000 	0.5363823075
-0.50000000 -0.50000000 	0.6506447275
-0.50000000 0.00000000 	0.6716506387
-0.50000000 0.50000000 	0.6445728870
-0.50000000 1.00000000 	0.6212152443
-0.50000000 1.50000000 	0.6213984468
-0.50000000 2.00000000 	0.6470636397
-0.50000000 2.50000000 	0.6850250024
-0.50000000 3.00000000 	0.6897104588
-0.50000000 3.50000000 	0.6067064021
-0.50000000 4.00000000 	0.4347356963
-0.50000000 4.50000000 	0.2400385835
-0.50000000 5.00000000 	0.0963277214
-0.50000000 5.50000000 	0.0258782480
-0.50000000 6.00000000 	0.0040342306
-0.50000000 6.50000000 	0.0002606029
-0.50000000 7.00000000 	0.0000000000
-0.50000000 7.50000000 	0.0000000000
-0.50000000 8.00000000 	0.0000000000
0.00000000 -12.00000000 	0.0000000000
0.00000000 -11.50000000 	0.0000000000
0.00000000 -11.00000000 	0.0000000000
0.00000000 -10.50000000 	0.0000000000
0.00000000 -10.00000000 	0.0000000000
0.00000000 -9.50000000 	0.0000000000
0.00000000 -9.00000000 	0.0000000000
0.00000000 -8.50000000 	0.0000000000
0.00000000 -8.00000000 	0.0000000000
0.00000000 -7.50000000 	0.0000000000
0.00000000 -7.00000000 	0.0000000000
0.00000000 -6.50000000 	0.0000000000
0.00000000 -6.00000000 	0.0000000000
0.00000000 -5.50000000 	0.0000000000
0.00000000 -5.00000000 	0.0000000000
0.00000000 -4.50000000 	0.0000000000
0.00000000 -4.00000000 	0.0002606029
0.00000000 -3.50000000 	0.0040339152
0.00000000 -3.00000000 	0.0257501424
0.00000000 -2.50000000 	0.0944925526
0.00000000 -2.00000000 	0.2289476196
0.00000000 -1.50000000 	0.3946816424
0.00000000 -1.00000000 	0.5067009139
0.00000000 -0.50000000 	0.5048372028
0.00000000 0.00000000 	0.4193682269
0.00000000 0.50000000 	0.3310062660
0.00000000 1.00000000 	0.2858179827
0.00000000 1.50000000 	0.2859807653
0.00000000 2.00000000 	0.3332412795
0.00000000 2.50000000 	0.4315464443
0.00000000 3.00000000 	0.5409114955
0.00000000 3.50000000 	0.5718872327
0.00000000 4.00000000 	0.4708025468
0.00000000 4.50000000 	0.2881763503
0.00000000 5.00000000 	0.1251493262
0.00000000 5.50000000 	0.0357815449
0.00000000 6.00000000 	0.0058531197
0.00000000 6.50000000 	0.0003907110
0.00000000 7.00000000 	0.0000000000
0.00000000 7.50000000 	0.0000000000
0.00000000 8.00000000 	0.0000000000
0.50000000 -12.00000000 	0.0000000000
0.50000000 -11.50000000 	0.0000000000
0.50000000 -11.00000000 	0.0000000000
0.50000000 -10.50000000 	0.0000000000
0.50000000 -10.00000000 	0.0000000000
0.50000000 -9.50000000 	0.0000000000
0.50000000 -9.00000000 	0.0000000000
0.50000000 -8.50000000 	0.0000000000
0.50000000 -8.00000000 	0.0000000000
0.50000000 -7.50000000 	0.0000000000
0.50000000 -7.00000000 	0.0000000000
0.50000000 -6.50000000 	0.0000000000
0.50000000 -6.00000000 	0.0000000000
0.50000000 -5.50000000 	0.0000000000
0.50000000 -5.00000000 	0.0000000000
0.50000000 -4.50000000 	0.0000000000
0.50000000 -4.00000000 	0.0003907110
0.50000000 -3.50000000 	0.0057228921
0.50000000 -3.00000000 	0.0338161129
0.50000000 -2.50000000 	0.1130359098
0.50000000 -2.00000000 	0.2453992257
0.50000000 -1.50000000 	0.3706074319
0.50000000 -1.00000000 	0.4027659339
0.50000000 -0.50000000 	0.3229838858
0.50000000 0.00000000 	0.2023964797
0.50000000 0.50000000 	0.1160242179
0.50000000 1.00000000 	0.0800592071
0.50000000 1.50000000 	0.0800628619
0.50000000 2.00000000 	0.1160730561
0.50000000 2.50000000 	0.2027894487
0.50000000 3.00000000 	0.3246985649
0.50000000 3.50000000 	0.4064438926
0.50000000 4.00000000 	0.3744421813
0.50000000 4.50000000 	0.2473221192
0.50000000 5.00000000 	0.1134589623
0.50000000 5.50000000 	0.0338414691
0.50000000 6.00000000 	0.0057207050
0.50000000 6.50000000 	0.0003905286
0.50000000 7.00000000 	0.0000000000
0.50000000 7.50000000 	0.0000000000
0.50000000 8.00000000 	0.0000000000
1.00000000 -12.00000000 	0.0000000000
1.00000000 -11.50000000 	0.0000000000
1.00000000 -11.00000000 	0.0000000000
1.00000000 -10.50000000 	0.0000000000
1.00000000 -10.00000000 	0.0000000000
1.00000000 -9.50000000 	0.0000000000
1.00000000 -9.00000000 	0.0000000000
1.00000000 -8.50000000 	0.0000000000
1.00000000 -8.00000000 	0.0000000000
1.00000000 -7.50000000 	0.0000000000
1.00000000 -7.00000000 	0.0000000000
1.00000000 -6.50000000 	0.0000000000
1.00000000 -6.00000000 	0.0000000000
1.00000000 -5.50000000 	0.0000000000
1.00000000 -5.00000000 	0.0000000000
1.00000000 -4.50000000 	0.0000000000
1.00000000 -4.00000000 	0.0003905286
1.00000000 -3.50000000 	0.0055721568
1.00000000 -3.00000000 	0.0316780597
1.00000000 -2.50000000 	0.1007484230
1.00000000 -2.00000000 	0.2050421198
1.00000000 -1.50000000 	0.2833564446
1.00000000 -1.00000000 	0.2709379224
1.00000000 -0.50000000 	0.1796899304
1.00000000 0.00000000 	0.0839001947
1.00000000 0.50000000 	0.0302317264
1.00000000 1.00000000 	0.0123886430
1.00000000 1.50000000 	0.0122368648
1.00000000 2.00000000 	0.0281083237
1.00000000 2.50000000 	0.0723163650
1.00000000 3.00000000 	0.1455167750
1.00000000 3.50000000 	0.2091539524
1.00000000 4.00000000 	0.2104374697
1.00000000 4.50000000 	0.1473099026
1.00000000 5.00000000 	0.0703939193
1.00000000 5.50000000 	0.0216585113
1.00000000 6.00000000 	0.0037503459
1.00000000 6.50000000 	0.0002602388
1.00000000 7.00000000 	0.0000000000
1.00000000 7.50000000 	0.0000000000
1.00000000 8.00000000 	0.0000000000
1.50000000 -12.00000000 	0.0000000000
1.50000000 -11.50000000 	0.0000000000
1.50000000 -11.00000000 	0.0000000000
1.50000000 -10.50000000 	0.0000000000
1.50000000 -10.00000000 	0.0000000000
1.50000000 -9.50000000 	0.0000000000
1.50000000 -9.00000000 	0.0000000000
1.50000000 -8.50000000 	0.0000000000
1.50000000 -8.00000000 	0.0000000000
1.50000000 -7.50000000 	0.0000000000
1.50000000 -7.00000000 	0.0000000000
1.50000000 -6.50000000 	0.0000000000
1.50000000 -6.00000000 	0.0000000000
1.50000000 -5.50000000 	0.0000000000
1.50000000 -5.00000000 	0.0000000000
1.50000000 -4.50000000 	0.0000000000
1.50000000 -4.00000000 	0.0002605111
1.50000000 -3.50000000 	0.0036706765
1.50000000 -3.00000000 	0.0204837326
1.50000000 -2.50000000 	0.0635891089
1.50000000 -2.00000000 	0.1252467569
1.50000000 -1.50000000 	0.1648894788
1.50000000 -1.00000000 	0.1461612861
1.50000000 -0.50000000 	0.0858727741
1.50000000 0.00000000 	0.0325328542
1.50000000 0.50000000 	0.0076099561
1.50000000 1.00000000 	0.0011204938
1.50000000 1.50000000 	0.0009465303
1.50000000 2.00000000 	0.0051719436
1.50000000 2.50000000 	0.0191420926
1.50000000 3.00000000 	0.0459243067
1.50000000 3.50000000 	0.0732622367
1.50000000 4.00000000 	0.0788722031
1.50000000 4.50000000 	0.0577906990
1.50000000 5.00000000 	0.0285257196
1.50000000 5.50000000 	0.0089938147
1.50000000 6.00000000 	0.0015866772
1.50000000 6.50000000 	0.0001114865
1.50000000 7.00000000 	0.0000000000
1.50000000 7.50000000 	0.0000000000
1.50000000 8.00000000 	0.0000000000
2.00000000 -12.00000000 	0.0000000000
2.00000000 -11.50000000 	0.0000000000
2.00000000 -11.00000000 	0.0000000000
2.00000000 -10.50000000 	0.0000000000
2.00000000 -10.00000000 	0.0000000000
2.00000000 -9.50000000 	0.0000000000
2.00000000 -9.00000000 	0.0000000000
2.00000000 -8.50000000 	0.0000000000
2.00000000 -8.00000000 	0.0000000000
2.00000000 -7.50000000 	0.0000000000
2.00000000 -7.00000000 	0.0000000000
2.00000000 -6.50000000 	0.0000000000
2.00000000 -6.00000000 	0.0000000000
2.00000000 -5.50000000 	0.0000000000
2.00000000 -5.00000000 	0.0000000000
2.00000000 -4.50000000 	0.0000000000
2.00000000 -4.00000000 	0.0001221179
2.00000000 -3.50000000 	0.0017103196
2.00000000 -3.00000000 	0.0094608541
2.00000000 -2.50000000 	0.0290480130
2.00000000 -2.00000000 	0.0563878501
2.00000000 -1.50000000 	0.0726407252
2.00000000 -1.00000000 	0.0621843397
2.00000000 -0.50000000 	0.0345118419
2.00000000 0.00000000 	0.0118499699
2.00000000 0.50000000 	0.0022800410
2.00000000 1.00000000 	0.0001969486
2.00000000 1.50000000 	0.0000885782
2.00000000 2.00000000 	0.0007607499
2.00000000 2.50000000 	0.0034924815
2.00000000 3.00000000 	0.0095056871
2.00000000 3.50000000 	0.0164316818
2.00000000 4.00000000 	0.0186669698
2.00000000 4.50000000 	0.0141987953
2.00000000 5.00000000 	0.0072020739
2.00000000 5.50000000 	0.0023181796
2.00000000 6.00000000 	0.0004154381
2.00000000 6.50000000 	0.0000294959
2.00000000 7.00000000 	0.0000000000
2.00000000 7.50000000 	0.0000000000
2.00000000 8.00000000 	0.0000000000
