-8.00000000 -12.00000000 	0.0387814088
-8.00000000 -11.50000000 	0.0387814088
-8.00000000 -11.00000000 	0.0387814088
-8.00000000 -10.50000000 	0.0387814088
-8.00000000 -10.00000000 	0.0387814088
-8.00000000 -9.50000000 	0.0387814088
-8.00000000 -9.00000000 	0.0387814088
-8.00000000 -8.50000000 	0.0387814088
-8.00000000 -8.00000000 	0.0387814088
-8.00000000 -7.50000000 	0.0387814088
-8.00000000 -7.00000000 	0.0387814088
-8.00000000 -6.50000000 	0.0387814088
-8.00000000 -6.00000000 	0.0387814088
-8.00000000 -5.50000000 	0.0387814088
-8.00000000 -5.00000000 	0.0387814088
-8.00000000 -4.50000000 	0.0387814088
-8.00000000 -4.00000000 	0.0387814088
-8.00000000 -3.50000000 	0.0387814088
-8.00000000 -3.00000000 	0.0387814088
-8.00000000 -2.50000000 	0.0387814088
-8.00000000 -2.00000000 	0.0387814088
-8.00000000 -1.50000000 	0.0387814088
-8.00000000 -1.00000000 	0.0387814088
-8.00000000 -0.50000000 	0.0387814088
-8.00000000 0.00000000 	0.0387814088
-8.00000000 0.50000000 	0.0387814088
-8.00000000 1.00000000 	0.0387814088
-8.00000000 1.50000000 	0.0387814088
-8.00000000 2.00000000 	0.0387814088
-8.00000000 2.50000000 	0.0387814088
-8.00000000 3.00000000 	0.0387814088
-8.00000000 3.50000000 	0.0387814088
-8.00000000 4.00000000 	0.0387814088
-8.00000000 4.50000000 	0.0387814088
-8.00000000 5.00000000 	0.0387814088
-8.00000000 5.50000000 	0.0387814088
-8.00000000 6.00000000 	0.0387814088
-8.00000000 6.50000000 	0.0387814088
-8.00000000 7.00000000 	0.0387814088
-8.00000000 7.50000000 	0.0387814088
-8.00000000 8.00000000 	0.0387814088
-7.50000000 -12.00000000 	-0.2046183903
-7.50000000 -11.50000000 	-0.2046183903
-7.50000000 -11.00000000 	-0.2046183903
-7.50000000 -10.50000000 	-0.2046183903
-7.50000000 -10.00000000 	-0.2046183903
-7.50000000 -9.50000000 	-0.2046183903
-7.50000000 -9.00000000 	-0.2046183903
-7.50000000 -8.50000000 	-0.2046183903
-7.50000000 -8.00000000 	-0.2046183903
-7.50000000 -7.50000000 	-0.2046183903
-7.50000000 -7.00000000 	-0.2046183903
-7.50000000 -6.50000000 	-0.2046183903
-7.50000000 -6.00000000 	-0.2046183903
-7.50000000 -5.50000000 	-0.2046183903
-7.50000000 -5.00000000 	-0.2046183903
-7.50000000 -4.50000000 	-0.2046183903
-7.50000000 -4.00000000 	-0.2046183903
-7.50000000 -3.50000000 	-0.2046183903
-7.50000000 -3.00000000 	-0.2046183903
-7.50000000 -2.50000000 	-0.2046183903
-7.50000000 -2.00000000 	-0.2046183903
-7.50000000 -1.50000000 	-0.2046183903
-7.50000000 -1.00000000 	-0.2046183903
-7.50000000 -0.50000000 	-0.2046183903
-7.50000000 0.00000000 	-0.2046183903
-7.50000000 0.50000000 	-0.2046183903
-7.50000000 1.00000000 	-0.2046183903
-7.50000000 1.50000000 	-0.2046183903
-7.50000000 2.00000000 	-0.2046183903
-7.50000000 2.50000000 	-0.2046183903
-7.50000000 3.00000000 	-0.2046183903
-7.50000000 3.50000000 	-0.2046183903
-7.50000000 4.00000000 	-0.2046183903
-7.50000000 4.50000000 	-0.2046183903
-7.50000000 5.00000000 	-0.2046183903
-7.50000000 5.50000000 	-0.2046183903
-7.50000000 6.00000000 	-0.2046183903
-7.50000000 6.50000000 	-0.2046183903
-7.50000000 7.00000000 	-0.2046183903
-7.50000000 7.50000000 	-0.2046183903
-7.50000000 8.00000000 	-0.2046183903
-7.00000000 -12.00000000 	-1.4638447992
-7.00000000 -11.50000000 	-1.4638447992
-7.00000000 -11.00000000 	-1.4638447992
-7.00000000 -10.50000000 	-1.4638447992
-7.00000000 -10.00000000 	-1.4638447992
-7.00000000 -9.50000000 	-1.4638447992
-7.00000000 -9.00000000 	-1.4638447992
-7.00000000 -8.50000000 	-1.4638447992
-7.00000000 -8.00000000 	-1.4638447992
-7.00000000 -7.50000000 	-1.4638447992
-7.00000000 -7.00000000 	-1.4638447992
-7.00000000 -6.50000000 	-1.4638447992
-7.00000000 -6.00000000 	-1.4638447992
-7.00000000 -5.50000000 	-1.4638447992
-7.00000000 -5.00000000 	-1.4638447992
-7.00000000 -4.50000000 	-1.4638447992
-7.00000000 -4.00000000 	-1.4638447992
-7.00000000 -3.50000000 	-1.4638447992
-7.00000000 -3.00000000 	-1.4638447992
-7.00000000 -2.50000000 	-1.4638447992
-7.00000000 -2.00000000 	-1.4638447992
-7.00000000 -1.50000000 	-1.4638447992
-7.00000000 -1.00000000 	-1.4638447992
-7.00000000 -0.50000000 	-1.4638447992
-7.00000000 0.00000000 	-1.4638447992
-7.00000000 0.50000000 	-1.4638447992
-7.00000000 1.00000000 	-1.4638447992
-7.00000000 1.50000000 	-1.4638447992
-7.00000000 2.00000000 	-1.4638447992
-7.00000000 2.50000000 	-1.4638447992
-7.00000000 3.00000000 	-1.4638447992
-7.00000000 3.50000000 	-1.4638447992
-7.00000000 4.00000000 	-1.4638447992
-7.00000000 4.50000000 	-1.4638447992
-7.00000000 5.00000000 	-1.4638447992
-7.00000000 5.50000000 	-1.4638447992
-7.00000000 6.00000000 	-1.4638447992
-7.00000000 6.50000000 	-1.4638447992
-7.00000000 7.00000000 	-1.4638447992
-7.00000000 7.50000000 	-1.4638447992
-7.00000000 8.00000000 	-1.4638447992
-6.50000000 -12.00000000 	-3.8040361499
-6.50000000 -11.50000000 	-3.8040361499
-6.50000000 -11.00000000 	-3.8040361499
-6.50000000 -10.50000000 	-3.8040361499
-6.50000000 -10.00000000 	-3.8040361499
-6.50000000 -9.50000000 	-3.8040361499
-6.50000000 -9.00000000 	-3.8040361499
-6.50000000 -8.50000000 	-3.8040361499
-6.50000000 -8.00000000 	-3.8040361499
-6.50000000 -7.50000000 	-3.8040361499
-6.50000000 -7.00000000 	-3.8040361499
-6.50000000 -6.50000000 	-3.8040361499
-6.50000000 -6.00000000 	-3.8040361499
-6.50000000 -5.50000000 	-3.8040361499
-6.50000000 -5.00000000 	-3.8040361499
-6.50000000 -4.50000000 	-3.8040361499
-6.50000000 -4.00000000 	-3.8040361499
-6.50000000 -3.50000000 	-3.8040361499
-6.50000000 -3.00000000 	-3.8040361499
-6.50000000 -2.50000000 	-3.8040361499
-6.50000000 -2.00000000 	-3.8040361499
-6.50000000 -1.50000000 	-3.8040361499
-6.50000000 -1.00000000 	-3.8040361499
-6.50000000 -0.50000000 	-3.8040361499
-6.50000000 0.00000000 	-3.8040361499
-6.50000000 0.50000000 	-3.8040361499
-6.50000000 1.00000000 	-3.8040361499
-6.50000000 1.50000000 	-3.8040361499
-6.50000000 2.00000000 	-3.8040361499
-6.50000000 2.50000000 	-3.8040361499
-6.50000000 3.00000000 	-3.8040361499
-6.50000000 3.50000000 	-3.8040361499
-6.50000000 4.00000000 	-3.8040361499
-6.50000000 4.50000000 	-3.8040361499
-6.50000000 5.00000000 	-3.8040361499
-6.50000000 5.50000000 	-3.8040361499
-6.50000000 6.00000000 	-3.8040361499
-6.50000000 6.50000000 	-3.8040361499
-6.50000000 7.00000000 	-3.8040361499
-6.50000000 7.50000000 	-3.8040361499
-6.50000000 8.00000000 	-3.8040361499
-6.00000000 -12.00000000 	-5.2676867509
-6.00000000 -11.50000000 	-5.2676867509
-6.00000000 -11.00000000 	-5.2676867509
-6.00000000 -10.50000000 	-5.2676867509
-6.00000000 -10.00000000 	-5.2676867509
-6.00000000 -9.50000000 	-5.2676867509
-6.00000000 -9.00000000 	-5.2676867509
-6.00000000 -8.50000000 	-5.2676867509
-6.00000000 -8.00000000 	-5.2676867509
-6.00000000 -7.50000000 	-5.2676867509
-6.00000000 -7.00000000 	-5.2676867509
-6.00000000 -6.50000000 	-5.2676867509
-6.00000000 -6.00000000 	-5.2676867509
-6.00000000 -5.50000000 	-5.2676867509
-6.00000000 -5.00000000 	-5.2676867509
-6.00000000 -4.50000000 	-5.2676867509
-6.00000000 -4.00000000 	-5.2676867509
-6.00000000 -3.50000000 	-5.2676867509
-6.00000000 -3.00000000 	-5.2676867509
-6.00000000 -2.50000000 	-5.2676867509
-6.00000000 -2.00000000 	-5.2676867509
-6.00000000 -1.50000000 	-5.2676867509
-6.00000000 -1.00000000 	-5.2676867509
-6.00000000 -0.50000000 	-5.2676867509
-6.00000000 0.00000000 	-5.2676867509
-6.00000000 0.50000000 	-5.2676867509
-6.00000000 1.00000000 	-5.2676867509
-6.00000000 1.50000000 	-5.2676867509
-6.00000000 2.00000000 	-5.2676867509
-6.00000000 2.50000000 	-5.2676867509
-6.00000000 3.00000000 	-5.2676867509
-6.00000000 3.50000000 	-5.2676867509
-6.00000000 4.00000000 	-5.2676867509
-6.00000000 4.50000000 	-5.2676867509
-6.00000000 5.00000000 	-5.2676867509
-6.00000000 5.50000000 	-5.2676867509
-6.00000000 6.00000000 	-5.2676867509
-6.00000000 6.50000000 	-5.2676867509
-6.00000000 7.00000000 	-5.2676867509
-6.00000000 7.50000000 	-5.2676867509
-6.00000000 8.00000000 	-5.2676867509
-5.50000000 -12.00000000 	-2.9130066555
-5.50000000 -11.50000000 	-2.9130066555
-5.50000000 -11.00000000 	-2.9130066555
-5.50000000 -10.50000000 	-2.9130066555
-5.50000000 -10.00000000 	-2.9130066555
-5.50000000 -9.50000000 	-2.9130066555
-5.50000000 -9.00000000 	-2.9130066555
-5.50000000 -8.50000000 	-2.9130066555
-5.50000000 -8.00000000 	-2.9130066555
-5.50000000 -7.50000000 	-2.9130066555
-5.50000000 -7.00000000 	-2.9130066555
-5.50000000 -6.50000000 	-2.9130066555
-5.50000000 -6.00000000 	-2.9130066555
-5.50000000 -5.50000000 	-2.9130066555
-5.50000000 -5.00000000 	-2.9130066555
-5.50000000 -4.50000000 	-2.9130066555
-5.50000000 -4.00000000 	-2.9130066555
-5.50000000 -3.50000000 	-2.9130066555
-5.50000000 -3.00000000 	-2.9130066555
-5.50000000 -2.50000000 	-2.9130066555
-5.50000000 -2.00000000 	-2.9130066555
-5.50000000 -1.50000000 	-2.9130066555
-5.50000000 -1.00000000 	-2.9130066555
-5.50000000 -0.50000000 	-2.9130066555
-5.50000000 0.00000000 	-2.9130066555
-5.50000000 0.50000000 	-2.9130066555
-5.50000000 1.00000000 	-2.9130066555
-5.50000000 1.50000000 	-2.9130066555
-5.50000000 2.00000000 	-2.9130066555
-5.50000000 2.50000000 	-2.9130066555
-5.50000000 3.00000000 	-2.9130066555
-5.50000000 3.50000000 	-2.9130066555
-5.50000000 4.00000000 	-2.9130066555
-5.50000000 4.50000000 	-2.9130066555
-5.50000000 5.00000000 	-2.9130066555
-5.50000000 5.50000000 	-2.9130066555
-5.50000000 6.00000000 	-2.9130066555
-5.50000000 6.50000000 	-2.9130066555
-5.50000000 7.00000000 	-2.9130066555
-5.50000000 7.50000000 	-2.9130066555
-5.50000000 8.00000000 	-2.9130066555
-5.00000000 -12.00000000 	2.4604415398
-5.00000000 -11.50000000 	2.4604415398
-5.00000000 -11.00000000 	2.4604415398
-5.00000000 -10.50000000 	2.4604415398
-5.00000000 -10.00000000 	2.4604415398
-5.00000000 -9.50000000 	2.4604415398
-5.00000000 -9.00000000 	2.4604415398
-5.00000000 -8.50000000 	2.4604415398
-5.00000000 -8.00000000 	2.4604415398
-5.00000000 -7.50000000 	2.4604415398
-5.00000000 -7.00000000 	2.4604415398
-5.00000000 -6.50000000 	2.4604415398
-5.00000000 -6.00000000 	2.4604415398
-5.00000000 -5.50000000 	2.4604415398
-5.00000000 -5.00000000 	2.4604415398
-5.00000000 -4.50000000 	2.4604415398
-5.00000000 -4.00000000 	2.4604415398
-5.00000000 -3.50000000 	2.4604415398
-5.00000000 -3.00000000 	2.4604415398
-5.00000000 -2.50000000 	2.4604415398
-5.00000000 -2.00000000 	2.4604415398
-5.00000000 -1.50000000 	2.4604415398
-5.00000000 -1.00000000 	2.4604415398
-5.00000000 -0.50000000 	2.4604415398
-5.00000000 0.00000000 	2.4604415398
-5.00000000 0.50000000 	2.4604415398
-5.00000000 1.00000000 	2.4604415398
-5.00000000 1.50000000 	2.4604415398
-5.00000000 2.00000000 	2.4604415398
-5.00000000 2.50000000 	2.4604415398
-5.00000000 3.00000000 	2.4604415398
-5.00000000 3.50000000 	2.4604415398
-5.00000000 4.00000000 	2.4604415398
-5.00000000 4.50000000 	2.4604415398
-5.00000000 5.00000000 	2.4604415398
-5.00000000 5.50000000 	2.4604415398
-5.00000000 6.00000000 	2.4604415398
-5.00000000 6.50000000 	2.4604415398
-5.00000000 7.00000000 	2.4604415398
-5.00000000 7.50000000 	2.4604415398
-5.00000000 8.00000000 	2.4604415398
-4.50000000 -12.00000000 	5.5303511801
-4.50000000 -11.50000000 	5.5303511801
-4.50000000 -11.00000000 	5.5303511801
-4.50000000 -10.50000000 	5.5303511801
-4.50000000 -10.00000000 	5.5303511801
-4.50000000 -9.50000000 	5.5303511801
-4.50000000 -9.00000000 	5.5303511801
-4.50000000 -8.50000000 	5.5303511801
-4.50000000 -8.00000000 	5.5303511801
-4.50000000 -7.50000000 	5.5303511801
-4.50000000 -7.00000000 	5.5303511801
-4.50000000 -6.50000000 	5.5303511801
-4.50000000 -6.00000000 	5.5303511801
-4.50000000 -5.50000000 	5.5303511801
-4.50000000 -5.00000000 	5.5303511801
-4.50000000 -4.50000000 	5.5303511801
-4.50000000 -4.00000000 	5.5303511801
-4.50000000 -3.50000000 	5.5303511801
-4.50000000 -3.00000000 	5.5303511801
-4.50000000 -2.50000000 	5.5303511801
-4.50000000 -2.00000000 	5.5303511801
-4.50000000 -1.50000000 	5.5303511801
-4.50000000 -1.00000000 	5.5303511801
-4.50000000 -0.50000000 	5.5303511801
-4.50000000 0.00000000 	5.5303511801
-4.50000000 0.50000000 	5.5303511801
-4.50000000 1.00000000 	5.5303511801
-4.50000000 1.50000000 	5.5303511801
-4.50000000 2.00000000 	5.5303511801
-4.50000000 2.50000000 	5.5303511801
-4.50000000 3.00000000 	5.5303511801
-4.50000000 3.50000000 	5.5303511801
-4.50000000 4.00000000 	5.5303511801
-4.50000000 4.50000000 	5.5303511801
-4.50000000 5.00000000 	5.5303511801
-4.50000000 5.50000000 	5.5303511801
-4.50000000 6.00000000 	5.5303511801
-4.50000000 6.50000000 	5.5303511801
-4.50000000 7.00000000 	5.5303511801
-4.50000000 7.50000000 	5.5303511801
-4.50000000 8.00000000 	5.5303511801
-4.00000000 -12.00000000 	4.0328486137
-4.00000000 -11.50000000 	4.0328486137
-4.00000000 -11.00000000 	4.0328486137
-4.00000000 -10.50000000 	4.0328486137
-4.00000000 -10.00000000 	4.0328486137
-4.00000000 -9.50000000 	4.0328486137
-4.00000000 -9.00000000 	4.0328486137
-4.00000000 -8.50000000 	4.0328486137
-4.00000000 -8.00000000 	4.0328486137
-4.00000000 -7.50000000 	4.0328486137
-4.00000000 -7.00000000 	4.0328486137
-4.00000000 -6.50000000 	4.0328486137
-4.00000000 -6.00000000 	4.0328486137
-4.00000000 -5.50000000 	4.0328486137
-4.00000000 -5.00000000 	4.0328486137
-4.00000000 -4.50000000 	4.0328486137
-4.00000000 -4.00000000 	4.0328486137
-4.00000000 -3.50000000 	4.0328486137
-4.00000000 -3.00000000 	4.0328486137
-4.00000000 -2.50000000 	4.0328486137
-4.00000000 -2.00000000 	4.0328486137
-4.00000000 -1.50000000 	4.0328486137
-4.00000000 -1.00000000 	4.0328486137
-4.00000000 -0.50000000 	4.0328486137
-4.00000000 0.00000000 	4.0328486137
-4.00000000 0.50000000 	4.0328486137
-4.00000000 1.00000000 	4.0328486137
-4.00000000 1.50000000 	4.0328486137
-4.00000000 2.00000000 	4.0328486137
-4.00000000 2.50000000 	4.0328486137
-4.00000000 3.00000000 	4.0328486137
-4.00000000 3.50000000 	4.0328486137
-4.00000000 4.00000000 	4.0328486137
-4.00000000 4.50000000 	4.0328486137
-4.00000000 5.00000000 	4.0328486137
-4.00000000 5.50000000 	4.0328486137
-4.00000000 6.00000000 	4.0328486137
-4.00000000 6.50000000 	4.0328486137
-4.00000000 7.00000000 	4.0328486137
-4.00000000 7.50000000 	4.0328486137
-4.00000000 8.00000000 	4.0328486137
-3.50000000 -12.00000000 	1.3733208722
-3.50000000 -11.50000000 	1.3733208722
-3.50000000 -11.00000000 	1.3733208722
-3.50000000 -10.50000000 	1.3733208722
-3.50000000 -10.00000000 	1.3733208722
-3.50000000 -9.50000000 	1.3733208722
-3.50000000 -9.00000000 	1.3733208722
-3.50000000 -8.50000000 	1.3733208722
-3.50000000 -8.00000000 	1.3733208722
-3.50000000 -7.50000000 	1.3733208722
-3.50000000 -7.00000000 	1.3733208722
-3.50000000 -6.50000000 	1.3733208722
-3.50000000 -6.00000000 	1.3733208722
-3.50000000 -5.50000000 	1.3733208722
-3.50000000 -5.00000000 	1.3733208722
-3.50000000 -4.50000000 	1.3733208722
-3.50000000 -4.00000000 	1.3733208722
-3.50000000 -3.50000000 	1.3733208722
-3.50000000 -3.00000000 	1.3733208722
-3.50000000 -2.50000000 	1.3733264556
-3.50000000 -2.00000000 	1.3734053291
-3.50000000 -1.50000000 	1.3738410379
-3.50000000 -1.00000000 	1.3751572502
-3.50000000 -0.50000000 	1.3776236443
-3.50000000 0.00000000 	1.3806501950
-3.50000000 0.50000000 	1.3831148108
-3.50000000 1.00000000 	1.3843557118
-3.50000000 1.50000000 	1.3843557118
-3.50000000 2.00000000 	1.3831148108
-3.50000000 2.50000000 	1.3806501950
-3.50000000 3.00000000 	1.3776236443
-3.50000000 3.50000000 	1.3751572502
-3.50000000 4.00000000 	1.3738410379
-3.50000000 4.50000000 	1.3734053291
-3.50000000 5.00000000 	1.3733264556
-3.50000000 5.50000000 	1.3733208722
-3.50000000 6.00000000 	1.3733208722
-3.50000000 6.50000000 	1.3733208722
-3.50000000 7.00000000 	1.3733208722
-3.50000000 7.50000000 	1.3733208722
-3.50000000 8.00000000 	1.3733208722
-3.00000000 -12.00000000 	0.1849355943
-3.00000000 -11.50000000 	0.1849355943
-3.00000000 -11.00000000 	0.1849355943
-3.00000000 -10.50000000 	0.1849355943
-3.00000000 -10.00000000 	0.1849355943
-3.00000000 -9.50000000 	0.1849355943
-3.00000000 -9.00000000 	0.1849355943
-3.00000000 -8.50000000 	0.1849355943
-3.00000000 -8.00000000 	0.1849355943
-3.00000000 -7.50000000 	0.1849355943
-3.00000000 -7.00000000 	0.1849355943
-3.00000000 -6.50000000 	0.1849355943
-3.00000000 -6.00000000 	0.1849355943
-3.00000000 -5.50000000 	0.1849355943
-3.00000000 -5.00000000 	0.1849355943
-3.00000000 -4.50000000 	0.1849355943
-3.00000000 -4.00000000 	0.1849355943
-3.00000000 -3.50000000 	0.1849355943
-3.00000000 -3.00000000 	0.1849412555
-3.00000000 -2.50000000 	0.1850659384
-3.00000000 -2.00000000 	0.1861385121
-3.00000000 -1.50000000 	0.1909579718
-3.00000000 -1.00000000 	0.2039944693
-3.00000000 -0.50000000 	0.2268308447
-3.00000000 0.00000000 	0.2536320250
-3.00000000 0.50000000 	0.2747922968
-3.00000000 1.00000000 	0.2852277013
-3.00000000 1.50000000 	0.2852277013
-3.00000000 2.00000000 	0.2747922968
-3.00000000 2.50000000 	0.2536320250
-3.00000000 3.00000000 	0.2268308447
-3.00000000 3.50000000 	0.2039944693
-3.00000000 4.00000000 	0.1909579718
-3.00000000 4.50000000 	0.1861385121
-3.00000000 5.00000000 	0.1850659384
-3.00000000 5.50000000 	0.1849412555
-3.00000000 6.00000000 	0.1849355943
-3.00000000 6.50000000 	0.1849355943
-3.00000000 7.00000000 	0.1849355943
-3.00000000 7.50000000 	0.1849355943
-3.00000000 8.00000000 	0.1849355943
-2.50000000 -12.00000000 	0.0000000000
-2.50000000 -11.50000000 	0.0000000000
-2.50000000 -11.00000000 	0.0000000000
-2.50000000 -10.50000000 	0.0000000000
-2.50000000 -10.00000000 	0.0000000000
-2.50000000 -9.50000000 	0.0000000000
-2.50000000 -9.00000000 	0.0000000000
-2.50000000 -8.50000000 	0.0000000000
-2.50000000 -8.00000000 	0.0000000000
-2.50000000 -7.50000000 	0.0000000000
-2.50000000 -7.00000000 	0.0000000000
-2.50000000 -6.50000000 	0.0000000000
-2.50000000 -6.00000000 	0.0000000000
-2.50000000 -5.50000000 	0.0000000000
-2.50000000 -5.00000000 	0.0000000000
-2.50000000 -4.50000000 	0.0000000000
-2.50000000 -4.00000000 	0.0000000000
-2.50000000 -3.50000000 	0.0000056686
-2.50000000 -3.00000000 	0.0001304701
-2.50000000 -2.50000000 	0.0013572489
-2.50000000 -2.00000000 	0.0083323524
-2.50000000 -1.50000000 	0.0332485366
-2.50000000 -1.00000000 	0.0919911426
-2.50000000 -0.50000000 	0.1862193989
-2.50000000 0.00000000 	0.2904106854
-2.50000000 0.50000000 	0.3692821779
-2.50000000 1.00000000 	0.4070721676
-2.50000000 1.50000000 	0.4070721676
-2.50000000 2.00000000 	0.3692821779
-2.50000000 2.50000000 	0.2904106854
-2.50000000 3.00000000 	0.1862193989
-2.50000000 3.50000000 	0.0919911426
-2.50000000 4.00000000 	0.0332485366
-2.50000000 4.50000000 	0.0083323524
-2.50000000 5.00000000 	0.0013572489
-2.50000000 5.50000000 	0.0001304701
-2.50000000 6.00000000 	0.0000056686
-2.50000000 6.50000000 	0.0000000000
-2.50000000 7.00000000 	0.0000000000
-2.50000000 7.50000000 	0.0000000000
-2.50000000 8.00000000 	0.0000000000
-2.00000000 -12.00000000 	0.0000000000
-2.00000000 -11.50000000 	0.0000000000
-2.00000000 -11.00000000 	0.0000000000
-2.00000000 -10.50000000 	0.0000000000
-2.00000000 -10.00000000 	0.0000000000
-2.00000000 -9.50000000 	0.0000000000
-2.00000000 -9.00000000 	0.0000000000
-2.00000000 -8.50000000 	0.0000000000
-2.00000000 -8.00000000 	0.0000000000
-2.00000000 -7.50000000 	0.0000000000
-2.00000000 -7.00000000 	0.0000000000
-2.00000000 -6.50000000 	0.0000000000
-2.00000000 -6.00000000 	0.0000000000
-2.00000000 -5.50000000 	0.0000000000
-2.00000000 -5.00000000 	0.0000000000
-2.00000000 -4.50000000 	0.0000000000
-2.00000000 -4.00000000 	0.0000000000
-2.00000000 -3.50000000 	0.0000510419
-2.00000000 -3.00000000 	0.0009197488
-2.00000000 -2.50000000 	0.0072855105
-2.00000000 -2.00000000 	0.0348963395
-2.00000000 -1.50000000 	0.1143639263
-2.00000000 -1.00000000 	0.2737391658
-2.00000000 -0.50000000 	0.5008617641
-2.00000000 0.00000000 	0.7311958387
-2.00000000 0.50000000 	0.8947873020
-2.00000000 1.00000000 	0.9697370969
-2.00000000 1.50000000 	0.9697430863
-2.00000000 2.00000000 	0.8948706135
-2.00000000 2.50000000 	0.7316499150
-2.00000000 3.00000000 	0.5022165558
-2.00000000 3.50000000 	0.2762508070
-2.00000000 4.00000000 	0.1174204857
-2.00000000 4.50000000 	0.0373768097
-2.00000000 5.00000000 	0.0086067678
-2.00000000 5.50000000 	0.0013572489
-2.00000000 6.00000000 	0.0001304701
-2.00000000 6.50000000 	0.0000056686
-2.00000000 7.00000000 	0.0000000000
-2.00000000 7.50000000 	0.0000000000
-2.00000000 8.00000000 	0.0000000000
-1.50000000 -12.00000000 	0.0000000000
-1.50000000 -11.50000000 	0.0000000000
-1.50000000 -11.00000000 	0.0000000000
-1.50000000 -10.50000000 	0.0000000000
-1.50000000 -10.00000000 	0.0000000000
-1.50000000 -9.50000000 	0.0000000000
-1.50000000 -9.00000000 	0.0000000000
-1.50000000 -8.50000000 	0.0000000000
-1.50000000 -8.00000000 	0.0000000000
-1.50000000 -7.50000000 	0.0000000000
-1.50000000 -7.00000000 	0.0000000000
-1.50000000 -6.50000000 	0.0000000000
-1.50000000 -6.00000000 	0.0000000000
-1.50000000 -5.50000000 	0.0000000000
-1.50000000 -5.00000000 	0.0000000000
-1.50000000 -4.50000000 	0.0000000000
-1.50000000 -4.00000000 	0.0000056686
-1.50000000 -3.50000000 	0.0002837454
-1.50000000 -3.00000000 	0.0037798950
-1.50000000 -2.50000000 	0.0245396300
-1.50000000 -2.00000000 	0.0980921968
-1.50000000 -1.50000000 	0.2717872721
-1.50000000 -1.00000000 	0.5612979753
-1.50000000 -0.50000000 	0.9111666591
-1.50000000 0.00000000 	1.2192555658
-1.50000000 0.50000000 	1.4139074259
-1.50000000 1.00000000 	1.4955052029
-1.50000000 1.50000000 	1.4955539957
-1.50000000 2.00000000 	1.4145856855
-1.50000000 2.50000000 	1.2229468162
-1.50000000 3.00000000 	0.9221521923
-1.50000000 3.50000000 	0.5815995616
-1.50000000 4.00000000 	0.2964159157
-1.50000000 4.50000000 	0.1180274503
-1.50000000 5.00000000 	0.0351390272
-1.50000000 5.50000000 	0.0072855105
-1.50000000 6.00000000 	0.0009197488
-1.50000000 6.50000000 	0.0000510419
-1.50000000 7.00000000 	0.0000000000
-1.50000000 7.50000000 	0.0000000000
-1.50000000 8.00000000 	0.0000000000
-1.00000000 -12.00000000 	0.0000000000
-1.00000000 -11.50000000 	0.0000000000
-1.00000000 -11.00000000 	0.0000000000
-1.00000000 -10.50000000 	0.0000000000
-1.00000000 -10.00000000 	0.0000000000
-1.00000000 -9.50000000 	0.0000000000
-1.00000000 -9.00000000 	0.0000000000
-1.00000000 -8.50000000 	0.0000000000
-1.00000000 -8.00000000 	0.0000000000
-1.00000000 -7.50000000 	0.0000000000
-1.00000000 -7.00000000 	0.0000000000
-1.00000000 -6.50000000 	0.0000000000
-1.00000000 -6.00000000 	0.0000000000
-1.00000000 -5.50000000 	0.0000000000
-1.00000000 -5.00000000 	0.0000000000
-1.00000000 -4.50000000 	0.0000000000
-1.00000000 -4.00000000 	0.0000510419
-1.00000000 -3.50000000 	0.0011926809
-1.00000000 -3.00000000 	0.0113567845
-1.00000000 -2.50000000 	0.0596900169
-1.00000000 -2.00000000 	0.2010748658
-1.00000000 -1.50000000 	0.4755200446
-1.00000000 -1.00000000 	0.8434499995
-1.00000000 -0.50000000 	1.1896149592
-1.00000000 0.00000000 	1.4173427065
-1.00000000 0.50000000 	1.5196731355
-1.00000000 1.00000000 	1.5491677410
-1.00000000 1.50000000 	1.5493351469
-1.00000000 2.00000000 	1.5220009837
-1.00000000 2.50000000 	1.4300097252
-1.00000000 3.00000000 	1.2272659346
-1.00000000 3.50000000 	0.9128549674
-1.00000000 4.00000000 	0.5594430930
-1.00000000 4.50000000 	0.2687888978
-1.00000000 5.00000000 	0.0956029979
-1.00000000 5.50000000 	0.0232146782
-1.00000000 6.00000000 	0.0033418383
-1.00000000 6.50000000 	0.0002042835
-1.00000000 7.00000000 	0.0000000000
-1.00000000 7.50000000 	0.0000000000
-1.00000000 8.00000000 	0.0000000000
-0.50000000 -12.00000000 	0.0000000000
-0.50000000 -11.50000000 	0.0000000000
-0.50000000 -11.00000000 	0.0000000000
-0.50000000 -10.50000000 	0.0000000000
-0.50000000 -10.00000000 	0.0000000000
-0.50000000 -9.50000000 	0.0000000000
-0.50000000 -9.00000000 	0.0000000000
-0.50000000 -8.50000000 	0.0000000000
-0.50000000 -8.00000000 	0.0000000000
-0.50000000 -7.50000000 	0.0000000000
-0.50000000 -7.00000000 	0.0000000000
-0.50000000 -6.50000000 	0.0000000000
-0.50000000 -6.00000000 	0.0000000000
-0.50000000 -5.50000000 	0.0000000000
-0.50000000 -5.00000000 	0.0000000000
-0.50000000 -4.50000000 	0.0000000000
-0.50000000 -4.00000000 	0.0002042835
-0.50000000 -3.50000000 	0.0035815182
-0.50000000 -3.00000000 	0.0265877576
-0.50000000 -2.50000000 	0.1140957453
-0.50000000 -2.00000000 	0.3225436845
-0.50000000 -1.50000000 	0.6472388212
-0.50000000 -1.00000000 	0.9739337566
-0.50000000 -0.50000000 	1.1619948141
-0.50000000 0.00000000 	1.1827319062
-0.50000000 0.50000000 	1.1251959599
-0.50000000 1.00000000 	1.0802384231
-0.50000000 1.50000000 	1.0805399272
-0.50000000 2.00000000 	1.1293943233
-0.50000000 2.50000000 	1.2056121108
-0.50000000 3.00000000 	1.2300457321
-0.50000000 3.50000000 	1.0992342674
-0.50000000 4.00000000 	0.7983112997
-0.50000000 4.50000000 	0.4439917801
-0.50000000 5.00000000 	0.1782950878
-0.50000000 5.50000000 	0.0477353334
-0.50000000 6.00000000 	0.0074088306
-0.50000000 6.50000000 	0.0004769724
-0.50000000 7.00000000 	0.0000000000
-0.50000000 7.50000000 	0.0000000000
-0.50000000 8.00000000 	0.0000000000
0.00000000 -12.00000000 	0.0000000000
0.00000000 -11.50000000 	0.0000000000
0.00000000 -11.00000000 	0.0000000000
0.00000000 -10.50000000 	0.0000000000
0.00000000 -10.00000000 	0.0000000000
0.00000000 -9.50000000 	0.0000000000
0.00000000 -9.00000000 	0.0000000000
0.00000000 -8.50000000 	0.0000000000
0.00000000 -8.00000000 	0.0000000000
0.00000000 -7.50000000 	0.0000000000
0.00000000 -7.00000000 	0.0000000000
0.00000000 -6.50000000 	0.0000000000
0.00000000 -6.00000000 	0.0000000000
0.00000000 -5.50000000 	0.0000000000
0.00000000 -5.00000000 	0.0000000000
0.00000000 -4.50000000 	0.0000000000
0.00000000 -4.00000000 	0.0004769724
0.00000000 -3.50000000 	0.0074102010
0.00000000 -3.00000000 	0.0475268634
0.00000000 -2.50000000 	0.1749399550
0.00000000 -2.00000000 	0.4225994552
0.00000000 -1.50000000 	0.7198777586
0.00000000 -1.00000000 	0.9071877129
0.00000000 -0.50000000 	0.8875690175
0.00000000 0.00000000 	0.7287838550
0.00000000 0.50000000 	0.5724182710
0.00000000 1.00000000 	0.4934630933
0.00000000 1.50000000 	0.4937299827
0.00000000 2.00000000 	0.5761447151
0.00000000 2.50000000 	0.7491654352
0.00000000 3.00000000 	0.9483767701
0.00000000 3.50000000 	1.0192370370
0.00000000 4.00000000 	0.8546346682
0.00000000 4.50000000 	0.5304156398
0.00000000 5.00000000 	0.2316467504
0.00000000 5.50000000 	0.0661333372
0.00000000 6.00000000 	0.0107692373
0.00000000 6.50000000 	0.0007159738
0.00000000 7.00000000 	0.0000000000
0.00000000 7.50000000 	0.0000000000
0.00000000 8.00000000 	0.0000000000
0.50000000 -12.00000000 	0.0000000000
0.50000000 -11.50000000 	0.0000000000
0.50000000 -11.00000000 	0.0000000000
0.50000000 -10.50000000 	0.0000000000
0.50000000 -10.00000000 	0.0000000000
0.50000000 -9.50000000 	0.0000000000
0.50000000 -9.00000000 	0.0000000000
0.50000000 -8.50000000 	0.0000000000
0.50000000 -8.00000000 	0.0000000000
0.50000000 -7.50000000 	0.0000000000
0.50000000 -7.00000000 	0.0000000000
0.50000000 -6.50000000 	0.0000000000
0.50000000 -6.00000000 	0.0000000000
0.50000000 -5.50000000 	0.0000000000
0.50000000 -5.00000000 	0.0000000000
0.50000000 -4.50000000 	0.0000000000
0.50000000 -4.00000000 	0.0007159738
0.50000000 -3.50000000 	0.0105309058
0.50000000 -3.00000000 	0.0625169517
0.50000000 -2.50000000 	0.2091925407
0.50000000 -2.00000000 	0.4507942577
0.50000000 -1.50000000 	0.6693387247
0.50000000 -1.00000000 	0.7123660854
0.50000000 -0.50000000 	0.5622078623
0.50000000 0.00000000 	0.3500776368
0.50000000 0.50000000 	0.2007766586
0.50000000 1.00000000 	0.1387257935
0.50000000 1.50000000 	0.1387287152
0.50000000 2.00000000 	0.2008295323
0.50000000 2.50000000 	0.3504569848
0.50000000 3.00000000 	0.5635989730
0.50000000 3.50000000 	0.7151503731
0.50000000 4.00000000 	0.6724334593
0.50000000 4.50000000 	0.4527279709
0.50000000 5.00000000 	0.2098767947
0.50000000 5.50000000 	0.0626517752
0.50000000 6.00000000 	0.0105445495
0.50000000 6.50000000 	0.0007165208
0.50000000 7.00000000 	0.0000000000
0.50000000 7.50000000 	0.0000000000
0.50000000 8.00000000 	0.0000000000
1.00000000 -12.00000000 	0.0000000000
1.00000000 -11.50000000 	0.0000000000
1.00000000 -11.00000000 	0.0000000000
1.00000000 -10.50000000 	0.0000000000
1.00000000 -10.00000000 	0.0000000000
1.00000000 -9.50000000 	0.0000000000
1.00000000 -9.00000000 	0.0000000000
1.00000000 -8.50000000 	0.0000000000
1.00000000 -8.00000000 	0.0000000000
1.00000000 -7.50000000 	0.0000000000
1.00000000 -7.00000000 	0.0000000000
1.00000000 -6.50000000 	0.0000000000
1.00000000 -6.00000000 	0.0000000000
1.00000000 -5.50000000 	0.0000000000
1.00000000 -5.00000000 	0.0000000000
1.00000000 -4.50000000 	0.0000000000
1.00000000 -4.00000000 	0.0007165208
1.00000000 -3.50000000 	0.0102707956
1.00000000 -3.00000000 	0.0586475171
1.00000000 -2.50000000 	0.1863147939
1.00000000 -2.00000000 	0.3748834382
1.00000000 -1.50000000 	0.5075619747
1.00000000 -1.00000000 	0.4752238408
1.00000000 -0.50000000 	0.3113059802
1.00000000 0.00000000 	0.1451047364
1.00000000 0.50000000 	0.0525014700
1.00000000 1.00000000 	0.0216031838
1.00000000 1.50000000 	0.0213397149
1.00000000 2.00000000 	0.0488340161
1.00000000 2.50000000 	0.1251233260
1.00000000 3.00000000 	0.2518947383
1.00000000 3.50000000 	0.3658684214
1.00000000 4.00000000 	0.3757339354
1.00000000 4.50000000 	0.2688808299
1.00000000 5.00000000 	0.1302506280
1.00000000 5.50000000 	0.0401688360
1.00000000 6.00000000 	0.0069248724
1.00000000 6.50000000 	0.0004780538
1.00000000 7.00000000 	0.0000000000
1.00000000 7.50000000 	0.0000000000
1.00000000 8.00000000 	0.0000000000
1.50000000 -12.00000000 	0.0000000000
1.50000000 -11.50000000 	0.0000000000
1.50000000 -11.00000000 	0.0000000000
1.50000000 -10.50000000 	0.0000000000
1.50000000 -10.00000000 	0.0000000000
1.50000000 -9.50000000 	0.0000000000
1.50000000 -9.00000000 	0.0000000000
1.50000000 -8.50000000 	0.0000000000
1.50000000 -8.00000000 	0.0000000000
1.50000000 -7.50000000 	0.0000000000
1.50000000 -7.00000000 	0.0000000000
1.50000000 -6.50000000 	0.0000000000
1.50000000 -6.00000000 	0.0000000000
1.50000000 -5.50000000 	0.0000000000
1.50000000 -5.00000000 	0.0000000000
1.50000000 -4.50000000 	0.0000000000
1.50000000 -4.00000000 	0.0004786967
1.50000000 -3.50000000 	0.0067794749
1.50000000 -3.00000000 	0.0379966938
1.50000000 -2.50000000 	0.1176502832
1.50000000 -2.00000000 	0.2284750004
1.50000000 -1.50000000 	0.2940735296
1.50000000 -1.00000000 	0.2553764330
1.50000000 -0.50000000 	0.1486009415
1.50000000 0.00000000 	0.0563454079
1.50000000 0.50000000 	0.0132465657
1.50000000 1.00000000 	0.0019595378
1.50000000 1.50000000 	0.0016561895
1.50000000 2.00000000 	0.0090152885
1.50000000 2.50000000 	0.0332225305
1.50000000 3.00000000 	0.0796241471
1.50000000 3.50000000 	0.1281433413
1.50000000 4.00000000 	0.1407509453
1.50000000 4.50000000 	0.1055303089
1.50000000 5.00000000 	0.0528668970
1.50000000 5.50000000 	0.0167141060
1.50000000 6.00000000 	0.0029346718
1.50000000 6.50000000 	0.0002050391
1.50000000 7.00000000 	0.0000000000
1.50000000 7.50000000 	0.0000000000
1.50000000 8.00000000 	0.0000000000
2.00000000 -12.00000000 	0.0000000000
2.00000000 -11.50000000 	0.0000000000
2.00000000 -11.00000000 	0.0000000000
2.00000000 -10.50000000 	0.0000000000
2.00000000 -10.00000000 	0.0000000000
2.00000000 -9.50000000 	0.0000000000
2.00000000 -9.00000000 	0.0000000000
2.00000000 -8.50000000 	0.0000000000
2.00000000 -8.00000000 	0.0000000000
2.00000000 -7.50000000 	0.0000000000
2.00000000 -7.00000000 	0.0000000000
2.00000000 -6.50000000 	0.0000000000
2.00000000 -6.00000000 	0.0000000000
2.00000000 -5.50000000 	0.0000000000
2.00000000 -5.00000000 	0.0000000000
2.00000000 -4.50000000 	0.0000000000
2.00000000 -4.00000000 	0.0002254604
2.00000000 -3.50000000 	0.0031768890
2.00000000 -3.00000000 	0.0176611980
2.00000000 -2.50000000 	0.0540441193
2.00000000 -2.00000000 	0.1031771880
2.00000000 -1.50000000 	0.1295501625
2.00000000 -1.00000000 	0.1084659771
2.00000000 -0.50000000 	0.0596312480
2.00000000 0.00000000 	0.0205084731
2.00000000 0.50000000 	0.0039674910
2.00000000 1.00000000 	0.0003443079
2.00000000 1.50000000 	0.0001552743
2.00000000 2.00000000 	0.0013289496
2.00000000 2.50000000 	0.0060737507
2.00000000 3.00000000 	0.0165072654
2.00000000 3.50000000 	0.0287802801
2.00000000 4.00000000 	0.0333776449
2.00000000 4.50000000 	0.0260086695
2.00000000 5.00000000 	0.0133996231
2.00000000 5.50000000 	0.0043246476
2.00000000 6.00000000 	0.0007708468
2.00000000 6.50000000 	0.0000543857
2.00000000 7.00000000 	0.0000000000
2.00000000 7.50000000 	0.0000000000
2.00000000 8.00000000 	0.0000000000
