-25.00000000 -25.00000000 	0.0000000000
-25.00000000 -24.00000000 	0.0000000000
-25.00000000 -23.00000000 	0.0000000000
-25.00000000 -22.00000000 	0.0000000000
-25.00000000 -21.00000000 	0.0000000000
-25.00000000 -20.00000000 	0.0000000000
-25.00000000 -19.00000000 	0.0000000000
-25.00000000 -18.00000000 	0.0000000000
-25.00000000 -17.00000000 	0.0000000000
-25.00000000 -16.00000000 	0.0000000000
-25.00000000 -15.00000000 	0.0000000000
-25.00000000 -14.00000000 	0.0000000000
-25.00000000 -13.00000000 	0.0000000000
-25.00000000 -12.00000000 	0.0000000000
-25.00000000 -11.00000000 	0.0000000000
-25.00000000 -10.00000000 	0.0000000000
-25.00000000 -9.00000000 	0.0000000000
-25.00000000 -8.00000000 	0.0000000000
-25.00000000 -7.00000000 	0.0000000000
-25.00000000 -6.00000000 	0.0000000000
-25.00000000 -5.00000000 	0.0000000000
-25.00000000 -4.00000000 	0.0000000000
-25.00000000 -3.00000000 	0.0000000000
-25.00000000 -2.00000000 	0.0000000000
-25.00000000 -1.00000000 	0.0000000000
-25.00000000 0.00000000 	0.0000000000
-25.00000000 1.00000000 	0.0000000000
-25.00000000 2.00000000 	0.0000000000
-25.00000000 3.00000000 	0.0000000000
-25.00000000 4.00000000 	0.0000000000
-25.00000000 5.00000000 	0.0000000000
-25.00000000 6.00000000 	0.0000000000
-25.00000000 7.00000000 	0.0000000000
-25.00000000 8.00000000 	0.0000000000
-25.00000000 9.00000000 	0.0000000000
-25.00000000 10.00000000 	0.0000000000
-25.00000000 11.00000000 	0.0000000000
-25.00000000 12.00000000 	0.0000000000
-25.00000000 13.00000000 	0.0000000000
-25.00000000 14.00000000 	0.0000000000
-25.00000000 15.00000000 	0.0000000000
-25.00000000 16.00000000 	0.0000000000
-25.00000000 17.00000000 	0.0000000000
-25.00000000 18.00000000 	0.0000000000
-25.00000000 19.00000000 	0.0000000000
-25.00000000 20.00000000 	0.0000000000
-25.00000000 21.00000000 	0.0000000000
-25.00000000 22.00000000 	0.0000000000
-25.00000000 23.00000000 	0.0000000000
-25.00000000 24.00000000 	0.0000000000
-25.00000000 25.00000000 	0.0000000000
-24.00000000 -25.00000000 	0.0000000000
-24.00000000 -24.00000000 	0.0000000000
-24.00000000 -23.00000000 	0.0000000000
-24.00000000 -22.00000000 	0.0000000000
-24.00000000 -21.00000000 	0.0000000000
-24.00000000 -20.00000000 	0.0000000000
-24.00000000 -19.00000000 	0.0000000000
-24.00000000 -18.00000000 	0.0000000000
-24.00000000 -17.00000000 	0.0000000000
-24.00000000 -16.00000000 	0.0000000000
-24.00000000 -15.00000000 	0.0000000000
-24.00000000 -14.00000000 	0.0000000000
-24.00000000 -13.00000000 	0.0000000000
-24.00000000 -12.00000000 	0.0000000000
-24.00000000 -11.00000000 	0.0000000000
-24.00000000 -10.00000000 	0.0000000000
-24.00000000 -9.00000000 	0.0000000000
-24.00000000 -8.00000000 	0.0000000000
-24.00000000 -7.00000000 	0.0000000000
-24.00000000 -6.00000000 	0.0000000000
-24.00000000 -5.00000000 	0.0000000000
-24.00000000 -4.00000000 	0.0000000000
-24.00000000 -3.00000000 	0.0000000000
-24.00000000 -2.00000000 	0.0000000000
-24.00000000 -1.00000000 	0.0000000000
-24.00000000 0.00000000 	0.0000000000
-24.00000000 1.00000000 	0.0000000000
-24.00000000 2.00000000 	0.0000000000
-24.00000000 3.00000000 	0.0000000000
-24.00000000 4.00000000 	0.0000000000
-24.00000000 5.00000000 	0.0000000000
-24.00000000 6.00000000 	0.0000000000
-24.00000000 7.00000000 	0.0000000000
-24.00000000 8.00000000 	0.0000000000
-24.00000000 9.00000000 	0.0000000000
-24.00000000 10.00000000 	0.0000000000
-24.00000000 11.00000000 	0.0000000000
-24.00000000 12.00000000 	0.0000000000
-24.00000000 13.00000000 	0.0000000000
-24.00000000 14.00000000 	0.0000000000
-24.00000000 15.00000000 	0.0000000000
-24.00000000 16.00000000 	0.0000000000
-24.00000000 17.00000000 	0.0000000000
-24.00000000 18.00000000 	0.0000000000
-24.00000000 19.00000000 	0.0000000000
-24.00000000 20.00000000 	0.0000000000
-24.00000000 21.00000000 	0.0000000000
-24.00000000 22.00000000 	0.0000000000
-24.00000000 23.00000000 	0.0000000000
-24.00000000 24.00000000 	0.0000000000
-24.00000000 25.00000000 	0.0000000000
-23.00000000 -25.00000000 	0.0000000000
-23.00000000 -24.00000000 	0.0000000000
-23.00000000 -23.00000000 	0.0000000000
-23.00000000 -22.00000000 	0.0000000000
-23.00000000 -21.00000000 	0.0000000000
-23.00000000 -20.00000000 	0.0000000000
-23.00000000 -19.00000000 	0.0000000000
-23.00000000 -18.00000000 	0.0000000000
-23.00000000 -17.00000000 	0.0000000000
-23.00000000 -16.00000000 	0.0000000000
-23.00000000 -15.00000000 	0.0000000000
-23.00000000 -14.00000000 	0.0000000000
-23.00000000 -13.00000000 	0.0000000000
-23.00000000 -12.00000000 	0.0000000000
-23.00000000 -11.00000000 	0.0000000000
-23.00000000 -10.00000000 	0.0000000000
-23.00000000 -9.00000000 	0.0000000000
-23.00000000 -8.00000000 	0.0000000000
-23.00000000 -7.00000000 	0.0000000000
-23.00000000 -6.00000000 	0.0000000000
-23.00000000 -5.00000000 	0.0000000000
-23.00000000 -4.00000000 	0.0000000000
-23.00000000 -3.00000000 	0.0000000000
-23.00000000 -2.00000000 	0.0000000000
-23.00000000 -1.00000000 	0.0000000000
-23.00000000 0.00000000 	0.0000000000
-23.00000000 1.00000000 	0.0000000000
-23.00000000 2.00000000 	0.0000000000
-23.00000000 3.00000000 	0.0000000000
-23.00000000 4.00000000 	0.0000000000
-23.00000000 5.00000000 	0.0000000000
-23.00000000 6.00000000 	0.0000000000
-23.00000000 7.00000000 	0.0000000000
-23.00000000 8.00000000 	0.0000000000
-23.00000000 9.00000000 	0.0000000000
-23.00000000 10.00000000 	0.0000000000
-23.00000000 11.00000000 	0.0000000000
-23.00000000 12.00000000 	0.0000000000
-23.00000000 13.00000000 	0.0000000000
-23.00000000 14.00000000 	0.0000000000
-23.00000000 15.00000000 	0.0000000000
-23.00000000 16.00000000 	0.0000000000
-23.00000000 17.00000000 	0.0000000000
-23.00000000 18.00000000 	0.0000000000
-23.00000000 19.00000000 	0.0000000000
-23.00000000 20.00000000 	0.0000000000
-23.00000000 21.00000000 	0.0000000000
-23.00000000 22.00000000 	0.0000000000
-23.00000000 23.00000000 	0.0000000000
-23.00000000 24.00000000 	0.0000000000
-23.00000000 25.00000000 	0.0000000000
-22.00000000 -25.00000000 	0.0000000000
-22.00000000 -24.00000000 	0.0000000000
-22.00000000 -23.00000000 	0.0000000000
-22.00000000 -22.00000000 	0.0000000000
-22.00000000 -21.00000000 	0.0000000000
-22.00000000 -20.00000000 	0.0000000000
-22.00000000 -19.00000000 	0.0000000000
-22.00000000 -18.00000000 	0.0000000000
-22.00000000 -17.00000000 	0.0000000000
-22.00000000 -16.00000000 	0.0000000000
-22.00000000 -15.00000000 	0.0000000000
-22.00000000 -14.00000000 	0.0000000000
-22.00000000 -13.00000000 	0.0000000000
-22.00000000 -12.00000000 	0.0000000000
-22.00000000 -11.00000000 	0.0000000000
-22.00000000 -10.00000000 	0.0000000000
-22.00000000 -9.00000000 	0.0000000000
-22.00000000 -8.00000000 	0.0000000000
-22.00000000 -7.00000000 	0.0000000000
-22.00000000 -6.00000000 	0.0000000000
-22.00000000 -5.00000000 	0.0000000000
-22.00000000 -4.00000000 	0.0000000000
-22.00000000 -3.00000000 	0.0000000000
-22.00000000 -2.00000000 	0.0000000000
-22.00000000 -1.00000000 	0.0000000000
-22.00000000 0.00000000 	0.0000000000
-22.00000000 1.00000000 	0.0000000000
-22.00000000 2.00000000 	0.0000000000
-22.00000000 3.00000000 	0.0000000000
-22.00000000 4.00000000 	0.0000000000
-22.00000000 5.00000000 	0.0000000000
-22.00000000 6.00000000 	0.0000000000
-22.00000000 7.00000000 	0.0000000000
-22.00000000 8.00000000 	0.0000000000
-22.00000000 9.00000000 	0.0000000000
-22.00000000 10.00000000 	0.0000000000
-22.00000000 11.00000000 	0.0000000000
-22.00000000 12.00000000 	0.0000000000
-22.00000000 13.00000000 	0.0000000000
-22.00000000 14.00000000 	0.0000000000
-22.00000000 15.00000000 	0.0000000000
-22.00000000 16.00000000 	0.0000000000
-22.00000000 17.00000000 	0.0000000000
-22.00000000 18.00000000 	0.0000000000
-22.00000000 19.00000000 	0.0000000000
-22.00000000 20.00000000 	0.0000000000
-22.00000000 21.00000000 	0.0000000000
-22.00000000 22.00000000 	0.0000000000
-22.00000000 23.00000000 	0.0000000000
-22.00000000 24.00000000 	0.0000000000
-22.00000000 25.00000000 	0.0000000000
-21.00000000 -25.00000000 	0.0000000000
-21.00000000 -24.00000000 	0.0000000000
-21.00000000 -23.00000000 	0.0000000000
-21.00000000 -22.00000000 	0.0000000000
-21.00000000 -21.00000000 	0.0000000000
-21.00000000 -20.00000000 	0.0000000000
-21.00000000 -19.00000000 	0.0000000000
-21.00000000 -18.00000000 	0.0000000000
-21.00000000 -17.00000000 	0.0000000000
-21.00000000 -16.00000000 	0.0000000000
-21.00000000 -15.00000000 	0.0000000000
-21.00000000 -14.00000000 	0.0000000000
-21.00000000 -13.00000000 	0.0000000000
-21.00000000 -12.00000000 	0.0000000000
-21.00000000 -11.00000000 	0.0000000000
-21.00000000 -10.00000000 	0.0000000000
-21.00000000 -9.00000000 	0.0000000000
-21.00000000 -8.00000000 	0.0000000000
-21.00000000 -7.00000000 	0.0000000000
-21.00000000 -6.00000000 	0.0000000000
-21.00000000 -5.00000000 	0.0000000000
-21.00000000 -4.00000000 	0.0000000000
-21.00000000 -3.00000000 	0.0000000000
-21.00000000 -2.00000000 	0.0000000000
-21.00000000 -1.00000000 	0.0000000000
-21.00000000 0.00000000 	0.0000000000
-21.00000000 1.00000000 	0.0000000000
-21.00000000 2.00000000 	0.0000000000
-21.00000000 3.00000000 	0.0000000000
-21.00000000 4.00000000 	0.0000000000
-21.00000000 5.00000000 	0.0000000000
-21.00000000 6.00000000 	0.0000000000
-21.00000000 7.00000000 	0.0000000000
-21.00000000 8.00000000 	0.0000000000
-21.00000000 9.00000000 	0.0000000000
-21.00000000 10.00000000 	0.0000000000
-21.00000000 11.00000000 	0.0000000000
-21.00000000 12.00000000 	0.0000000000
-21.00000000 13.00000000 	0.0000000000
-21.00000000 14.00000000 	0.0000000000
-21.00000000 15.00000000 	0.0000000000
-21.00000000 16.00000000 	0.0000000000
-21.00000000 17.00000000 	0.0000000000
-21.00000000 18.00000000 	0.0000000000
-21.00000000 19.00000000 	0.0000000000
-21.00000000 20.00000000 	0.0000000000
-21.00000000 21.00000000 	0.0000000000
-21.00000000 22.00000000 	0.0000000000
-21.00000000 23.00000000 	0.0000000000
-21.00000000 24.00000000 	0.0000000000
-21.00000000 25.00000000 	0.0000000000
-20.00000000 -25.00000000 	0.0000000000
-20.00000000 -24.00000000 	0.0000000000
-20.00000000 -23.00000000 	0.0000000000
-20.00000000 -22.00000000 	0.0000000000
-20.00000000 -21.00000000 	0.0000000000
-20.00000000 -20.00000000 	0.0000000000
-20.00000000 -19.00000000 	0.0000000000
-20.00000000 -18.00000000 	0.0000000000
-20.00000000 -17.00000000 	0.0000000000
-20.00000000 -16.00000000 	0.0000000000
-20.00000000 -15.00000000 	0.0000000000
-20.00000000 -14.00000000 	0.0000000000
-20.00000000 -13.00000000 	0.0000000000
-20.00000000 -12.00000000 	0.0000000000
-20.00000000 -11.00000000 	0.0000000000
-20.00000000 -10.00000000 	0.0000000000
-20.00000000 -9.00000000 	0.0000000000
-20.00000000 -8.00000000 	0.0000000000
-20.00000000 -7.00000000 	0.0000000000
-20.00000000 -6.00000000 	0.0000000000
-20.00000000 -5.00000000 	0.0000000000
-20.00000000 -4.00000000 	0.0000000000
-20.00000000 -3.00000000 	0.0000000000
-20.00000000 -2.00000000 	0.0000000000
-20.00000000 -1.00000000 	0.0000000000
-20.00000000 0.00000000 	0.0000000000
-20.00000000 1.00000000 	0.0000000000
-20.00000000 2.00000000 	0.0000000000
-20.00000000 3.00000000 	0.0000000000
-20.00000000 4.00000000 	0.0000000000
-20.00000000 5.00000000 	0.0000000000
-20.00000000 6.00000000 	0.0000000000
-20.00000000 7.00000000 	0.0000000000
-20.00000000 8.00000000 	0.0000000000
-20.00000000 9.00000000 	0.0000000000
-20.00000000 10.00000000 	0.0000000000
-20.00000000 11.00000000 	0.0000000000
-20.00000000 12.00000000 	0.0000000000
-20.00000000 13.00000000 	0.0000000000
-20.00000000 14.00000000 	0.0000000000
-20.00000000 15.00000000 	0.0000000000
-20.00000000 16.00000000 	0.0000000000
-20.00000000 17.00000000 	0.0000000000
-20.00000000 18.00000000 	0.0000000000
-20.00000000 19.00000000 	0.0000000000
-20.00000000 20.00000000 	0.0000000000
-20.00000000 21.00000000 	0.0000000000
-20.00000000 22.00000000 	0.0000000000
-20.00000000 23.00000000 	0.0000000000
-20.00000000 24.00000000 	0.0000000000
-20.00000000 25.00000000 	0.0000000000
-19.00000000 -25.00000000 	0.0000000000
-19.00000000 -24.00000000 	0.0000000000
-19.00000000 -23.00000000 	0.0000000000
-19.00000000 -22.00000000 	0.0000000000
-19.00000000 -21.00000000 	0.0000000000
-19.00000000 -20.00000000 	0.0000000000
-19.00000000 -19.00000000 	0.0000000000
-19.00000000 -18.00000000 	0.0000000000
-19.00000000 -17.00000000 	0.0000000000
-19.00000000 -16.00000000 	0.0000000000
-19.00000000 -15.00000000 	0.0000000000
-19.00000000 -14.00000000 	0.0000000000
-19.00000000 -13.00000000 	0.0000000000
-19.00000000 -12.00000000 	0.0000000000
-19.00000000 -11.00000000 	0.0000000000
-19.00000000 -10.00000000 	0.0000000000
-19.00000000 -9.00000000 	0.0000000000
-19.00000000 -8.00000000 	0.0000000000
-19.00000000 -7.00000000 	0.0000000000
-19.00000000 -6.00000000 	0.0000000000
-19.00000000 -5.00000000 	0.0000000000
-19.00000000 -4.00000000 	0.0000000000
-19.00000000 -3.00000000 	0.0000000000
-19.00000000 -2.00000000 	0.0000000000
-19.00000000 -1.00000000 	0.0000000000
-19.00000000 0.00000000 	0.0000000000
-19.00000000 1.00000000 	0.0000000000
-19.00000000 2.00000000 	0.0000000000
-19.00000000 3.00000000 	0.0000000000
-19.00000000 4.00000000 	0.0000000000
-19.00000000 5.00000000 	0.0000000000
-19.00000000 6.00000000 	0.0000000000
-19.00000000 7.00000000 	0.0000000000
-19.00000000 8.00000000 	0.0000000000
-19.00000000 9.00000000 	0.0000000000
-19.00000000 10.00000000 	0.0000000000
-19.00000000 11.00000000 	0.0000000000
-19.00000000 12.00000000 	0.0000000000
-19.00000000 13.00000000 	0.0000000000
-19.00000000 14.00000000 	0.0000000000
-19.00000000 15.00000000 	0.0000000000
-19.00000000 16.00000000 	0.0000000000
-19.00000000 17.00000000 	0.0000000000
-19.00000000 18.00000000 	0.0000000000
-19.00000000 19.00000000 	0.0000000000
-19.00000000 20.00000000 	0.0000000000
-19.00000000 21.00000000 	0.0000000000
-19.00000000 22.00000000 	0.0000000000
-19.00000000 23.00000000 	0.0000000000
-19.00000000 24.00000000 	0.0000000000
-19.00000000 25.00000000 	0.0000000000
-18.00000000 -25.00000000 	0.0000000000
-18.00000000 -24.00000000 	0.0000000000
-18.00000000 -23.00000000 	0.0000000000
-18.00000000 -22.00000000 	0.0000000000
-18.00000000 -21.00000000 	0.0000000000
-18.00000000 -20.00000000 	0.0000000000
-18.00000000 -19.00000000 	0.0000000000
-18.00000000 -18.00000000 	0.0000000000
-18.00000000 -17.00000000 	0.0000000000
-18.00000000 -16.00000000 	0.0000000000
-18.00000000 -15.00000000 	0.0000000000
-18.00000000 -14.00000000 	0.0000000000
-18.00000000 -13.00000000 	0.0000000000
-18.00000000 -12.00000000 	0.0000000000
-18.00000000 -11.00000000 	0.0000000000
-18.00000000 -10.00000000 	0.0000000000
-18.00000000 -9.00000000 	0.0000000000
-18.00000000 -8.00000000 	0.0000000000
-18.00000000 -7.00000000 	0.0000000000
-18.00000000 -6.00000000 	0.0000000000
-18.00000000 -5.00000000 	0.0000000000
-18.00000000 -4.00000000 	0.0000000000
-18.00000000 -3.00000000 	0.0000000000
-18.00000000 -2.00000000 	0.0000000000
-18.00000000 -1.00000000 	0.0000000000
-18.00000000 0.00000000 	0.0000000000
-18.00000000 1.00000000 	0.0000000000
-18.00000000 2.00000000 	0.0000000000
-18.00000000 3.00000000 	0.0000000000
-18.00000000 4.00000000 	0.0000000000
-18.00000000 5.00000000 	0.0000000000
-18.00000000 6.00000000 	0.0000000000
-18.00000000 7.00000000 	0.0000000000
-18.00000000 8.00000000 	0.0000000000
-18.00000000 9.00000000 	0.0000000000
-18.00000000 10.00000000 	0.0000000000
-18.00000000 11.00000000 	0.0000000000
-18.00000000 12.00000000 	0.0000000000
-18.00000000 13.00000000 	0.0000000000
-18.00000000 14.00000000 	0.0000000000
-18.00000000 15.00000000 	0.0000000000
-18.00000000 16.00000000 	0.0000000000
-18.00000000 17.00000000 	0.0000000000
-18.00000000 18.00000000 	0.0000000000
-18.00000000 19.00000000 	0.0000000000
-18.00000000 20.00000000 	0.0000000000
-18.00000000 21.00000000 	0.0000000000
-18.00000000 22.00000000 	0.0000000000
-18.00000000 23.00000000 	0.0000000000
-18.00000000 24.00000000 	0.0000000000
-18.00000000 25.00000000 	0.0000000000
-17.00000000 -25.00000000 	0.0000000000
-17.00000000 -24.00000000 	0.0000000000
-17.00000000 -23.00000000 	0.0000000000
-17.00000000 -22.00000000 	0.0000000000
-17.00000000 -21.00000000 	0.0000000000
-17.00000000 -20.00000000 	0.0000000000
-17.00000000 -19.00000000 	0.0000000000
-17.00000000 -18.00000000 	0.0000000000
-17.00000000 -17.00000000 	0.0000000000
-17.00000000 -16.00000000 	0.0000000000
-17.00000000 -15.00000000 	0.0000000000
-17.00000000 -14.00000000 	0.0000000000
-17.00000000 -13.00000000 	0.0000000000
-17.00000000 -12.00000000 	0.0000000000
-17.00000000 -11.00000000 	0.0000000000
-17.00000000 -10.00000000 	0.0000000000
-17.00000000 -9.00000000 	0.0000000000
-17.00000000 -8.00000000 	0.0000000000
-17.00000000 -7.00000000 	0.0000000000
-17.00000000 -6.00000000 	0.0000000000
-17.00000000 -5.00000000 	0.0000000000
-17.00000000 -4.00000000 	0.0000000000
-17.00000000 -3.00000000 	0.0000000000
-17.00000000 -2.00000000 	0.0000000000
-17.00000000 -1.00000000 	0.0000000000
-17.00000000 0.00000000 	0.0000000000
-17.00000000 1.00000000 	0.0000000000
-17.00000000 2.00000000 	0.0000000000
-17.00000000 3.00000000 	0.0000000000
-17.00000000 4.00000000 	0.0000000000
-17.00000000 5.00000000 	0.0000000000
-17.00000000 6.00000000 	0.0000000000
-17.00000000 7.00000000 	0.0000000000
-17.00000000 8.00000000 	0.0000000000
-17.00000000 9.00000000 	0.0000000000
-17.00000000 10.00000000 	0.0000000000
-17.00000000 11.00000000 	0.0000000000
-17.00000000 12.00000000 	0.0000000000
-17.00000000 13.00000000 	0.0000000000
-17.00000000 14.00000000 	0.0000000000
-17.00000000 15.00000000 	0.0000000000
-17.00000000 16.00000000 	0.0000000000
-17.00000000 17.00000000 	0.0000000000
-17.00000000 18.00000000 	0.0000000000
-17.00000000 19.00000000 	0.0000000000
-17.00000000 20.00000000 	0.0000000000
-17.00000000 21.00000000 	0.0000000000
-17.00000000 22.00000000 	0.0000000000
-17.00000000 23.00000000 	0.0000000000
-17.00000000 24.00000000 	0.0000000000
-17.00000000 25.00000000 	0.0000000000
-16.00000000 -25.00000000 	0.0000000000
-16.00000000 -24.00000000 	0.0000000000
-16.00000000 -23.00000000 	0.0000000000
-16.00000000 -22.00000000 	0.0000000000
-16.00000000 -21.00000000 	0.0000000000
-16.00000000 -20.00000000 	0.0000000000
-16.00000000 -19.00000000 	0.0000000000
-16.00000000 -18.00000000 	0.0000000000
-16.00000000 -17.00000000 	0.0000000000
-16.00000000 -16.00000000 	0.0000000000
-16.00000000 -15.00000000 	0.0000000000
-16.00000000 -14.00000000 	0.0000000000
-16.00000000 -13.00000000 	0.0000000000
-16.00000000 -12.00000000 	0.0000000000
-16.00000000 -11.00000000 	0.0000000000
-16.00000000 -10.00000000 	0.0000000000
-16.00000000 -9.00000000 	0.0000000000
-16.00000000 -8.00000000 	0.0000000000
-16.00000000 -7.00000000 	0.0000000000
-16.00000000 -6.00000000 	0.0000000000
-16.00000000 -5.00000000 	0.0000000000
-16.00000000 -4.00000000 	0.0000000000
-16.00000000 -3.00000000 	0.0000000000
-16.00000000 -2.00000000 	0.0000000000
-16.00000000 -1.00000000 	0.0000000000
-16.00000000 0.00000000 	0.0000000000
-16.00000000 1.00000000 	0.0000000000
-16.00000000 2.00000000 	0.0000000000
-16.00000000 3.00000000 	0.0000000000
-16.00000000 4.00000000 	0.0000000000
-16.00000000 5.00000000 	0.0000000000
-16.00000000 6.00000000 	0.0000000000
-16.00000000 7.00000000 	0.0000000000
-16.00000000 8.00000000 	0.0000000000
-16.00000000 9.00000000 	0.0000000000
-16.00000000 10.00000000 	0.0000000000
-16.00000000 11.00000000 	0.0000000000
-16.00000000 12.00000000 	0.0000000000
-16.00000000 13.00000000 	0.0000000000
-16.00000000 14.00000000 	0.0000000000
-16.00000000 15.00000000 	0.0000000000
-16.00000000 16.00000000 	0.0000000000
-16.00000000 17.00000000 	0.0000000000
-16.00000000 18.00000000 	0.0000000000
-16.00000000 19.00000000 	0.0000000000
-16.00000000 20.00000000 	0.0000000000
-16.00000000 21.00000000 	0.0000000000
-16.00000000 22.00000000 	0.0000000000
-16.00000000 23.00000000 	0.0000000000
-16.00000000 24.00000000 	0.0000000000
-16.00000000 25.00000000 	0.0000000000
-15.00000000 -25.00000000 	0.0000000000
-15.00000000 -24.00000000 	0.0000000000
-15.00000000 -23.00000000 	0.0000000000
-15.00000000 -22.00000000 	0.0000000000
-15.00000000 -21.00000000 	0.0000000000
-15.00000000 -20.00000000 	0.0000000000
-15.00000000 -19.00000000 	0.0000000000
-15.00000000 -18.00000000 	0.0000000000
-15.00000000 -17.00000000 	0.0000000000
-15.00000000 -16.00000000 	0.0000000000
-15.00000000 -15.00000000 	0.0000000000
-15.00000000 -14.00000000 	0.0000000000
-15.00000000 -13.00000000 	0.0000000000
-15.00000000 -12.00000000 	0.0000000000
-15.00000000 -11.00000000 	0.0000000000
-15.00000000 -10.00000000 	0.0000000000
-15.00000000 -9.00000000 	0.0000000000
-15.00000000 -8.00000000 	0.0000000000
-15.00000000 -7.00000000 	0.0000000000
-15.00000000 -6.00000000 	0.0000000000
-15.00000000 -5.00000000 	0.0000000000
-15.00000000 -4.00000000 	0.0000000000
-15.00000000 -3.00000000 	0.0000000000
-15.00000000 -2.00000000 	0.0000000000
-15.00000000 -1.00000000 	0.0000000000
-15.00000000 0.00000000 	0.0000000000
-15.00000000 1.00000000 	0.0000000000
-15.00000000 2.00000000 	0.0000000000
-15.00000000 3.00000000 	0.0000000000
-15.00000000 4.00000000 	0.0000000000
-15.00000000 5.00000000 	0.0000000000
-15.00000000 6.00000000 	0.0000000000
-15.00000000 7.00000000 	0.0000000000
-15.00000000 8.00000000 	0.0000000000
-15.00000000 9.00000000 	0.0000000000
-15.00000000 10.00000000 	0.0000000000
-15.00000000 11.00000000 	0.0000000000
-15.00000000 12.00000000 	0.0000000000
-15.00000000 13.00000000 	0.0000000000
-15.00000000 14.00000000 	0.0000000000
-15.00000000 15.00000000 	0.0000000000
-15.00000000 16.00000000 	0.0000000000
-15.00000000 17.00000000 	0.0000000000
-15.00000000 18.00000000 	0.0000000000
-15.00000000 19.00000000 	0.0000000000
-15.00000000 20.00000000 	0.0000000000
-15.00000000 21.00000000 	0.0000000000
-15.00000000 22.00000000 	0.0000000000
-15.00000000 23.00000000 	0.0000000000
-15.00000000 24.00000000 	0.0000000000
-15.00000000 25.00000000 	0.0000000000
-14.00000000 -25.00000000 	0.0000000000
-14.00000000 -24.00000000 	0.0000000000
-14.00000000 -23.00000000 	0.0000000000
-14.00000000 -22.00000000 	0.0000000000
-14.00000000 -21.00000000 	0.0000000000
-14.00000000 -20.00000000 	0.0000000000
-14.00000000 -19.00000000 	0.0000000000
-14.00000000 -18.00000000 	0.0000000000
-14.00000000 -17.00000000 	0.0000000000
-14.00000000 -16.00000000 	0.0000000000
-14.00000000 -15.00000000 	0.0000000000
-14.00000000 -14.00000000 	0.0000000000
-14.00000000 -13.00000000 	0.0000000000
-14.00000000 -12.00000000 	0.0000000000
-14.00000000 -11.00000000 	0.0000000000
-14.00000000 -10.00000000 	0.0000000000
-14.00000000 -9.00000000 	0.0000000000
-14.00000000 -8.00000000 	0.0000000000
-14.00000000 -7.00000000 	0.0000000000
-14.00000000 -6.00000000 	0.0000000000
-14.00000000 -5.00000000 	0.0000000000
-14.00000000 -4.00000000 	0.0000000000
-14.00000000 -3.00000000 	0.0000000000
-14.00000000 -2.00000000 	0.0000000000
-14.00000000 -1.00000000 	0.0000000000
-14.00000000 0.00000000 	0.0000000000
-14.00000000 1.00000000 	0.0000000000
-14.00000000 2.00000000 	0.0000000000
-14.00000000 3.00000000 	0.0000000000
-14.00000000 4.00000000 	0.0000000000
-14.00000000 5.00000000 	0.0000000000
-14.00000000 6.00000000 	0.0000000000
-14.00000000 7.00000000 	0.0000000000
-14.00000000 8.00000000 	0.0000000000
-14.00000000 9.00000000 	0.0000000000
-14.00000000 10.00000000 	0.0000000000
-14.00000000 11.00000000 	0.0000000000
-14.00000000 12.00000000 	0.0000000000
-14.00000000 13.00000000 	0.0000000000
-14.00000000 14.00000000 	0.0000000000
-14.00000000 15.00000000 	0.0000000000
-14.00000000 16.00000000 	0.0000000000
-14.00000000 17.00000000 	0.0000000000
-14.00000000 18.00000000 	0.0000000000
-14.00000000 19.00000000 	0.0000000000
-14.00000000 20.00000000 	0.0000000000
-14.00000000 21.00000000 	0.0000000000
-14.00000000 22.00000000 	0.0000000000
-14.00000000 23.00000000 	0.0000000000
-14.00000000 24.00000000 	0.0000000000
-14.00000000 25.00000000 	0.0000000000
-13.00000000 -25.00000000 	0.0000000000
-13.00000000 -24.00000000 	0.0000000000
-13.00000000 -23.00000000 	0.0000000000
-13.00000000 -22.00000000 	0.0000000000
-13.00000000 -21.00000000 	0.0000000000
-13.00000000 -20.00000000 	0.0000000000
-13.00000000 -19.00000000 	0.0000000000
-13.00000000 -18.00000000 	0.0000000000
-13.00000000 -17.00000000 	0.0000000000
-13.00000000 -16.00000000 	0.0000000000
-13.00000000 -15.00000000 	0.0000000000
-13.00000000 -14.00000000 	0.0000000000
-13.00000000 -13.00000000 	0.0000000000
-13.00000000 -12.00000000 	0.0000000000
-13.00000000 -11.00000000 	0.0000000000
-13.00000000 -10.00000000 	0.0000000000
-13.00000000 -9.00000000 	0.0000000000
-13.00000000 -8.00000000 	0.0000000000
-13.00000000 -7.00000000 	0.0000000000
-13.00000000 -6.00000000 	0.0000000000
-13.00000000 -5.00000000 	0.0000000000
-13.00000000 -4.00000000 	0.0000000000
-13.00000000 -3.00000000 	0.0000000000
-13.00000000 -2.00000000 	0.0000000000
-13.00000000 -1.00000000 	0.0000000000
-13.00000000 0.00000000 	0.0000000000
-13.00000000 1.00000000 	0.0000000000
-13.00000000 2.00000000 	0.0000000000
-13.00000000 3.00000000 	0.0000000000
-13.00000000 4.00000000 	0.0000000000
-13.00000000 5.00000000 	0.0000000000
-13.00000000 6.00000000 	0.0000000000
-13.00000000 7.00000000 	0.0000000000
-13.00000000 8.00000000 	0.0000000000
-13.00000000 9.00000000 	0.0000000000
-13.00000000 10.00000000 	0.0000000000
-13.00000000 11.00000000 	0.0000000000
-13.00000000 12.00000000 	0.0000000000
-13.00000000 13.00000000 	0.0000000000
-13.00000000 14.00000000 	0.0000000000
-13.00000000 15.00000000 	0.0000000000
-13.00000000 16.00000000 	0.0000000000
-13.00000000 17.00000000 	0.0000000000
-13.00000000 18.00000000 	0.0000000000
-13.00000000 19.00000000 	0.0000000000
-13.00000000 20.00000000 	0.0000000000
-13.00000000 21.00000000 	0.0000000000
-13.00000000 22.00000000 	0.0000000000
-13.00000000 23.00000000 	0.0000000000
-13.00000000 24.00000000 	0.0000000000
-13.00000000 25.00000000 	0.0000000000
-12.00000000 -25.00000000 	0.0000000000
-12.00000000 -24.00000000 	0.0000000000
-12.00000000 -23.00000000 	0.0000000000
-12.00000000 -22.00000000 	0.0000000000
-12.00000000 -21.00000000 	0.0000000000
-12.00000000 -20.00000000 	0.0000000000
-12.00000000 -19.00000000 	0.0000000000
-12.00000000 -18.00000000 	0.0000000000
-12.00000000 -17.00000000 	0.0000000000
-12.00000000 -16.00000000 	0.0000000000
-12.00000000 -15.00000000 	0.0000000000
-12.00000000 -14.00000000 	0.0000000000
-12.00000000 -13.00000000 	0.0000000000
-12.00000000 -12.00000000 	0.0000000000
-12.00000000 -11.00000000 	0.0000000000
-12.00000000 -10.00000000 	0.0000000000
-12.00000000 -9.00000000 	0.0000000000
-12.00000000 -8.00000000 	0.0000000000
-12.00000000 -7.00000000 	0.0000000000
-12.00000000 -6.00000000 	0.0000000000
-12.00000000 -5.00000000 	0.0000000000
-12.00000000 -4.00000000 	0.0000000000
-12.00000000 -3.00000000 	0.0000000000
-12.00000000 -2.00000000 	0.0000000000
-12.00000000 -1.00000000 	0.0000000000
-12.00000000 0.00000000 	0.0000000000
-12.00000000 1.00000000 	0.0000000000
-12.00000000 2.00000000 	0.0000000000
-12.00000000 3.00000000 	0.0000000000
-12.00000000 4.00000000 	0.0000000000
-12.00000000 5.00000000 	0.0000000000
-12.00000000 6.00000000 	0.0000000000
-12.00000000 7.00000000 	0.0000000000
-12.00000000 8.00000000 	0.0000000000
-12.00000000 9.00000000 	0.0000000000
-12.00000000 10.00000000 	0.0000000000
-12.00000000 11.00000000 	0.0000000000
-12.00000000 12.00000000 	0.0000000000
-12.00000000 13.00000000 	0.0000000000
-12.00000000 14.00000000 	0.0000000000
-12.00000000 15.00000000 	0.0000000000
-12.00000000 16.00000000 	0.0000000000
-12.00000000 17.00000000 	0.0000000000
-12.00000000 18.00000000 	0.0000000000
-12.00000000 19.00000000 	0.0000000000
-12.00000000 20.00000000 	0.0000000000
-12.00000000 21.00000000 	0.0000000000
-12.00000000 22.00000000 	0.0000000000
-12.00000000 23.00000000 	0.0000000000
-12.00000000 24.00000000 	0.0000000000
-12.00000000 25.00000000 	0.0000000000
-11.00000000 -25.00000000 	0.0000000000
-11.00000000 -24.00000000 	0.0000000000
-11.00000000 -23.00000000 	0.0000000000
-11.00000000 -22.00000000 	0.0000000000
-11.00000000 -21.00000000 	0.0000000000
-11.00000000 -20.00000000 	0.0000000000
-11.00000000 -19.00000000 	0.0000000000
-11.00000000 -18.00000000 	0.0000000000
-11.00000000 -17.00000000 	0.0000000000
-11.00000000 -16.00000000 	0.0000000000
-11.00000000 -15.00000000 	0.0000000000
-11.00000000 -14.00000000 	0.0000000000
-11.00000000 -13.00000000 	0.0000000000
-11.00000000 -12.00000000 	0.0000000000
-11.00000000 -11.00000000 	0.0000000000
-11.00000000 -10.00000000 	0.0000000000
-11.00000000 -9.00000000 	0.0000000000
-11.00000000 -8.00000000 	0.0000000000
-11.00000000 -7.00000000 	0.0000000000
-11.00000000 -6.00000000 	0.0000000000
-11.00000000 -5.00000000 	0.0000000000
-11.00000000 -4.00000000 	0.0000000000
-11.00000000 -3.00000000 	0.0000000000
-11.00000000 -2.00000000 	0.0000000000
-11.00000000 -1.00000000 	0.0000000000
-11.00000000 0.00000000 	0.0000000000
-11.00000000 1.00000000 	0.0000000000
-11.00000000 2.00000000 	0.0000000000
-11.00000000 3.00000000 	0.0000000000
-11.00000000 4.00000000 	0.0000000000
-11.00000000 5.00000000 	0.0000000000
-11.00000000 6.00000000 	0.0000000000
-11.00000000 7.00000000 	0.0000000000
-11.00000000 8.00000000 	0.0000000000
-11.00000000 9.00000000 	0.0000000000
-11.00000000 10.00000000 	0.0000000000
-11.00000000 11.00000000 	0.0000000000
-11.00000000 12.00000000 	0.0000000000
-11.00000000 13.00000000 	0.0000000000
-11.00000000 14.00000000 	0.0000000000
-11.00000000 15.00000000 	0.0000000000
-11.00000000 16.00000000 	0.0000000000
-11.00000000 17.00000000 	0.0000000000
-11.00000000 18.00000000 	0.0000000000
-11.00000000 19.00000000 	0.0000000000
-11.00000000 20.00000000 	0.0000000000
-11.00000000 21.00000000 	0.0000000000
-11.00000000 22.00000000 	0.0000000000
-11.00000000 23.00000000 	0.0000000000
-11.00000000 24.00000000 	0.0000000000
-11.00000000 25.00000000 	0.0000000000
-10.00000000 -25.00000000 	0.0000000000
-10.00000000 -24.00000000 	0.0000000000
-10.00000000 -23.00000000 	0.0000000000
-10.00000000 -22.00000000 	0.0000000000
-10.00000000 -21.00000000 	0.0000000000
-10.00000000 -20.00000000 	0.0000000000
-10.00000000 -19.00000000 	0.0000000000
-10.00000000 -18.00000000 	0.0000000000
-10.00000000 -17.00000000 	0.0000000000
-10.00000000 -16.00000000 	0.0000000000
-10.00000000 -15.00000000 	0.0000000000
-10.00000000 -14.00000000 	0.0000000000
-10.00000000 -13.00000000 	0.0000000000
-10.00000000 -12.00000000 	0.0000000000
-10.00000000 -11.00000000 	0.0000000000
-10.00000000 -10.00000000 	0.0000000000
-10.00000000 -9.00000000 	0.0000000000
-10.00000000 -8.00000000 	0.0000000000
-10.00000000 -7.00000000 	0.0000000000
-10.00000000 -6.00000000 	0.0000000000
-10.00000000 -5.00000000 	0.0000000000
-10.00000000 -4.00000000 	0.0000000000
-10.00000000 -3.00000000 	0.0000000000
-10.00000000 -2.00000000 	0.0000000000
-10.00000000 -1.00000000 	0.0000000000
-10.00000000 0.00000000 	0.0000000000
-10.00000000 1.00000000 	0.0000000000
-10.00000000 2.00000000 	0.0000000000
-10.00000000 3.00000000 	0.0000000000
-10.00000000 4.00000000 	0.0000000000
-10.00000000 5.00000000 	0.0000000000
-10.00000000 6.00000000 	0.0000000000
-10.00000000 7.00000000 	0.0000000000
-10.00000000 8.00000000 	0.0000000000
-10.00000000 9.00000000 	0.0000000000
-10.00000000 10.00000000 	0.0000000000
-10.00000000 11.00000000 	0.0000000000
-10.00000000 12.00000000 	0.0000000000
-10.00000000 13.00000000 	0.0000000000
-10.00000000 14.00000000 	0.0000000000
-10.00000000 15.00000000 	0.0000000000
-10.00000000 16.00000000 	0.0000000000
-10.00000000 17.00000000 	0.0000000000
-10.00000000 18.00000000 	0.0000000000
-10.00000000 19.00000000 	0.0000000000
-10.00000000 20.00000000 	0.0000000000
-10.00000000 21.00000000 	0.0000000000
-10.00000000 22.00000000 	0.0000000000
-10.00000000 23.00000000 	0.0000000000
-10.00000000 24.00000000 	0.0000000000
-10.00000000 25.00000000 	0.0000000000
-9.00000000 -25.00000000 	0.0000000000
-9.00000000 -24.00000000 	0.0000000000
-9.00000000 -23.00000000 	0.0000000000
-9.00000000 -22.00000000 	0.0000000000
-9.00000000 -21.00000000 	0.0000000000
-9.00000000 -20.00000000 	0.0000000000
-9.00000000 -19.00000000 	0.0000000000
-9.00000000 -18.00000000 	0.0000000000
-9.00000000 -17.00000000 	0.0000000000
-9.00000000 -16.00000000 	0.0000000000
-9.00000000 -15.00000000 	0.0000000000
-9.00000000 -14.00000000 	0.0000000000
-9.00000000 -13.00000000 	0.0000000000
-9.00000000 -12.00000000 	0.0000000000
-9.00000000 -11.00000000 	0.0000000000
-9.00000000 -10.00000000 	0.0000000000
-9.00000000 -9.00000000 	0.0000000000
-9.00000000 -8.00000000 	0.0000000000
-9.00000000 -7.00000000 	0.0000000000
-9.00000000 -6.00000000 	0.0000000000
-9.00000000 -5.00000000 	0.0000000000
-9.00000000 -4.00000000 	0.0000000000
-9.00000000 -3.00000000 	0.0000000000
-9.00000000 -2.00000000 	0.0000000000
-9.00000000 -1.00000000 	0.0000000000
-9.00000000 0.00000000 	0.0000000000
-9.00000000 1.00000000 	0.0000000000
-9.00000000 2.00000000 	0.0000000000
-9.00000000 3.00000000 	0.0000000000
-9.00000000 4.00000000 	0.0000000000
-9.00000000 5.00000000 	0.0000000000
-9.00000000 6.00000000 	0.0000000000
-9.00000000 7.00000000 	0.0000000000
-9.00000000 8.00000000 	0.0000000000
-9.00000000 9.00000000 	0.0000000000
-9.00000000 10.00000000 	0.0000000000
-9.00000000 11.00000000 	0.0000000000
-9.00000000 12.00000000 	0.0000000000
-9.00000000 13.00000000 	0.0000000000
-9.00000000 14.00000000 	0.0000000000
-9.00000000 15.00000000 	0.0000000000
-9.00000000 16.00000000 	0.0000000000
-9.00000000 17.00000000 	0.0000000000
-9.00000000 18.00000000 	0.0000000000
-9.00000000 19.00000000 	0.0000000000
-9.00000000 20.00000000 	0.0000000000
-9.00000000 21.00000000 	0.0000000000
-9.00000000 22.00000000 	0.0000000000
-9.00000000 23.00000000 	0.0000000000
-9.00000000 24.00000000 	0.0000000000
-9.00000000 25.00000000 	0.0000000000
-8.00000000 -25.00000000 	0.0000000000
-8.00000000 -24.00000000 	0.0000000000
-8.00000000 -23.00000000 	0.0000000000
-8.00000000 -22.00000000 	0.0000000000
-8.00000000 -21.00000000 	0.0000000000
-8.00000000 -20.00000000 	0.0000000000
-8.00000000 -19.00000000 	0.0000000000
-8.00000000 -18.00000000 	0.0000000000
-8.00000000 -17.00000000 	0.0000000000
-8.00000000 -16.00000000 	0.0000000000
-8.00000000 -15.00000000 	0.0000000000
-8.00000000 -14.00000000 	0.0000000000
-8.00000000 -13.00000000 	0.0000000000
-8.00000000 -12.00000000 	0.0000000000
-8.00000000 -11.00000000 	0.0000000000
-8.00000000 -10.00000000 	0.0000000000
-8.00000000 -9.00000000 	0.0000000000
-8.00000000 -8.00000000 	0.0000000000
-8.00000000 -7.00000000 	0.0000000000
-8.00000000 -6.00000000 	0.0000000000
-8.00000000 -5.00000000 	0.0000000000
-8.00000000 -4.00000000 	0.0000000000
-8.00000000 -3.00000000 	0.0000000000
-8.00000000 -2.00000000 	0.0000000000
-8.00000000 -1.00000000 	0.0000000000
-8.00000000 0.00000000 	0.0000000000
-8.00000000 1.00000000 	0.0000000000
-8.00000000 2.00000000 	0.0000000000
-8.00000000 3.00000000 	0.0000000000
-8.00000000 4.00000000 	0.0000000000
-8.00000000 5.00000000 	0.0000000000
-8.00000000 6.00000000 	0.0000000000
-8.00000000 7.00000000 	0.0000000000
-8.00000000 8.00000000 	0.0000000000
-8.00000000 9.00000000 	0.0000000000
-8.00000000 10.00000000 	0.0000000000
-8.00000000 11.00000000 	0.0000000000
-8.00000000 12.00000000 	0.0000000000
-8.00000000 13.00000000 	0.0000000000
-8.00000000 14.00000000 	0.0000000000
-8.00000000 15.00000000 	0.0000000000
-8.00000000 16.00000000 	0.0000000000
-8.00000000 17.00000000 	0.0000000000
-8.00000000 18.00000000 	0.0000000000
-8.00000000 19.00000000 	0.0000000000
-8.00000000 20.00000000 	0.0000000000
-8.00000000 21.00000000 	0.0000000000
-8.00000000 22.00000000 	0.0000000000
-8.00000000 23.00000000 	0.0000000000
-8.00000000 24.00000000 	0.0000000000
-8.00000000 25.00000000 	0.0000000000
-7.00000000 -25.00000000 	0.0000000000
-7.00000000 -24.00000000 	0.0000000000
-7.00000000 -23.00000000 	0.0000000000
-7.00000000 -22.00000000 	0.0000000000
-7.00000000 -21.00000000 	0.0000000000
-7.00000000 -20.00000000 	0.0000000000
-7.00000000 -19.00000000 	0.0000000000
-7.00000000 -18.00000000 	0.0000000000
-7.00000000 -17.00000000 	0.0000000000
-7.00000000 -16.00000000 	0.0000000000
-7.00000000 -15.00000000 	0.0000000000
-7.00000000 -14.00000000 	0.0000000000
-7.00000000 -13.00000000 	0.0000000000
-7.00000000 -12.00000000 	0.0000000000
-7.00000000 -11.00000000 	0.0000000000
-7.00000000 -10.00000000 	0.0000000000
-7.00000000 -9.00000000 	0.0000000000
-7.00000000 -8.00000000 	0.0000000000
-7.00000000 -7.00000000 	0.0000000000
-7.00000000 -6.00000000 	0.0000000000
-7.00000000 -5.00000000 	0.0000000000
-7.00000000 -4.00000000 	0.0000000000
-7.00000000 -3.00000000 	0.0000000000
-7.00000000 -2.00000000 	0.0000000000
-7.00000000 -1.00000000 	0.0000000000
-7.00000000 0.00000000 	0.0000000000
-7.00000000 1.00000000 	0.0000000000
-7.00000000 2.00000000 	0.0000000000
-7.00000000 3.00000000 	0.0000000000
-7.00000000 4.00000000 	0.0000000000
-7.00000000 5.00000000 	0.0000000000
-7.00000000 6.00000000 	0.0000000000
-7.00000000 7.00000000 	0.0000000000
-7.00000000 8.00000000 	0.0000000000
-7.00000000 9.00000000 	0.0000000000
-7.00000000 10.00000000 	0.0000000000
-7.00000000 11.00000000 	0.0000000000
-7.00000000 12.00000000 	0.0000000000
-7.00000000 13.00000000 	0.0000000000
-7.00000000 14.00000000 	0.0000000000
-7.00000000 15.00000000 	0.0000000000
-7.00000000 16.00000000 	0.0000000000
-7.00000000 17.00000000 	0.0000000000
-7.00000000 18.00000000 	0.0000000000
-7.00000000 19.00000000 	0.0000000000
-7.00000000 20.00000000 	0.0000000000
-7.00000000 21.00000000 	0.0000000000
-7.00000000 22.00000000 	0.0000000000
-7.00000000 23.00000000 	0.0000000000
-7.00000000 24.00000000 	0.0000000000
-7.00000000 25.00000000 	0.0000000000
-6.00000000 -25.00000000 	0.0000000000
-6.00000000 -24.00000000 	0.0000000000
-6.00000000 -23.00000000 	0.0000000000
-6.00000000 -22.00000000 	0.0000000000
-6.00000000 -21.00000000 	0.0000000000
-6.00000000 -20.00000000 	0.0000000000
-6.00000000 -19.00000000 	0.0000000000
-6.00000000 -18.00000000 	0.0000000000
-6.00000000 -17.00000000 	0.0000000000
-6.00000000 -16.00000000 	0.0000000000
-6.00000000 -15.00000000 	0.0000000000
-6.00000000 -14.00000000 	0.0000000000
-6.00000000 -13.00000000 	0.0000000000
-6.00000000 -12.00000000 	0.0000000000
-6.00000000 -11.00000000 	0.0000000000
-6.00000000 -10.00000000 	0.0000000000
-6.00000000 -9.00000000 	0.0000000000
-6.00000000 -8.00000000 	0.0000000000
-6.00000000 -7.00000000 	0.0000000000
-6.00000000 -6.00000000 	0.0000000000
-6.00000000 -5.00000000 	0.0000000000
-6.00000000 -4.00000000 	0.0000000000
-6.00000000 -3.00000000 	0.0000000000
-6.00000000 -2.00000000 	0.0000000000
-6.00000000 -1.00000000 	0.0000000000
-6.00000000 0.00000000 	0.0000000000
-6.00000000 1.00000000 	0.0000000000
-6.00000000 2.00000000 	0.0000000000
-6.00000000 3.00000000 	0.0000000000
-6.00000000 4.00000000 	0.0000000000
-6.00000000 5.00000000 	0.0000000000
-6.00000000 6.00000000 	0.0000000000
-6.00000000 7.00000000 	0.0000000000
-6.00000000 8.00000000 	0.0000000000
-6.00000000 9.00000000 	0.0000000000
-6.00000000 10.00000000 	0.0000000000
-6.00000000 11.00000000 	0.0000000000
-6.00000000 12.00000000 	0.0000000000
-6.00000000 13.00000000 	0.0000000000
-6.00000000 14.00000000 	0.0000000000
-6.00000000 15.00000000 	0.0000000000
-6.00000000 16.00000000 	0.0000000000
-6.00000000 17.00000000 	0.0000000000
-6.00000000 18.00000000 	0.0000000000
-6.00000000 19.00000000 	0.0000000000
-6.00000000 20.00000000 	0.0000000000
-6.00000000 21.00000000 	0.0000000000
-6.00000000 22.00000000 	0.0000000000
-6.00000000 23.00000000 	0.0000000000
-6.00000000 24.00000000 	0.0000000000
-6.00000000 25.00000000 	0.0000000000
-5.00000000 -25.00000000 	0.0000000000
-5.00000000 -24.00000000 	0.0000000000
-5.00000000 -23.00000000 	0.0000000000
-5.00000000 -22.00000000 	0.0000000000
-5.00000000 -21.00000000 	0.0000000000
-5.00000000 -20.00000000 	0.0000000000
-5.00000000 -19.00000000 	0.0000000000
-5.00000000 -18.00000000 	0.0000000000
-5.00000000 -17.00000000 	0.0000000000
-5.00000000 -16.00000000 	0.0000000000
-5.00000000 -15.00000000 	0.0000000000
-5.00000000 -14.00000000 	0.0000000000
-5.00000000 -13.00000000 	0.0000000000
-5.00000000 -12.00000000 	0.0000000000
-5.00000000 -11.00000000 	0.0000000000
-5.00000000 -10.00000000 	0.0000000000
-5.00000000 -9.00000000 	0.0000000000
-5.00000000 -8.00000000 	0.0000000000
-5.00000000 -7.00000000 	0.0000000000
-5.00000000 -6.00000000 	0.0000000000
-5.00000000 -5.00000000 	0.0000000000
-5.00000000 -4.00000000 	0.0000000000
-5.00000000 -3.00000000 	0.0000000000
-5.00000000 -2.00000000 	0.0000000000
-5.00000000 -1.00000000 	0.0000000000
-5.00000000 0.00000000 	0.0000000000
-5.00000000 1.00000000 	0.0000000000
-5.00000000 2.00000000 	0.0000000000
-5.00000000 3.00000000 	0.0000000000
-5.00000000 4.00000000 	0.0000000000
-5.00000000 5.00000000 	0.0000000000
-5.00000000 6.00000000 	0.0000000000
-5.00000000 7.00000000 	0.0000000000
-5.00000000 8.00000000 	0.0000000000
-5.00000000 9.00000000 	0.0000000000
-5.00000000 10.00000000 	0.0000000000
-5.00000000 11.00000000 	0.0000000000
-5.00000000 12.00000000 	0.0000000000
-5.00000000 13.00000000 	0.0000000000
-5.00000000 14.00000000 	0.0000000000
-5.00000000 15.00000000 	0.0000000000
-5.00000000 16.00000000 	0.0000000000
-5.00000000 17.00000000 	0.0000000000
-5.00000000 18.00000000 	0.0000000000
-5.00000000 19.00000000 	0.0000000000
-5.00000000 20.00000000 	0.0000000000
-5.00000000 21.00000000 	0.0000000000
-5.00000000 22.00000000 	0.0000000000
-5.00000000 23.00000000 	0.0000000000
-5.00000000 24.00000000 	0.0000000000
-5.00000000 25.00000000 	0.0000000000
-4.00000000 -25.00000000 	0.0000000000
-4.00000000 -24.00000000 	0.0000000000
-4.00000000 -23.00000000 	0.0000000000
-4.00000000 -22.00000000 	0.0000000000
-4.00000000 -21.00000000 	0.0000000000
-4.00000000 -20.00000000 	0.0000000000
-4.00000000 -19.00000000 	0.0000000000
-4.00000000 -18.00000000 	0.0000000000
-4.00000000 -17.00000000 	0.0000000000
-4.00000000 -16.00000000 	0.0000000000
-4.00000000 -15.00000000 	0.0000000000
-4.00000000 -14.00000000 	0.0000000000
-4.00000000 -13.00000000 	0.0000000000
-4.00000000 -12.00000000 	0.0000000000
-4.00000000 -11.00000000 	0.0000000000
-4.00000000 -10.00000000 	0.0000000000
-4.00000000 -9.00000000 	0.0000000000
-4.00000000 -8.00000000 	0.0000000000
-4.00000000 -7.00000000 	0.0000000000
-4.00000000 -6.00000000 	0.0000000000
-4.00000000 -5.00000000 	0.0000000000
-4.00000000 -4.00000000 	0.0000000000
-4.00000000 -3.00000000 	0.0000000000
-4.00000000 -2.00000000 	0.0000000000
-4.00000000 -1.00000000 	0.0000000000
-4.00000000 0.00000000 	0.0000000000
-4.00000000 1.00000000 	0.0000000000
-4.00000000 2.00000000 	0.0000000000
-4.00000000 3.00000000 	0.0000000000
-4.00000000 4.00000000 	0.0000000000
-4.00000000 5.00000000 	0.0000000000
-4.00000000 6.00000000 	0.0000000000
-4.00000000 7.00000000 	0.0000000000
-4.00000000 8.00000000 	0.0000000000
-4.00000000 9.00000000 	0.0000000000
-4.00000000 10.00000000 	0.0000000000
-4.00000000 11.00000000 	0.0000000000
-4.00000000 12.00000000 	0.0000000000
-4.00000000 13.00000000 	0.0000000000
-4.00000000 14.00000000 	0.0000000000
-4.00000000 15.00000000 	0.0000000000
-4.00000000 16.00000000 	0.0000000000
-4.00000000 17.00000000 	0.0000000000
-4.00000000 18.00000000 	0.0000000000
-4.00000000 19.00000000 	0.0000000000
-4.00000000 20.00000000 	0.0000000000
-4.00000000 21.00000000 	0.0000000000
-4.00000000 22.00000000 	0.0000000000
-4.00000000 23.00000000 	0.0000000000
-4.00000000 24.00000000 	0.0000000000
-4.00000000 25.00000000 	0.0000000000
-3.00000000 -25.00000000 	0.0000000000
-3.00000000 -24.00000000 	0.0000000000
-3.00000000 -23.00000000 	0.0000000000
-3.00000000 -22.00000000 	0.0000000000
-3.00000000 -21.00000000 	0.0000000000
-3.00000000 -20.00000000 	0.0000000000
-3.00000000 -19.00000000 	0.0000000000
-3.00000000 -18.00000000 	0.0000000000
-3.00000000 -17.00000000 	0.0000000000
-3.00000000 -16.00000000 	0.0000000000
-3.00000000 -15.00000000 	0.0000000000
-3.00000000 -14.00000000 	0.0000000000
-3.00000000 -13.00000000 	0.0000000000
-3.00000000 -12.00000000 	0.0000000000
-3.00000000 -11.00000000 	0.0000000000
-3.00000000 -10.00000000 	0.0000000000
-3.00000000 -9.00000000 	0.0000000000
-3.00000000 -8.00000000 	0.0000000000
-3.00000000 -7.00000000 	0.0000000000
-3.00000000 -6.00000000 	0.0000000000
-3.00000000 -5.00000000 	0.0000000000
-3.00000000 -4.00000000 	0.0000000000
-3.00000000 -3.00000000 	0.0000000000
-3.00000000 -2.00000000 	0.0000000000
-3.00000000 -1.00000000 	0.0000000000
-3.00000000 0.00000000 	0.0000000000
-3.00000000 1.00000000 	0.0000000000
-3.00000000 2.00000000 	0.0000000000
-3.00000000 3.00000000 	0.0000000000
-3.00000000 4.00000000 	0.0000000000
-3.00000000 5.00000000 	0.0000000000
-3.00000000 6.00000000 	0.0000000000
-3.00000000 7.00000000 	0.0000000000
-3.00000000 8.00000000 	0.0000000000
-3.00000000 9.00000000 	0.0000000000
-3.00000000 10.00000000 	0.0000000000
-3.00000000 11.00000000 	0.0000000000
-3.00000000 12.00000000 	0.0000000000
-3.00000000 13.00000000 	0.0000000000
-3.00000000 14.00000000 	0.0000000000
-3.00000000 15.00000000 	0.0000000000
-3.00000000 16.00000000 	0.0000000000
-3.00000000 17.00000000 	0.0000000000
-3.00000000 18.00000000 	0.0000000000
-3.00000000 19.00000000 	0.0000000000
-3.00000000 20.00000000 	0.0000000000
-3.00000000 21.00000000 	0.0000000000
-3.00000000 22.00000000 	0.0000000000
-3.00000000 23.00000000 	0.0000000000
-3.00000000 24.00000000 	0.0000000000
-3.00000000 25.00000000 	0.0000000000
-2.00000000 -25.00000000 	0.5522340588
-2.00000000 -24.00000000 	0.5522340588
-2.00000000 -23.00000000 	0.5522340588
-2.00000000 -22.00000000 	0.5522340588
-2.00000000 -21.00000000 	0.5522340588
-2.00000000 -20.00000000 	0.5522340588
-2.00000000 -19.00000000 	0.5522340588
-2.00000000 -18.00000000 	0.5522340588
-2.00000000 -17.00000000 	0.5522340588
-2.00000000 -16.00000000 	0.5522340588
-2.00000000 -15.00000000 	0.5522340588
-2.00000000 -14.00000000 	0.5522340588
-2.00000000 -13.00000000 	0.5522340588
-2.00000000 -12.00000000 	0.5522340588
-2.00000000 -11.00000000 	0.5522340588
-2.00000000 -10.00000000 	0.5522340588
-2.00000000 -9.00000000 	0.5522340588
-2.00000000 -8.00000000 	0.5522340588
-2.00000000 -7.00000000 	0.5522340588
-2.00000000 -6.00000000 	0.5522340588
-2.00000000 -5.00000000 	0.5522340588
-2.00000000 -4.00000000 	0.5522340588
-2.00000000 -3.00000000 	0.5522340588
-2.00000000 -2.00000000 	0.5522340588
-2.00000000 -1.00000000 	0.5522340588
-2.00000000 0.00000000 	0.5522340588
-2.00000000 1.00000000 	0.5522340588
-2.00000000 2.00000000 	0.5522340588
-2.00000000 3.00000000 	0.5522340588
-2.00000000 4.00000000 	0.5522340588
-2.00000000 5.00000000 	0.5522340588
-2.00000000 6.00000000 	0.5522340588
-2.00000000 7.00000000 	0.5522340588
-2.00000000 8.00000000 	0.5522340588
-2.00000000 9.00000000 	0.5522340588
-2.00000000 10.00000000 	0.5522340588
-2.00000000 11.00000000 	0.5522340588
-2.00000000 12.00000000 	0.5522340588
-2.00000000 13.00000000 	0.5522340588
-2.00000000 14.00000000 	0.5522340588
-2.00000000 15.00000000 	0.5522340588
-2.00000000 16.00000000 	0.5522340588
-2.00000000 17.00000000 	0.5522340588
-2.00000000 18.00000000 	0.5522340588
-2.00000000 19.00000000 	0.5522340588
-2.00000000 20.00000000 	0.5522340588
-2.00000000 21.00000000 	0.5522340588
-2.00000000 22.00000000 	0.5522340588
-2.00000000 23.00000000 	0.5522340588
-2.00000000 24.00000000 	0.5522340588
-2.00000000 25.00000000 	0.5522340588
-1.00000000 -25.00000000 	0.5522340588
-1.00000000 -24.00000000 	0.5522340588
-1.00000000 -23.00000000 	0.5522340588
-1.00000000 -22.00000000 	0.5522340588
-1.00000000 -21.00000000 	0.5522340588
-1.00000000 -20.00000000 	0.5522340588
-1.00000000 -19.00000000 	0.5522340588
-1.00000000 -18.00000000 	0.5522340588
-1.00000000 -17.00000000 	0.5522340588
-1.00000000 -16.00000000 	0.5522340588
-1.00000000 -15.00000000 	0.5522340588
-1.00000000 -14.00000000 	0.5522340588
-1.00000000 -13.00000000 	0.5522340588
-1.00000000 -12.00000000 	0.5522340588
-1.00000000 -11.00000000 	0.5522340588
-1.00000000 -10.00000000 	0.5522340588
-1.00000000 -9.00000000 	0.5522340588
-1.00000000 -8.00000000 	0.5522340588
-1.00000000 -7.00000000 	0.5522340588
-1.00000000 -6.00000000 	0.5522340588
-1.00000000 -5.00000000 	0.5522340588
-1.00000000 -4.00000000 	0.5522340588
-1.00000000 -3.00000000 	0.5522340588
-1.00000000 -2.00000000 	0.5522340588
-1.00000000 -1.00000000 	0.5522340588
-1.00000000 0.00000000 	0.5522340588
-1.00000000 1.00000000 	0.5522340588
-1.00000000 2.00000000 	0.5522340588
-1.00000000 3.00000000 	0.5522340588
-1.00000000 4.00000000 	0.5522340588
-1.00000000 5.00000000 	0.5522340588
-1.00000000 6.00000000 	0.5522340588
-1.00000000 7.00000000 	0.5522340588
-1.00000000 8.00000000 	0.5522340588
-1.00000000 9.00000000 	0.5522340588
-1.00000000 10.00000000 	0.5522340588
-1.00000000 11.00000000 	0.5522340588
-1.00000000 12.00000000 	0.5522340588
-1.00000000 13.00000000 	0.5522340588
-1.00000000 14.00000000 	0.5522340588
-1.00000000 15.00000000 	0.5522340588
-1.00000000 16.00000000 	0.5522340588
-1.00000000 17.00000000 	0.5522340588
-1.00000000 18.00000000 	0.5522340588
-1.00000000 19.00000000 	0.5522340588
-1.00000000 20.00000000 	0.5522340588
-1.00000000 21.00000000 	0.5522340588
-1.00000000 22.00000000 	0.5522340588
-1.00000000 23.00000000 	0.5522340588
-1.00000000 24.00000000 	0.5522340588
-1.00000000 25.00000000 	0.5522340588
0.00000000 -25.00000000 	0.0000000000
0.00000000 -24.00000000 	0.0000000000
0.00000000 -23.00000000 	0.0000000000
0.00000000 -22.00000000 	0.0000000000
0.00000000 -21.00000000 	0.0000000000
0.00000000 -20.00000000 	0.0000000000
0.00000000 -19.00000000 	0.0000000000
0.00000000 -18.00000000 	0.0000000000
0.00000000 -17.00000000 	0.0000000000
0.00000000 -16.00000000 	0.0000000000
0.00000000 -15.00000000 	0.0000000000
0.00000000 -14.00000000 	0.0000000000
0.00000000 -13.00000000 	0.0000000000
0.00000000 -12.00000000 	0.0000000000
0.00000000 -11.00000000 	0.0000000000
0.00000000 -10.00000000 	0.0000000000
0.00000000 -9.00000000 	0.0000000000
0.00000000 -8.00000000 	0.0000000000
0.00000000 -7.00000000 	0.0000000000
0.00000000 -6.00000000 	0.0000000000
0.00000000 -5.00000000 	0.0000000000
0.00000000 -4.00000000 	0.0000000000
0.00000000 -3.00000000 	0.0000000000
0.00000000 -2.00000000 	0.0000000000
0.00000000 -1.00000000 	0.0000000000
0.00000000 0.00000000 	0.0000000000
0.00000000 1.00000000 	0.0000000000
0.00000000 2.00000000 	0.0000000000
0.00000000 3.00000000 	0.0000000000
0.00000000 4.00000000 	0.0000000000
0.00000000 5.00000000 	0.0000000000
0.00000000 6.00000000 	0.0000000000
0.00000000 7.00000000 	0.0000000000
0.00000000 8.00000000 	0.0000000000
0.00000000 9.00000000 	0.0000000000
0.00000000 10.00000000 	0.0000000000
0.00000000 11.00000000 	0.0000000000
0.00000000 12.00000000 	0.0000000000
0.00000000 13.00000000 	0.0000000000
0.00000000 14.00000000 	0.0000000000
0.00000000 15.00000000 	0.0000000000
0.00000000 16.00000000 	0.0000000000
0.00000000 17.00000000 	0.0000000000
0.00000000 18.00000000 	0.0000000000
0.00000000 19.00000000 	0.0000000000
0.00000000 20.00000000 	0.0000000000
0.00000000 21.00000000 	0.0000000000
0.00000000 22.00000000 	0.0000000000
0.00000000 23.00000000 	0.0000000000
0.00000000 24.00000000 	0.0000000000
0.00000000 25.00000000 	0.0000000000
1.00000000 -25.00000000 	0.0000000000
1.00000000 -24.00000000 	0.0000000000
1.00000000 -23.00000000 	0.0000000000
1.00000000 -22.00000000 	0.0000000000
1.00000000 -21.00000000 	0.0000000000
1.00000000 -20.00000000 	0.0000000000
1.00000000 -19.00000000 	0.0000000000
1.00000000 -18.00000000 	0.0000000000
1.00000000 -17.00000000 	0.0000000000
1.00000000 -16.00000000 	0.0000000000
1.00000000 -15.00000000 	0.0000000000
1.00000000 -14.00000000 	0.0000000000
1.00000000 -13.00000000 	0.0000000000
1.00000000 -12.00000000 	0.0000000000
1.00000000 -11.00000000 	0.0000000000
1.00000000 -10.00000000 	0.0000000000
1.00000000 -9.00000000 	0.0000000000
1.00000000 -8.00000000 	0.0000000000
1.00000000 -7.00000000 	0.0000000000
1.00000000 -6.00000000 	0.0000000000
1.00000000 -5.00000000 	0.0000000000
1.00000000 -4.00000000 	0.0000000000
1.00000000 -3.00000000 	0.0000000000
1.00000000 -2.00000000 	0.0000000000
1.00000000 -1.00000000 	0.0000000000
1.00000000 0.00000000 	0.0000000000
1.00000000 1.00000000 	0.0000000000
1.00000000 2.00000000 	0.0000000000
1.00000000 3.00000000 	0.0000000000
1.00000000 4.00000000 	0.0000000000
1.00000000 5.00000000 	0.0000000000
1.00000000 6.00000000 	0.0000000000
1.00000000 7.00000000 	0.0000000000
1.00000000 8.00000000 	0.0000000000
1.00000000 9.00000000 	0.0000000000
1.00000000 10.00000000 	0.0000000000
1.00000000 11.00000000 	0.0000000000
1.00000000 12.00000000 	0.0000000000
1.00000000 13.00000000 	0.0000000000
1.00000000 14.00000000 	0.0000000000
1.00000000 15.00000000 	0.0000000000
1.00000000 16.00000000 	0.0000000000
1.00000000 17.00000000 	0.0000000000
1.00000000 18.00000000 	0.0000000000
1.00000000 19.00000000 	0.0000000000
1.00000000 20.00000000 	0.0000000000
1.00000000 21.00000000 	0.0000000000
1.00000000 22.00000000 	0.0000000000
1.00000000 23.00000000 	0.0000000000
1.00000000 24.00000000 	0.0000000000
1.00000000 25.00000000 	0.0000000000
2.00000000 -25.00000000 	-0.5522340588
2.00000000 -24.00000000 	-0.5522340588
2.00000000 -23.00000000 	-0.5522340588
2.00000000 -22.00000000 	-0.5522340588
2.00000000 -21.00000000 	-0.5522340588
2.00000000 -20.00000000 	-0.5522340588
2.00000000 -19.00000000 	-0.5522340588
2.00000000 -18.00000000 	-0.5522340588
2.00000000 -17.00000000 	-0.5522340588
2.00000000 -16.00000000 	-0.5522340588
2.00000000 -15.00000000 	-0.5522340588
2.00000000 -14.00000000 	-0.5522340588
2.00000000 -13.00000000 	-0.5522340588
2.00000000 -12.00000000 	-0.5522340588
2.00000000 -11.00000000 	-0.5522340588
2.00000000 -10.00000000 	-0.5522340588
2.00000000 -9.00000000 	-0.5522340588
2.00000000 -8.00000000 	-0.5522340588
2.00000000 -7.00000000 	-0.5522340588
2.00000000 -6.00000000 	-0.5522340588
2.00000000 -5.00000000 	-0.5522340588
2.00000000 -4.00000000 	-0.5522340588
2.00000000 -3.00000000 	-0.5522340588
2.00000000 -2.00000000 	-0.5522340588
2.00000000 -1.00000000 	-0.5522340588
2.00000000 0.00000000 	-0.5522340588
2.00000000 1.00000000 	-0.5522340588
2.00000000 2.00000000 	-0.5522340588
2.00000000 3.00000000 	-0.5522340588
2.00000000 4.00000000 	-0.5522340588
2.00000000 5.00000000 	-0.5522340588
2.00000000 6.00000000 	-0.5522340588
2.00000000 7.00000000 	-0.5522340588
2.00000000 8.00000000 	-0.5522340588
2.00000000 9.00000000 	-0.5522340588
2.00000000 10.00000000 	-0.5522340588
2.00000000 11.00000000 	-0.5522340588
2.00000000 12.00000000 	-0.5522340588
2.00000000 13.00000000 	-0.5522340588
2.00000000 14.00000000 	-0.5522340588
2.00000000 15.00000000 	-0.5522340588
2.00000000 16.00000000 	-0.5522340588
2.00000000 17.00000000 	-0.5522340588
2.00000000 18.00000000 	-0.5522340588
2.00000000 19.00000000 	-0.5522340588
2.00000000 20.00000000 	-0.5522340588
2.00000000 21.00000000 	-0.5522340588
2.00000000 22.00000000 	-0.5522340588
2.00000000 23.00000000 	-0.5522340588
2.00000000 24.00000000 	-0.5522340588
2.00000000 25.00000000 	-0.5522340588
3.00000000 -25.00000000 	-0.5522340588
3.00000000 -24.00000000 	-0.5522340588
3.00000000 -23.00000000 	-0.5522340588
3.00000000 -22.00000000 	-0.5522340588
3.00000000 -21.00000000 	-0.5522340588
3.00000000 -20.00000000 	-0.5522340588
3.00000000 -19.00000000 	-0.5522340588
3.00000000 -18.00000000 	-0.5522340588
3.00000000 -17.00000000 	-0.5522340588
3.00000000 -16.00000000 	-0.5522340588
3.00000000 -15.00000000 	-0.5522340588
3.00000000 -14.00000000 	-0.5522340588
3.00000000 -13.00000000 	-0.5522340588
3.00000000 -12.00000000 	-0.5522340588
3.00000000 -11.00000000 	-0.5522340588
3.00000000 -10.00000000 	-0.5522340588
3.00000000 -9.00000000 	-0.5522340588
3.00000000 -8.00000000 	-0.5522340588
3.00000000 -7.00000000 	-0.5522340588
3.00000000 -6.00000000 	-0.5522340588
3.00000000 -5.00000000 	-0.5522340588
3.00000000 -4.00000000 	-0.5522340588
3.00000000 -3.00000000 	-0.5522340588
3.00000000 -2.00000000 	-0.5522340588
3.00000000 -1.00000000 	-0.5522340588
3.00000000 0.00000000 	-0.5522340588
3.00000000 1.00000000 	-0.5522340588
3.00000000 2.00000000 	-0.5522340588
3.00000000 3.00000000 	-0.5522340588
3.00000000 4.00000000 	-0.5522340588
3.00000000 5.00000000 	-0.5522340588
3.00000000 6.00000000 	-0.5522340588
3.00000000 7.00000000 	-0.5522340588
3.00000000 8.00000000 	-0.5522340588
3.00000000 9.00000000 	-0.5522340588
3.00000000 10.00000000 	-0.5522340588
3.00000000 11.00000000 	-0.5522340588
3.00000000 12.00000000 	-0.5522340588
3.00000000 13.00000000 	-0.5522340588
3.00000000 14.00000000 	-0.5522340588
3.00000000 15.00000000 	-0.5522340588
3.00000000 16.00000000 	-0.5522340588
3.00000000 17.00000000 	-0.5522340588
3.00000000 18.00000000 	-0.5522340588
3.00000000 19.00000000 	-0.5522340588
3.00000000 20.00000000 	-0.5522340588
3.00000000 21.00000000 	-0.5522340588
3.00000000 22.00000000 	-0.5522340588
3.00000000 23.00000000 	-0.5522340588
3.00000000 24.00000000 	-0.5522340588
3.00000000 25.00000000 	-0.5522340588
4.00000000 -25.00000000 	0.0000000000
4.00000000 -24.00000000 	0.0000000000
4.00000000 -23.00000000 	0.0000000000
4.00000000 -22.00000000 	0.0000000000
4.00000000 -21.00000000 	0.0000000000
4.00000000 -20.00000000 	0.0000000000
4.00000000 -19.00000000 	0.0000000000
4.00000000 -18.00000000 	0.0000000000
4.00000000 -17.00000000 	0.0000000000
4.00000000 -16.00000000 	0.0000000000
4.00000000 -15.00000000 	0.0000000000
4.00000000 -14.00000000 	0.0000000000
4.00000000 -13.00000000 	0.0000000000
4.00000000 -12.00000000 	0.0000000000
4.00000000 -11.00000000 	0.0000000000
4.00000000 -10.00000000 	0.0000000000
4.00000000 -9.00000000 	0.0000000000
4.00000000 -8.00000000 	0.0000000000
4.00000000 -7.00000000 	0.0000000000
4.00000000 -6.00000000 	0.0000000000
4.00000000 -5.00000000 	0.0000000000
4.00000000 -4.00000000 	0.0000000000
4.00000000 -3.00000000 	0.0000000000
4.00000000 -2.00000000 	0.0000000000
4.00000000 -1.00000000 	0.0000000000
4.00000000 0.00000000 	0.0000000000
4.00000000 1.00000000 	0.0000000000
4.00000000 2.00000000 	0.0000000000
4.00000000 3.00000000 	0.0000000000
4.00000000 4.00000000 	0.0000000000
4.00000000 5.00000000 	0.0000000000
4.00000000 6.00000000 	0.0000000000
4.00000000 7.00000000 	0.0000000000
4.00000000 8.00000000 	0.0000000000
4.00000000 9.00000000 	0.0000000000
4.00000000 10.00000000 	0.0000000000
4.00000000 11.00000000 	0.0000000000
4.00000000 12.00000000 	0.0000000000
4.00000000 13.00000000 	0.0000000000
4.00000000 14.00000000 	0.0000000000
4.00000000 15.00000000 	0.0000000000
4.00000000 16.00000000 	0.0000000000
4.00000000 17.00000000 	0.0000000000
4.00000000 18.00000000 	0.0000000000
4.00000000 19.00000000 	0.0000000000
4.00000000 20.00000000 	0.0000000000
4.00000000 21.00000000 	0.0000000000
4.00000000 22.00000000 	0.0000000000
4.00000000 23.00000000 	0.0000000000
4.00000000 24.00000000 	0.0000000000
4.00000000 25.00000000 	0.0000000000
5.00000000 -25.00000000 	0.0000000000
5.00000000 -24.00000000 	0.0000000000
5.00000000 -23.00000000 	0.0000000000
5.00000000 -22.00000000 	0.0000000000
5.00000000 -21.00000000 	0.0000000000
5.00000000 -20.00000000 	0.0000000000
5.00000000 -19.00000000 	0.0000000000
5.00000000 -18.00000000 	0.0000000000
5.00000000 -17.00000000 	0.0000000000
5.00000000 -16.00000000 	0.0000000000
5.00000000 -15.00000000 	0.0000000000
5.00000000 -14.00000000 	0.0000000000
5.00000000 -13.00000000 	0.0000000000
5.00000000 -12.00000000 	0.0000000000
5.00000000 -11.00000000 	0.0000000000
5.00000000 -10.00000000 	0.0000000000
5.00000000 -9.00000000 	0.0000000000
5.00000000 -8.00000000 	0.0000000000
5.00000000 -7.00000000 	0.0000000000
5.00000000 -6.00000000 	0.0000000000
5.00000000 -5.00000000 	0.0000000000
5.00000000 -4.00000000 	0.0000000000
5.00000000 -3.00000000 	0.0000000000
5.00000000 -2.00000000 	0.0000000000
5.00000000 -1.00000000 	0.0000000000
5.00000000 0.00000000 	0.0000000000
5.00000000 1.00000000 	0.0000000000
5.00000000 2.00000000 	0.0000000000
5.00000000 3.00000000 	0.0000000000
5.00000000 4.00000000 	0.0000000000
5.00000000 5.00000000 	0.0000000000
5.00000000 6.00000000 	0.0000000000
5.00000000 7.00000000 	0.0000000000
5.00000000 8.00000000 	0.0000000000
5.00000000 9.00000000 	0.0000000000
5.00000000 10.00000000 	0.0000000000
5.00000000 11.00000000 	0.0000000000
5.00000000 12.00000000 	0.0000000000
5.00000000 13.00000000 	0.0000000000
5.00000000 14.00000000 	0.0000000000
5.00000000 15.00000000 	0.0000000000
5.00000000 16.00000000 	0.0000000000
5.00000000 17.00000000 	0.0000000000
5.00000000 18.00000000 	0.0000000000
5.00000000 19.00000000 	0.0000000000
5.00000000 20.00000000 	0.0000000000
5.00000000 21.00000000 	0.0000000000
5.00000000 22.00000000 	0.0000000000
5.00000000 23.00000000 	0.0000000000
5.00000000 24.00000000 	0.0000000000
5.00000000 25.00000000 	0.0000000000
6.00000000 -25.00000000 	0.0000000000
6.00000000 -24.00000000 	0.0000000000
6.00000000 -23.00000000 	0.0000000000
6.00000000 -22.00000000 	0.0000000000
6.00000000 -21.00000000 	0.0000000000
6.00000000 -20.00000000 	0.0000000000
6.00000000 -19.00000000 	0.0000000000
6.00000000 -18.00000000 	0.0000000000
6.00000000 -17.00000000 	0.0000000000
6.00000000 -16.00000000 	0.0000000000
6.00000000 -15.00000000 	0.0000000000
6.00000000 -14.00000000 	0.0000000000
6.00000000 -13.00000000 	0.0000000000
6.00000000 -12.00000000 	0.0000000000
6.00000000 -11.00000000 	0.0000000000
6.00000000 -10.00000000 	0.0000000000
6.00000000 -9.00000000 	0.0000000000
6.00000000 -8.00000000 	0.0000000000
6.00000000 -7.00000000 	0.0000000000
6.00000000 -6.00000000 	0.0000000000
6.00000000 -5.00000000 	0.0000000000
6.00000000 -4.00000000 	0.0000000000
6.00000000 -3.00000000 	0.0000000000
6.00000000 -2.00000000 	0.0000000000
6.00000000 -1.00000000 	0.0000000000
6.00000000 0.00000000 	0.0000000000
6.00000000 1.00000000 	0.0000000000
6.00000000 2.00000000 	0.0000000000
6.00000000 3.00000000 	0.0000000000
6.00000000 4.00000000 	0.0000000000
6.00000000 5.00000000 	0.0000000000
6.00000000 6.00000000 	0.0000000000
6.00000000 7.00000000 	0.0000000000
6.00000000 8.00000000 	0.0000000000
6.00000000 9.00000000 	0.0000000000
6.00000000 10.00000000 	0.0000000000
6.00000000 11.00000000 	0.0000000000
6.00000000 12.00000000 	0.0000000000
6.00000000 13.00000000 	0.0000000000
6.00000000 14.00000000 	0.0000000000
6.00000000 15.00000000 	0.0000000000
6.00000000 16.00000000 	0.0000000000
6.00000000 17.00000000 	0.0000000000
6.00000000 18.00000000 	0.0000000000
6.00000000 19.00000000 	0.0000000000
6.00000000 20.00000000 	0.0000000000
6.00000000 21.00000000 	0.0000000000
6.00000000 22.00000000 	0.0000000000
6.00000000 23.00000000 	0.0000000000
6.00000000 24.00000000 	0.0000000000
6.00000000 25.00000000 	0.0000000000
7.00000000 -25.00000000 	0.0000000000
7.00000000 -24.00000000 	0.0000000000
7.00000000 -23.00000000 	0.0000000000
7.00000000 -22.00000000 	0.0000000000
7.00000000 -21.00000000 	0.0000000000
7.00000000 -20.00000000 	0.0000000000
7.00000000 -19.00000000 	0.0000000000
7.00000000 -18.00000000 	0.0000000000
7.00000000 -17.00000000 	0.0000000000
7.00000000 -16.00000000 	0.0000000000
7.00000000 -15.00000000 	0.0000000000
7.00000000 -14.00000000 	0.0000000000
7.00000000 -13.00000000 	0.0000000000
7.00000000 -12.00000000 	0.0000000000
7.00000000 -11.00000000 	0.0000000000
7.00000000 -10.00000000 	0.0000000000
7.00000000 -9.00000000 	0.0000000000
7.00000000 -8.00000000 	0.0000000000
7.00000000 -7.00000000 	0.0000000000
7.00000000 -6.00000000 	0.0000000000
7.00000000 -5.00000000 	0.0000000000
7.00000000 -4.00000000 	0.0000000000
7.00000000 -3.00000000 	0.0000000000
7.00000000 -2.00000000 	0.0000000000
7.00000000 -1.00000000 	0.0000000000
7.00000000 0.00000000 	0.0000000000
7.00000000 1.00000000 	0.0000000000
7.00000000 2.00000000 	0.0000000000
7.00000000 3.00000000 	0.0000000000
7.00000000 4.00000000 	0.0000000000
7.00000000 5.00000000 	0.0000000000
7.00000000 6.00000000 	0.0000000000
7.00000000 7.00000000 	0.0000000000
7.00000000 8.00000000 	0.0000000000
7.00000000 9.00000000 	0.0000000000
7.00000000 10.00000000 	0.0000000000
7.00000000 11.00000000 	0.0000000000
7.00000000 12.00000000 	0.0000000000
7.00000000 13.00000000 	0.0000000000
7.00000000 14.00000000 	0.0000000000
7.00000000 15.00000000 	0.0000000000
7.00000000 16.00000000 	0.0000000000
7.00000000 17.00000000 	0.0000000000
7.00000000 18.00000000 	0.0000000000
7.00000000 19.00000000 	0.0000000000
7.00000000 20.00000000 	0.0000000000
7.00000000 21.00000000 	0.0000000000
7.00000000 22.00000000 	0.0000000000
7.00000000 23.00000000 	0.0000000000
7.00000000 24.00000000 	0.0000000000
7.00000000 25.00000000 	0.0000000000
8.00000000 -25.00000000 	0.0000000000
8.00000000 -24.00000000 	0.0000000000
8.00000000 -23.00000000 	0.0000000000
8.00000000 -22.00000000 	0.0000000000
8.00000000 -21.00000000 	0.0000000000
8.00000000 -20.00000000 	0.0000000000
8.00000000 -19.00000000 	0.0000000000
8.00000000 -18.00000000 	0.0000000000
8.00000000 -17.00000000 	0.0000000000
8.00000000 -16.00000000 	0.0000000000
8.00000000 -15.00000000 	0.0000000000
8.00000000 -14.00000000 	0.0000000000
8.00000000 -13.00000000 	0.0000000000
8.00000000 -12.00000000 	0.0000000000
8.00000000 -11.00000000 	0.0000000000
8.00000000 -10.00000000 	0.0000000000
8.00000000 -9.00000000 	0.0000000000
8.00000000 -8.00000000 	0.0000000000
8.00000000 -7.00000000 	0.0000000000
8.00000000 -6.00000000 	0.0000000000
8.00000000 -5.00000000 	0.0000000000
8.00000000 -4.00000000 	0.0000000000
8.00000000 -3.00000000 	0.0000000000
8.00000000 -2.00000000 	0.0000000000
8.00000000 -1.00000000 	0.0000000000
8.00000000 0.00000000 	0.0000000000
8.00000000 1.00000000 	0.0000000000
8.00000000 2.00000000 	0.0000000000
8.00000000 3.00000000 	0.0000000000
8.00000000 4.00000000 	0.0000000000
8.00000000 5.00000000 	0.0000000000
8.00000000 6.00000000 	0.0000000000
8.00000000 7.00000000 	0.0000000000
8.00000000 8.00000000 	0.0000000000
8.00000000 9.00000000 	0.0000000000
8.00000000 10.00000000 	0.0000000000
8.00000000 11.00000000 	0.0000000000
8.00000000 12.00000000 	0.0000000000
8.00000000 13.00000000 	0.0000000000
8.00000000 14.00000000 	0.0000000000
8.00000000 15.00000000 	0.0000000000
8.00000000 16.00000000 	0.0000000000
8.00000000 17.00000000 	0.0000000000
8.00000000 18.00000000 	0.0000000000
8.00000000 19.00000000 	0.0000000000
8.00000000 20.00000000 	0.0000000000
8.00000000 21.00000000 	0.0000000000
8.00000000 22.00000000 	0.0000000000
8.00000000 23.00000000 	0.0000000000
8.00000000 24.00000000 	0.0000000000
8.00000000 25.00000000 	0.0000000000
9.00000000 -25.00000000 	0.0000000000
9.00000000 -24.00000000 	0.0000000000
9.00000000 -23.00000000 	0.0000000000
9.00000000 -22.00000000 	0.0000000000
9.00000000 -21.00000000 	0.0000000000
9.00000000 -20.00000000 	0.0000000000
9.00000000 -19.00000000 	0.0000000000
9.00000000 -18.00000000 	0.0000000000
9.00000000 -17.00000000 	0.0000000000
9.00000000 -16.00000000 	0.0000000000
9.00000000 -15.00000000 	0.0000000000
9.00000000 -14.00000000 	0.0000000000
9.00000000 -13.00000000 	0.0000000000
9.00000000 -12.00000000 	0.0000000000
9.00000000 -11.00000000 	0.0000000000
9.00000000 -10.00000000 	0.0000000000
9.00000000 -9.00000000 	0.0000000000
9.00000000 -8.00000000 	0.0000000000
9.00000000 -7.00000000 	0.0000000000
9.00000000 -6.00000000 	0.0000000000
9.00000000 -5.00000000 	0.0000000000
9.00000000 -4.00000000 	0.0000000000
9.00000000 -3.00000000 	0.0000000000
9.00000000 -2.00000000 	0.0000000000
9.00000000 -1.00000000 	0.0000000000
9.00000000 0.00000000 	0.0000000000
9.00000000 1.00000000 	0.0000000000
9.00000000 2.00000000 	0.0000000000
9.00000000 3.00000000 	0.0000000000
9.00000000 4.00000000 	0.0000000000
9.00000000 5.00000000 	0.0000000000
9.00000000 6.00000000 	0.0000000000
9.00000000 7.00000000 	0.0000000000
9.00000000 8.00000000 	0.0000000000
9.00000000 9.00000000 	0.0000000000
9.00000000 10.00000000 	0.0000000000
9.00000000 11.00000000 	0.0000000000
9.00000000 12.00000000 	0.0000000000
9.00000000 13.00000000 	0.0000000000
9.00000000 14.00000000 	0.0000000000
9.00000000 15.00000000 	0.0000000000
9.00000000 16.00000000 	0.0000000000
9.00000000 17.00000000 	0.0000000000
9.00000000 18.00000000 	0.0000000000
9.00000000 19.00000000 	0.0000000000
9.00000000 20.00000000 	0.0000000000
9.00000000 21.00000000 	0.0000000000
9.00000000 22.00000000 	0.0000000000
9.00000000 23.00000000 	0.0000000000
9.00000000 24.00000000 	0.0000000000
9.00000000 25.00000000 	0.0000000000
10.00000000 -25.00000000 	0.0000000000
10.00000000 -24.00000000 	0.0000000000
10.00000000 -23.00000000 	0.0000000000
10.00000000 -22.00000000 	0.0000000000
10.00000000 -21.00000000 	0.0000000000
10.00000000 -20.00000000 	0.0000000000
10.00000000 -19.00000000 	0.0000000000
10.00000000 -18.00000000 	0.0000000000
10.00000000 -17.00000000 	0.0000000000
10.00000000 -16.00000000 	0.0000000000
10.00000000 -15.00000000 	0.0000000000
10.00000000 -14.00000000 	0.0000000000
10.00000000 -13.00000000 	0.0000000000
10.00000000 -12.00000000 	0.0000000000
10.00000000 -11.00000000 	0.0000000000
10.00000000 -10.00000000 	0.0000000000
10.00000000 -9.00000000 	0.0000000000
10.00000000 -8.00000000 	0.0000000000
10.00000000 -7.00000000 	0.0000000000
10.00000000 -6.00000000 	0.0000000000
10.00000000 -5.00000000 	0.0000000000
10.00000000 -4.00000000 	0.0000000000
10.00000000 -3.00000000 	0.0000000000
10.00000000 -2.00000000 	0.0000000000
10.00000000 -1.00000000 	0.0000000000
10.00000000 0.00000000 	0.0000000000
10.00000000 1.00000000 	0.0000000000
10.00000000 2.00000000 	0.0000000000
10.00000000 3.00000000 	0.0000000000
10.00000000 4.00000000 	0.0000000000
10.00000000 5.00000000 	0.0000000000
10.00000000 6.00000000 	0.0000000000
10.00000000 7.00000000 	0.0000000000
10.00000000 8.00000000 	0.0000000000
10.00000000 9.00000000 	0.0000000000
10.00000000 10.00000000 	0.0000000000
10.00000000 11.00000000 	0.0000000000
10.00000000 12.00000000 	0.0000000000
10.00000000 13.00000000 	0.0000000000
10.00000000 14.00000000 	0.0000000000
10.00000000 15.00000000 	0.0000000000
10.00000000 16.00000000 	0.0000000000
10.00000000 17.00000000 	0.0000000000
10.00000000 18.00000000 	0.0000000000
10.00000000 19.00000000 	0.0000000000
10.00000000 20.00000000 	0.0000000000
10.00000000 21.00000000 	0.0000000000
10.00000000 22.00000000 	0.0000000000
10.00000000 23.00000000 	0.0000000000
10.00000000 24.00000000 	0.0000000000
10.00000000 25.00000000 	0.0000000000
11.00000000 -25.00000000 	0.0000000000
11.00000000 -24.00000000 	0.0000000000
11.00000000 -23.00000000 	0.0000000000
11.00000000 -22.00000000 	0.0000000000
11.00000000 -21.00000000 	0.0000000000
11.00000000 -20.00000000 	0.0000000000
11.00000000 -19.00000000 	0.0000000000
11.00000000 -18.00000000 	0.0000000000
11.00000000 -17.00000000 	0.0000000000
11.00000000 -16.00000000 	0.0000000000
11.00000000 -15.00000000 	0.0000000000
11.00000000 -14.00000000 	0.0000000000
11.00000000 -13.00000000 	0.0000000000
11.00000000 -12.00000000 	0.0000000000
11.00000000 -11.00000000 	0.0000000000
11.00000000 -10.00000000 	0.0000000000
11.00000000 -9.00000000 	0.0000000000
11.00000000 -8.00000000 	0.0000000000
11.00000000 -7.00000000 	0.0000000000
11.00000000 -6.00000000 	0.0000000000
11.00000000 -5.00000000 	0.0000000000
11.00000000 -4.00000000 	0.0000000000
11.00000000 -3.00000000 	0.0000000000
11.00000000 -2.00000000 	0.0000000000
11.00000000 -1.00000000 	0.0000000000
11.00000000 0.00000000 	0.0000000000
11.00000000 1.00000000 	0.0000000000
11.00000000 2.00000000 	0.0000000000
11.00000000 3.00000000 	0.0000000000
11.00000000 4.00000000 	0.0000000000
11.00000000 5.00000000 	0.0000000000
11.00000000 6.00000000 	0.0000000000
11.00000000 7.00000000 	0.0000000000
11.00000000 8.00000000 	0.0000000000
11.00000000 9.00000000 	0.0000000000
11.00000000 10.00000000 	0.0000000000
11.00000000 11.00000000 	0.0000000000
11.00000000 12.00000000 	0.0000000000
11.00000000 13.00000000 	0.0000000000
11.00000000 14.00000000 	0.0000000000
11.00000000 15.00000000 	0.0000000000
11.00000000 16.00000000 	0.0000000000
11.00000000 17.00000000 	0.0000000000
11.00000000 18.00000000 	0.0000000000
11.00000000 19.00000000 	0.0000000000
11.00000000 20.00000000 	0.0000000000
11.00000000 21.00000000 	0.0000000000
11.00000000 22.00000000 	0.0000000000
11.00000000 23.00000000 	0.0000000000
11.00000000 24.00000000 	0.0000000000
11.00000000 25.00000000 	0.0000000000
12.00000000 -25.00000000 	0.0000000000
12.00000000 -24.00000000 	0.0000000000
12.00000000 -23.00000000 	0.0000000000
12.00000000 -22.00000000 	0.0000000000
12.00000000 -21.00000000 	0.0000000000
12.00000000 -20.00000000 	0.0000000000
12.00000000 -19.00000000 	0.0000000000
12.00000000 -18.00000000 	0.0000000000
12.00000000 -17.00000000 	0.0000000000
12.00000000 -16.00000000 	0.0000000000
12.00000000 -15.00000000 	0.0000000000
12.00000000 -14.00000000 	0.0000000000
12.00000000 -13.00000000 	0.0000000000
12.00000000 -12.00000000 	0.0000000000
12.00000000 -11.00000000 	0.0000000000
12.00000000 -10.00000000 	0.0000000000
12.00000000 -9.00000000 	0.0000000000
12.00000000 -8.00000000 	0.0000000000
12.00000000 -7.00000000 	0.0000000000
12.00000000 -6.00000000 	0.0000000000
12.00000000 -5.00000000 	0.0000000000
12.00000000 -4.00000000 	0.0000000000
12.00000000 -3.00000000 	0.0000000000
12.00000000 -2.00000000 	0.0000000000
12.00000000 -1.00000000 	0.0000000000
12.00000000 0.00000000 	0.0000000000
12.00000000 1.00000000 	0.0000000000
12.00000000 2.00000000 	0.0000000000
12.00000000 3.00000000 	0.0000000000
12.00000000 4.00000000 	0.0000000000
12.00000000 5.00000000 	0.0000000000
12.00000000 6.00000000 	0.0000000000
12.00000000 7.00000000 	0.0000000000
12.00000000 8.00000000 	0.0000000000
12.00000000 9.00000000 	0.0000000000
12.00000000 10.00000000 	0.0000000000
12.00000000 11.00000000 	0.0000000000
12.00000000 12.00000000 	0.0000000000
12.00000000 13.00000000 	0.0000000000
12.00000000 14.00000000 	0.0000000000
12.00000000 15.00000000 	0.0000000000
12.00000000 16.00000000 	0.0000000000
12.00000000 17.00000000 	0.0000000000
12.00000000 18.00000000 	0.0000000000
12.00000000 19.00000000 	0.0000000000
12.00000000 20.00000000 	0.0000000000
12.00000000 21.00000000 	0.0000000000
12.00000000 22.00000000 	0.0000000000
12.00000000 23.00000000 	0.0000000000
12.00000000 24.00000000 	0.0000000000
12.00000000 25.00000000 	0.0000000000
13.00000000 -25.00000000 	0.0000000000
13.00000000 -24.00000000 	0.0000000000
13.00000000 -23.00000000 	0.0000000000
13.00000000 -22.00000000 	0.0000000000
13.00000000 -21.00000000 	0.0000000000
13.00000000 -20.00000000 	0.0000000000
13.00000000 -19.00000000 	0.0000000000
13.00000000 -18.00000000 	0.0000000000
13.00000000 -17.00000000 	0.0000000000
13.00000000 -16.00000000 	0.0000000000
13.00000000 -15.00000000 	0.0000000000
13.00000000 -14.00000000 	0.0000000000
13.00000000 -13.00000000 	0.0000000000
13.00000000 -12.00000000 	0.0000000000
13.00000000 -11.00000000 	0.0000000000
13.00000000 -10.00000000 	0.0000000000
13.00000000 -9.00000000 	0.0000000000
13.00000000 -8.00000000 	0.0000000000
13.00000000 -7.00000000 	0.0000000000
13.00000000 -6.00000000 	0.0000000000
13.00000000 -5.00000000 	0.0000000000
13.00000000 -4.00000000 	0.0000000000
13.00000000 -3.00000000 	0.0000000000
13.00000000 -2.00000000 	0.0000000000
13.00000000 -1.00000000 	0.0000000000
13.00000000 0.00000000 	0.0000000000
13.00000000 1.00000000 	0.0000000000
13.00000000 2.00000000 	0.0000000000
13.00000000 3.00000000 	0.0000000000
13.00000000 4.00000000 	0.0000000000
13.00000000 5.00000000 	0.0000000000
13.00000000 6.00000000 	0.0000000000
13.00000000 7.00000000 	0.0000000000
13.00000000 8.00000000 	0.0000000000
13.00000000 9.00000000 	0.0000000000
13.00000000 10.00000000 	0.0000000000
13.00000000 11.00000000 	0.0000000000
13.00000000 12.00000000 	0.0000000000
13.00000000 13.00000000 	0.0000000000
13.00000000 14.00000000 	0.0000000000
13.00000000 15.00000000 	0.0000000000
13.00000000 16.00000000 	0.0000000000
13.00000000 17.00000000 	0.0000000000
13.00000000 18.00000000 	0.0000000000
13.00000000 19.00000000 	0.0000000000
13.00000000 20.00000000 	0.0000000000
13.00000000 21.00000000 	0.0000000000
13.00000000 22.00000000 	0.0000000000
13.00000000 23.00000000 	0.0000000000
13.00000000 24.00000000 	0.0000000000
13.00000000 25.00000000 	0.0000000000
14.00000000 -25.00000000 	0.0000000000
14.00000000 -24.00000000 	0.0000000000
14.00000000 -23.00000000 	0.0000000000
14.00000000 -22.00000000 	0.0000000000
14.00000000 -21.00000000 	0.0000000000
14.00000000 -20.00000000 	0.0000000000
14.00000000 -19.00000000 	0.0000000000
14.00000000 -18.00000000 	0.0000000000
14.00000000 -17.00000000 	0.0000000000
14.00000000 -16.00000000 	0.0000000000
14.00000000 -15.00000000 	0.0000000000
14.00000000 -14.00000000 	0.0000000000
14.00000000 -13.00000000 	0.0000000000
14.00000000 -12.00000000 	0.0000000000
14.00000000 -11.00000000 	0.0000000000
14.00000000 -10.00000000 	0.0000000000
14.00000000 -9.00000000 	0.0000000000
14.00000000 -8.00000000 	0.0000000000
14.00000000 -7.00000000 	0.0000000000
14.00000000 -6.00000000 	0.0000000000
14.00000000 -5.00000000 	0.0000000000
14.00000000 -4.00000000 	0.0000000000
14.00000000 -3.00000000 	0.0000000000
14.00000000 -2.00000000 	0.0000000000
14.00000000 -1.00000000 	0.0000000000
14.00000000 0.00000000 	0.0000000000
14.00000000 1.00000000 	0.0000000000
14.00000000 2.00000000 	0.0000000000
14.00000000 3.00000000 	0.0000000000
14.00000000 4.00000000 	0.0000000000
14.00000000 5.00000000 	0.0000000000
14.00000000 6.00000000 	0.0000000000
14.00000000 7.00000000 	0.0000000000
14.00000000 8.00000000 	0.0000000000
14.00000000 9.00000000 	0.0000000000
14.00000000 10.00000000 	0.0000000000
14.00000000 11.00000000 	0.0000000000
14.00000000 12.00000000 	0.0000000000
14.00000000 13.00000000 	0.0000000000
14.00000000 14.00000000 	0.0000000000
14.00000000 15.00000000 	0.0000000000
14.00000000 16.00000000 	0.0000000000
14.00000000 17.00000000 	0.0000000000
14.00000000 18.00000000 	0.0000000000
14.00000000 19.00000000 	0.0000000000
14.00000000 20.00000000 	0.0000000000
14.00000000 21.00000000 	0.0000000000
14.00000000 22.00000000 	0.0000000000
14.00000000 23.00000000 	0.0000000000
14.00000000 24.00000000 	0.0000000000
14.00000000 25.00000000 	0.0000000000
15.00000000 -25.00000000 	0.0000000000
15.00000000 -24.00000000 	0.0000000000
15.00000000 -23.00000000 	0.0000000000
15.00000000 -22.00000000 	0.0000000000
15.00000000 -21.00000000 	0.0000000000
15.00000000 -20.00000000 	0.0000000000
15.00000000 -19.00000000 	0.0000000000
15.00000000 -18.00000000 	0.0000000000
15.00000000 -17.00000000 	0.0000000000
15.00000000 -16.00000000 	0.0000000000
15.00000000 -15.00000000 	0.0000000000
15.00000000 -14.00000000 	0.0000000000
15.00000000 -13.00000000 	0.0000000000
15.00000000 -12.00000000 	0.0000000000
15.00000000 -11.00000000 	0.0000000000
15.00000000 -10.00000000 	0.0000000000
15.00000000 -9.00000000 	0.0000000000
15.00000000 -8.00000000 	0.0000000000
15.00000000 -7.00000000 	0.0000000000
15.00000000 -6.00000000 	0.0000000000
15.00000000 -5.00000000 	0.0000000000
15.00000000 -4.00000000 	0.0000000000
15.00000000 -3.00000000 	0.0000000000
15.00000000 -2.00000000 	0.0000000000
15.00000000 -1.00000000 	0.0000000000
15.00000000 0.00000000 	0.0000000000
15.00000000 1.00000000 	0.0000000000
15.00000000 2.00000000 	0.0000000000
15.00000000 3.00000000 	0.0000000000
15.00000000 4.00000000 	0.0000000000
15.00000000 5.00000000 	0.0000000000
15.00000000 6.00000000 	0.0000000000
15.00000000 7.00000000 	0.0000000000
15.00000000 8.00000000 	0.0000000000
15.00000000 9.00000000 	0.0000000000
15.00000000 10.00000000 	0.0000000000
15.00000000 11.00000000 	0.0000000000
15.00000000 12.00000000 	0.0000000000
15.00000000 13.00000000 	0.0000000000
15.00000000 14.00000000 	0.0000000000
15.00000000 15.00000000 	0.0000000000
15.00000000 16.00000000 	0.0000000000
15.00000000 17.00000000 	0.0000000000
15.00000000 18.00000000 	0.0000000000
15.00000000 19.00000000 	0.0000000000
15.00000000 20.00000000 	0.0000000000
15.00000000 21.00000000 	0.0000000000
15.00000000 22.00000000 	0.0000000000
15.00000000 23.00000000 	0.0000000000
15.00000000 24.00000000 	0.0000000000
15.00000000 25.00000000 	0.0000000000
16.00000000 -25.00000000 	0.0000000000
16.00000000 -24.00000000 	0.0000000000
16.00000000 -23.00000000 	0.0000000000
16.00000000 -22.00000000 	0.0000000000
16.00000000 -21.00000000 	0.0000000000
16.00000000 -20.00000000 	0.0000000000
16.00000000 -19.00000000 	0.0000000000
16.00000000 -18.00000000 	0.0000000000
16.00000000 -17.00000000 	0.0000000000
16.00000000 -16.00000000 	0.0000000000
16.00000000 -15.00000000 	0.0000000000
16.00000000 -14.00000000 	0.0000000000
16.00000000 -13.00000000 	0.0000000000
16.00000000 -12.00000000 	0.0000000000
16.00000000 -11.00000000 	0.0000000000
16.00000000 -10.00000000 	0.0000000000
16.00000000 -9.00000000 	0.0000000000
16.00000000 -8.00000000 	0.0000000000
16.00000000 -7.00000000 	0.0000000000
16.00000000 -6.00000000 	0.0000000000
16.00000000 -5.00000000 	0.0000000000
16.00000000 -4.00000000 	0.0000000000
16.00000000 -3.00000000 	0.0000000000
16.00000000 -2.00000000 	0.0000000000
16.00000000 -1.00000000 	0.0000000000
16.00000000 0.00000000 	0.0000000000
16.00000000 1.00000000 	0.0000000000
16.00000000 2.00000000 	0.0000000000
16.00000000 3.00000000 	0.0000000000
16.00000000 4.00000000 	0.0000000000
16.00000000 5.00000000 	0.0000000000
16.00000000 6.00000000 	0.0000000000
16.00000000 7.00000000 	0.0000000000
16.00000000 8.00000000 	0.0000000000
16.00000000 9.00000000 	0.0000000000
16.00000000 10.00000000 	0.0000000000
16.00000000 11.00000000 	0.0000000000
16.00000000 12.00000000 	0.0000000000
16.00000000 13.00000000 	0.0000000000
16.00000000 14.00000000 	0.0000000000
16.00000000 15.00000000 	0.0000000000
16.00000000 16.00000000 	0.0000000000
16.00000000 17.00000000 	0.0000000000
16.00000000 18.00000000 	0.0000000000
16.00000000 19.00000000 	0.0000000000
16.00000000 20.00000000 	0.0000000000
16.00000000 21.00000000 	0.0000000000
16.00000000 22.00000000 	0.0000000000
16.00000000 23.00000000 	0.0000000000
16.00000000 24.00000000 	0.0000000000
16.00000000 25.00000000 	0.0000000000
17.00000000 -25.00000000 	0.0000000000
17.00000000 -24.00000000 	0.0000000000
17.00000000 -23.00000000 	0.0000000000
17.00000000 -22.00000000 	0.0000000000
17.00000000 -21.00000000 	0.0000000000
17.00000000 -20.00000000 	0.0000000000
17.00000000 -19.00000000 	0.0000000000
17.00000000 -18.00000000 	0.0000000000
17.00000000 -17.00000000 	0.0000000000
17.00000000 -16.00000000 	0.0000000000
17.00000000 -15.00000000 	0.0000000000
17.00000000 -14.00000000 	0.0000000000
17.00000000 -13.00000000 	0.0000000000
17.00000000 -12.00000000 	0.0000000000
17.00000000 -11.00000000 	0.0000000000
17.00000000 -10.00000000 	0.0000000000
17.00000000 -9.00000000 	0.0000000000
17.00000000 -8.00000000 	0.0000000000
17.00000000 -7.00000000 	0.0000000000
17.00000000 -6.00000000 	0.0000000000
17.00000000 -5.00000000 	0.0000000000
17.00000000 -4.00000000 	0.0000000000
17.00000000 -3.00000000 	0.0000000000
17.00000000 -2.00000000 	0.0000000000
17.00000000 -1.00000000 	0.0000000000
17.00000000 0.00000000 	0.0000000000
17.00000000 1.00000000 	0.0000000000
17.00000000 2.00000000 	0.0000000000
17.00000000 3.00000000 	0.0000000000
17.00000000 4.00000000 	0.0000000000
17.00000000 5.00000000 	0.0000000000
17.00000000 6.00000000 	0.0000000000
17.00000000 7.00000000 	0.0000000000
17.00000000 8.00000000 	0.0000000000
17.00000000 9.00000000 	0.0000000000
17.00000000 10.00000000 	0.0000000000
17.00000000 11.00000000 	0.0000000000
17.00000000 12.00000000 	0.0000000000
17.00000000 13.00000000 	0.0000000000
17.00000000 14.00000000 	0.0000000000
17.00000000 15.00000000 	0.0000000000
17.00000000 16.00000000 	0.0000000000
17.00000000 17.00000000 	0.0000000000
17.00000000 18.00000000 	0.0000000000
17.00000000 19.00000000 	0.0000000000
17.00000000 20.00000000 	0.0000000000
17.00000000 21.00000000 	0.0000000000
17.00000000 22.00000000 	0.0000000000
17.00000000 23.00000000 	0.0000000000
17.00000000 24.00000000 	0.0000000000
17.00000000 25.00000000 	0.0000000000
18.00000000 -25.00000000 	0.0000000000
18.00000000 -24.00000000 	0.0000000000
18.00000000 -23.00000000 	0.0000000000
18.00000000 -22.00000000 	0.0000000000
18.00000000 -21.00000000 	0.0000000000
18.00000000 -20.00000000 	0.0000000000
18.00000000 -19.00000000 	0.0000000000
18.00000000 -18.00000000 	0.0000000000
18.00000000 -17.00000000 	0.0000000000
18.00000000 -16.00000000 	0.0000000000
18.00000000 -15.00000000 	0.0000000000
18.00000000 -14.00000000 	0.0000000000
18.00000000 -13.00000000 	0.0000000000
18.00000000 -12.00000000 	0.0000000000
18.00000000 -11.00000000 	0.0000000000
18.00000000 -10.00000000 	0.0000000000
18.00000000 -9.00000000 	0.0000000000
18.00000000 -8.00000000 	0.0000000000
18.00000000 -7.00000000 	0.0000000000
18.00000000 -6.00000000 	0.0000000000
18.00000000 -5.00000000 	0.0000000000
18.00000000 -4.00000000 	0.0000000000
18.00000000 -3.00000000 	0.0000000000
18.00000000 -2.00000000 	0.0000000000
18.00000000 -1.00000000 	0.0000000000
18.00000000 0.00000000 	0.0000000000
18.00000000 1.00000000 	0.0000000000
18.00000000 2.00000000 	0.0000000000
18.00000000 3.00000000 	0.0000000000
18.00000000 4.00000000 	0.0000000000
18.00000000 5.00000000 	0.0000000000
18.00000000 6.00000000 	0.0000000000
18.00000000 7.00000000 	0.0000000000
18.00000000 8.00000000 	0.0000000000
18.00000000 9.00000000 	0.0000000000
18.00000000 10.00000000 	0.0000000000
18.00000000 11.00000000 	0.0000000000
18.00000000 12.00000000 	0.0000000000
18.00000000 13.00000000 	0.0000000000
18.00000000 14.00000000 	0.0000000000
18.00000000 15.00000000 	0.0000000000
18.00000000 16.00000000 	0.0000000000
18.00000000 17.00000000 	0.0000000000
18.00000000 18.00000000 	0.0000000000
18.00000000 19.00000000 	0.0000000000
18.00000000 20.00000000 	0.0000000000
18.00000000 21.00000000 	0.0000000000
18.00000000 22.00000000 	0.0000000000
18.00000000 23.00000000 	0.0000000000
18.00000000 24.00000000 	0.0000000000
18.00000000 25.00000000 	0.0000000000
19.00000000 -25.00000000 	0.0000000000
19.00000000 -24.00000000 	0.0000000000
19.00000000 -23.00000000 	0.0000000000
19.00000000 -22.00000000 	0.0000000000
19.00000000 -21.00000000 	0.0000000000
19.00000000 -20.00000000 	0.0000000000
19.00000000 -19.00000000 	0.0000000000
19.00000000 -18.00000000 	0.0000000000
19.00000000 -17.00000000 	0.0000000000
19.00000000 -16.00000000 	0.0000000000
19.00000000 -15.00000000 	0.0000000000
19.00000000 -14.00000000 	0.0000000000
19.00000000 -13.00000000 	0.0000000000
19.00000000 -12.00000000 	0.0000000000
19.00000000 -11.00000000 	0.0000000000
19.00000000 -10.00000000 	0.0000000000
19.00000000 -9.00000000 	0.0000000000
19.00000000 -8.00000000 	0.0000000000
19.00000000 -7.00000000 	0.0000000000
19.00000000 -6.00000000 	0.0000000000
19.00000000 -5.00000000 	0.0000000000
19.00000000 -4.00000000 	0.0000000000
19.00000000 -3.00000000 	0.0000000000
19.00000000 -2.00000000 	0.0000000000
19.00000000 -1.00000000 	0.0000000000
19.00000000 0.00000000 	0.0000000000
19.00000000 1.00000000 	0.0000000000
19.00000000 2.00000000 	0.0000000000
19.00000000 3.00000000 	0.0000000000
19.00000000 4.00000000 	0.0000000000
19.00000000 5.00000000 	0.0000000000
19.00000000 6.00000000 	0.0000000000
19.00000000 7.00000000 	0.0000000000
19.00000000 8.00000000 	0.0000000000
19.00000000 9.00000000 	0.0000000000
19.00000000 10.00000000 	0.0000000000
19.00000000 11.00000000 	0.0000000000
19.00000000 12.00000000 	0.0000000000
19.00000000 13.00000000 	0.0000000000
19.00000000 14.00000000 	0.0000000000
19.00000000 15.00000000 	0.0000000000
19.00000000 16.00000000 	0.0000000000
19.00000000 17.00000000 	0.0000000000
19.00000000 18.00000000 	0.0000000000
19.00000000 19.00000000 	0.0000000000
19.00000000 20.00000000 	0.0000000000
19.00000000 21.00000000 	0.0000000000
19.00000000 22.00000000 	0.0000000000
19.00000000 23.00000000 	0.0000000000
19.00000000 24.00000000 	0.0000000000
19.00000000 25.00000000 	0.0000000000
20.00000000 -25.00000000 	0.0000000000
20.00000000 -24.00000000 	0.0000000000
20.00000000 -23.00000000 	0.0000000000
20.00000000 -22.00000000 	0.0000000000
20.00000000 -21.00000000 	0.0000000000
20.00000000 -20.00000000 	0.0000000000
20.00000000 -19.00000000 	0.0000000000
20.00000000 -18.00000000 	0.0000000000
20.00000000 -17.00000000 	0.0000000000
20.00000000 -16.00000000 	0.0000000000
20.00000000 -15.00000000 	0.0000000000
20.00000000 -14.00000000 	0.0000000000
20.00000000 -13.00000000 	0.0000000000
20.00000000 -12.00000000 	0.0000000000
20.00000000 -11.00000000 	0.0000000000
20.00000000 -10.00000000 	0.0000000000
20.00000000 -9.00000000 	0.0000000000
20.00000000 -8.00000000 	0.0000000000
20.00000000 -7.00000000 	0.0000000000
20.00000000 -6.00000000 	0.0000000000
20.00000000 -5.00000000 	0.0000000000
20.00000000 -4.00000000 	0.0000000000
20.00000000 -3.00000000 	0.0000000000
20.00000000 -2.00000000 	0.0000000000
20.00000000 -1.00000000 	0.0000000000
20.00000000 0.00000000 	0.0000000000
20.00000000 1.00000000 	0.0000000000
20.00000000 2.00000000 	0.0000000000
20.00000000 3.00000000 	0.0000000000
20.00000000 4.00000000 	0.0000000000
20.00000000 5.00000000 	0.0000000000
20.00000000 6.00000000 	0.0000000000
20.00000000 7.00000000 	0.0000000000
20.00000000 8.00000000 	0.0000000000
20.00000000 9.00000000 	0.0000000000
20.00000000 10.00000000 	0.0000000000
20.00000000 11.00000000 	0.0000000000
20.00000000 12.00000000 	0.0000000000
20.00000000 13.00000000 	0.0000000000
20.00000000 14.00000000 	0.0000000000
20.00000000 15.00000000 	0.0000000000
20.00000000 16.00000000 	0.0000000000
20.00000000 17.00000000 	0.0000000000
20.00000000 18.00000000 	0.0000000000
20.00000000 19.00000000 	0.0000000000
20.00000000 20.00000000 	0.0000000000
20.00000000 21.00000000 	0.0000000000
20.00000000 22.00000000 	0.0000000000
20.00000000 23.00000000 	0.0000000000
20.00000000 24.00000000 	0.0000000000
20.00000000 25.00000000 	0.0000000000
21.00000000 -25.00000000 	0.0000000000
21.00000000 -24.00000000 	0.0000000000
21.00000000 -23.00000000 	0.0000000000
21.00000000 -22.00000000 	0.0000000000
21.00000000 -21.00000000 	0.0000000000
21.00000000 -20.00000000 	0.0000000000
21.00000000 -19.00000000 	0.0000000000
21.00000000 -18.00000000 	0.0000000000
21.00000000 -17.00000000 	0.0000000000
21.00000000 -16.00000000 	0.0000000000
21.00000000 -15.00000000 	0.0000000000
21.00000000 -14.00000000 	0.0000000000
21.00000000 -13.00000000 	0.0000000000
21.00000000 -12.00000000 	0.0000000000
21.00000000 -11.00000000 	0.0000000000
21.00000000 -10.00000000 	0.0000000000
21.00000000 -9.00000000 	0.0000000000
21.00000000 -8.00000000 	0.0000000000
21.00000000 -7.00000000 	0.0000000000
21.00000000 -6.00000000 	0.0000000000
21.00000000 -5.00000000 	0.0000000000
21.00000000 -4.00000000 	0.0000000000
21.00000000 -3.00000000 	0.0000000000
21.00000000 -2.00000000 	0.0000000000
21.00000000 -1.00000000 	0.0000000000
21.00000000 0.00000000 	0.0000000000
21.00000000 1.00000000 	0.0000000000
21.00000000 2.00000000 	0.0000000000
21.00000000 3.00000000 	0.0000000000
21.00000000 4.00000000 	0.0000000000
21.00000000 5.00000000 	0.0000000000
21.00000000 6.00000000 	0.0000000000
21.00000000 7.00000000 	0.0000000000
21.00000000 8.00000000 	0.0000000000
21.00000000 9.00000000 	0.0000000000
21.00000000 10.00000000 	0.0000000000
21.00000000 11.00000000 	0.0000000000
21.00000000 12.00000000 	0.0000000000
21.00000000 13.00000000 	0.0000000000
21.00000000 14.00000000 	0.0000000000
21.00000000 15.00000000 	0.0000000000
21.00000000 16.00000000 	0.0000000000
21.00000000 17.00000000 	0.0000000000
21.00000000 18.00000000 	0.0000000000
21.00000000 19.00000000 	0.0000000000
21.00000000 20.00000000 	0.0000000000
21.00000000 21.00000000 	0.0000000000
21.00000000 22.00000000 	0.0000000000
21.00000000 23.00000000 	0.0000000000
21.00000000 24.00000000 	0.0000000000
21.00000000 25.00000000 	0.0000000000
22.00000000 -25.00000000 	0.0000000000
22.00000000 -24.00000000 	0.0000000000
22.00000000 -23.00000000 	0.0000000000
22.00000000 -22.00000000 	0.0000000000
22.00000000 -21.00000000 	0.0000000000
22.00000000 -20.00000000 	0.0000000000
22.00000000 -19.00000000 	0.0000000000
22.00000000 -18.00000000 	0.0000000000
22.00000000 -17.00000000 	0.0000000000
22.00000000 -16.00000000 	0.0000000000
22.00000000 -15.00000000 	0.0000000000
22.00000000 -14.00000000 	0.0000000000
22.00000000 -13.00000000 	0.0000000000
22.00000000 -12.00000000 	0.0000000000
22.00000000 -11.00000000 	0.0000000000
22.00000000 -10.00000000 	0.0000000000
22.00000000 -9.00000000 	0.0000000000
22.00000000 -8.00000000 	0.0000000000
22.00000000 -7.00000000 	0.0000000000
22.00000000 -6.00000000 	0.0000000000
22.00000000 -5.00000000 	0.0000000000
22.00000000 -4.00000000 	0.0000000000
22.00000000 -3.00000000 	0.0000000000
22.00000000 -2.00000000 	0.0000000000
22.00000000 -1.00000000 	0.0000000000
22.00000000 0.00000000 	0.0000000000
22.00000000 1.00000000 	0.0000000000
22.00000000 2.00000000 	0.0000000000
22.00000000 3.00000000 	0.0000000000
22.00000000 4.00000000 	0.0000000000
22.00000000 5.00000000 	0.0000000000
22.00000000 6.00000000 	0.0000000000
22.00000000 7.00000000 	0.0000000000
22.00000000 8.00000000 	0.0000000000
22.00000000 9.00000000 	0.0000000000
22.00000000 10.00000000 	0.0000000000
22.00000000 11.00000000 	0.0000000000
22.00000000 12.00000000 	0.0000000000
22.00000000 13.00000000 	0.0000000000
22.00000000 14.00000000 	0.0000000000
22.00000000 15.00000000 	0.0000000000
22.00000000 16.00000000 	0.0000000000
22.00000000 17.00000000 	0.0000000000
22.00000000 18.00000000 	0.0000000000
22.00000000 19.00000000 	0.0000000000
22.00000000 20.00000000 	0.0000000000
22.00000000 21.00000000 	0.0000000000
22.00000000 22.00000000 	0.0000000000
22.00000000 23.00000000 	0.0000000000
22.00000000 24.00000000 	0.0000000000
22.00000000 25.00000000 	0.0000000000
23.00000000 -25.00000000 	0.0000000000
23.00000000 -24.00000000 	0.0000000000
23.00000000 -23.00000000 	0.0000000000
23.00000000 -22.00000000 	0.0000000000
23.00000000 -21.00000000 	0.0000000000
23.00000000 -20.00000000 	0.0000000000
23.00000000 -19.00000000 	0.0000000000
23.00000000 -18.00000000 	0.0000000000
23.00000000 -17.00000000 	0.0000000000
23.00000000 -16.00000000 	0.0000000000
23.00000000 -15.00000000 	0.0000000000
23.00000000 -14.00000000 	0.0000000000
23.00000000 -13.00000000 	0.0000000000
23.00000000 -12.00000000 	0.0000000000
23.00000000 -11.00000000 	0.0000000000
23.00000000 -10.00000000 	0.0000000000
23.00000000 -9.00000000 	0.0000000000
23.00000000 -8.00000000 	0.0000000000
23.00000000 -7.00000000 	0.0000000000
23.00000000 -6.00000000 	0.0000000000
23.00000000 -5.00000000 	0.0000000000
23.00000000 -4.00000000 	0.0000000000
23.00000000 -3.00000000 	0.0000000000
23.00000000 -2.00000000 	0.0000000000
23.00000000 -1.00000000 	0.0000000000
23.00000000 0.00000000 	0.0000000000
23.00000000 1.00000000 	0.0000000000
23.00000000 2.00000000 	0.0000000000
23.00000000 3.00000000 	0.0000000000
23.00000000 4.00000000 	0.0000000000
23.00000000 5.00000000 	0.0000000000
23.00000000 6.00000000 	0.0000000000
23.00000000 7.00000000 	0.0000000000
23.00000000 8.00000000 	0.0000000000
23.00000000 9.00000000 	0.0000000000
23.00000000 10.00000000 	0.0000000000
23.00000000 11.00000000 	0.0000000000
23.00000000 12.00000000 	0.0000000000
23.00000000 13.00000000 	0.0000000000
23.00000000 14.00000000 	0.0000000000
23.00000000 15.00000000 	0.0000000000
23.00000000 16.00000000 	0.0000000000
23.00000000 17.00000000 	0.0000000000
23.00000000 18.00000000 	0.0000000000
23.00000000 19.00000000 	0.0000000000
23.00000000 20.00000000 	0.0000000000
23.00000000 21.00000000 	0.0000000000
23.00000000 22.00000000 	0.0000000000
23.00000000 23.00000000 	0.0000000000
23.00000000 24.00000000 	0.0000000000
23.00000000 25.00000000 	0.0000000000
24.00000000 -25.00000000 	0.0000000000
24.00000000 -24.00000000 	0.0000000000
24.00000000 -23.00000000 	0.0000000000
24.00000000 -22.00000000 	0.0000000000
24.00000000 -21.00000000 	0.0000000000
24.00000000 -20.00000000 	0.0000000000
24.00000000 -19.00000000 	0.0000000000
24.00000000 -18.00000000 	0.0000000000
24.00000000 -17.00000000 	0.0000000000
24.00000000 -16.00000000 	0.0000000000
24.00000000 -15.00000000 	0.0000000000
24.00000000 -14.00000000 	0.0000000000
24.00000000 -13.00000000 	0.0000000000
24.00000000 -12.00000000 	0.0000000000
24.00000000 -11.00000000 	0.0000000000
24.00000000 -10.00000000 	0.0000000000
24.00000000 -9.00000000 	0.0000000000
24.00000000 -8.00000000 	0.0000000000
24.00000000 -7.00000000 	0.0000000000
24.00000000 -6.00000000 	0.0000000000
24.00000000 -5.00000000 	0.0000000000
24.00000000 -4.00000000 	0.0000000000
24.00000000 -3.00000000 	0.0000000000
24.00000000 -2.00000000 	0.0000000000
24.00000000 -1.00000000 	0.0000000000
24.00000000 0.00000000 	0.0000000000
24.00000000 1.00000000 	0.0000000000
24.00000000 2.00000000 	0.0000000000
24.00000000 3.00000000 	0.0000000000
24.00000000 4.00000000 	0.0000000000
24.00000000 5.00000000 	0.0000000000
24.00000000 6.00000000 	0.0000000000
24.00000000 7.00000000 	0.0000000000
24.00000000 8.00000000 	0.0000000000
24.00000000 9.00000000 	0.0000000000
24.00000000 10.00000000 	0.0000000000
24.00000000 11.00000000 	0.0000000000
24.00000000 12.00000000 	0.0000000000
24.00000000 13.00000000 	0.0000000000
24.00000000 14.00000000 	0.0000000000
24.00000000 15.00000000 	0.0000000000
24.00000000 16.00000000 	0.0000000000
24.00000000 17.00000000 	0.0000000000
24.00000000 18.00000000 	0.0000000000
24.00000000 19.00000000 	0.0000000000
24.00000000 20.00000000 	0.0000000000
24.00000000 21.00000000 	0.0000000000
24.00000000 22.00000000 	0.0000000000
24.00000000 23.00000000 	0.0000000000
24.00000000 24.00000000 	0.0000000000
24.00000000 25.00000000 	0.0000000000
25.00000000 -25.00000000 	0.0000000000
25.00000000 -24.00000000 	0.0000000000
25.00000000 -23.00000000 	0.0000000000
25.00000000 -22.00000000 	0.0000000000
25.00000000 -21.00000000 	0.0000000000
25.00000000 -20.00000000 	0.0000000000
25.00000000 -19.00000000 	0.0000000000
25.00000000 -18.00000000 	0.0000000000
25.00000000 -17.00000000 	0.0000000000
25.00000000 -16.00000000 	0.0000000000
25.00000000 -15.00000000 	0.0000000000
25.00000000 -14.00000000 	0.0000000000
25.00000000 -13.00000000 	0.0000000000
25.00000000 -12.00000000 	0.0000000000
25.00000000 -11.00000000 	0.0000000000
25.00000000 -10.00000000 	0.0000000000
25.00000000 -9.00000000 	0.0000000000
25.00000000 -8.00000000 	0.0000000000
25.00000000 -7.00000000 	0.0000000000
25.00000000 -6.00000000 	0.0000000000
25.00000000 -5.00000000 	0.0000000000
25.00000000 -4.00000000 	0.0000000000
25.00000000 -3.00000000 	0.0000000000
25.00000000 -2.00000000 	0.0000000000
25.00000000 -1.00000000 	0.0000000000
25.00000000 0.00000000 	0.0000000000
25.00000000 1.00000000 	0.0000000000
25.00000000 2.00000000 	0.0000000000
25.00000000 3.00000000 	0.0000000000
25.00000000 4.00000000 	0.0000000000
25.00000000 5.00000000 	0.0000000000
25.00000000 6.00000000 	0.0000000000
25.00000000 7.00000000 	0.0000000000
25.00000000 8.00000000 	0.0000000000
25.00000000 9.00000000 	0.0000000000
25.00000000 10.00000000 	0.0000000000
25.00000000 11.00000000 	0.0000000000
25.00000000 12.00000000 	0.0000000000
25.00000000 13.00000000 	0.0000000000
25.00000000 14.00000000 	0.0000000000
25.00000000 15.00000000 	0.0000000000
25.00000000 16.00000000 	0.0000000000
25.00000000 17.00000000 	0.0000000000
25.00000000 18.00000000 	0.0000000000
25.00000000 19.00000000 	0.0000000000
25.00000000 20.00000000 	0.0000000000
25.00000000 21.00000000 	0.0000000000
25.00000000 22.00000000 	0.0000000000
25.00000000 23.00000000 	0.0000000000
25.00000000 24.00000000 	0.0000000000
25.00000000 25.00000000 	0.0000000000
