-8.00000000 -12.00000000 	0.0000000000
-8.00000000 -11.50000000 	0.0000000000
-8.00000000 -11.00000000 	0.0000000000
-8.00000000 -10.50000000 	0.0000000000
-8.00000000 -10.00000000 	0.0000000000
-8.00000000 -9.50000000 	0.0000000000
-8.00000000 -9.00000000 	0.0000000000
-8.00000000 -8.50000000 	0.0000000000
-8.00000000 -8.00000000 	0.0000000000
-8.00000000 -7.50000000 	0.0000000000
-8.00000000 -7.00000000 	0.0000000000
-8.00000000 -6.50000000 	0.0000000000
-8.00000000 -6.00000000 	0.0000000000
-8.00000000 -5.50000000 	0.0000000000
-8.00000000 -5.00000000 	0.0000000000
-8.00000000 -4.50000000 	0.0000000000
-8.00000000 -4.00000000 	0.0000000000
-8.00000000 -3.50000000 	0.0000000000
-8.00000000 -3.00000000 	0.0000000000
-8.00000000 -2.50000000 	0.0000000000
-8.00000000 -2.00000000 	0.0000000000
-8.00000000 -1.50000000 	0.0000000000
-8.00000000 -1.00000000 	0.0000000000
-8.00000000 -0.50000000 	0.0000000000
-8.00000000 0.00000000 	0.0000000000
-8.00000000 0.50000000 	0.0000000000
-8.00000000 1.00000000 	0.0000000000
-8.00000000 1.50000000 	0.0000000000
-8.00000000 2.00000000 	0.0000000000
-8.00000000 2.50000000 	0.0000000000
-8.00000000 3.00000000 	0.0000000000
-8.00000000 3.50000000 	0.0000000000
-8.00000000 4.00000000 	0.0000000000
-8.00000000 4.50000000 	0.0000000000
-8.00000000 5.00000000 	0.0000000000
-8.00000000 5.50000000 	0.0000000000
-8.00000000 6.00000000 	0.0000000000
-8.00000000 6.50000000 	0.0000000000
-8.00000000 7.00000000 	0.0000000000
-8.00000000 7.50000000 	0.0000000000
-8.00000000 8.00000000 	0.0000000000
-7.50000000 -12.00000000 	0.0000000000
-7.50000000 -11.50000000 	0.0000000000
-7.50000000 -11.00000000 	0.0000000000
-7.50000000 -10.50000000 	0.0000000000
-7.50000000 -10.00000000 	0.0000000000
-7.50000000 -9.50000000 	0.0000000000
-7.50000000 -9.00000000 	0.0000000000
-7.50000000 -8.50000000 	0.0000000000
-7.50000000 -8.00000000 	0.0000000000
-7.50000000 -7.50000000 	0.0000000000
-7.50000000 -7.00000000 	0.0000000000
-7.50000000 -6.50000000 	0.0000000000
-7.50000000 -6.00000000 	0.0000000000
-7.50000000 -5.50000000 	0.0000000000
-7.50000000 -5.00000000 	0.0000000000
-7.50000000 -4.50000000 	0.0000000000
-7.50000000 -4.00000000 	0.0000000000
-7.50000000 -3.50000000 	0.0000000000
-7.50000000 -3.00000000 	0.0000000000
-7.50000000 -2.50000000 	0.0000000000
-7.50000000 -2.00000000 	0.0000000000
-7.50000000 -1.50000000 	0.0000000000
-7.50000000 -1.00000000 	0.0000000000
-7.50000000 -0.50000000 	0.0000000000
-7.50000000 0.00000000 	0.0000000000
-7.50000000 0.50000000 	0.0000000000
-7.50000000 1.00000000 	0.0000000000
-7.50000000 1.50000000 	0.0000000000
-7.50000000 2.00000000 	0.0000000000
-7.50000000 2.50000000 	0.0000000000
-7.50000000 3.00000000 	0.0000000000
-7.50000000 3.50000000 	0.0000000000
-7.50000000 4.00000000 	0.0000000000
-7.50000000 4.50000000 	0.0000000000
-7.50000000 5.00000000 	0.0000000000
-7.50000000 5.50000000 	0.0000000000
-7.50000000 6.00000000 	0.0000000000
-7.50000000 6.50000000 	0.0000000000
-7.50000000 7.00000000 	0.0000000000
-7.50000000 7.50000000 	0.0000000000
-7.50000000 8.00000000 	0.0000000000
-7.00000000 -12.00000000 	0.0000000000
-7.00000000 -11.50000000 	0.0000000000
-7.00000000 -11.00000000 	0.0000000000
-7.00000000 -10.50000000 	0.0000000000
-7.00000000 -10.00000000 	0.0000000000
-7.00000000 -9.50000000 	0.0000000000
-7.00000000 -9.00000000 	0.0000000000
-7.00000000 -8.50000000 	0.0000000000
-7.00000000 -8.00000000 	0.0000000000
-7.00000000 -7.50000000 	0.0000000000
-7.00000000 -7.00000000 	0.0000000000
-7.00000000 -6.50000000 	0.0000000000
-7.00000000 -6.00000000 	0.0000000000
-7.00000000 -5.50000000 	0.0000000000
-7.00000000 -5.00000000 	0.0000000000
-7.00000000 -4.50000000 	0.0000000000
-7.00000000 -4.00000000 	0.0000000000
-7.00000000 -3.50000000 	0.0000000000
-7.00000000 -3.00000000 	0.0000000000
-7.00000000 -2.50000000 	0.0000000000
-7.00000000 -2.00000000 	0.0000000000
-7.00000000 -1.50000000 	0.0000000000
-7.00000000 -1.00000000 	0.0000000000
-7.00000000 -0.50000000 	0.0000000000
-7.00000000 0.00000000 	0.0000000000
-7.00000000 0.50000000 	0.0000000000
-7.00000000 1.00000000 	0.0000000000
-7.00000000 1.50000000 	0.0000000000
-7.00000000 2.00000000 	0.0000000000
-7.00000000 2.50000000 	0.0000000000
-7.00000000 3.00000000 	0.0000000000
-7.00000000 3.50000000 	0.0000000000
-7.00000000 4.00000000 	0.0000000000
-7.00000000 4.50000000 	0.0000000000
-7.00000000 5.00000000 	0.0000000000
-7.00000000 5.50000000 	0.0000000000
-7.00000000 6.00000000 	0.0000000000
-7.00000000 6.50000000 	0.0000000000
-7.00000000 7.00000000 	0.0000000000
-7.00000000 7.50000000 	0.0000000000
-7.00000000 8.00000000 	0.0000000000
-6.50000000 -12.00000000 	0.0000000000
-6.50000000 -11.50000000 	0.0000000000
-6.50000000 -11.00000000 	0.0000000000
-6.50000000 -10.50000000 	0.0000000000
-6.50000000 -10.00000000 	0.0000000000
-6.50000000 -9.50000000 	0.0000000000
-6.50000000 -9.00000000 	0.0000000000
-6.50000000 -8.50000000 	0.0000000000
-6.50000000 -8.00000000 	0.0000000000
-6.50000000 -7.50000000 	0.0000000000
-6.50000000 -7.00000000 	0.0000000000
-6.50000000 -6.50000000 	0.0000000000
-6.50000000 -6.00000000 	0.0000000000
-6.50000000 -5.50000000 	0.0000000000
-6.50000000 -5.00000000 	0.0000000000
-6.50000000 -4.50000000 	0.0000000000
-6.50000000 -4.00000000 	0.0000000000
-6.50000000 -3.50000000 	0.0000000000
-6.50000000 -3.00000000 	0.0000000000
-6.50000000 -2.50000000 	0.0000000000
-6.50000000 -2.00000000 	0.0000000000
-6.50000000 -1.50000000 	0.0000000000
-6.50000000 -1.00000000 	0.0000000000
-6.50000000 -0.50000000 	0.0000000000
-6.50000000 0.00000000 	0.0000000000
-6.50000000 0.50000000 	0.0000000000
-6.50000000 1.00000000 	0.0000000000
-6.50000000 1.50000000 	0.0000000000
-6.50000000 2.00000000 	0.0000000000
-6.50000000 2.50000000 	0.0000000000
-6.50000000 3.00000000 	0.0000000000
-6.50000000 3.50000000 	0.0000000000
-6.50000000 4.00000000 	0.0000000000
-6.50000000 4.50000000 	0.0000000000
-6.50000000 5.00000000 	0.0000000000
-6.50000000 5.50000000 	0.0000000000
-6.50000000 6.00000000 	0.0000000000
-6.50000000 6.50000000 	0.0000000000
-6.50000000 7.00000000 	0.0000000000
-6.50000000 7.50000000 	0.0000000000
-6.50000000 8.00000000 	0.0000000000
-6.00000000 -12.00000000 	0.0000000000
-6.00000000 -11.50000000 	0.0000000000
-6.00000000 -11.00000000 	0.0000000000
-6.00000000 -10.50000000 	0.0000000000
-6.00000000 -10.00000000 	0.0000000000
-6.00000000 -9.50000000 	0.0000000000
-6.00000000 -9.00000000 	0.0000000000
-6.00000000 -8.50000000 	0.0000000000
-6.00000000 -8.00000000 	0.0000000000
-6.00000000 -7.50000000 	0.0000000000
-6.00000000 -7.00000000 	0.0000000000
-6.00000000 -6.50000000 	0.0000000000
-6.00000000 -6.00000000 	0.0000000000
-6.00000000 -5.50000000 	0.0000000000
-6.00000000 -5.00000000 	0.0000000000
-6.00000000 -4.50000000 	0.0000000000
-6.00000000 -4.00000000 	0.0000000000
-6.00000000 -3.50000000 	0.0000000000
-6.00000000 -3.00000000 	0.0000000000
-6.00000000 -2.50000000 	0.0000000000
-6.00000000 -2.00000000 	0.0000000000
-6.00000000 -1.50000000 	0.0000000000
-6.00000000 -1.00000000 	0.0000000000
-6.00000000 -0.50000000 	0.0000000000
-6.00000000 0.00000000 	0.0000000000
-6.00000000 0.50000000 	0.0000000000
-6.00000000 1.00000000 	0.0000000000
-6.00000000 1.50000000 	0.0000000000
-6.00000000 2.00000000 	0.0000000000
-6.00000000 2.50000000 	0.0000000000
-6.00000000 3.00000000 	0.0000000000
-6.00000000 3.50000000 	0.0000000000
-6.00000000 4.00000000 	0.0000000000
-6.00000000 4.50000000 	0.0000000000
-6.00000000 5.00000000 	0.0000000000
-6.00000000 5.50000000 	0.0000000000
-6.00000000 6.00000000 	0.0000000000
-6.00000000 6.50000000 	0.0000000000
-6.00000000 7.00000000 	0.0000000000
-6.00000000 7.50000000 	0.0000000000
-6.00000000 8.00000000 	0.0000000000
-5.50000000 -12.00000000 	0.0000000000
-5.50000000 -11.50000000 	0.0000000000
-5.50000000 -11.00000000 	0.0000000000
-5.50000000 -10.50000000 	0.0000000000
-5.50000000 -10.00000000 	0.0000000000
-5.50000000 -9.50000000 	0.0000000000
-5.50000000 -9.00000000 	0.0000000000
-5.50000000 -8.50000000 	0.0000000000
-5.50000000 -8.00000000 	0.0000000000
-5.50000000 -7.50000000 	0.0000000000
-5.50000000 -7.00000000 	0.0000000000
-5.50000000 -6.50000000 	0.0000000000
-5.50000000 -6.00000000 	0.0000000000
-5.50000000 -5.50000000 	0.0000000000
-5.50000000 -5.00000000 	0.0000000000
-5.50000000 -4.50000000 	0.0000000000
-5.50000000 -4.00000000 	0.0000000000
-5.50000000 -3.50000000 	0.0000000000
-5.50000000 -3.00000000 	0.0000000000
-5.50000000 -2.50000000 	0.0000000000
-5.50000000 -2.00000000 	0.0000000000
-5.50000000 -1.50000000 	0.0000000000
-5.50000000 -1.00000000 	0.0000000000
-5.50000000 -0.50000000 	0.0000000000
-5.50000000 0.00000000 	0.0000000000
-5.50000000 0.50000000 	0.0000000000
-5.50000000 1.00000000 	0.0000000000
-5.50000000 1.50000000 	0.0000000000
-5.50000000 2.00000000 	0.0000000000
-5.50000000 2.50000000 	0.0000000000
-5.50000000 3.00000000 	0.0000000000
-5.50000000 3.50000000 	0.0000000000
-5.50000000 4.00000000 	0.0000000000
-5.50000000 4.50000000 	0.0000000000
-5.50000000 5.00000000 	0.0000000000
-5.50000000 5.50000000 	0.0000000000
-5.50000000 6.00000000 	0.0000000000
-5.50000000 6.50000000 	0.0000000000
-5.50000000 7.00000000 	0.0000000000
-5.50000000 7.50000000 	0.0000000000
-5.50000000 8.00000000 	0.0000000000
-5.00000000 -12.00000000 	0.0000000000
-5.00000000 -11.50000000 	0.0000000000
-5.00000000 -11.00000000 	0.0000000000
-5.00000000 -10.50000000 	0.0000000000
-5.00000000 -10.00000000 	0.0000000000
-5.00000000 -9.50000000 	0.0000000000
-5.00000000 -9.00000000 	0.0000000000
-5.00000000 -8.50000000 	0.0000000000
-5.00000000 -8.00000000 	0.0000000000
-5.00000000 -7.50000000 	0.0000000000
-5.00000000 -7.00000000 	0.0000000000
-5.00000000 -6.50000000 	0.0000000000
-5.00000000 -6.00000000 	0.0000000000
-5.00000000 -5.50000000 	0.0000000000
-5.00000000 -5.00000000 	0.0000000000
-5.00000000 -4.50000000 	0.0000000000
-5.00000000 -4.00000000 	0.0000000000
-5.00000000 -3.50000000 	0.0000000000
-5.00000000 -3.00000000 	0.0000000000
-5.00000000 -2.50000000 	0.0000000000
-5.00000000 -2.00000000 	0.0000000000
-5.00000000 -1.50000000 	0.0000000000
-5.00000000 -1.00000000 	0.0000000000
-5.00000000 -0.50000000 	0.0000000000
-5.00000000 0.00000000 	0.0000000000
-5.00000000 0.50000000 	0.0000000000
-5.00000000 1.00000000 	0.0000000000
-5.00000000 1.50000000 	0.0000000000
-5.00000000 2.00000000 	0.0000000000
-5.00000000 2.50000000 	0.0000000000
-5.00000000 3.00000000 	0.0000000000
-5.00000000 3.50000000 	0.0000000000
-5.00000000 4.00000000 	0.0000000000
-5.00000000 4.50000000 	0.0000000000
-5.00000000 5.00000000 	0.0000000000
-5.00000000 5.50000000 	0.0000000000
-5.00000000 6.00000000 	0.0000000000
-5.00000000 6.50000000 	0.0000000000
-5.00000000 7.00000000 	0.0000000000
-5.00000000 7.50000000 	0.0000000000
-5.00000000 8.00000000 	0.0000000000
-4.50000000 -12.00000000 	0.0000000000
-4.50000000 -11.50000000 	0.0000000000
-4.50000000 -11.00000000 	0.0000000000
-4.50000000 -10.50000000 	0.0000000000
-4.50000000 -10.00000000 	0.0000000000
-4.50000000 -9.50000000 	0.0000000000
-4.50000000 -9.00000000 	0.0000000000
-4.50000000 -8.50000000 	0.0000000000
-4.50000000 -8.00000000 	0.0000000000
-4.50000000 -7.50000000 	0.0000000000
-4.50000000 -7.00000000 	0.0000000000
-4.50000000 -6.50000000 	0.0000000000
-4.50000000 -6.00000000 	0.0000000000
-4.50000000 -5.50000000 	0.0000000000
-4.50000000 -5.00000000 	0.0000000000
-4.50000000 -4.50000000 	0.0000000000
-4.50000000 -4.00000000 	0.0000000000
-4.50000000 -3.50000000 	0.0000000000
-4.50000000 -3.00000000 	0.0000000000
-4.50000000 -2.50000000 	0.0000000000
-4.50000000 -2.00000000 	0.0000000000
-4.50000000 -1.50000000 	0.0000000000
-4.50000000 -1.00000000 	0.0000000000
-4.50000000 -0.50000000 	0.0000000000
-4.50000000 0.00000000 	0.0000000000
-4.50000000 0.50000000 	0.0000000000
-4.50000000 1.00000000 	0.0000000000
-4.50000000 1.50000000 	0.0000000000
-4.50000000 2.00000000 	0.0000000000
-4.50000000 2.50000000 	0.0000000000
-4.50000000 3.00000000 	0.0000000000
-4.50000000 3.50000000 	0.0000000000
-4.50000000 4.00000000 	0.0000000000
-4.50000000 4.50000000 	0.0000000000
-4.50000000 5.00000000 	0.0000000000
-4.50000000 5.50000000 	0.0000000000
-4.50000000 6.00000000 	0.0000000000
-4.50000000 6.50000000 	0.0000000000
-4.50000000 7.00000000 	0.0000000000
-4.50000000 7.50000000 	0.0000000000
-4.50000000 8.00000000 	0.0000000000
-4.00000000 -12.00000000 	0.0000000000
-4.00000000 -11.50000000 	0.0000000000
-4.00000000 -11.00000000 	0.0000000000
-4.00000000 -10.50000000 	0.0000000000
-4.00000000 -10.00000000 	0.0000000000
-4.00000000 -9.50000000 	0.0000000000
-4.00000000 -9.00000000 	0.0000000000
-4.00000000 -8.50000000 	0.0000000000
-4.00000000 -8.00000000 	0.0000000000
-4.00000000 -7.50000000 	0.0000000000
-4.00000000 -7.00000000 	0.0000000000
-4.00000000 -6.50000000 	0.0000000000
-4.00000000 -6.00000000 	0.0000000000
-4.00000000 -5.50000000 	0.0000000000
-4.00000000 -5.00000000 	0.0000000000
-4.00000000 -4.50000000 	0.0000000000
-4.00000000 -4.00000000 	0.0000000000
-4.00000000 -3.50000000 	0.0000000000
-4.00000000 -3.00000000 	0.0000000000
-4.00000000 -2.50000000 	0.0000000000
-4.00000000 -2.00000000 	0.0000000000
-4.00000000 -1.50000000 	0.0000000000
-4.00000000 -1.00000000 	0.0000000000
-4.00000000 -0.50000000 	0.0000000000
-4.00000000 0.00000000 	0.0000000000
-4.00000000 0.50000000 	0.0000000000
-4.00000000 1.00000000 	0.0000000000
-4.00000000 1.50000000 	0.0000000000
-4.00000000 2.00000000 	0.0000000000
-4.00000000 2.50000000 	0.0000000000
-4.00000000 3.00000000 	0.0000000000
-4.00000000 3.50000000 	0.0000000000
-4.00000000 4.00000000 	0.0000000000
-4.00000000 4.50000000 	0.0000000000
-4.00000000 5.00000000 	0.0000000000
-4.00000000 5.50000000 	0.0000000000
-4.00000000 6.00000000 	0.0000000000
-4.00000000 6.50000000 	0.0000000000
-4.00000000 7.00000000 	0.0000000000
-4.00000000 7.50000000 	0.0000000000
-4.00000000 8.00000000 	0.0000000000
-3.50000000 -12.00000000 	0.0000000000
-3.50000000 -11.50000000 	0.0000000000
-3.50000000 -11.00000000 	0.0000000000
-3.50000000 -10.50000000 	0.0000000000
-3.50000000 -10.00000000 	0.0000000000
-3.50000000 -9.50000000 	0.0000000000
-3.50000000 -9.00000000 	0.0000000000
-3.50000000 -8.50000000 	0.0000000000
-3.50000000 -8.00000000 	0.0000000000
-3.50000000 -7.50000000 	0.0000000000
-3.50000000 -7.00000000 	0.0000000000
-3.50000000 -6.50000000 	0.0000000000
-3.50000000 -6.00000000 	0.0000000000
-3.50000000 -5.50000000 	0.0000000000
-3.50000000 -5.00000000 	0.0000000000
-3.50000000 -4.50000000 	0.0000000000
-3.50000000 -4.00000000 	0.0000000000
-3.50000000 -3.50000000 	0.0000000000
-3.50000000 -3.00000000 	0.0000000000
-3.50000000 -2.50000000 	0.0000000000
-3.50000000 -2.00000000 	0.0000000000
-3.50000000 -1.50000000 	0.0000000000
-3.50000000 -1.00000000 	0.0000000000
-3.50000000 -0.50000000 	0.0000000000
-3.50000000 0.00000000 	0.0000000000
-3.50000000 0.50000000 	0.0000000000
-3.50000000 1.00000000 	0.0000000000
-3.50000000 1.50000000 	0.0000000000
-3.50000000 2.00000000 	0.0000000000
-3.50000000 2.50000000 	0.0000000000
-3.50000000 3.00000000 	0.0000000000
-3.50000000 3.50000000 	0.0000000000
-3.50000000 4.00000000 	0.0000000000
-3.50000000 4.50000000 	0.0000000000
-3.50000000 5.00000000 	0.0000000000
-3.50000000 5.50000000 	0.0000000000
-3.50000000 6.00000000 	0.0000000000
-3.50000000 6.50000000 	0.0000000000
-3.50000000 7.00000000 	0.0000000000
-3.50000000 7.50000000 	0.0000000000
-3.50000000 8.00000000 	0.0000000000
-3.00000000 -12.00000000 	0.0000000000
-3.00000000 -11.50000000 	0.0000000000
-3.00000000 -11.00000000 	0.0000000000
-3.00000000 -10.50000000 	0.0000000000
-3.00000000 -10.00000000 	0.0000000000
-3.00000000 -9.50000000 	0.0000000000
-3.00000000 -9.00000000 	0.0000000000
-3.00000000 -8.50000000 	0.0000000000
-3.00000000 -8.00000000 	0.0000000000
-3.00000000 -7.50000000 	0.0000000000
-3.00000000 -7.00000000 	0.0000000000
-3.00000000 -6.50000000 	0.0000000000
-3.00000000 -6.00000000 	0.0000000000
-3.00000000 -5.50000000 	0.0000000000
-3.00000000 -5.00000000 	0.0000000000
-3.00000000 -4.50000000 	0.0000000000
-3.00000000 -4.00000000 	0.0000000000
-3.00000000 -3.50000000 	0.0000000000
-3.00000000 -3.00000000 	0.0000000000
-3.00000000 -2.50000000 	0.0000000000
-3.00000000 -2.00000000 	0.0000000000
-3.00000000 -1.50000000 	0.0000000000
-3.00000000 -1.00000000 	0.0000000000
-3.00000000 -0.50000000 	0.0000000000
-3.00000000 0.00000000 	0.0000000000
-3.00000000 0.50000000 	0.0000000000
-3.00000000 1.00000000 	0.0000000000
-3.00000000 1.50000000 	0.0000000000
-3.00000000 2.00000000 	0.0000000000
-3.00000000 2.50000000 	0.0000000000
-3.00000000 3.00000000 	0.0000000000
-3.00000000 3.50000000 	0.0000000000
-3.00000000 4.00000000 	0.0000000000
-3.00000000 4.50000000 	0.0000000000
-3.00000000 5.00000000 	0.0000000000
-3.00000000 5.50000000 	0.0000000000
-3.00000000 6.00000000 	0.0000000000
-3.00000000 6.50000000 	0.0000000000
-3.00000000 7.00000000 	0.0000000000
-3.00000000 7.50000000 	0.0000000000
-3.00000000 8.00000000 	0.0000000000
-2.50000000 -12.00000000 	0.0000000000
-2.50000000 -11.50000000 	0.0000000000
-2.50000000 -11.00000000 	0.0000000000
-2.50000000 -10.50000000 	0.0000000000
-2.50000000 -10.00000000 	0.0000000000
-2.50000000 -9.50000000 	0.0000000000
-2.50000000 -9.00000000 	0.0000000000
-2.50000000 -8.50000000 	0.0000000000
-2.50000000 -8.00000000 	0.0000000000
-2.50000000 -7.50000000 	0.0000000000
-2.50000000 -7.00000000 	0.0000000000
-2.50000000 -6.50000000 	0.0000000000
-2.50000000 -6.00000000 	0.0000000000
-2.50000000 -5.50000000 	0.0000000000
-2.50000000 -5.00000000 	0.0000000000
-2.50000000 -4.50000000 	0.0000000000
-2.50000000 -4.00000000 	0.0000000000
-2.50000000 -3.50000000 	0.0000000000
-2.50000000 -3.00000000 	0.0000000000
-2.50000000 -2.50000000 	0.0000000000
-2.50000000 -2.00000000 	0.0000000000
-2.50000000 -1.50000000 	0.0000000000
-2.50000000 -1.00000000 	0.0000000000
-2.50000000 -0.50000000 	0.0000000000
-2.50000000 0.00000000 	0.0000000000
-2.50000000 0.50000000 	0.0000000000
-2.50000000 1.00000000 	0.0000000000
-2.50000000 1.50000000 	0.0000000000
-2.50000000 2.00000000 	0.0000000000
-2.50000000 2.50000000 	0.0000000000
-2.50000000 3.00000000 	0.0000000000
-2.50000000 3.50000000 	0.0000000000
-2.50000000 4.00000000 	0.0000000000
-2.50000000 4.50000000 	0.0000000000
-2.50000000 5.00000000 	0.0000000000
-2.50000000 5.50000000 	0.0000000000
-2.50000000 6.00000000 	0.0000000000
-2.50000000 6.50000000 	0.0000000000
-2.50000000 7.00000000 	0.0000000000
-2.50000000 7.50000000 	0.0000000000
-2.50000000 8.00000000 	0.0000000000
-2.00000000 -12.00000000 	0.0083431205
-2.00000000 -11.50000000 	0.0083431205
-2.00000000 -11.00000000 	0.0083431205
-2.00000000 -10.50000000 	0.0083431205
-2.00000000 -10.00000000 	0.0083431205
-2.00000000 -9.50000000 	0.0083431205
-2.00000000 -9.00000000 	0.0083431205
-2.00000000 -8.50000000 	0.0083431205
-2.00000000 -8.00000000 	0.0083431205
-2.00000000 -7.50000000 	0.0083431205
-2.00000000 -7.00000000 	0.0083431205
-2.00000000 -6.50000000 	0.0083431205
-2.00000000 -6.00000000 	0.0083431205
-2.00000000 -5.50000000 	0.0083431205
-2.00000000 -5.00000000 	0.0083431205
-2.00000000 -4.50000000 	0.0083431205
-2.00000000 -4.00000000 	0.0083431205
-2.00000000 -3.50000000 	0.0083431205
-2.00000000 -3.00000000 	0.0083431205
-2.00000000 -2.50000000 	0.0083431205
-2.00000000 -2.00000000 	0.0083431205
-2.00000000 -1.50000000 	0.0083431205
-2.00000000 -1.00000000 	0.0083431205
-2.00000000 -0.50000000 	0.0083431205
-2.00000000 0.00000000 	0.0083431205
-2.00000000 0.50000000 	0.0083431205
-2.00000000 1.00000000 	0.0083431205
-2.00000000 1.50000000 	0.0083431205
-2.00000000 2.00000000 	0.0083431205
-2.00000000 2.50000000 	0.0083431205
-2.00000000 3.00000000 	0.0083431205
-2.00000000 3.50000000 	0.0083431205
-2.00000000 4.00000000 	0.0083431205
-2.00000000 4.50000000 	0.0083431205
-2.00000000 5.00000000 	0.0083431205
-2.00000000 5.50000000 	0.0083431205
-2.00000000 6.00000000 	0.0083431205
-2.00000000 6.50000000 	0.0083431205
-2.00000000 7.00000000 	0.0083431205
-2.00000000 7.50000000 	0.0083431205
-2.00000000 8.00000000 	0.0083431205
-1.50000000 -12.00000000 	0.1487141976
-1.50000000 -11.50000000 	0.1487141976
-1.50000000 -11.00000000 	0.1487141976
-1.50000000 -10.50000000 	0.1487141976
-1.50000000 -10.00000000 	0.1487141976
-1.50000000 -9.50000000 	0.1487141976
-1.50000000 -9.00000000 	0.1487141976
-1.50000000 -8.50000000 	0.1487141976
-1.50000000 -8.00000000 	0.1487141976
-1.50000000 -7.50000000 	0.1487141976
-1.50000000 -7.00000000 	0.1487141976
-1.50000000 -6.50000000 	0.1487141976
-1.50000000 -6.00000000 	0.1487141976
-1.50000000 -5.50000000 	0.1487141976
-1.50000000 -5.00000000 	0.1487141976
-1.50000000 -4.50000000 	0.1487141976
-1.50000000 -4.00000000 	0.1487141976
-1.50000000 -3.50000000 	0.1487141976
-1.50000000 -3.00000000 	0.1487141976
-1.50000000 -2.50000000 	0.1487141976
-1.50000000 -2.00000000 	0.1487141976
-1.50000000 -1.50000000 	0.1487141976
-1.50000000 -1.00000000 	0.1487141976
-1.50000000 -0.50000000 	0.1487141976
-1.50000000 0.00000000 	0.1487141976
-1.50000000 0.50000000 	0.1487141976
-1.50000000 1.00000000 	0.1487141976
-1.50000000 1.50000000 	0.1487141976
-1.50000000 2.00000000 	0.1487141976
-1.50000000 2.50000000 	0.1487141976
-1.50000000 3.00000000 	0.1487141976
-1.50000000 3.50000000 	0.1487141976
-1.50000000 4.00000000 	0.1487141976
-1.50000000 4.50000000 	0.1487141976
-1.50000000 5.00000000 	0.1487141976
-1.50000000 5.50000000 	0.1487141976
-1.50000000 6.00000000 	0.1487141976
-1.50000000 6.50000000 	0.1487141976
-1.50000000 7.00000000 	0.1487141976
-1.50000000 7.50000000 	0.1487141976
-1.50000000 8.00000000 	0.1487141976
-1.00000000 -12.00000000 	0.9614129360
-1.00000000 -11.50000000 	0.9614129360
-1.00000000 -11.00000000 	0.9614129360
-1.00000000 -10.50000000 	0.9614129360
-1.00000000 -10.00000000 	0.9614129360
-1.00000000 -9.50000000 	0.9614129360
-1.00000000 -9.00000000 	0.9614129360
-1.00000000 -8.50000000 	0.9614129360
-1.00000000 -8.00000000 	0.9614129360
-1.00000000 -7.50000000 	0.9614129360
-1.00000000 -7.00000000 	0.9614129360
-1.00000000 -6.50000000 	0.9614129360
-1.00000000 -6.00000000 	0.9614129360
-1.00000000 -5.50000000 	0.9614129360
-1.00000000 -5.00000000 	0.9614129360
-1.00000000 -4.50000000 	0.9614129360
-1.00000000 -4.00000000 	0.9614129360
-1.00000000 -3.50000000 	0.9614129360
-1.00000000 -3.00000000 	0.9614129360
-1.00000000 -2.50000000 	0.9614129360
-1.00000000 -2.00000000 	0.9614129360
-1.00000000 -1.50000000 	0.9614129360
-1.00000000 -1.00000000 	0.9614129360
-1.00000000 -0.50000000 	0.9614129360
-1.00000000 0.00000000 	0.9614129360
-1.00000000 0.50000000 	0.9614129360
-1.00000000 1.00000000 	0.9614129360
-1.00000000 1.50000000 	0.9614129360
-1.00000000 2.00000000 	0.9614129360
-1.00000000 2.50000000 	0.9614129360
-1.00000000 3.00000000 	0.9614129360
-1.00000000 3.50000000 	0.9614129360
-1.00000000 4.00000000 	0.9614129360
-1.00000000 4.50000000 	0.9614129360
-1.00000000 5.00000000 	0.9614129360
-1.00000000 5.50000000 	0.9614129360
-1.00000000 6.00000000 	0.9614129360
-1.00000000 6.50000000 	0.9614129360
-1.00000000 7.00000000 	0.9614129360
-1.00000000 7.50000000 	0.9614129360
-1.00000000 8.00000000 	0.9614129360
-0.50000000 -12.00000000 	2.5485912090
-0.50000000 -11.50000000 	2.5485912090
-0.50000000 -11.00000000 	2.5485912090
-0.50000000 -10.50000000 	2.5485912090
-0.50000000 -10.00000000 	2.5485912090
-0.50000000 -9.50000000 	2.5485912090
-0.50000000 -9.00000000 	2.5485912090
-0.50000000 -8.50000000 	2.5485912090
-0.50000000 -8.00000000 	2.5485912090
-0.50000000 -7.50000000 	2.5485912090
-0.50000000 -7.00000000 	2.5485912090
-0.50000000 -6.50000000 	2.5485912090
-0.50000000 -6.00000000 	2.5485912090
-0.50000000 -5.50000000 	2.5485912090
-0.50000000 -5.00000000 	2.5485912090
-0.50000000 -4.50000000 	2.5485912090
-0.50000000 -4.00000000 	2.5485912090
-0.50000000 -3.50000000 	2.5485912090
-0.50000000 -3.00000000 	2.5485912090
-0.50000000 -2.50000000 	2.5485912090
-0.50000000 -2.00000000 	2.5485912090
-0.50000000 -1.50000000 	2.5485912090
-0.50000000 -1.00000000 	2.5485912090
-0.50000000 -0.50000000 	2.5485912090
-0.50000000 0.00000000 	2.5485912090
-0.50000000 0.50000000 	2.5485912090
-0.50000000 1.00000000 	2.5485912090
-0.50000000 1.50000000 	2.5485912090
-0.50000000 2.00000000 	2.5485912090
-0.50000000 2.50000000 	2.5485912090
-0.50000000 3.00000000 	2.5485912090
-0.50000000 3.50000000 	2.5485912090
-0.50000000 4.00000000 	2.5485912090
-0.50000000 4.50000000 	2.5485912090
-0.50000000 5.00000000 	2.5485912090
-0.50000000 5.50000000 	2.5485912090
-0.50000000 6.00000000 	2.5485912090
-0.50000000 6.50000000 	2.5485912090
-0.50000000 7.00000000 	2.5485912090
-0.50000000 7.50000000 	2.5485912090
-0.50000000 8.00000000 	2.5485912090
0.00000000 -12.00000000 	1.7570426921
0.00000000 -11.50000000 	1.7570426921
0.00000000 -11.00000000 	1.7570426921
0.00000000 -10.50000000 	1.7570426921
0.00000000 -10.00000000 	1.7570426921
0.00000000 -9.50000000 	1.7570426921
0.00000000 -9.00000000 	1.7570426921
0.00000000 -8.50000000 	1.7570426921
0.00000000 -8.00000000 	1.7570426921
0.00000000 -7.50000000 	1.7570426921
0.00000000 -7.00000000 	1.7570426921
0.00000000 -6.50000000 	1.7570426921
0.00000000 -6.00000000 	1.7570426921
0.00000000 -5.50000000 	1.7570426921
0.00000000 -5.00000000 	1.7570426921
0.00000000 -4.50000000 	1.7570426921
0.00000000 -4.00000000 	1.7570426921
0.00000000 -3.50000000 	1.7570426921
0.00000000 -3.00000000 	1.7570426921
0.00000000 -2.50000000 	1.7570426921
0.00000000 -2.00000000 	1.7570426921
0.00000000 -1.50000000 	1.7570426921
0.00000000 -1.00000000 	1.7570426921
0.00000000 -0.50000000 	1.7570426921
0.00000000 0.00000000 	1.7570426921
0.00000000 0.50000000 	1.7570426921
0.00000000 1.00000000 	1.7570426921
0.00000000 1.50000000 	1.7570426921
0.00000000 2.00000000 	1.7570426921
0.00000000 2.50000000 	1.7570426921
0.00000000 3.00000000 	1.7570426921
0.00000000 3.50000000 	1.7570426921
0.00000000 4.00000000 	1.7570426921
0.00000000 4.50000000 	1.7570426921
0.00000000 5.00000000 	1.7570426921
0.00000000 5.50000000 	1.7570426921
0.00000000 6.00000000 	1.7570426921
0.00000000 6.50000000 	1.7570426921
0.00000000 7.00000000 	1.7570426921
0.00000000 7.50000000 	1.7570426921
0.00000000 8.00000000 	1.7570426921
0.50000000 -12.00000000 	-1.7570426921
0.50000000 -11.50000000 	-1.7570426921
0.50000000 -11.00000000 	-1.7570426921
0.50000000 -10.50000000 	-1.7570426921
0.50000000 -10.00000000 	-1.7570426921
0.50000000 -9.50000000 	-1.7570426921
0.50000000 -9.00000000 	-1.7570426921
0.50000000 -8.50000000 	-1.7570426921
0.50000000 -8.00000000 	-1.7570426921
0.50000000 -7.50000000 	-1.7570426921
0.50000000 -7.00000000 	-1.7570426921
0.50000000 -6.50000000 	-1.7570426921
0.50000000 -6.00000000 	-1.7570426921
0.50000000 -5.50000000 	-1.7570426921
0.50000000 -5.00000000 	-1.7570426921
0.50000000 -4.50000000 	-1.7570426921
0.50000000 -4.00000000 	-1.7570426921
0.50000000 -3.50000000 	-1.7570426921
0.50000000 -3.00000000 	-1.7570426921
0.50000000 -2.50000000 	-1.7570426921
0.50000000 -2.00000000 	-1.7570426921
0.50000000 -1.50000000 	-1.7570426921
0.50000000 -1.00000000 	-1.7570426921
0.50000000 -0.50000000 	-1.7570426921
0.50000000 0.00000000 	-1.7570426921
0.50000000 0.50000000 	-1.7570426921
0.50000000 1.00000000 	-1.7570426921
0.50000000 1.50000000 	-1.7570426921
0.50000000 2.00000000 	-1.7570426921
0.50000000 2.50000000 	-1.7570426921
0.50000000 3.00000000 	-1.7570426921
0.50000000 3.50000000 	-1.7570426921
0.50000000 4.00000000 	-1.7570426921
0.50000000 4.50000000 	-1.7570426921
0.50000000 5.00000000 	-1.7570426921
0.50000000 5.50000000 	-1.7570426921
0.50000000 6.00000000 	-1.7570426921
0.50000000 6.50000000 	-1.7570426921
0.50000000 7.00000000 	-1.7570426921
0.50000000 7.50000000 	-1.7570426921
0.50000000 8.00000000 	-1.7570426921
1.00000000 -12.00000000 	-2.5485912090
1.00000000 -11.50000000 	-2.5485912090
1.00000000 -11.00000000 	-2.5485912090
1.00000000 -10.50000000 	-2.5485912090
1.00000000 -10.00000000 	-2.5485912090
1.00000000 -9.50000000 	-2.5485912090
1.00000000 -9.00000000 	-2.5485912090
1.00000000 -8.50000000 	-2.5485912090
1.00000000 -8.00000000 	-2.5485912090
1.00000000 -7.50000000 	-2.5485912090
1.00000000 -7.00000000 	-2.5485912090
1.00000000 -6.50000000 	-2.5485912090
1.00000000 -6.00000000 	-2.5485912090
1.00000000 -5.50000000 	-2.5485912090
1.00000000 -5.00000000 	-2.5485912090
1.00000000 -4.50000000 	-2.5485912090
1.00000000 -4.00000000 	-2.5485912090
1.00000000 -3.50000000 	-2.5485912090
1.00000000 -3.00000000 	-2.5485912090
1.00000000 -2.50000000 	-2.5485912090
1.00000000 -2.00000000 	-2.5485912090
1.00000000 -1.50000000 	-2.5485912090
1.00000000 -1.00000000 	-2.5485912090
1.00000000 -0.50000000 	-2.5485912090
1.00000000 0.00000000 	-2.5485912090
1.00000000 0.50000000 	-2.5485912090
1.00000000 1.00000000 	-2.5485912090
1.00000000 1.50000000 	-2.5485912090
1.00000000 2.00000000 	-2.5485912090
1.00000000 2.50000000 	-2.5485912090
1.00000000 3.00000000 	-2.5485912090
1.00000000 3.50000000 	-2.5485912090
1.00000000 4.00000000 	-2.5485912090
1.00000000 4.50000000 	-2.5485912090
1.00000000 5.00000000 	-2.5485912090
1.00000000 5.50000000 	-2.5485912090
1.00000000 6.00000000 	-2.5485912090
1.00000000 6.50000000 	-2.5485912090
1.00000000 7.00000000 	-2.5485912090
1.00000000 7.50000000 	-2.5485912090
1.00000000 8.00000000 	-2.5485912090
1.50000000 -12.00000000 	-0.9614129360
1.50000000 -11.50000000 	-0.9614129360
1.50000000 -11.00000000 	-0.9614129360
1.50000000 -10.50000000 	-0.9614129360
1.50000000 -10.00000000 	-0.9614129360
1.50000000 -9.50000000 	-0.9614129360
1.50000000 -9.00000000 	-0.9614129360
1.50000000 -8.50000000 	-0.9614129360
1.50000000 -8.00000000 	-0.9614129360
1.50000000 -7.50000000 	-0.9614129360
1.50000000 -7.00000000 	-0.9614129360
1.50000000 -6.50000000 	-0.9614129360
1.50000000 -6.00000000 	-0.9614129360
1.50000000 -5.50000000 	-0.9614129360
1.50000000 -5.00000000 	-0.9614129360
1.50000000 -4.50000000 	-0.9614129360
1.50000000 -4.00000000 	-0.9614129360
1.50000000 -3.50000000 	-0.9614129360
1.50000000 -3.00000000 	-0.9614129360
1.50000000 -2.50000000 	-0.9614129360
1.50000000 -2.00000000 	-0.9614129360
1.50000000 -1.50000000 	-0.9614129360
1.50000000 -1.00000000 	-0.9614129360
1.50000000 -0.50000000 	-0.9614129360
1.50000000 0.00000000 	-0.9614129360
1.50000000 0.50000000 	-0.9614129360
1.50000000 1.00000000 	-0.9614129360
1.50000000 1.50000000 	-0.9614129360
1.50000000 2.00000000 	-0.9614129360
1.50000000 2.50000000 	-0.9614129360
1.50000000 3.00000000 	-0.9614129360
1.50000000 3.50000000 	-0.9614129360
1.50000000 4.00000000 	-0.9614129360
1.50000000 4.50000000 	-0.9614129360
1.50000000 5.00000000 	-0.9614129360
1.50000000 5.50000000 	-0.9614129360
1.50000000 6.00000000 	-0.9614129360
1.50000000 6.50000000 	-0.9614129360
1.50000000 7.00000000 	-0.9614129360
1.50000000 7.50000000 	-0.9614129360
1.50000000 8.00000000 	-0.9614129360
2.00000000 -12.00000000 	-0.1498739979
2.00000000 -11.50000000 	-0.1498739979
2.00000000 -11.00000000 	-0.1498739979
2.00000000 -10.50000000 	-0.1498739979
2.00000000 -10.00000000 	-0.1498739979
2.00000000 -9.50000000 	-0.1498739979
2.00000000 -9.00000000 	-0.1498739979
2.00000000 -8.50000000 	-0.1498739979
2.00000000 -8.00000000 	-0.1498739979
2.00000000 -7.50000000 	-0.1498739979
2.00000000 -7.00000000 	-0.1498739979
2.00000000 -6.50000000 	-0.1498739979
2.00000000 -6.00000000 	-0.1498739979
2.00000000 -5.50000000 	-0.1498739979
2.00000000 -5.00000000 	-0.1498739979
2.00000000 -4.50000000 	-0.1498739979
2.00000000 -4.00000000 	-0.1498739979
2.00000000 -3.50000000 	-0.1498739979
2.00000000 -3.00000000 	-0.1498739979
2.00000000 -2.50000000 	-0.1498739979
2.00000000 -2.00000000 	-0.1498739979
2.00000000 -1.50000000 	-0.1498739979
2.00000000 -1.00000000 	-0.1498739979
2.00000000 -0.50000000 	-0.1498739979
2.00000000 0.00000000 	-0.1498739979
2.00000000 0.50000000 	-0.1498739979
2.00000000 1.00000000 	-0.1498739979
2.00000000 1.50000000 	-0.1498739979
2.00000000 2.00000000 	-0.1498739979
2.00000000 2.50000000 	-0.1498739979
2.00000000 3.00000000 	-0.1498739979
2.00000000 3.50000000 	-0.1498739979
2.00000000 4.00000000 	-0.1498739979
2.00000000 4.50000000 	-0.1498739979
2.00000000 5.00000000 	-0.1498739979
2.00000000 5.50000000 	-0.1498739979
2.00000000 6.00000000 	-0.1498739979
2.00000000 6.50000000 	-0.1498739979
2.00000000 7.00000000 	-0.1498739979
2.00000000 7.50000000 	-0.1498739979
2.00000000 8.00000000 	-0.1498739979
