-8.00000000 -12.00000000 	0.0000000000
-8.00000000 -11.50000000 	0.0000000000
-8.00000000 -11.00000000 	0.0000000000
-8.00000000 -10.50000000 	-0.0095250649
-8.00000000 -10.00000000 	-0.0983869913
-8.00000000 -9.50000000 	-0.4066574585
-8.00000000 -9.00000000 	-0.8759394820
-8.00000000 -8.50000000 	-0.9524398869
-8.00000000 -8.00000000 	-0.0379735863
-8.00000000 -7.50000000 	1.5498836652
-8.00000000 -7.00000000 	2.6257258464
-8.00000000 -6.50000000 	2.4671048941
-8.00000000 -6.00000000 	1.5286106250
-8.00000000 -5.50000000 	0.6516474671
-8.00000000 -5.00000000 	0.1905594372
-8.00000000 -4.50000000 	0.0366054447
-8.00000000 -4.00000000 	0.0041411813
-8.00000000 -3.50000000 	0.0002062417
-8.00000000 -3.00000000 	0.0000000000
-8.00000000 -2.50000000 	0.0000000000
-8.00000000 -2.00000000 	0.0000000000
-8.00000000 -1.50000000 	0.0000000000
-8.00000000 -1.00000000 	0.0000000000
-8.00000000 -0.50000000 	0.0000000000
-8.00000000 0.00000000 	0.0000000000
-8.00000000 0.50000000 	0.0000000000
-8.00000000 1.00000000 	0.0000000000
-8.00000000 1.50000000 	0.0000000000
-8.00000000 2.00000000 	0.0000000000
-8.00000000 2.50000000 	0.0000000000
-8.00000000 3.00000000 	0.0000000000
-8.00000000 3.50000000 	0.0000000000
-8.00000000 4.00000000 	0.0000000000
-8.00000000 4.50000000 	0.0000000000
-8.00000000 5.00000000 	0.0000000000
-8.00000000 5.50000000 	0.0000000000
-8.00000000 6.00000000 	0.0000000000
-8.00000000 6.50000000 	0.0000000000
-8.00000000 7.00000000 	0.0000000000
-8.00000000 7.50000000 	0.0000000000
-8.00000000 8.00000000 	0.0000000000
-7.50000000 -12.00000000 	0.0000000000
-7.50000000 -11.50000000 	0.0000000000
-7.50000000 -11.00000000 	0.0000000000
-7.50000000 -10.50000000 	-0.0120566065
-7.50000000 -10.00000000 	-0.1384381802
-7.50000000 -9.50000000 	-0.6323065814
-7.50000000 -9.00000000 	-1.5525137363
-7.50000000 -8.50000000 	-2.1784118645
-7.50000000 -8.00000000 	-1.3786398085
-7.50000000 -7.50000000 	0.9119409568
-7.50000000 -7.00000000 	3.1822279862
-7.50000000 -6.50000000 	3.9076188838
-7.50000000 -6.00000000 	3.0592269813
-7.50000000 -5.50000000 	1.6917578298
-7.50000000 -5.00000000 	0.6752978368
-7.50000000 -4.50000000 	0.1911279557
-7.50000000 -4.00000000 	0.0362895483
-7.50000000 -3.50000000 	0.0041093773
-7.50000000 -3.00000000 	0.0002062417
-7.50000000 -2.50000000 	0.0000000000
-7.50000000 -2.00000000 	0.0000000000
-7.50000000 -1.50000000 	0.0000000000
-7.50000000 -1.00000000 	0.0000000000
-7.50000000 -0.50000000 	0.0000000000
-7.50000000 0.00000000 	0.0000000000
-7.50000000 0.50000000 	0.0000000000
-7.50000000 1.00000000 	0.0000000000
-7.50000000 1.50000000 	0.0000000000
-7.50000000 2.00000000 	0.0000000000
-7.50000000 2.50000000 	0.0000000000
-7.50000000 3.00000000 	0.0000000000
-7.50000000 3.50000000 	0.0000000000
-7.50000000 4.00000000 	0.0000000000
-7.50000000 4.50000000 	0.0000000000
-7.50000000 5.00000000 	0.0000000000
-7.50000000 5.50000000 	0.0000000000
-7.50000000 6.00000000 	0.0000000000
-7.50000000 6.50000000 	0.0000000000
-7.50000000 7.00000000 	0.0000000000
-7.50000000 7.50000000 	0.0000000000
-7.50000000 8.00000000 	0.0000000000
-7.00000000 -12.00000000 	0.0000000000
-7.00000000 -11.50000000 	0.0000000000
-7.00000000 -11.00000000 	0.0000000000
-7.00000000 -10.50000000 	-0.0103707182
-7.00000000 -10.00000000 	-0.1295801247
-7.00000000 -9.50000000 	-0.6519963551
-7.00000000 -9.00000000 	-1.8228642571
-7.00000000 -8.50000000 	-3.1534259761
-7.00000000 -8.00000000 	-3.3397609782
-7.00000000 -7.50000000 	-1.5314292395
-7.00000000 -7.00000000 	1.4500484784
-7.00000000 -6.50000000 	3.7383842256
-7.00000000 -6.00000000 	4.1854954688
-7.00000000 -5.50000000 	3.1400673013
-7.00000000 -5.00000000 	1.7056868320
-7.00000000 -4.50000000 	0.6766259217
-7.00000000 -4.00000000 	0.1911814842
-7.00000000 -3.50000000 	0.0362895483
-7.00000000 -3.00000000 	0.0041093773
-7.00000000 -2.50000000 	0.0002062417
-7.00000000 -2.00000000 	0.0000000000
-7.00000000 -1.50000000 	0.0000000000
-7.00000000 -1.00000000 	0.0000000000
-7.00000000 -0.50000000 	0.0000000000
-7.00000000 0.00000000 	0.0000000000
-7.00000000 0.50000000 	0.0000000000
-7.00000000 1.00000000 	0.0000000000
-7.00000000 1.50000000 	0.0000000000
-7.00000000 2.00000000 	0.0000000000
-7.00000000 2.50000000 	0.0000000000
-7.00000000 3.00000000 	0.0000000000
-7.00000000 3.50000000 	0.0000000000
-7.00000000 4.00000000 	0.0000000000
-7.00000000 4.50000000 	0.0000000000
-7.00000000 5.00000000 	0.0000000000
-7.00000000 5.50000000 	0.0000000000
-7.00000000 6.00000000 	0.0000000000
-7.00000000 6.50000000 	0.0000000000
-7.00000000 7.00000000 	0.0000000000
-7.00000000 7.50000000 	0.0000000000
-7.00000000 8.00000000 	0.0000000000
-6.50000000 -12.00000000 	0.0000000000
-6.50000000 -11.50000000 	0.0000000000
-6.50000000 -11.00000000 	0.0000000000
-6.50000000 -10.50000000 	-0.0054586016
-6.50000000 -10.00000000 	-0.0741676843
-6.50000000 -9.50000000 	-0.4161557074
-6.50000000 -9.00000000 	-1.3407160529
-6.50000000 -8.50000000 	-2.8128857747
-6.50000000 -8.00000000 	-4.0149716296
-6.50000000 -7.50000000 	-3.7376758171
-6.50000000 -7.00000000 	-1.5449631889
-6.50000000 -6.50000000 	1.5441051519
-6.50000000 -6.00000000 	3.7922219227
-6.50000000 -5.50000000 	4.1993199644
-6.50000000 -5.00000000 	3.1417860364
-6.50000000 -4.50000000 	1.7057703433
-6.50000000 -4.00000000 	0.6766259217
-6.50000000 -3.50000000 	0.1911814842
-6.50000000 -3.00000000 	0.0362895483
-6.50000000 -2.50000000 	0.0041093773
-6.50000000 -2.00000000 	0.0002062417
-6.50000000 -1.50000000 	0.0000000000
-6.50000000 -1.00000000 	0.0000000000
-6.50000000 -0.50000000 	0.0000000000
-6.50000000 0.00000000 	0.0000000000
-6.50000000 0.50000000 	0.0000000000
-6.50000000 1.00000000 	0.0000000000
-6.50000000 1.50000000 	0.0000000000
-6.50000000 2.00000000 	0.0000000000
-6.50000000 2.50000000 	0.0000000000
-6.50000000 3.00000000 	0.0000000000
-6.50000000 3.50000000 	0.0000000000
-6.50000000 4.00000000 	0.0000000000
-6.50000000 4.50000000 	0.0000000000
-6.50000000 5.00000000 	0.0000000000
-6.50000000 5.50000000 	0.0000000000
-6.50000000 6.00000000 	0.0000000000
-6.50000000 6.50000000 	0.0000000000
-6.50000000 7.00000000 	0.0000000000
-6.50000000 7.50000000 	0.0000000000
-6.50000000 8.00000000 	0.0000000000
-6.00000000 -12.00000000 	0.0000000000
-6.00000000 -11.50000000 	0.0000000000
-6.00000000 -11.00000000 	0.0000000000
-6.00000000 -10.50000000 	-0.0016126054
-6.00000000 -10.00000000 	-0.0246879307
-6.00000000 -9.50000000 	-0.1621848769
-6.00000000 -9.00000000 	-0.6324888592
-6.00000000 -8.50000000 	-1.6627868554
-6.00000000 -8.00000000 	-3.1148673417
-6.00000000 -7.50000000 	-4.1889474099
-6.00000000 -7.00000000 	-3.7908787953
-6.00000000 -6.50000000 	-1.5473865476
-6.00000000 -6.00000000 	1.5476099713
-6.00000000 -5.50000000 	3.7931469881
-6.00000000 -5.00000000 	4.1993887462
-6.00000000 -4.50000000 	3.1417860364
-6.00000000 -4.00000000 	1.7057703433
-6.00000000 -3.50000000 	0.6766259217
-6.00000000 -3.00000000 	0.1911814842
-6.00000000 -2.50000000 	0.0362895483
-6.00000000 -2.00000000 	0.0041093773
-6.00000000 -1.50000000 	0.0002062417
-6.00000000 -1.00000000 	0.0000000000
-6.00000000 -0.50000000 	0.0000000000
-6.00000000 0.00000000 	0.0000000000
-6.00000000 0.50000000 	0.0000000000
-6.00000000 1.00000000 	0.0000000000
-6.00000000 1.50000000 	0.0000000000
-6.00000000 2.00000000 	0.0000000000
-6.00000000 2.50000000 	0.0000000000
-6.00000000 3.00000000 	0.0000000000
-6.00000000 3.50000000 	0.0000000000
-6.00000000 4.00000000 	0.0000000000
-6.00000000 4.50000000 	0.0000000000
-6.00000000 5.00000000 	0.0000000000
-6.00000000 5.50000000 	0.0000000000
-6.00000000 6.00000000 	0.0000000000
-6.00000000 6.50000000 	0.0000000000
-6.00000000 7.00000000 	0.0000000000
-6.00000000 7.50000000 	0.0000000000
-6.00000000 8.00000000 	0.0000000000
-5.50000000 -12.00000000 	0.0000000000
-5.50000000 -11.50000000 	0.0000000000
-5.50000000 -11.00000000 	0.0000000000
-5.50000000 -10.50000000 	-0.0002062417
-5.50000000 -10.00000000 	-0.0041093773
-5.50000000 -9.50000000 	-0.0362895483
-5.50000000 -9.00000000 	-0.1911814842
-5.50000000 -8.50000000 	-0.6766259217
-5.50000000 -8.00000000 	-1.7057703433
-5.50000000 -7.50000000 	-3.1417860364
-5.50000000 -7.00000000 	-4.1993887462
-5.50000000 -6.50000000 	-3.7931469881
-5.50000000 -6.00000000 	-1.5476047852
-5.50000000 -5.50000000 	1.5476047852
-5.50000000 -5.00000000 	3.7931469881
-5.50000000 -4.50000000 	4.1993887462
-5.50000000 -4.00000000 	3.1417860364
-5.50000000 -3.50000000 	1.7057703433
-5.50000000 -3.00000000 	0.6766259217
-5.50000000 -2.50000000 	0.1911814842
-5.50000000 -2.00000000 	0.0362895483
-5.50000000 -1.50000000 	0.0041093773
-5.50000000 -1.00000000 	0.0002062417
-5.50000000 -0.50000000 	0.0000000000
-5.50000000 0.00000000 	0.0000000000
-5.50000000 0.50000000 	0.0000000000
-5.50000000 1.00000000 	0.0000000000
-5.50000000 1.50000000 	0.0000000000
-5.50000000 2.00000000 	0.0000000000
-5.50000000 2.50000000 	0.0000000000
-5.50000000 3.00000000 	0.0000000000
-5.50000000 3.50000000 	0.0000000000
-5.50000000 4.00000000 	0.0000000000
-5.50000000 4.50000000 	0.0000000000
-5.50000000 5.00000000 	0.0000000000
-5.50000000 5.50000000 	0.0000000000
-5.50000000 6.00000000 	0.0000000000
-5.50000000 6.50000000 	0.0000000000
-5.50000000 7.00000000 	0.0000000000
-5.50000000 7.50000000 	0.0000000000
-5.50000000 8.00000000 	0.0000000000
-5.00000000 -12.00000000 	0.0000000000
-5.00000000 -11.50000000 	0.0000000000
-5.00000000 -11.00000000 	0.0000000000
-5.00000000 -10.50000000 	0.0000000000
-5.00000000 -10.00000000 	-0.0002062417
-5.00000000 -9.50000000 	-0.0041093773
-5.00000000 -9.00000000 	-0.0362895483
-5.00000000 -8.50000000 	-0.1911814842
-5.00000000 -8.00000000 	-0.6766259217
-5.00000000 -7.50000000 	-1.7057703433
-5.00000000 -7.00000000 	-3.1417860364
-5.00000000 -6.50000000 	-4.1993887462
-5.00000000 -6.00000000 	-3.7931469881
-5.00000000 -5.50000000 	-1.5476047852
-5.00000000 -5.00000000 	1.5476047852
-5.00000000 -4.50000000 	3.7931469881
-5.00000000 -4.00000000 	4.1993887462
-5.00000000 -3.50000000 	3.1417860364
-5.00000000 -3.00000000 	1.7057703433
-5.00000000 -2.50000000 	0.6766259217
-5.00000000 -2.00000000 	0.1911814842
-5.00000000 -1.50000000 	0.0362895483
-5.00000000 -1.00000000 	0.0041093773
-5.00000000 -0.50000000 	0.0002062417
-5.00000000 0.00000000 	0.0000000000
-5.00000000 0.50000000 	0.0000000000
-5.00000000 1.00000000 	0.0000000000
-5.00000000 1.50000000 	0.0000000000
-5.00000000 2.00000000 	0.0000000000
-5.00000000 2.50000000 	0.0000000000
-5.00000000 3.00000000 	0.0000000000
-5.00000000 3.50000000 	0.0000000000
-5.00000000 4.00000000 	0.0000000000
-5.00000000 4.50000000 	0.0000000000
-5.00000000 5.00000000 	0.0000000000
-5.00000000 5.50000000 	0.0000000000
-5.00000000 6.00000000 	0.0000000000
-5.00000000 6.50000000 	0.0000000000
-5.00000000 7.00000000 	0.0000000000
-5.00000000 7.50000000 	0.0000000000
-5.00000000 8.00000000 	0.0000000000
-4.50000000 -12.00000000 	0.0000000000
-4.50000000 -11.50000000 	0.0000000000
-4.50000000 -11.00000000 	0.0000000000
-4.50000000 -10.50000000 	0.0000000000
-4.50000000 -10.00000000 	0.0000000000
-4.50000000 -9.50000000 	-0.0002062417
-4.50000000 -9.00000000 	-0.0041093773
-4.50000000 -8.50000000 	-0.0362895483
-4.50000000 -8.00000000 	-0.1911814842
-4.50000000 -7.50000000 	-0.6766259217
-4.50000000 -7.00000000 	-1.7057703433
-4.50000000 -6.50000000 	-3.1417860364
-4.50000000 -6.00000000 	-4.1993887462
-4.50000000 -5.50000000 	-3.7931469881
-4.50000000 -5.00000000 	-1.5476047852
-4.50000000 -4.50000000 	1.5476047852
-4.50000000 -4.00000000 	3.7931469881
-4.50000000 -3.50000000 	4.1993887462
-4.50000000 -3.00000000 	3.1417860364
-4.50000000 -2.50000000 	1.7057703433
-4.50000000 -2.00000000 	0.6766259217
-4.50000000 -1.50000000 	0.1911814842
-4.50000000 -1.00000000 	0.0362895483
-4.50000000 -0.50000000 	0.0041093773
-4.50000000 0.00000000 	0.0002062417
-4.50000000 0.50000000 	0.0000000000
-4.50000000 1.00000000 	0.0000000000
-4.50000000 1.50000000 	0.0000000000
-4.50000000 2.00000000 	0.0000000000
-4.50000000 2.50000000 	0.0000000000
-4.50000000 3.00000000 	0.0000000000
-4.50000000 3.50000000 	0.0000000000
-4.50000000 4.00000000 	0.0000000000
-4.50000000 4.50000000 	0.0000000000
-4.50000000 5.00000000 	0.0000000000
-4.50000000 5.50000000 	0.0000000000
-4.50000000 6.00000000 	0.0000000000
-4.50000000 6.50000000 	0.0000000000
-4.50000000 7.00000000 	0.0000000000
-4.50000000 7.50000000 	0.0000000000
-4.50000000 8.00000000 	0.0000000000
-4.00000000 -12.00000000 	0.0000000000
-4.00000000 -11.50000000 	0.0000000000
-4.00000000 -11.00000000 	0.0000000000
-4.00000000 -10.50000000 	0.0000000000
-4.00000000 -10.00000000 	0.0000000000
-4.00000000 -9.50000000 	0.0000000000
-4.00000000 -9.00000000 	-0.0002062417
-4.00000000 -8.50000000 	-0.0041093773
-4.00000000 -8.00000000 	-0.0362895483
-4.00000000 -7.50000000 	-0.1911814842
-4.00000000 -7.00000000 	-0.6766259217
-4.00000000 -6.50000000 	-1.7057703433
-4.00000000 -6.00000000 	-3.1417860364
-4.00000000 -5.50000000 	-4.1993887462
-4.00000000 -5.00000000 	-3.7931469881
-4.00000000 -4.50000000 	-1.5476047852
-4.00000000 -4.00000000 	1.5476047852
-4.00000000 -3.50000000 	3.7931469881
-4.00000000 -3.00000000 	4.1993887462
-4.00000000 -2.50000000 	3.1417860364
-4.00000000 -2.00000000 	1.7057703433
-4.00000000 -1.50000000 	0.6766259217
-4.00000000 -1.00000000 	0.1911814842
-4.00000000 -0.50000000 	0.0362895483
-4.00000000 0.00000000 	0.0041093773
-4.00000000 0.50000000 	0.0002062417
-4.00000000 1.00000000 	0.0000000000
-4.00000000 1.50000000 	0.0000000000
-4.00000000 2.00000000 	0.0000000000
-4.00000000 2.50000000 	0.0000000000
-4.00000000 3.00000000 	0.0000000000
-4.00000000 3.50000000 	0.0000000000
-4.00000000 4.00000000 	0.0000000000
-4.00000000 4.50000000 	0.0000000000
-4.00000000 5.00000000 	0.0000000000
-4.00000000 5.50000000 	0.0000000000
-4.00000000 6.00000000 	0.0000000000
-4.00000000 6.50000000 	0.0000000000
-4.00000000 7.00000000 	0.0000000000
-4.00000000 7.50000000 	0.0000000000
-4.00000000 8.00000000 	0.0000000000
-3.50000000 -12.00000000 	0.0000000000
-3.50000000 -11.50000000 	0.0000000000
-3.50000000 -11.00000000 	0.0000000000
-3.50000000 -10.50000000 	0.0000000000
-3.50000000 -10.00000000 	0.0000000000
-3.50000000 -9.50000000 	0.0000000000
-3.50000000 -9.00000000 	0.0000000000
-3.50000000 -8.50000000 	-0.0002062417
-3.50000000 -8.00000000 	-0.0041093773
-3.50000000 -7.50000000 	-0.0362895483
-3.50000000 -7.00000000 	-0.1911814842
-3.50000000 -6.50000000 	-0.6766259217
-3.50000000 -6.00000000 	-1.7057703433
-3.50000000 -5.50000000 	-3.1417860364
-3.50000000 -5.00000000 	-4.1993887462
-3.50000000 -4.50000000 	-3.7931469881
-3.50000000 -4.00000000 	-1.5476047852
-3.50000000 -3.50000000 	1.5476047852
-3.50000000 -3.00000000 	3.7931469881
-3.50000000 -2.50000000 	4.1993887462
-3.50000000 -2.00000000 	3.1417860364
-3.50000000 -1.50000000 	1.7057703433
-3.50000000 -1.00000000 	0.6766259217
-3.50000000 -0.50000000 	0.1911814842
-3.50000000 0.00000000 	0.0362895483
-3.50000000 0.50000000 	0.0041093773
-3.50000000 1.00000000 	0.0002062417
-3.50000000 1.50000000 	0.0000000000
-3.50000000 2.00000000 	0.0000000000
-3.50000000 2.50000000 	0.0000000000
-3.50000000 3.00000000 	0.0000000000
-3.50000000 3.50000000 	0.0000000000
-3.50000000 4.00000000 	0.0000000000
-3.50000000 4.50000000 	0.0000000000
-3.50000000 5.00000000 	0.0000000000
-3.50000000 5.50000000 	0.0000000000
-3.50000000 6.00000000 	0.0000000000
-3.50000000 6.50000000 	0.0000000000
-3.50000000 7.00000000 	0.0000000000
-3.50000000 7.50000000 	0.0000000000
-3.50000000 8.00000000 	0.0000000000
-3.00000000 -12.00000000 	0.0000000000
-3.00000000 -11.50000000 	0.0000000000
-3.00000000 -11.00000000 	0.0000000000
-3.00000000 -10.50000000 	0.0000000000
-3.00000000 -10.00000000 	0.0000000000
-3.00000000 -9.50000000 	0.0000000000
-3.00000000 -9.00000000 	0.0000000000
-3.00000000 -8.50000000 	0.0000000000
-3.00000000 -8.00000000 	-0.0002062417
-3.00000000 -7.50000000 	-0.0041093773
-3.00000000 -7.00000000 	-0.0362895483
-3.00000000 -6.50000000 	-0.1911814842
-3.00000000 -6.00000000 	-0.6766259217
-3.00000000 -5.50000000 	-1.7057703433
-3.00000000 -5.00000000 	-3.1417860364
-3.00000000 -4.50000000 	-4.1993887462
-3.00000000 -4.00000000 	-3.7931469881
-3.00000000 -3.50000000 	-1.5476047852
-3.00000000 -3.00000000 	1.5476047852
-3.00000000 -2.50000000 	3.7931469881
-3.00000000 -2.00000000 	4.1993887462
-3.00000000 -1.50000000 	3.1417860364
-3.00000000 -1.00000000 	1.7057703433
-3.00000000 -0.50000000 	0.6766259217
-3.00000000 0.00000000 	0.1911814842
-3.00000000 0.50000000 	0.0362895483
-3.00000000 1.00000000 	0.0041093773
-3.00000000 1.50000000 	0.0002062417
-3.00000000 2.00000000 	0.0000000000
-3.00000000 2.50000000 	0.0000000000
-3.00000000 3.00000000 	0.0000000000
-3.00000000 3.50000000 	0.0000000000
-3.00000000 4.00000000 	0.0000000000
-3.00000000 4.50000000 	0.0000000000
-3.00000000 5.00000000 	0.0000000000
-3.00000000 5.50000000 	0.0000000000
-3.00000000 6.00000000 	0.0000000000
-3.00000000 6.50000000 	0.0000000000
-3.00000000 7.00000000 	0.0000000000
-3.00000000 7.50000000 	0.0000000000
-3.00000000 8.00000000 	0.0000000000
-2.50000000 -12.00000000 	0.0000000000
-2.50000000 -11.50000000 	0.0000000000
-2.50000000 -11.00000000 	0.0000000000
-2.50000000 -10.50000000 	0.0000000000
-2.50000000 -10.00000000 	0.0000000000
-2.50000000 -9.50000000 	0.0000000000
-2.50000000 -9.00000000 	0.0000000000
-2.50000000 -8.50000000 	0.0000000000
-2.50000000 -8.00000000 	0.0000000000
-2.50000000 -7.50000000 	-0.0002062417
-2.50000000 -7.00000000 	-0.0041093773
-2.50000000 -6.50000000 	-0.0362895483
-2.50000000 -6.00000000 	-0.1911814842
-2.50000000 -5.50000000 	-0.6766259217
-2.50000000 -5.00000000 	-1.7057703433
-2.50000000 -4.50000000 	-3.1417860364
-2.50000000 -4.00000000 	-4.1993887462
-2.50000000 -3.50000000 	-3.7931469881
-2.50000000 -3.00000000 	-1.5476047852
-2.50000000 -2.50000000 	1.5476047852
-2.50000000 -2.00000000 	3.7931469881
-2.50000000 -1.50000000 	4.1993887462
-2.50000000 -1.00000000 	3.1417860364
-2.50000000 -0.50000000 	1.7057703433
-2.50000000 0.00000000 	0.6766259217
-2.50000000 0.50000000 	0.1911814842
-2.50000000 1.00000000 	0.0362895483
-2.50000000 1.50000000 	0.0041093773
-2.50000000 2.00000000 	0.0002062417
-2.50000000 2.50000000 	0.0000000000
-2.50000000 3.00000000 	0.0000000000
-2.50000000 3.50000000 	0.0000000000
-2.50000000 4.00000000 	0.0000000000
-2.50000000 4.50000000 	0.0000000000
-2.50000000 5.00000000 	0.0000000000
-2.50000000 5.50000000 	0.0000000000
-2.50000000 6.00000000 	0.0000000000
-2.50000000 6.50000000 	0.0000000000
-2.50000000 7.00000000 	0.0000000000
-2.50000000 7.50000000 	0.0000000000
-2.50000000 8.00000000 	0.0000000000
-2.00000000 -12.00000000 	0.0000000000
-2.00000000 -11.50000000 	0.0000000000
-2.00000000 -11.00000000 	0.0000000000
-2.00000000 -10.50000000 	0.0000000000
-2.00000000 -10.00000000 	0.0000000000
-2.00000000 -9.50000000 	0.0000000000
-2.00000000 -9.00000000 	0.0000000000
-2.00000000 -8.50000000 	0.0000000000
-2.00000000 -8.00000000 	0.0000000000
-2.00000000 -7.50000000 	0.0000000000
-2.00000000 -7.00000000 	-0.0002062417
-2.00000000 -6.50000000 	-0.0041093773
-2.00000000 -6.00000000 	-0.0362895483
-2.00000000 -5.50000000 	-0.1911814842
-2.00000000 -5.00000000 	-0.6766259217
-2.00000000 -4.50000000 	-1.7057703433
-2.00000000 -4.00000000 	-3.1417860364
-2.00000000 -3.50000000 	-4.1993887462
-2.00000000 -3.00000000 	-3.7931469881
-2.00000000 -2.50000000 	-1.5476047852
-2.00000000 -2.00000000 	1.5476047852
-2.00000000 -1.50000000 	3.7931469881
-2.00000000 -1.00000000 	4.1993887462
-2.00000000 -0.50000000 	3.1417860364
-2.00000000 0.00000000 	1.7057703433
-2.00000000 0.50000000 	0.6766259217
-2.00000000 1.00000000 	0.1911814842
-2.00000000 1.50000000 	0.0362895483
-2.00000000 2.00000000 	0.0041093773
-2.00000000 2.50000000 	0.0002062417
-2.00000000 3.00000000 	0.0000000000
-2.00000000 3.50000000 	0.0000000000
-2.00000000 4.00000000 	0.0000000000
-2.00000000 4.50000000 	0.0000000000
-2.00000000 5.00000000 	0.0000000000
-2.00000000 5.50000000 	0.0000000000
-2.00000000 6.00000000 	0.0000000000
-2.00000000 6.50000000 	0.0000000000
-2.00000000 7.00000000 	0.0000000000
-2.00000000 7.50000000 	0.0000000000
-2.00000000 8.00000000 	0.0000000000
-1.50000000 -12.00000000 	0.0000000000
-1.50000000 -11.50000000 	0.0000000000
-1.50000000 -11.00000000 	0.0000000000
-1.50000000 -10.50000000 	0.0000000000
-1.50000000 -10.00000000 	0.0000000000
-1.50000000 -9.50000000 	0.0000000000
-1.50000000 -9.00000000 	0.0000000000
-1.50000000 -8.50000000 	0.0000000000
-1.50000000 -8.00000000 	0.0000000000
-1.50000000 -7.50000000 	0.0000000000
-1.50000000 -7.00000000 	0.0000000000
-1.50000000 -6.50000000 	-0.0002062417
-1.50000000 -6.00000000 	-0.0041093773
-1.50000000 -5.50000000 	-0.0362895483
-1.50000000 -5.00000000 	-0.1911814842
-1.50000000 -4.50000000 	-0.6766259217
-1.50000000 -4.00000000 	-1.7057703433
-1.50000000 -3.50000000 	-3.1417860364
-1.50000000 -3.00000000 	-4.1993887462
-1.50000000 -2.50000000 	-3.7931469881
-1.50000000 -2.00000000 	-1.5476047852
-1.50000000 -1.50000000 	1.5476047852
-1.50000000 -1.00000000 	3.7931469881
-1.50000000 -0.50000000 	4.1993887462
-1.50000000 0.00000000 	3.1417860364
-1.50000000 0.50000000 	1.7057703433
-1.50000000 1.00000000 	0.6766259217
-1.50000000 1.50000000 	0.1911814842
-1.50000000 2.00000000 	0.0362895483
-1.50000000 2.50000000 	0.0041093773
-1.50000000 3.00000000 	0.0002062417
-1.50000000 3.50000000 	0.0000000000
-1.50000000 4.00000000 	0.0000000000
-1.50000000 4.50000000 	0.0000000000
-1.50000000 5.00000000 	0.0000000000
-1.50000000 5.50000000 	0.0000000000
-1.50000000 6.00000000 	0.0000000000
-1.50000000 6.50000000 	0.0000000000
-1.50000000 7.00000000 	0.0000000000
-1.50000000 7.50000000 	0.0000000000
-1.50000000 8.00000000 	0.0000000000
-1.00000000 -12.00000000 	0.0000000000
-1.00000000 -11.50000000 	0.0000000000
-1.00000000 -11.00000000 	0.0000000000
-1.00000000 -10.50000000 	0.0000000000
-1.00000000 -10.00000000 	0.0000000000
-1.00000000 -9.50000000 	0.0000000000
-1.00000000 -9.00000000 	0.0000000000
-1.00000000 -8.50000000 	0.0000000000
-1.00000000 -8.00000000 	0.0000000000
-1.00000000 -7.50000000 	0.0000000000
-1.00000000 -7.00000000 	0.0000000000
-1.00000000 -6.50000000 	0.0000000000
-1.00000000 -6.00000000 	-0.0002062417
-1.00000000 -5.50000000 	-0.0041093773
-1.00000000 -5.00000000 	-0.0362895483
-1.00000000 -4.50000000 	-0.1911814842
-1.00000000 -4.00000000 	-0.6766259217
-1.00000000 -3.50000000 	-1.7057703433
-1.00000000 -3.00000000 	-3.1417860364
-1.00000000 -2.50000000 	-4.1993887462
-1.00000000 -2.00000000 	-3.7931469881
-1.00000000 -1.50000000 	-1.5476047852
-1.00000000 -1.00000000 	1.5476047852
-1.00000000 -0.50000000 	3.7931469881
-1.00000000 0.00000000 	4.1993887462
-1.00000000 0.50000000 	3.1417860364
-1.00000000 1.00000000 	1.7057703433
-1.00000000 1.50000000 	0.6766259217
-1.00000000 2.00000000 	0.1911814842
-1.00000000 2.50000000 	0.0362895483
-1.00000000 3.00000000 	0.0041093773
-1.00000000 3.50000000 	0.0002062417
-1.00000000 4.00000000 	0.0000000000
-1.00000000 4.50000000 	0.0000000000
-1.00000000 5.00000000 	0.0000000000
-1.00000000 5.50000000 	0.0000000000
-1.00000000 6.00000000 	0.0000000000
-1.00000000 6.50000000 	0.0000000000
-1.00000000 7.00000000 	0.0000000000
-1.00000000 7.50000000 	0.0000000000
-1.00000000 8.00000000 	0.0000000000
-0.50000000 -12.00000000 	0.0000000000
-0.50000000 -11.50000000 	0.0000000000
-0.50000000 -11.00000000 	0.0000000000
-0.50000000 -10.50000000 	0.0000000000
-0.50000000 -10.00000000 	0.0000000000
-0.50000000 -9.50000000 	0.0000000000
-0.50000000 -9.00000000 	0.0000000000
-0.50000000 -8.50000000 	0.0000000000
-0.50000000 -8.00000000 	0.0000000000
-0.50000000 -7.50000000 	0.0000000000
-0.50000000 -7.00000000 	0.0000000000
-0.50000000 -6.50000000 	0.0000000000
-0.50000000 -6.00000000 	0.0000000000
-0.50000000 -5.50000000 	-0.0002062417
-0.50000000 -5.00000000 	-0.0041093773
-0.50000000 -4.50000000 	-0.0362895483
-0.50000000 -4.00000000 	-0.1911814842
-0.50000000 -3.50000000 	-0.6766259217
-0.50000000 -3.00000000 	-1.7057703433
-0.50000000 -2.50000000 	-3.1417860364
-0.50000000 -2.00000000 	-4.1993887462
-0.50000000 -1.50000000 	-3.7931469881
-0.50000000 -1.00000000 	-1.5476047852
-0.50000000 -0.50000000 	1.5476047852
-0.50000000 0.00000000 	3.7931469881
-0.50000000 0.50000000 	4.1993887462
-0.50000000 1.00000000 	3.1417860364
-0.50000000 1.50000000 	1.7057703433
-0.50000000 2.00000000 	0.6766259217
-0.50000000 2.50000000 	0.1911814842
-0.50000000 3.00000000 	0.0362895483
-0.50000000 3.50000000 	0.0041093773
-0.50000000 4.00000000 	0.0002062417
-0.50000000 4.50000000 	0.0000000000
-0.50000000 5.00000000 	0.0000000000
-0.50000000 5.50000000 	0.0000000000
-0.50000000 6.00000000 	0.0000000000
-0.50000000 6.50000000 	0.0000000000
-0.50000000 7.00000000 	0.0000000000
-0.50000000 7.50000000 	0.0000000000
-0.50000000 8.00000000 	0.0000000000
0.00000000 -12.00000000 	0.0000000000
0.00000000 -11.50000000 	0.0000000000
0.00000000 -11.00000000 	0.0000000000
0.00000000 -10.50000000 	0.0000000000
0.00000000 -10.00000000 	0.0000000000
0.00000000 -9.50000000 	0.0000000000
0.00000000 -9.00000000 	0.0000000000
0.00000000 -8.50000000 	0.0000000000
0.00000000 -8.00000000 	0.0000000000
0.00000000 -7.50000000 	0.0000000000
0.00000000 -7.00000000 	0.0000000000
0.00000000 -6.50000000 	0.0000000000
0.00000000 -6.00000000 	0.0000000000
0.00000000 -5.50000000 	0.0000000000
0.00000000 -5.00000000 	-0.0002062417
0.00000000 -4.50000000 	-0.0041093773
0.00000000 -4.00000000 	-0.0362895483
0.00000000 -3.50000000 	-0.1911814842
0.00000000 -3.00000000 	-0.6766259217
0.00000000 -2.50000000 	-1.7057703433
0.00000000 -2.00000000 	-3.1417860364
0.00000000 -1.50000000 	-4.1993887462
0.00000000 -1.00000000 	-3.7931469881
0.00000000 -0.50000000 	-1.5476099713
0.00000000 0.00000000 	1.5473865476
0.00000000 0.50000000 	3.7908787953
0.00000000 1.00000000 	4.1889474099
0.00000000 1.50000000 	3.1148673417
0.00000000 2.00000000 	1.6627868554
0.00000000 2.50000000 	0.6324888592
0.00000000 3.00000000 	0.1621848769
0.00000000 3.50000000 	0.0246879307
0.00000000 4.00000000 	0.0016126054
0.00000000 4.50000000 	0.0000000000
0.00000000 5.00000000 	0.0000000000
0.00000000 5.50000000 	0.0000000000
0.00000000 6.00000000 	0.0000000000
0.00000000 6.50000000 	0.0000000000
0.00000000 7.00000000 	0.0000000000
0.00000000 7.50000000 	0.0000000000
0.00000000 8.00000000 	0.0000000000
0.50000000 -12.00000000 	0.0000000000
0.50000000 -11.50000000 	0.0000000000
0.50000000 -11.00000000 	0.0000000000
0.50000000 -10.50000000 	0.0000000000
0.50000000 -10.00000000 	0.0000000000
0.50000000 -9.50000000 	0.0000000000
0.50000000 -9.00000000 	0.0000000000
0.50000000 -8.50000000 	0.0000000000
0.50000000 -8.00000000 	0.0000000000
0.50000000 -7.50000000 	0.0000000000
0.50000000 -7.00000000 	0.0000000000
0.50000000 -6.50000000 	0.0000000000
0.50000000 -6.00000000 	0.0000000000
0.50000000 -5.50000000 	0.0000000000
0.50000000 -5.00000000 	0.0000000000
0.50000000 -4.50000000 	-0.0002062417
0.50000000 -4.00000000 	-0.0041093773
0.50000000 -3.50000000 	-0.0362895483
0.50000000 -3.00000000 	-0.1911814842
0.50000000 -2.50000000 	-0.6766259217
0.50000000 -2.00000000 	-1.7057703433
0.50000000 -1.50000000 	-3.1417860364
0.50000000 -1.00000000 	-4.1993199644
0.50000000 -0.50000000 	-3.7922219227
0.50000000 0.00000000 	-1.5441051519
0.50000000 0.50000000 	1.5449631889
0.50000000 1.00000000 	3.7376758171
0.50000000 1.50000000 	4.0149716296
0.50000000 2.00000000 	2.8128857747
0.50000000 2.50000000 	1.3407160529
0.50000000 3.00000000 	0.4161557074
0.50000000 3.50000000 	0.0741676843
0.50000000 4.00000000 	0.0054586016
0.50000000 4.50000000 	0.0000000000
0.50000000 5.00000000 	0.0000000000
0.50000000 5.50000000 	0.0000000000
0.50000000 6.00000000 	0.0000000000
0.50000000 6.50000000 	0.0000000000
0.50000000 7.00000000 	0.0000000000
0.50000000 7.50000000 	0.0000000000
0.50000000 8.00000000 	0.0000000000
1.00000000 -12.00000000 	0.0000000000
1.00000000 -11.50000000 	0.0000000000
1.00000000 -11.00000000 	0.0000000000
1.00000000 -10.50000000 	0.0000000000
1.00000000 -10.00000000 	0.0000000000
1.00000000 -9.50000000 	0.0000000000
1.00000000 -9.00000000 	0.0000000000
1.00000000 -8.50000000 	0.0000000000
1.00000000 -8.00000000 	0.0000000000
1.00000000 -7.50000000 	0.0000000000
1.00000000 -7.00000000 	0.0000000000
1.00000000 -6.50000000 	0.0000000000
1.00000000 -6.00000000 	0.0000000000
1.00000000 -5.50000000 	0.0000000000
1.00000000 -5.00000000 	0.0000000000
1.00000000 -4.50000000 	0.0000000000
1.00000000 -4.00000000 	-0.0002062417
1.00000000 -3.50000000 	-0.0041093773
1.00000000 -3.00000000 	-0.0362895483
1.00000000 -2.50000000 	-0.1911814842
1.00000000 -2.00000000 	-0.6766259217
1.00000000 -1.50000000 	-1.7056868320
1.00000000 -1.00000000 	-3.1400673013
1.00000000 -0.50000000 	-4.1854954688
1.00000000 0.00000000 	-3.7383842256
1.00000000 0.50000000 	-1.4500484784
1.00000000 1.00000000 	1.5314292395
1.00000000 1.50000000 	3.3397609782
1.00000000 2.00000000 	3.1534259761
1.00000000 2.50000000 	1.8228642571
1.00000000 3.00000000 	0.6519963551
1.00000000 3.50000000 	0.1295801247
1.00000000 4.00000000 	0.0103707182
1.00000000 4.50000000 	0.0000000000
1.00000000 5.00000000 	0.0000000000
1.00000000 5.50000000 	0.0000000000
1.00000000 6.00000000 	0.0000000000
1.00000000 6.50000000 	0.0000000000
1.00000000 7.00000000 	0.0000000000
1.00000000 7.50000000 	0.0000000000
1.00000000 8.00000000 	0.0000000000
1.50000000 -12.00000000 	0.0000000000
1.50000000 -11.50000000 	0.0000000000
1.50000000 -11.00000000 	0.0000000000
1.50000000 -10.50000000 	0.0000000000
1.50000000 -10.00000000 	0.0000000000
1.50000000 -9.50000000 	0.0000000000
1.50000000 -9.00000000 	0.0000000000
1.50000000 -8.50000000 	0.0000000000
1.50000000 -8.00000000 	0.0000000000
1.50000000 -7.50000000 	0.0000000000
1.50000000 -7.00000000 	0.0000000000
1.50000000 -6.50000000 	0.0000000000
1.50000000 -6.00000000 	0.0000000000
1.50000000 -5.50000000 	0.0000000000
1.50000000 -5.00000000 	0.0000000000
1.50000000 -4.50000000 	0.0000000000
1.50000000 -4.00000000 	0.0000000000
1.50000000 -3.50000000 	-0.0002062417
1.50000000 -3.00000000 	-0.0041093773
1.50000000 -2.50000000 	-0.0362895483
1.50000000 -2.00000000 	-0.1911279557
1.50000000 -1.50000000 	-0.6752978368
1.50000000 -1.00000000 	-1.6917578298
1.50000000 -0.50000000 	-3.0592269813
1.50000000 0.00000000 	-3.9076188838
1.50000000 0.50000000 	-3.1822279862
1.50000000 1.00000000 	-0.9119409568
1.50000000 1.50000000 	1.3786398085
1.50000000 2.00000000 	2.1784118645
1.50000000 2.50000000 	1.5525137363
1.50000000 3.00000000 	0.6323065814
1.50000000 3.50000000 	0.1384381802
1.50000000 4.00000000 	0.0120566065
1.50000000 4.50000000 	0.0000000000
1.50000000 5.00000000 	0.0000000000
1.50000000 5.50000000 	0.0000000000
1.50000000 6.00000000 	0.0000000000
1.50000000 6.50000000 	0.0000000000
1.50000000 7.00000000 	0.0000000000
1.50000000 7.50000000 	0.0000000000
1.50000000 8.00000000 	0.0000000000
2.00000000 -12.00000000 	0.0000000000
2.00000000 -11.50000000 	0.0000000000
2.00000000 -11.00000000 	0.0000000000
2.00000000 -10.50000000 	0.0000000000
2.00000000 -10.00000000 	0.0000000000
2.00000000 -9.50000000 	0.0000000000
2.00000000 -9.00000000 	0.0000000000
2.00000000 -8.50000000 	0.0000000000
2.00000000 -8.00000000 	0.0000000000
2.00000000 -7.50000000 	0.0000000000
2.00000000 -7.00000000 	0.0000000000
2.00000000 -6.50000000 	0.0000000000
2.00000000 -6.00000000 	0.0000000000
2.00000000 -5.50000000 	0.0000000000
2.00000000 -5.00000000 	0.0000000000
2.00000000 -4.50000000 	0.0000000000
2.00000000 -4.00000000 	0.0000000000
2.00000000 -3.50000000 	0.0000000000
2.00000000 -3.00000000 	-0.0002062417
2.00000000 -2.50000000 	-0.0041411813
2.00000000 -2.00000000 	-0.0366054447
2.00000000 -1.50000000 	-0.1905594372
2.00000000 -1.00000000 	-0.6516474671
2.00000000 -0.50000000 	-1.5286106250
2.00000000 0.00000000 	-2.4671048941
2.00000000 0.50000000 	-2.6257258464
2.00000000 1.00000000 	-1.5498836652
2.00000000 1.50000000 	0.0379735863
2.00000000 2.00000000 	0.9524398869
2.00000000 2.50000000 	0.8759394820
2.00000000 3.00000000 	0.4066574585
2.00000000 3.50000000 	0.0983869913
2.00000000 4.00000000 	0.0095250649
2.00000000 4.50000000 	0.0000000000
2.00000000 5.00000000 	0.0000000000
2.00000000 5.50000000 	0.0000000000
2.00000000 6.00000000 	0.0000000000
2.00000000 6.50000000 	0.0000000000
2.00000000 7.00000000 	0.0000000000
2.00000000 7.50000000 	0.0000000000
2.00000000 8.00000000 	0.0000000000
