-8.00000000 -12.00000000 	0.0000000000
-8.00000000 -11.50000000 	0.0000000000
-8.00000000 -11.00000000 	0.0000000000
-8.00000000 -10.50000000 	0.0000000000
-8.00000000 -10.00000000 	-0.0000483103
-8.00000000 -9.50000000 	-0.0042673641
-8.00000000 -9.00000000 	-0.2066132302
-8.00000000 -8.50000000 	-0.3437697539
-8.00000000 -8.00000000 	1.1673686765
-8.00000000 -7.50000000 	1.9157347977
-8.00000000 -7.00000000 	0.7770752663
-8.00000000 -6.50000000 	0.2119920530
-8.00000000 -6.00000000 	0.0058248155
-8.00000000 -5.50000000 	0.0013248362
-8.00000000 -5.00000000 	0.0000683405
-8.00000000 -4.50000000 	0.0000091459
-8.00000000 -4.00000000 	0.0000000000
-8.00000000 -3.50000000 	0.0000000000
-8.00000000 -3.00000000 	0.0000000000
-8.00000000 -2.50000000 	0.0000000000
-8.00000000 -2.00000000 	0.0000000000
-8.00000000 -1.50000000 	0.0000000000
-8.00000000 -1.00000000 	0.0000000000
-8.00000000 -0.50000000 	0.0000000000
-8.00000000 0.00000000 	0.0000000000
-8.00000000 0.50000000 	0.0000000000
-8.00000000 1.00000000 	0.0000000000
-8.00000000 1.50000000 	0.0000000000
-8.00000000 2.00000000 	0.0000000000
-8.00000000 2.50000000 	0.0000000000
-8.00000000 3.00000000 	0.0000000000
-8.00000000 3.50000000 	0.0000000000
-8.00000000 4.00000000 	0.0000000000
-8.00000000 4.50000000 	0.0000000000
-8.00000000 5.00000000 	0.0000000000
-8.00000000 5.50000000 	0.0000000000
-8.00000000 6.00000000 	0.0000000000
-8.00000000 6.50000000 	0.0000000000
-8.00000000 7.00000000 	0.0000000000
-8.00000000 7.50000000 	0.0000000000
-8.00000000 8.00000000 	0.0000000000
-7.50000000 -12.00000000 	0.0000000000
-7.50000000 -11.50000000 	0.0000000000
-7.50000000 -11.00000000 	0.0000000000
-7.50000000 -10.50000000 	0.0000000000
-7.50000000 -10.00000000 	-0.0000774555
-7.50000000 -9.50000000 	-0.0048495669
-7.50000000 -9.00000000 	-0.3920705500
-7.50000000 -8.50000000 	-2.0936153004
-7.50000000 -8.00000000 	-1.7050868681
-7.50000000 -7.50000000 	1.8984372987
-7.50000000 -7.00000000 	2.6545728395
-7.50000000 -6.50000000 	0.9658467696
-7.50000000 -6.00000000 	0.2140239219
-7.50000000 -5.50000000 	0.0064390385
-7.50000000 -5.00000000 	0.0013828291
-7.50000000 -4.50000000 	0.0000758493
-7.50000000 -4.00000000 	0.0000091459
-7.50000000 -3.50000000 	0.0000000000
-7.50000000 -3.00000000 	0.0000000000
-7.50000000 -2.50000000 	0.0000000000
-7.50000000 -2.00000000 	0.0000000000
-7.50000000 -1.50000000 	0.0000000000
-7.50000000 -1.00000000 	0.0000000000
-7.50000000 -0.50000000 	0.0000000000
-7.50000000 0.00000000 	0.0000000000
-7.50000000 0.50000000 	0.0000000000
-7.50000000 1.00000000 	0.0000000000
-7.50000000 1.50000000 	0.0000000000
-7.50000000 2.00000000 	0.0000000000
-7.50000000 2.50000000 	0.0000000000
-7.50000000 3.00000000 	0.0000000000
-7.50000000 3.50000000 	0.0000000000
-7.50000000 4.00000000 	0.0000000000
-7.50000000 4.50000000 	0.0000000000
-7.50000000 5.00000000 	0.0000000000
-7.50000000 5.50000000 	0.0000000000
-7.50000000 6.00000000 	0.0000000000
-7.50000000 6.50000000 	0.0000000000
-7.50000000 7.00000000 	0.0000000000
-7.50000000 7.50000000 	0.0000000000
-7.50000000 8.00000000 	0.0000000000
-7.00000000 -12.00000000 	0.0000000000
-7.00000000 -11.50000000 	0.0000000000
-7.00000000 -11.00000000 	0.0000000000
-7.00000000 -10.50000000 	0.0000000000
-7.00000000 -10.00000000 	-0.0000671903
-7.00000000 -9.50000000 	-0.0040825920
-7.00000000 -9.00000000 	-0.2123531755
-7.00000000 -8.50000000 	-0.9627532621
-7.00000000 -8.00000000 	-2.6505941016
-7.00000000 -7.50000000 	-1.8960540363
-7.00000000 -7.00000000 	1.8983694871
-7.00000000 -6.50000000 	2.6555456401
-7.00000000 -6.00000000 	0.9662050834
-7.00000000 -5.50000000 	0.2140322214
-7.00000000 -5.00000000 	0.0064394309
-7.00000000 -4.50000000 	0.0013828291
-7.00000000 -4.00000000 	0.0000758493
-7.00000000 -3.50000000 	0.0000091459
-7.00000000 -3.00000000 	0.0000000000
-7.00000000 -2.50000000 	0.0000000000
-7.00000000 -2.00000000 	0.0000000000
-7.00000000 -1.50000000 	0.0000000000
-7.00000000 -1.00000000 	0.0000000000
-7.00000000 -0.50000000 	0.0000000000
-7.00000000 0.00000000 	0.0000000000
-7.00000000 0.50000000 	0.0000000000
-7.00000000 1.00000000 	0.0000000000
-7.00000000 1.50000000 	0.0000000000
-7.00000000 2.00000000 	0.0000000000
-7.00000000 2.50000000 	0.0000000000
-7.00000000 3.00000000 	0.0000000000
-7.00000000 3.50000000 	0.0000000000
-7.00000000 4.00000000 	0.0000000000
-7.00000000 4.50000000 	0.0000000000
-7.00000000 5.00000000 	0.0000000000
-7.00000000 5.50000000 	0.0000000000
-7.00000000 6.00000000 	0.0000000000
-7.00000000 6.50000000 	0.0000000000
-7.00000000 7.00000000 	0.0000000000
-7.00000000 7.50000000 	0.0000000000
-7.00000000 8.00000000 	0.0000000000
-6.50000000 -12.00000000 	0.0000000000
-6.50000000 -11.50000000 	0.0000000000
-6.50000000 -11.00000000 	0.0000000000
-6.50000000 -10.50000000 	0.0000000000
-6.50000000 -10.00000000 	-0.0000395141
-6.50000000 -9.50000000 	-0.0017250166
-6.50000000 -9.00000000 	-0.0083108353
-6.50000000 -8.50000000 	-0.2166376823
-6.50000000 -8.00000000 	-0.9657203802
-6.50000000 -7.50000000 	-2.6525671958
-6.50000000 -7.00000000 	-1.8966920262
-6.50000000 -6.50000000 	1.8984509116
-6.50000000 -6.00000000 	2.6555870812
-6.50000000 -5.50000000 	0.9662122007
-6.50000000 -5.00000000 	0.2140322214
-6.50000000 -4.50000000 	0.0064394309
-6.50000000 -4.00000000 	0.0013828291
-6.50000000 -3.50000000 	0.0000758493
-6.50000000 -3.00000000 	0.0000091459
-6.50000000 -2.50000000 	0.0000000000
-6.50000000 -2.00000000 	0.0000000000
-6.50000000 -1.50000000 	0.0000000000
-6.50000000 -1.00000000 	0.0000000000
-6.50000000 -0.50000000 	0.0000000000
-6.50000000 0.00000000 	0.0000000000
-6.50000000 0.50000000 	0.0000000000
-6.50000000 1.00000000 	0.0000000000
-6.50000000 1.50000000 	0.0000000000
-6.50000000 2.00000000 	0.0000000000
-6.50000000 2.50000000 	0.0000000000
-6.50000000 3.00000000 	0.0000000000
-6.50000000 3.50000000 	0.0000000000
-6.50000000 4.00000000 	0.0000000000
-6.50000000 4.50000000 	0.0000000000
-6.50000000 5.00000000 	0.0000000000
-6.50000000 5.50000000 	0.0000000000
-6.50000000 6.00000000 	0.0000000000
-6.50000000 6.50000000 	0.0000000000
-6.50000000 7.00000000 	0.0000000000
-6.50000000 7.50000000 	0.0000000000
-6.50000000 8.00000000 	0.0000000000
-6.00000000 -12.00000000 	0.0000000000
-6.00000000 -11.50000000 	0.0000000000
-6.00000000 -11.00000000 	0.0000000000
-6.00000000 -10.50000000 	0.0000000000
-6.00000000 -10.00000000 	-0.0000107859
-6.00000000 -9.50000000 	-0.0000849015
-6.00000000 -9.00000000 	-0.0018141998
-6.00000000 -8.50000000 	-0.0084263378
-6.00000000 -8.00000000 	-0.2167501364
-6.00000000 -7.50000000 	-0.9658005455
-6.00000000 -7.00000000 	-2.6526032705
-6.00000000 -6.50000000 	-1.8966994927
-6.00000000 -6.00000000 	1.8984509116
-6.00000000 -5.50000000 	2.6555870812
-6.00000000 -5.00000000 	0.9662122007
-6.00000000 -4.50000000 	0.2140322214
-6.00000000 -4.00000000 	0.0064394309
-6.00000000 -3.50000000 	0.0013828291
-6.00000000 -3.00000000 	0.0000758493
-6.00000000 -2.50000000 	0.0000091459
-6.00000000 -2.00000000 	0.0000000000
-6.00000000 -1.50000000 	0.0000000000
-6.00000000 -1.00000000 	0.0000000000
-6.00000000 -0.50000000 	0.0000000000
-6.00000000 0.00000000 	0.0000000000
-6.00000000 0.50000000 	0.0000000000
-6.00000000 1.00000000 	0.0000000000
-6.00000000 1.50000000 	0.0000000000
-6.00000000 2.00000000 	0.0000000000
-6.00000000 2.50000000 	0.0000000000
-6.00000000 3.00000000 	0.0000000000
-6.00000000 3.50000000 	0.0000000000
-6.00000000 4.00000000 	0.0000000000
-6.00000000 4.50000000 	0.0000000000
-6.00000000 5.00000000 	0.0000000000
-6.00000000 5.50000000 	0.0000000000
-6.00000000 6.00000000 	0.0000000000
-6.00000000 6.50000000 	0.0000000000
-6.00000000 7.00000000 	0.0000000000
-6.00000000 7.50000000 	0.0000000000
-6.00000000 8.00000000 	0.0000000000
-5.50000000 -12.00000000 	0.0000000000
-5.50000000 -11.50000000 	0.0000000000
-5.50000000 -11.00000000 	0.0000000000
-5.50000000 -10.50000000 	0.0000000000
-5.50000000 -10.00000000 	0.0000000000
-5.50000000 -9.50000000 	-0.0000107859
-5.50000000 -9.00000000 	-0.0000849015
-5.50000000 -8.50000000 	-0.0018141998
-5.50000000 -8.00000000 	-0.0084263378
-5.50000000 -7.50000000 	-0.2167501364
-5.50000000 -7.00000000 	-0.9658005455
-5.50000000 -6.50000000 	-2.6526032705
-5.50000000 -6.00000000 	-1.8966994927
-5.50000000 -5.50000000 	1.8984509116
-5.50000000 -5.00000000 	2.6555870812
-5.50000000 -4.50000000 	0.9662122007
-5.50000000 -4.00000000 	0.2140322214
-5.50000000 -3.50000000 	0.0064394309
-5.50000000 -3.00000000 	0.0013828291
-5.50000000 -2.50000000 	0.0000758493
-5.50000000 -2.00000000 	0.0000091459
-5.50000000 -1.50000000 	0.0000000000
-5.50000000 -1.00000000 	0.0000000000
-5.50000000 -0.50000000 	0.0000000000
-5.50000000 0.00000000 	0.0000000000
-5.50000000 0.50000000 	0.0000000000
-5.50000000 1.00000000 	0.0000000000
-5.50000000 1.50000000 	0.0000000000
-5.50000000 2.00000000 	0.0000000000
-5.50000000 2.50000000 	0.0000000000
-5.50000000 3.00000000 	0.0000000000
-5.50000000 3.50000000 	0.0000000000
-5.50000000 4.00000000 	0.0000000000
-5.50000000 4.50000000 	0.0000000000
-5.50000000 5.00000000 	0.0000000000
-5.50000000 5.50000000 	0.0000000000
-5.50000000 6.00000000 	0.0000000000
-5.50000000 6.50000000 	0.0000000000
-5.50000000 7.00000000 	0.0000000000
-5.50000000 7.50000000 	0.0000000000
-5.50000000 8.00000000 	0.0000000000
-5.00000000 -12.00000000 	0.0000000000
-5.00000000 -11.50000000 	0.0000000000
-5.00000000 -11.00000000 	0.0000000000
-5.00000000 -10.50000000 	0.0000000000
-5.00000000 -10.00000000 	0.0000000000
-5.00000000 -9.50000000 	0.0000000000
-5.00000000 -9.00000000 	-0.0000107859
-5.00000000 -8.50000000 	-0.0000849015
-5.00000000 -8.00000000 	-0.0018141998
-5.00000000 -7.50000000 	-0.0084263378
-5.00000000 -7.00000000 	-0.2167501364
-5.00000000 -6.50000000 	-0.9658005455
-5.00000000 -6.00000000 	-2.6526032705
-5.00000000 -5.50000000 	-1.8966994927
-5.00000000 -5.00000000 	1.8984509116
-5.00000000 -4.50000000 	2.6555870812
-5.00000000 -4.00000000 	0.9662122007
-5.00000000 -3.50000000 	0.2140322214
-5.00000000 -3.00000000 	0.0064394309
-5.00000000 -2.50000000 	0.0013828291
-5.00000000 -2.00000000 	0.0000758493
-5.00000000 -1.50000000 	0.0000091459
-5.00000000 -1.00000000 	0.0000000000
-5.00000000 -0.50000000 	0.0000000000
-5.00000000 0.00000000 	0.0000000000
-5.00000000 0.50000000 	0.0000000000
-5.00000000 1.00000000 	0.0000000000
-5.00000000 1.50000000 	0.0000000000
-5.00000000 2.00000000 	0.0000000000
-5.00000000 2.50000000 	0.0000000000
-5.00000000 3.00000000 	0.0000000000
-5.00000000 3.50000000 	0.0000000000
-5.00000000 4.00000000 	0.0000000000
-5.00000000 4.50000000 	0.0000000000
-5.00000000 5.00000000 	0.0000000000
-5.00000000 5.50000000 	0.0000000000
-5.00000000 6.00000000 	0.0000000000
-5.00000000 6.50000000 	0.0000000000
-5.00000000 7.00000000 	0.0000000000
-5.00000000 7.50000000 	0.0000000000
-5.00000000 8.00000000 	0.0000000000
-4.50000000 -12.00000000 	0.0000000000
-4.50000000 -11.50000000 	0.0000000000
-4.50000000 -11.00000000 	0.0000000000
-4.50000000 -10.50000000 	0.0000000000
-4.50000000 -10.00000000 	0.0000000000
-4.50000000 -9.50000000 	0.0000000000
-4.50000000 -9.00000000 	0.0000000000
-4.50000000 -8.50000000 	-0.0000107859
-4.50000000 -8.00000000 	-0.0000849015
-4.50000000 -7.50000000 	-0.0018141998
-4.50000000 -7.00000000 	-0.0084263378
-4.50000000 -6.50000000 	-0.2167501364
-4.50000000 -6.00000000 	-0.9658005455
-4.50000000 -5.50000000 	-2.6526032705
-4.50000000 -5.00000000 	-1.8966994927
-4.50000000 -4.50000000 	1.8984509116
-4.50000000 -4.00000000 	2.6555870812
-4.50000000 -3.50000000 	0.9662122007
-4.50000000 -3.00000000 	0.2140322214
-4.50000000 -2.50000000 	0.0064394309
-4.50000000 -2.00000000 	0.0013828291
-4.50000000 -1.50000000 	0.0000758493
-4.50000000 -1.00000000 	0.0000091459
-4.50000000 -0.50000000 	0.0000000000
-4.50000000 0.00000000 	0.0000000000
-4.50000000 0.50000000 	0.0000000000
-4.50000000 1.00000000 	0.0000000000
-4.50000000 1.50000000 	0.0000000000
-4.50000000 2.00000000 	0.0000000000
-4.50000000 2.50000000 	0.0000000000
-4.50000000 3.00000000 	0.0000000000
-4.50000000 3.50000000 	0.0000000000
-4.50000000 4.00000000 	0.0000000000
-4.50000000 4.50000000 	0.0000000000
-4.50000000 5.00000000 	0.0000000000
-4.50000000 5.50000000 	0.0000000000
-4.50000000 6.00000000 	0.0000000000
-4.50000000 6.50000000 	0.0000000000
-4.50000000 7.00000000 	0.0000000000
-4.50000000 7.50000000 	0.0000000000
-4.50000000 8.00000000 	0.0000000000
-4.00000000 -12.00000000 	0.0000000000
-4.00000000 -11.50000000 	0.0000000000
-4.00000000 -11.00000000 	0.0000000000
-4.00000000 -10.50000000 	0.0000000000
-4.00000000 -10.00000000 	0.0000000000
-4.00000000 -9.50000000 	0.0000000000
-4.00000000 -9.00000000 	0.0000000000
-4.00000000 -8.50000000 	0.0000000000
-4.00000000 -8.00000000 	-0.0000107859
-4.00000000 -7.50000000 	-0.0000849015
-4.00000000 -7.00000000 	-0.0018141998
-4.00000000 -6.50000000 	-0.0084263378
-4.00000000 -6.00000000 	-0.2167501364
-4.00000000 -5.50000000 	-0.9658005455
-4.00000000 -5.00000000 	-2.6526032705
-4.00000000 -4.50000000 	-1.8966994927
-4.00000000 -4.00000000 	1.8984509116
-4.00000000 -3.50000000 	2.6555870812
-4.00000000 -3.00000000 	0.9662122007
-4.00000000 -2.50000000 	0.2140322214
-4.00000000 -2.00000000 	0.0064394309
-4.00000000 -1.50000000 	0.0013828291
-4.00000000 -1.00000000 	0.0000758493
-4.00000000 -0.50000000 	0.0000091459
-4.00000000 0.00000000 	0.0000000000
-4.00000000 0.50000000 	0.0000000000
-4.00000000 1.00000000 	0.0000000000
-4.00000000 1.50000000 	0.0000000000
-4.00000000 2.00000000 	0.0000000000
-4.00000000 2.50000000 	0.0000000000
-4.00000000 3.00000000 	0.0000000000
-4.00000000 3.50000000 	0.0000000000
-4.00000000 4.00000000 	0.0000000000
-4.00000000 4.50000000 	0.0000000000
-4.00000000 5.00000000 	0.0000000000
-4.00000000 5.50000000 	0.0000000000
-4.00000000 6.00000000 	0.0000000000
-4.00000000 6.50000000 	0.0000000000
-4.00000000 7.00000000 	0.0000000000
-4.00000000 7.50000000 	0.0000000000
-4.00000000 8.00000000 	0.0000000000
-3.50000000 -12.00000000 	0.0000000000
-3.50000000 -11.50000000 	0.0000000000
-3.50000000 -11.00000000 	0.0000000000
-3.50000000 -10.50000000 	0.0000000000
-3.50000000 -10.00000000 	0.0000000000
-3.50000000 -9.50000000 	0.0000000000
-3.50000000 -9.00000000 	0.0000000000
-3.50000000 -8.50000000 	0.0000000000
-3.50000000 -8.00000000 	0.0000000000
-3.50000000 -7.50000000 	-0.0000107859
-3.50000000 -7.00000000 	-0.0000849015
-3.50000000 -6.50000000 	-0.0018141998
-3.50000000 -6.00000000 	-0.0084263378
-3.50000000 -5.50000000 	-0.2167501364
-3.50000000 -5.00000000 	-0.9658005455
-3.50000000 -4.50000000 	-2.6526032705
-3.50000000 -4.00000000 	-1.8966994927
-3.50000000 -3.50000000 	1.8984509116
-3.50000000 -3.00000000 	2.6555870812
-3.50000000 -2.50000000 	0.9662122007
-3.50000000 -2.00000000 	0.2140322214
-3.50000000 -1.50000000 	0.0064394309
-3.50000000 -1.00000000 	0.0013828291
-3.50000000 -0.50000000 	0.0000758493
-3.50000000 0.00000000 	0.0000091459
-3.50000000 0.50000000 	0.0000000000
-3.50000000 1.00000000 	0.0000000000
-3.50000000 1.50000000 	0.0000000000
-3.50000000 2.00000000 	0.0000000000
-3.50000000 2.50000000 	0.0000000000
-3.50000000 3.00000000 	0.0000000000
-3.50000000 3.50000000 	0.0000000000
-3.50000000 4.00000000 	0.0000000000
-3.50000000 4.50000000 	0.0000000000
-3.50000000 5.00000000 	0.0000000000
-3.50000000 5.50000000 	0.0000000000
-3.50000000 6.00000000 	0.0000000000
-3.50000000 6.50000000 	0.0000000000
-3.50000000 7.00000000 	0.0000000000
-3.50000000 7.50000000 	0.0000000000
-3.50000000 8.00000000 	0.0000000000
-3.00000000 -12.00000000 	0.0000000000
-3.00000000 -11.50000000 	0.0000000000
-3.00000000 -11.00000000 	0.0000000000
-3.00000000 -10.50000000 	0.0000000000
-3.00000000 -10.00000000 	0.0000000000
-3.00000000 -9.50000000 	0.0000000000
-3.00000000 -9.00000000 	0.0000000000
-3.00000000 -8.50000000 	0.0000000000
-3.00000000 -8.00000000 	0.0000000000
-3.00000000 -7.50000000 	0.0000000000
-3.00000000 -7.00000000 	-0.0000107859
-3.00000000 -6.50000000 	-0.0000849015
-3.00000000 -6.00000000 	-0.0018141998
-3.00000000 -5.50000000 	-0.0084263378
-3.00000000 -5.00000000 	-0.2167501364
-3.00000000 -4.50000000 	-0.9658005455
-3.00000000 -4.00000000 	-2.6526032705
-3.00000000 -3.50000000 	-1.8966994927
-3.00000000 -3.00000000 	1.8984509116
-3.00000000 -2.50000000 	2.6555870812
-3.00000000 -2.00000000 	0.9662122007
-3.00000000 -1.50000000 	0.2140322214
-3.00000000 -1.00000000 	0.0064394309
-3.00000000 -0.50000000 	0.0013828291
-3.00000000 0.00000000 	0.0000758493
-3.00000000 0.50000000 	0.0000091459
-3.00000000 1.00000000 	0.0000000000
-3.00000000 1.50000000 	0.0000000000
-3.00000000 2.00000000 	0.0000000000
-3.00000000 2.50000000 	0.0000000000
-3.00000000 3.00000000 	0.0000000000
-3.00000000 3.50000000 	0.0000000000
-3.00000000 4.00000000 	0.0000000000
-3.00000000 4.50000000 	0.0000000000
-3.00000000 5.00000000 	0.0000000000
-3.00000000 5.50000000 	0.0000000000
-3.00000000 6.00000000 	0.0000000000
-3.00000000 6.50000000 	0.0000000000
-3.00000000 7.00000000 	0.0000000000
-3.00000000 7.50000000 	0.0000000000
-3.00000000 8.00000000 	0.0000000000
-2.50000000 -12.00000000 	0.0000000000
-2.50000000 -11.50000000 	0.0000000000
-2.50000000 -11.00000000 	0.0000000000
-2.50000000 -10.50000000 	0.0000000000
-2.50000000 -10.00000000 	0.0000000000
-2.50000000 -9.50000000 	0.0000000000
-2.50000000 -9.00000000 	0.0000000000
-2.50000000 -8.50000000 	0.0000000000
-2.50000000 -8.00000000 	0.0000000000
-2.50000000 -7.50000000 	0.0000000000
-2.50000000 -7.00000000 	0.0000000000
-2.50000000 -6.50000000 	-0.0000107859
-2.50000000 -6.00000000 	-0.0000849015
-2.50000000 -5.50000000 	-0.0018141998
-2.50000000 -5.00000000 	-0.0084263378
-2.50000000 -4.50000000 	-0.2167501364
-2.50000000 -4.00000000 	-0.9658005455
-2.50000000 -3.50000000 	-2.6526032705
-2.50000000 -3.00000000 	-1.8966994927
-2.50000000 -2.50000000 	1.8984509116
-2.50000000 -2.00000000 	2.6555870812
-2.50000000 -1.50000000 	0.9662122007
-2.50000000 -1.00000000 	0.2140322214
-2.50000000 -0.50000000 	0.0064394309
-2.50000000 0.00000000 	0.0013828291
-2.50000000 0.50000000 	0.0000758493
-2.50000000 1.00000000 	0.0000091459
-2.50000000 1.50000000 	0.0000000000
-2.50000000 2.00000000 	0.0000000000
-2.50000000 2.50000000 	0.0000000000
-2.50000000 3.00000000 	0.0000000000
-2.50000000 3.50000000 	0.0000000000
-2.50000000 4.00000000 	0.0000000000
-2.50000000 4.50000000 	0.0000000000
-2.50000000 5.00000000 	0.0000000000
-2.50000000 5.50000000 	0.0000000000
-2.50000000 6.00000000 	0.0000000000
-2.50000000 6.50000000 	0.0000000000
-2.50000000 7.00000000 	0.0000000000
-2.50000000 7.50000000 	0.0000000000
-2.50000000 8.00000000 	0.0000000000
-2.00000000 -12.00000000 	0.0000000000
-2.00000000 -11.50000000 	0.0000000000
-2.00000000 -11.00000000 	0.0000000000
-2.00000000 -10.50000000 	0.0000000000
-2.00000000 -10.00000000 	0.0000000000
-2.00000000 -9.50000000 	0.0000000000
-2.00000000 -9.00000000 	0.0000000000
-2.00000000 -8.50000000 	0.0000000000
-2.00000000 -8.00000000 	0.0000000000
-2.00000000 -7.50000000 	0.0000000000
-2.00000000 -7.00000000 	0.0000000000
-2.00000000 -6.50000000 	0.0000000000
-2.00000000 -6.00000000 	-0.0000107859
-2.00000000 -5.50000000 	-0.0000849015
-2.00000000 -5.00000000 	-0.0018141998
-2.00000000 -4.50000000 	-0.0084263378
-2.00000000 -4.00000000 	-0.2167501364
-2.00000000 -3.50000000 	-0.9658005455
-2.00000000 -3.00000000 	-2.6526032705
-2.00000000 -2.50000000 	-1.8966994927
-2.00000000 -2.00000000 	1.8984509116
-2.00000000 -1.50000000 	2.6555870812
-2.00000000 -1.00000000 	0.9662122007
-2.00000000 -0.50000000 	0.2140322214
-2.00000000 0.00000000 	0.0064394309
-2.00000000 0.50000000 	0.0013828291
-2.00000000 1.00000000 	0.0000758493
-2.00000000 1.50000000 	0.0000091459
-2.00000000 2.00000000 	0.0000000000
-2.00000000 2.50000000 	0.0000000000
-2.00000000 3.00000000 	0.0000000000
-2.00000000 3.50000000 	0.0000000000
-2.00000000 4.00000000 	0.0000000000
-2.00000000 4.50000000 	0.0000000000
-2.00000000 5.00000000 	0.0000000000
-2.00000000 5.50000000 	0.0000000000
-2.00000000 6.00000000 	0.0000000000
-2.00000000 6.50000000 	0.0000000000
-2.00000000 7.00000000 	0.0000000000
-2.00000000 7.50000000 	0.0000000000
-2.00000000 8.00000000 	0.0000000000
-1.50000000 -12.00000000 	0.0000000000
-1.50000000 -11.50000000 	0.0000000000
-1.50000000 -11.00000000 	0.0000000000
-1.50000000 -10.50000000 	0.0000000000
-1.50000000 -10.00000000 	0.0000000000
-1.50000000 -9.50000000 	0.0000000000
-1.50000000 -9.00000000 	0.0000000000
-1.50000000 -8.50000000 	0.0000000000
-1.50000000 -8.00000000 	0.0000000000
-1.50000000 -7.50000000 	0.0000000000
-1.50000000 -7.00000000 	0.0000000000
-1.50000000 -6.50000000 	0.0000000000
-1.50000000 -6.00000000 	0.0000000000
-1.50000000 -5.50000000 	-0.0000107859
-1.50000000 -5.00000000 	-0.0000849015
-1.50000000 -4.50000000 	-0.0018141998
-1.50000000 -4.00000000 	-0.0084263378
-1.50000000 -3.50000000 	-0.2167501364
-1.50000000 -3.00000000 	-0.9658005455
-1.50000000 -2.50000000 	-2.6526032705
-1.50000000 -2.00000000 	-1.8966994927
-1.50000000 -1.50000000 	1.8984509116
-1.50000000 -1.00000000 	2.6555870812
-1.50000000 -0.50000000 	0.9662122007
-1.50000000 0.00000000 	0.2140322214
-1.50000000 0.50000000 	0.0064394309
-1.50000000 1.00000000 	0.0013828291
-1.50000000 1.50000000 	0.0000758493
-1.50000000 2.00000000 	0.0000091459
-1.50000000 2.50000000 	0.0000000000
-1.50000000 3.00000000 	0.0000000000
-1.50000000 3.50000000 	0.0000000000
-1.50000000 4.00000000 	0.0000000000
-1.50000000 4.50000000 	0.0000000000
-1.50000000 5.00000000 	0.0000000000
-1.50000000 5.50000000 	0.0000000000
-1.50000000 6.00000000 	0.0000000000
-1.50000000 6.50000000 	0.0000000000
-1.50000000 7.00000000 	0.0000000000
-1.50000000 7.50000000 	0.0000000000
-1.50000000 8.00000000 	0.0000000000
-1.00000000 -12.00000000 	0.0000000000
-1.00000000 -11.50000000 	0.0000000000
-1.00000000 -11.00000000 	0.0000000000
-1.00000000 -10.50000000 	0.0000000000
-1.00000000 -10.00000000 	0.0000000000
-1.00000000 -9.50000000 	0.0000000000
-1.00000000 -9.00000000 	0.0000000000
-1.00000000 -8.50000000 	0.0000000000
-1.00000000 -8.00000000 	0.0000000000
-1.00000000 -7.50000000 	0.0000000000
-1.00000000 -7.00000000 	0.0000000000
-1.00000000 -6.50000000 	0.0000000000
-1.00000000 -6.00000000 	0.0000000000
-1.00000000 -5.50000000 	0.0000000000
-1.00000000 -5.00000000 	-0.0000107859
-1.00000000 -4.50000000 	-0.0000849015
-1.00000000 -4.00000000 	-0.0018141998
-1.00000000 -3.50000000 	-0.0084263378
-1.00000000 -3.00000000 	-0.2167501364
-1.00000000 -2.50000000 	-0.9658005455
-1.00000000 -2.00000000 	-2.6526032705
-1.00000000 -1.50000000 	-1.8966994927
-1.00000000 -1.00000000 	1.8984509116
-1.00000000 -0.50000000 	2.6555870812
-1.00000000 0.00000000 	0.9662122007
-1.00000000 0.50000000 	0.2140322214
-1.00000000 1.00000000 	0.0064394309
-1.00000000 1.50000000 	0.0013828291
-1.00000000 2.00000000 	0.0000758493
-1.00000000 2.50000000 	0.0000091459
-1.00000000 3.00000000 	0.0000000000
-1.00000000 3.50000000 	0.0000000000
-1.00000000 4.00000000 	0.0000000000
-1.00000000 4.50000000 	0.0000000000
-1.00000000 5.00000000 	0.0000000000
-1.00000000 5.50000000 	0.0000000000
-1.00000000 6.00000000 	0.0000000000
-1.00000000 6.50000000 	0.0000000000
-1.00000000 7.00000000 	0.0000000000
-1.00000000 7.50000000 	0.0000000000
-1.00000000 8.00000000 	0.0000000000
-0.50000000 -12.00000000 	0.0000000000
-0.50000000 -11.50000000 	0.0000000000
-0.50000000 -11.00000000 	0.0000000000
-0.50000000 -10.50000000 	0.0000000000
-0.50000000 -10.00000000 	0.0000000000
-0.50000000 -9.50000000 	0.0000000000
-0.50000000 -9.00000000 	0.0000000000
-0.50000000 -8.50000000 	0.0000000000
-0.50000000 -8.00000000 	0.0000000000
-0.50000000 -7.50000000 	0.0000000000
-0.50000000 -7.00000000 	0.0000000000
-0.50000000 -6.50000000 	0.0000000000
-0.50000000 -6.00000000 	0.0000000000
-0.50000000 -5.50000000 	0.0000000000
-0.50000000 -5.00000000 	0.0000000000
-0.50000000 -4.50000000 	-0.0000107859
-0.50000000 -4.00000000 	-0.0000849015
-0.50000000 -3.50000000 	-0.0018141998
-0.50000000 -3.00000000 	-0.0084263378
-0.50000000 -2.50000000 	-0.2167501364
-0.50000000 -2.00000000 	-0.9658005455
-0.50000000 -1.50000000 	-2.6526032705
-0.50000000 -1.00000000 	-1.8966994927
-0.50000000 -0.50000000 	1.8984509116
-0.50000000 0.00000000 	2.6555870812
-0.50000000 0.50000000 	0.9662122007
-0.50000000 1.00000000 	0.2140322214
-0.50000000 1.50000000 	0.0064394309
-0.50000000 2.00000000 	0.0013828291
-0.50000000 2.50000000 	0.0000758493
-0.50000000 3.00000000 	0.0000091459
-0.50000000 3.50000000 	0.0000000000
-0.50000000 4.00000000 	0.0000000000
-0.50000000 4.50000000 	0.0000000000
-0.50000000 5.00000000 	0.0000000000
-0.50000000 5.50000000 	0.0000000000
-0.50000000 6.00000000 	0.0000000000
-0.50000000 6.50000000 	0.0000000000
-0.50000000 7.00000000 	0.0000000000
-0.50000000 7.50000000 	0.0000000000
-0.50000000 8.00000000 	0.0000000000
0.00000000 -12.00000000 	0.0000000000
0.00000000 -11.50000000 	0.0000000000
0.00000000 -11.00000000 	0.0000000000
0.00000000 -10.50000000 	0.0000000000
0.00000000 -10.00000000 	0.0000000000
0.00000000 -9.50000000 	0.0000000000
0.00000000 -9.00000000 	0.0000000000
0.00000000 -8.50000000 	0.0000000000
0.00000000 -8.00000000 	0.0000000000
0.00000000 -7.50000000 	0.0000000000
0.00000000 -7.00000000 	0.0000000000
0.00000000 -6.50000000 	0.0000000000
0.00000000 -6.00000000 	0.0000000000
0.00000000 -5.50000000 	0.0000000000
0.00000000 -5.00000000 	0.0000000000
0.00000000 -4.50000000 	0.0000000000
0.00000000 -4.00000000 	-0.0000107859
0.00000000 -3.50000000 	-0.0000849015
0.00000000 -3.00000000 	-0.0018141998
0.00000000 -2.50000000 	-0.0084263378
0.00000000 -2.00000000 	-0.2167501364
0.00000000 -1.50000000 	-0.9658005455
0.00000000 -1.00000000 	-2.6526032705
0.00000000 -0.50000000 	-1.8966994927
0.00000000 0.00000000 	1.8984509116
0.00000000 0.50000000 	2.6555870812
0.00000000 1.00000000 	0.9662122007
0.00000000 1.50000000 	0.2140322214
0.00000000 2.00000000 	0.0064394309
0.00000000 2.50000000 	0.0013828291
0.00000000 3.00000000 	0.0000758493
0.00000000 3.50000000 	0.0000091459
0.00000000 4.00000000 	0.0000000000
0.00000000 4.50000000 	0.0000000000
0.00000000 5.00000000 	0.0000000000
0.00000000 5.50000000 	0.0000000000
0.00000000 6.00000000 	0.0000000000
0.00000000 6.50000000 	0.0000000000
0.00000000 7.00000000 	0.0000000000
0.00000000 7.50000000 	0.0000000000
0.00000000 8.00000000 	0.0000000000
0.50000000 -12.00000000 	0.0000000000
0.50000000 -11.50000000 	0.0000000000
0.50000000 -11.00000000 	0.0000000000
0.50000000 -10.50000000 	0.0000000000
0.50000000 -10.00000000 	0.0000000000
0.50000000 -9.50000000 	0.0000000000
0.50000000 -9.00000000 	0.0000000000
0.50000000 -8.50000000 	0.0000000000
0.50000000 -8.00000000 	0.0000000000
0.50000000 -7.50000000 	0.0000000000
0.50000000 -7.00000000 	0.0000000000
0.50000000 -6.50000000 	0.0000000000
0.50000000 -6.00000000 	0.0000000000
0.50000000 -5.50000000 	0.0000000000
0.50000000 -5.00000000 	0.0000000000
0.50000000 -4.50000000 	0.0000000000
0.50000000 -4.00000000 	0.0000000000
0.50000000 -3.50000000 	-0.0000107859
0.50000000 -3.00000000 	-0.0000849015
0.50000000 -2.50000000 	-0.0018141998
0.50000000 -2.00000000 	-0.0084263378
0.50000000 -1.50000000 	-0.2167501364
0.50000000 -1.00000000 	-0.9658005455
0.50000000 -0.50000000 	-2.6526032705
0.50000000 0.00000000 	-1.8966994927
0.50000000 0.50000000 	1.8984433961
0.50000000 1.00000000 	2.6555503849
0.50000000 1.50000000 	0.9661307603
0.50000000 2.00000000 	0.2139187404
0.50000000 2.50000000 	0.0063237942
0.50000000 3.00000000 	0.0012957086
0.50000000 3.50000000 	0.0000339682
0.50000000 4.00000000 	0.0000000000
0.50000000 4.50000000 	0.0000000000
0.50000000 5.00000000 	0.0000000000
0.50000000 5.50000000 	0.0000000000
0.50000000 6.00000000 	0.0000000000
0.50000000 6.50000000 	0.0000000000
0.50000000 7.00000000 	0.0000000000
0.50000000 7.50000000 	0.0000000000
0.50000000 8.00000000 	0.0000000000
1.00000000 -12.00000000 	0.0000000000
1.00000000 -11.50000000 	0.0000000000
1.00000000 -11.00000000 	0.0000000000
1.00000000 -10.50000000 	0.0000000000
1.00000000 -10.00000000 	0.0000000000
1.00000000 -9.50000000 	0.0000000000
1.00000000 -9.00000000 	0.0000000000
1.00000000 -8.50000000 	0.0000000000
1.00000000 -8.00000000 	0.0000000000
1.00000000 -7.50000000 	0.0000000000
1.00000000 -7.00000000 	0.0000000000
1.00000000 -6.50000000 	0.0000000000
1.00000000 -6.00000000 	0.0000000000
1.00000000 -5.50000000 	0.0000000000
1.00000000 -5.00000000 	0.0000000000
1.00000000 -4.50000000 	0.0000000000
1.00000000 -4.00000000 	0.0000000000
1.00000000 -3.50000000 	0.0000000000
1.00000000 -3.00000000 	-0.0000107859
1.00000000 -2.50000000 	-0.0000849015
1.00000000 -2.00000000 	-0.0018141998
1.00000000 -1.50000000 	-0.0084263378
1.00000000 -1.00000000 	-0.2167501364
1.00000000 -0.50000000 	-0.9657934277
1.00000000 0.00000000 	-2.6525625238
1.00000000 0.50000000 	-1.8966191634
1.00000000 1.00000000 	1.8978026085
1.00000000 1.50000000 	2.6533812215
1.00000000 2.00000000 	0.9627590779
1.00000000 2.50000000 	0.2097950878
1.00000000 3.00000000 	0.0028766762
1.00000000 3.50000000 	0.0000588802
1.00000000 4.00000000 	0.0000000000
1.00000000 4.50000000 	0.0000000000
1.00000000 5.00000000 	0.0000000000
1.00000000 5.50000000 	0.0000000000
1.00000000 6.00000000 	0.0000000000
1.00000000 6.50000000 	0.0000000000
1.00000000 7.00000000 	0.0000000000
1.00000000 7.50000000 	0.0000000000
1.00000000 8.00000000 	0.0000000000
1.50000000 -12.00000000 	0.0000000000
1.50000000 -11.50000000 	0.0000000000
1.50000000 -11.00000000 	0.0000000000
1.50000000 -10.50000000 	0.0000000000
1.50000000 -10.00000000 	0.0000000000
1.50000000 -9.50000000 	0.0000000000
1.50000000 -9.00000000 	0.0000000000
1.50000000 -8.50000000 	0.0000000000
1.50000000 -8.00000000 	0.0000000000
1.50000000 -7.50000000 	0.0000000000
1.50000000 -7.00000000 	0.0000000000
1.50000000 -6.50000000 	0.0000000000
1.50000000 -6.00000000 	0.0000000000
1.50000000 -5.50000000 	0.0000000000
1.50000000 -5.00000000 	0.0000000000
1.50000000 -4.50000000 	0.0000000000
1.50000000 -4.00000000 	0.0000000000
1.50000000 -3.50000000 	0.0000000000
1.50000000 -3.00000000 	0.0000000000
1.50000000 -2.50000000 	-0.0000107859
1.50000000 -2.00000000 	-0.0000849015
1.50000000 -1.50000000 	-0.0018141998
1.50000000 -1.00000000 	-0.0084256753
1.50000000 -0.50000000 	-0.2167414005
1.50000000 0.00000000 	-0.9654377100
1.50000000 0.50000000 	-2.6519862609
1.50000000 1.00000000 	-1.8976595035
1.50000000 1.50000000 	1.7070502666
1.50000000 2.00000000 	2.0973730370
1.50000000 2.50000000 	0.3924433709
1.50000000 3.00000000 	0.0036772169
1.50000000 3.50000000 	0.0000693213
1.50000000 4.00000000 	0.0000000000
1.50000000 4.50000000 	0.0000000000
1.50000000 5.00000000 	0.0000000000
1.50000000 5.50000000 	0.0000000000
1.50000000 6.00000000 	0.0000000000
1.50000000 6.50000000 	0.0000000000
1.50000000 7.00000000 	0.0000000000
1.50000000 7.50000000 	0.0000000000
1.50000000 8.00000000 	0.0000000000
2.00000000 -12.00000000 	0.0000000000
2.00000000 -11.50000000 	0.0000000000
2.00000000 -11.00000000 	0.0000000000
2.00000000 -10.50000000 	0.0000000000
2.00000000 -10.00000000 	0.0000000000
2.00000000 -9.50000000 	0.0000000000
2.00000000 -9.00000000 	0.0000000000
2.00000000 -8.50000000 	0.0000000000
2.00000000 -8.00000000 	0.0000000000
2.00000000 -7.50000000 	0.0000000000
2.00000000 -7.00000000 	0.0000000000
2.00000000 -6.50000000 	0.0000000000
2.00000000 -6.00000000 	0.0000000000
2.00000000 -5.50000000 	0.0000000000
2.00000000 -5.00000000 	0.0000000000
2.00000000 -4.50000000 	0.0000000000
2.00000000 -4.00000000 	0.0000000000
2.00000000 -3.50000000 	0.0000000000
2.00000000 -3.00000000 	0.0000000000
2.00000000 -2.50000000 	0.0000000000
2.00000000 -2.00000000 	-0.0000107859
2.00000000 -1.50000000 	-0.0000763251
2.00000000 -1.00000000 	-0.0017513269
2.00000000 -0.50000000 	-0.0074120946
2.00000000 0.00000000 	-0.2131979746
2.00000000 0.50000000 	-0.7757952987
2.00000000 1.00000000 	-1.9150100878
2.00000000 1.50000000 	-1.1668742857
2.00000000 2.00000000 	0.3461789412
2.00000000 2.50000000 	0.2082140407
2.00000000 3.00000000 	0.0038635986
2.00000000 3.50000000 	0.0000418167
2.00000000 4.00000000 	0.0000000000
2.00000000 4.50000000 	0.0000000000
2.00000000 5.00000000 	0.0000000000
2.00000000 5.50000000 	0.0000000000
2.00000000 6.00000000 	0.0000000000
2.00000000 6.50000000 	0.0000000000
2.00000000 7.00000000 	0.0000000000
2.00000000 7.50000000 	0.0000000000
2.00000000 8.00000000 	0.0000000000
