-8.00000000 -12.00000000 	0.0000000000
-8.00000000 -11.50000000 	0.0000000000
-8.00000000 -11.00000000 	0.0000000000
-8.00000000 -10.50000000 	0.0000000000
-8.00000000 -10.00000000 	0.0000000000
-8.00000000 -9.50000000 	0.0000000000
-8.00000000 -9.00000000 	0.0000000000
-8.00000000 -8.50000000 	0.0000000000
-8.00000000 -8.00000000 	0.0000000000
-8.00000000 -7.50000000 	0.0000000000
-8.00000000 -7.00000000 	0.0000000000
-8.00000000 -6.50000000 	0.0000000000
-8.00000000 -6.00000000 	0.0000000000
-8.00000000 -5.50000000 	0.0000000000
-8.00000000 -5.00000000 	0.0000000000
-8.00000000 -4.50000000 	0.0000000000
-8.00000000 -4.00000000 	0.0000000000
-8.00000000 -3.50000000 	0.0000000000
-8.00000000 -3.00000000 	0.0000000000
-8.00000000 -2.50000000 	0.0000000000
-8.00000000 -2.00000000 	0.0000000000
-8.00000000 -1.50000000 	0.0000000000
-8.00000000 -1.00000000 	0.0000000000
-8.00000000 -0.50000000 	0.0000000000
-8.00000000 0.00000000 	0.0000000000
-8.00000000 0.50000000 	0.0000000000
-8.00000000 1.00000000 	0.0000000000
-8.00000000 1.50000000 	0.0000000000
-8.00000000 2.00000000 	0.0000000000
-8.00000000 2.50000000 	0.0000000000
-8.00000000 3.00000000 	0.0000000000
-8.00000000 3.50000000 	0.0000000000
-8.00000000 4.00000000 	0.0000000000
-8.00000000 4.50000000 	0.0000000000
-8.00000000 5.00000000 	0.0000000000
-8.00000000 5.50000000 	0.0000000000
-8.00000000 6.00000000 	0.0000000000
-8.00000000 6.50000000 	0.0000000000
-8.00000000 7.00000000 	0.0000000000
-8.00000000 7.50000000 	0.0000000000
-8.00000000 8.00000000 	0.0000000000
-7.50000000 -12.00000000 	-0.1131853590
-7.50000000 -11.50000000 	-0.1131853590
-7.50000000 -11.00000000 	-0.1131853590
-7.50000000 -10.50000000 	-0.1131853590
-7.50000000 -10.00000000 	-0.1131853590
-7.50000000 -9.50000000 	-0.1131853590
-7.50000000 -9.00000000 	-0.1131853590
-7.50000000 -8.50000000 	-0.1131853590
-7.50000000 -8.00000000 	-0.1131853590
-7.50000000 -7.50000000 	-0.1131853590
-7.50000000 -7.00000000 	-0.1131853590
-7.50000000 -6.50000000 	-0.1131853590
-7.50000000 -6.00000000 	-0.1131853590
-7.50000000 -5.50000000 	-0.1131853590
-7.50000000 -5.00000000 	-0.1131853590
-7.50000000 -4.50000000 	-0.1131853590
-7.50000000 -4.00000000 	-0.1131853590
-7.50000000 -3.50000000 	-0.1131853590
-7.50000000 -3.00000000 	-0.1131853590
-7.50000000 -2.50000000 	-0.1131853590
-7.50000000 -2.00000000 	-0.1131853590
-7.50000000 -1.50000000 	-0.1131853590
-7.50000000 -1.00000000 	-0.1131853590
-7.50000000 -0.50000000 	-0.1131853590
-7.50000000 0.00000000 	-0.1131853590
-7.50000000 0.50000000 	-0.1131853590
-7.50000000 1.00000000 	-0.1131853590
-7.50000000 1.50000000 	-0.1131853590
-7.50000000 2.00000000 	-0.1131853590
-7.50000000 2.50000000 	-0.1131853590
-7.50000000 3.00000000 	-0.1131853590
-7.50000000 3.50000000 	-0.1131853590
-7.50000000 4.00000000 	-0.1131853590
-7.50000000 4.50000000 	-0.1131853590
-7.50000000 5.00000000 	-0.1131853590
-7.50000000 5.50000000 	-0.1131853590
-7.50000000 6.00000000 	-0.1131853590
-7.50000000 6.50000000 	-0.1131853590
-7.50000000 7.00000000 	-0.1131853590
-7.50000000 7.50000000 	-0.1131853590
-7.50000000 8.00000000 	-0.1131853590
-7.00000000 -12.00000000 	-1.0187151202
-7.00000000 -11.50000000 	-1.0187151202
-7.00000000 -11.00000000 	-1.0187151202
-7.00000000 -10.50000000 	-1.0187151202
-7.00000000 -10.00000000 	-1.0187151202
-7.00000000 -9.50000000 	-1.0187151202
-7.00000000 -9.00000000 	-1.0187151202
-7.00000000 -8.50000000 	-1.0187151202
-7.00000000 -8.00000000 	-1.0187151202
-7.00000000 -7.50000000 	-1.0187151202
-7.00000000 -7.00000000 	-1.0187151202
-7.00000000 -6.50000000 	-1.0187151202
-7.00000000 -6.00000000 	-1.0187151202
-7.00000000 -5.50000000 	-1.0187151202
-7.00000000 -5.00000000 	-1.0187151202
-7.00000000 -4.50000000 	-1.0187151202
-7.00000000 -4.00000000 	-1.0187151202
-7.00000000 -3.50000000 	-1.0187151202
-7.00000000 -3.00000000 	-1.0187151202
-7.00000000 -2.50000000 	-1.0187151202
-7.00000000 -2.00000000 	-1.0187151202
-7.00000000 -1.50000000 	-1.0187151202
-7.00000000 -1.00000000 	-1.0187151202
-7.00000000 -0.50000000 	-1.0187151202
-7.00000000 0.00000000 	-1.0187151202
-7.00000000 0.50000000 	-1.0187151202
-7.00000000 1.00000000 	-1.0187151202
-7.00000000 1.50000000 	-1.0187151202
-7.00000000 2.00000000 	-1.0187151202
-7.00000000 2.50000000 	-1.0187151202
-7.00000000 3.00000000 	-1.0187151202
-7.00000000 3.50000000 	-1.0187151202
-7.00000000 4.00000000 	-1.0187151202
-7.00000000 4.50000000 	-1.0187151202
-7.00000000 5.00000000 	-1.0187151202
-7.00000000 5.50000000 	-1.0187151202
-7.00000000 6.00000000 	-1.0187151202
-7.00000000 6.50000000 	-1.0187151202
-7.00000000 7.00000000 	-1.0187151202
-7.00000000 7.50000000 	-1.0187151202
-7.00000000 8.00000000 	-1.0187151202
-6.50000000 -12.00000000 	-3.1036232120
-6.50000000 -11.50000000 	-3.1036232120
-6.50000000 -11.00000000 	-3.1036232120
-6.50000000 -10.50000000 	-3.1036232120
-6.50000000 -10.00000000 	-3.1036232120
-6.50000000 -9.50000000 	-3.1036232120
-6.50000000 -9.00000000 	-3.1036232120
-6.50000000 -8.50000000 	-3.1036232120
-6.50000000 -8.00000000 	-3.1036232120
-6.50000000 -7.50000000 	-3.1036232120
-6.50000000 -7.00000000 	-3.1036232120
-6.50000000 -6.50000000 	-3.1036232120
-6.50000000 -6.00000000 	-3.1036232120
-6.50000000 -5.50000000 	-3.1036232120
-6.50000000 -5.00000000 	-3.1036232120
-6.50000000 -4.50000000 	-3.1036232120
-6.50000000 -4.00000000 	-3.1036232120
-6.50000000 -3.50000000 	-3.1036232120
-6.50000000 -3.00000000 	-3.1036232120
-6.50000000 -2.50000000 	-3.1036232120
-6.50000000 -2.00000000 	-3.1036232120
-6.50000000 -1.50000000 	-3.1036232120
-6.50000000 -1.00000000 	-3.1036232120
-6.50000000 -0.50000000 	-3.1036232120
-6.50000000 0.00000000 	-3.1036232120
-6.50000000 0.50000000 	-3.1036232120
-6.50000000 1.00000000 	-3.1036232120
-6.50000000 1.50000000 	-3.1036232120
-6.50000000 2.00000000 	-3.1036232120
-6.50000000 2.50000000 	-3.1036232120
-6.50000000 3.00000000 	-3.1036232120
-6.50000000 3.50000000 	-3.1036232120
-6.50000000 4.00000000 	-3.1036232120
-6.50000000 4.50000000 	-3.1036232120
-6.50000000 5.00000000 	-3.1036232120
-6.50000000 5.50000000 	-3.1036232120
-6.50000000 6.00000000 	-3.1036232120
-6.50000000 6.50000000 	-3.1036232120
-6.50000000 7.00000000 	-3.1036232120
-6.50000000 7.50000000 	-3.1036232120
-6.50000000 8.00000000 	-3.1036232120
-6.00000000 -12.00000000 	-3.8337883720
-6.00000000 -11.50000000 	-3.8337883720
-6.00000000 -11.00000000 	-3.8337883720
-6.00000000 -10.50000000 	-3.8337883720
-6.00000000 -10.00000000 	-3.8337883720
-6.00000000 -9.50000000 	-3.8337883720
-6.00000000 -9.00000000 	-3.8337883720
-6.00000000 -8.50000000 	-3.8337883720
-6.00000000 -8.00000000 	-3.8337883720
-6.00000000 -7.50000000 	-3.8337883720
-6.00000000 -7.00000000 	-3.8337883720
-6.00000000 -6.50000000 	-3.8337883720
-6.00000000 -6.00000000 	-3.8337883720
-6.00000000 -5.50000000 	-3.8337883720
-6.00000000 -5.00000000 	-3.8337883720
-6.00000000 -4.50000000 	-3.8337883720
-6.00000000 -4.00000000 	-3.8337883720
-6.00000000 -3.50000000 	-3.8337883720
-6.00000000 -3.00000000 	-3.8337883720
-6.00000000 -2.50000000 	-3.8337883720
-6.00000000 -2.00000000 	-3.8337883720
-6.00000000 -1.50000000 	-3.8337883720
-6.00000000 -1.00000000 	-3.8337883720
-6.00000000 -0.50000000 	-3.8337883720
-6.00000000 0.00000000 	-3.8337883720
-6.00000000 0.50000000 	-3.8337883720
-6.00000000 1.00000000 	-3.8337883720
-6.00000000 1.50000000 	-3.8337883720
-6.00000000 2.00000000 	-3.8337883720
-6.00000000 2.50000000 	-3.8337883720
-6.00000000 3.00000000 	-3.8337883720
-6.00000000 3.50000000 	-3.8337883720
-6.00000000 4.00000000 	-3.8337883720
-6.00000000 4.50000000 	-3.8337883720
-6.00000000 5.00000000 	-3.8337883720
-6.00000000 5.50000000 	-3.8337883720
-6.00000000 6.00000000 	-3.8337883720
-6.00000000 6.50000000 	-3.8337883720
-6.00000000 7.00000000 	-3.8337883720
-6.00000000 7.50000000 	-3.8337883720
-6.00000000 8.00000000 	-3.8337883720
-5.50000000 -12.00000000 	-0.2379197316
-5.50000000 -11.50000000 	-0.2379197316
-5.50000000 -11.00000000 	-0.2379197316
-5.50000000 -10.50000000 	-0.2379197316
-5.50000000 -10.00000000 	-0.2379197316
-5.50000000 -9.50000000 	-0.2379197316
-5.50000000 -9.00000000 	-0.2379197316
-5.50000000 -8.50000000 	-0.2379197316
-5.50000000 -8.00000000 	-0.2379197316
-5.50000000 -7.50000000 	-0.2379197316
-5.50000000 -7.00000000 	-0.2379197316
-5.50000000 -6.50000000 	-0.2379197316
-5.50000000 -6.00000000 	-0.2379197316
-5.50000000 -5.50000000 	-0.2379197316
-5.50000000 -5.00000000 	-0.2379197316
-5.50000000 -4.50000000 	-0.2379197316
-5.50000000 -4.00000000 	-0.2379197316
-5.50000000 -3.50000000 	-0.2379197316
-5.50000000 -3.00000000 	-0.2379197316
-5.50000000 -2.50000000 	-0.2379197316
-5.50000000 -2.00000000 	-0.2379197316
-5.50000000 -1.50000000 	-0.2379197316
-5.50000000 -1.00000000 	-0.2379197316
-5.50000000 -0.50000000 	-0.2379197316
-5.50000000 0.00000000 	-0.2379197316
-5.50000000 0.50000000 	-0.2379197316
-5.50000000 1.00000000 	-0.2379197316
-5.50000000 1.50000000 	-0.2379197316
-5.50000000 2.00000000 	-0.2379197316
-5.50000000 2.50000000 	-0.2379197316
-5.50000000 3.00000000 	-0.2379197316
-5.50000000 3.50000000 	-0.2379197316
-5.50000000 4.00000000 	-0.2379197316
-5.50000000 4.50000000 	-0.2379197316
-5.50000000 5.00000000 	-0.2379197316
-5.50000000 5.50000000 	-0.2379197316
-5.50000000 6.00000000 	-0.2379197316
-5.50000000 6.50000000 	-0.2379197316
-5.50000000 7.00000000 	-0.2379197316
-5.50000000 7.50000000 	-0.2379197316
-5.50000000 8.00000000 	-0.2379197316
-5.00000000 -12.00000000 	3.9423404857
-5.00000000 -11.50000000 	3.9423404857
-5.00000000 -11.00000000 	3.9423404857
-5.00000000 -10.50000000 	3.9423404857
-5.00000000 -10.00000000 	3.9423404857
-5.00000000 -9.50000000 	3.9423404857
-5.00000000 -9.00000000 	3.9423404857
-5.00000000 -8.50000000 	3.9423404857
-5.00000000 -8.00000000 	3.9423404857
-5.00000000 -7.50000000 	3.9423404857
-5.00000000 -7.00000000 	3.9423404857
-5.00000000 -6.50000000 	3.9423404857
-5.00000000 -6.00000000 	3.9423404857
-5.00000000 -5.50000000 	3.9423404857
-5.00000000 -5.00000000 	3.9423404857
-5.00000000 -4.50000000 	3.9423404857
-5.00000000 -4.00000000 	3.9423404857
-5.00000000 -3.50000000 	3.9423404857
-5.00000000 -3.00000000 	3.9423404857
-5.00000000 -2.50000000 	3.9423404857
-5.00000000 -2.00000000 	3.9423404857
-5.00000000 -1.50000000 	3.9423404857
-5.00000000 -1.00000000 	3.9423404857
-5.00000000 -0.50000000 	3.9423404857
-5.00000000 0.00000000 	3.9423404857
-5.00000000 0.50000000 	3.9423404857
-5.00000000 1.00000000 	3.9423404857
-5.00000000 1.50000000 	3.9423404857
-5.00000000 2.00000000 	3.9423404857
-5.00000000 2.50000000 	3.9423404857
-5.00000000 3.00000000 	3.9423404857
-5.00000000 3.50000000 	3.9423404857
-5.00000000 4.00000000 	3.9423404857
-5.00000000 4.50000000 	3.9423404857
-5.00000000 5.00000000 	3.9423404857
-5.00000000 5.50000000 	3.9423404857
-5.00000000 6.00000000 	3.9423404857
-5.00000000 6.50000000 	3.9423404857
-5.00000000 7.00000000 	3.9423404857
-5.00000000 7.50000000 	3.9423404857
-5.00000000 8.00000000 	3.9423404857
-4.50000000 -12.00000000 	3.4547283025
-4.50000000 -11.50000000 	3.4547283025
-4.50000000 -11.00000000 	3.4547283025
-4.50000000 -10.50000000 	3.4547283025
-4.50000000 -10.00000000 	3.4547283025
-4.50000000 -9.50000000 	3.4547283025
-4.50000000 -9.00000000 	3.4547283025
-4.50000000 -8.50000000 	3.4547283025
-4.50000000 -8.00000000 	3.4547283025
-4.50000000 -7.50000000 	3.4547283025
-4.50000000 -7.00000000 	3.4547283025
-4.50000000 -6.50000000 	3.4547283025
-4.50000000 -6.00000000 	3.4547283025
-4.50000000 -5.50000000 	3.4547283025
-4.50000000 -5.00000000 	3.4547283025
-4.50000000 -4.50000000 	3.4547283025
-4.50000000 -4.00000000 	3.4547283025
-4.50000000 -3.50000000 	3.4547283025
-4.50000000 -3.00000000 	3.4547283025
-4.50000000 -2.50000000 	3.4547283025
-4.50000000 -2.00000000 	3.4547283025
-4.50000000 -1.50000000 	3.4547283025
-4.50000000 -1.00000000 	3.4547283025
-4.50000000 -0.50000000 	3.4547283025
-4.50000000 0.00000000 	3.4547283025
-4.50000000 0.50000000 	3.4547283025
-4.50000000 1.00000000 	3.4547283025
-4.50000000 1.50000000 	3.4547283025
-4.50000000 2.00000000 	3.4547283025
-4.50000000 2.50000000 	3.4547283025
-4.50000000 3.00000000 	3.4547283025
-4.50000000 3.50000000 	3.4547283025
-4.50000000 4.00000000 	3.4547283025
-4.50000000 4.50000000 	3.4547283025
-4.50000000 5.00000000 	3.4547283025
-4.50000000 5.50000000 	3.4547283025
-4.50000000 6.00000000 	3.4547283025
-4.50000000 6.50000000 	3.4547283025
-4.50000000 7.00000000 	3.4547283025
-4.50000000 7.50000000 	3.4547283025
-4.50000000 8.00000000 	3.4547283025
-4.00000000 -12.00000000 	0.9101630065
-4.00000000 -11.50000000 	0.9101630065
-4.00000000 -11.00000000 	0.9101630065
-4.00000000 -10.50000000 	0.9101630065
-4.00000000 -10.00000000 	0.9101630065
-4.00000000 -9.50000000 	0.9101630065
-4.00000000 -9.00000000 	0.9101630065
-4.00000000 -8.50000000 	0.9101630065
-4.00000000 -8.00000000 	0.9101630065
-4.00000000 -7.50000000 	0.9101630065
-4.00000000 -7.00000000 	0.9101630065
-4.00000000 -6.50000000 	0.9101630065
-4.00000000 -6.00000000 	0.9101630065
-4.00000000 -5.50000000 	0.9101630065
-4.00000000 -5.00000000 	0.9101630065
-4.00000000 -4.50000000 	0.9101630065
-4.00000000 -4.00000000 	0.9101630065
-4.00000000 -3.50000000 	0.9101630065
-4.00000000 -3.00000000 	0.9101630065
-4.00000000 -2.50000000 	0.9101630065
-4.00000000 -2.00000000 	0.9101630065
-4.00000000 -1.50000000 	0.9101630065
-4.00000000 -1.00000000 	0.9101630065
-4.00000000 -0.50000000 	0.9101630065
-4.00000000 0.00000000 	0.9101630065
-4.00000000 0.50000000 	0.9101630065
-4.00000000 1.00000000 	0.9101630065
-4.00000000 1.50000000 	0.9101630065
-4.00000000 2.00000000 	0.9101630065
-4.00000000 2.50000000 	0.9101630065
-4.00000000 3.00000000 	0.9101630065
-4.00000000 3.50000000 	0.9101630065
-4.00000000 4.00000000 	0.9101630065
-4.00000000 4.50000000 	0.9101630065
-4.00000000 5.00000000 	0.9101630065
-4.00000000 5.50000000 	0.9101630065
-4.00000000 6.00000000 	0.9101630065
-4.00000000 6.50000000 	0.9101630065
-4.00000000 7.00000000 	0.9101630065
-4.00000000 7.50000000 	0.9101630065
-4.00000000 8.00000000 	0.9101630065
-3.50000000 -12.00000000 	0.0000000000
-3.50000000 -11.50000000 	0.0000000000
-3.50000000 -11.00000000 	0.0000000000
-3.50000000 -10.50000000 	0.0000000000
-3.50000000 -10.00000000 	0.0000000000
-3.50000000 -9.50000000 	0.0000000000
-3.50000000 -9.00000000 	0.0000000000
-3.50000000 -8.50000000 	0.0000000000
-3.50000000 -8.00000000 	0.0000000000
-3.50000000 -7.50000000 	0.0000000000
-3.50000000 -7.00000000 	0.0000000000
-3.50000000 -6.50000000 	0.0000000000
-3.50000000 -6.00000000 	0.0000000000
-3.50000000 -5.50000000 	0.0000000000
-3.50000000 -5.00000000 	0.0000000000
-3.50000000 -4.50000000 	0.0000000000
-3.50000000 -4.00000000 	0.0000000000
-3.50000000 -3.50000000 	0.0000000000
-3.50000000 -3.00000000 	0.0000000000
-3.50000000 -2.50000000 	0.0000000000
-3.50000000 -2.00000000 	0.0000000000
-3.50000000 -1.50000000 	0.0000000000
-3.50000000 -1.00000000 	0.0000000000
-3.50000000 -0.50000000 	0.0000000000
-3.50000000 0.00000000 	0.0000000000
-3.50000000 0.50000000 	0.0000000000
-3.50000000 1.00000000 	0.0000000000
-3.50000000 1.50000000 	0.0000000000
-3.50000000 2.00000000 	0.0000000000
-3.50000000 2.50000000 	0.0000000000
-3.50000000 3.00000000 	0.0000000000
-3.50000000 3.50000000 	0.0000000000
-3.50000000 4.00000000 	0.0000000000
-3.50000000 4.50000000 	0.0000000000
-3.50000000 5.00000000 	0.0000000000
-3.50000000 5.50000000 	0.0000000000
-3.50000000 6.00000000 	0.0000000000
-3.50000000 6.50000000 	0.0000000000
-3.50000000 7.00000000 	0.0000000000
-3.50000000 7.50000000 	0.0000000000
-3.50000000 8.00000000 	0.0000000000
-3.00000000 -12.00000000 	0.0000000000
-3.00000000 -11.50000000 	0.0000000000
-3.00000000 -11.00000000 	0.0000000000
-3.00000000 -10.50000000 	0.0000000000
-3.00000000 -10.00000000 	0.0000000000
-3.00000000 -9.50000000 	0.0000000000
-3.00000000 -9.00000000 	0.0000000000
-3.00000000 -8.50000000 	0.0000000000
-3.00000000 -8.00000000 	0.0000000000
-3.00000000 -7.50000000 	0.0000000000
-3.00000000 -7.00000000 	0.0000000000
-3.00000000 -6.50000000 	0.0000000000
-3.00000000 -6.00000000 	0.0000000000
-3.00000000 -5.50000000 	0.0000000000
-3.00000000 -5.00000000 	0.0000000000
-3.00000000 -4.50000000 	0.0000000000
-3.00000000 -4.00000000 	0.0000000000
-3.00000000 -3.50000000 	0.0000000000
-3.00000000 -3.00000000 	0.0000000000
-3.00000000 -2.50000000 	0.0000000000
-3.00000000 -2.00000000 	0.0000000000
-3.00000000 -1.50000000 	0.0000000000
-3.00000000 -1.00000000 	0.0000000000
-3.00000000 -0.50000000 	0.0000000000
-3.00000000 0.00000000 	0.0000000000
-3.00000000 0.50000000 	0.0000000000
-3.00000000 1.00000000 	0.0000000000
-3.00000000 1.50000000 	0.0000000000
-3.00000000 2.00000000 	0.0000000000
-3.00000000 2.50000000 	0.0000000000
-3.00000000 3.00000000 	0.0000000000
-3.00000000 3.50000000 	0.0000000000
-3.00000000 4.00000000 	0.0000000000
-3.00000000 4.50000000 	0.0000000000
-3.00000000 5.00000000 	0.0000000000
-3.00000000 5.50000000 	0.0000000000
-3.00000000 6.00000000 	0.0000000000
-3.00000000 6.50000000 	0.0000000000
-3.00000000 7.00000000 	0.0000000000
-3.00000000 7.50000000 	0.0000000000
-3.00000000 8.00000000 	0.0000000000
-2.50000000 -12.00000000 	0.0000000000
-2.50000000 -11.50000000 	0.0000000000
-2.50000000 -11.00000000 	0.0000000000
-2.50000000 -10.50000000 	0.0000000000
-2.50000000 -10.00000000 	0.0000000000
-2.50000000 -9.50000000 	0.0000000000
-2.50000000 -9.00000000 	0.0000000000
-2.50000000 -8.50000000 	0.0000000000
-2.50000000 -8.00000000 	0.0000000000
-2.50000000 -7.50000000 	0.0000000000
-2.50000000 -7.00000000 	0.0000000000
-2.50000000 -6.50000000 	0.0000000000
-2.50000000 -6.00000000 	0.0000000000
-2.50000000 -5.50000000 	0.0000000000
-2.50000000 -5.00000000 	0.0000000000
-2.50000000 -4.50000000 	0.0000000000
-2.50000000 -4.00000000 	0.0000000000
-2.50000000 -3.50000000 	0.0000000000
-2.50000000 -3.00000000 	0.0000000000
-2.50000000 -2.50000000 	0.0000000000
-2.50000000 -2.00000000 	0.0000000000
-2.50000000 -1.50000000 	0.0008039308
-2.50000000 -1.00000000 	0.0088506626
-2.50000000 -0.50000000 	0.0338417095
-2.50000000 0.00000000 	0.0693951496
-2.50000000 0.50000000 	0.0945029350
-2.50000000 1.00000000 	0.1026177446
-2.50000000 1.50000000 	0.1026177446
-2.50000000 2.00000000 	0.0945029350
-2.50000000 2.50000000 	0.0693951496
-2.50000000 3.00000000 	0.0338417095
-2.50000000 3.50000000 	0.0088506626
-2.50000000 4.00000000 	0.0008039308
-2.50000000 4.50000000 	0.0000000000
-2.50000000 5.00000000 	0.0000000000
-2.50000000 5.50000000 	0.0000000000
-2.50000000 6.00000000 	0.0000000000
-2.50000000 6.50000000 	0.0000000000
-2.50000000 7.00000000 	0.0000000000
-2.50000000 7.50000000 	0.0000000000
-2.50000000 8.00000000 	0.0000000000
-2.00000000 -12.00000000 	0.0000000000
-2.00000000 -11.50000000 	0.0000000000
-2.00000000 -11.00000000 	0.0000000000
-2.00000000 -10.50000000 	0.0000000000
-2.00000000 -10.00000000 	0.0000000000
-2.00000000 -9.50000000 	0.0000000000
-2.00000000 -9.00000000 	0.0000000000
-2.00000000 -8.50000000 	0.0000000000
-2.00000000 -8.00000000 	0.0000000000
-2.00000000 -7.50000000 	0.0000000000
-2.00000000 -7.00000000 	0.0000000000
-2.00000000 -6.50000000 	0.0000000000
-2.00000000 -6.00000000 	0.0000000000
-2.00000000 -5.50000000 	0.0000000000
-2.00000000 -5.00000000 	0.0000000000
-2.00000000 -4.50000000 	0.0000000000
-2.00000000 -4.00000000 	0.0000000000
-2.00000000 -3.50000000 	0.0000000000
-2.00000000 -3.00000000 	0.0000000000
-2.00000000 -2.50000000 	0.0000000000
-2.00000000 -2.00000000 	0.0008039308
-2.00000000 -1.50000000 	0.0120845213
-2.00000000 -1.00000000 	0.0695057277
-2.00000000 -0.50000000 	0.2061559491
-2.00000000 0.00000000 	0.3757220667
-2.00000000 0.50000000 	0.4862105704
-2.00000000 1.00000000 	0.5201700740
-2.00000000 1.50000000 	0.5201700740
-2.00000000 2.00000000 	0.4862105704
-2.00000000 2.50000000 	0.3757220667
-2.00000000 3.00000000 	0.2061559491
-2.00000000 3.50000000 	0.0695057277
-2.00000000 4.00000000 	0.0120845213
-2.00000000 4.50000000 	0.0008039308
-2.00000000 5.00000000 	0.0000000000
-2.00000000 5.50000000 	0.0000000000
-2.00000000 6.00000000 	0.0000000000
-2.00000000 6.50000000 	0.0000000000
-2.00000000 7.00000000 	0.0000000000
-2.00000000 7.50000000 	0.0000000000
-2.00000000 8.00000000 	0.0000000000
-1.50000000 -12.00000000 	0.0000000000
-1.50000000 -11.50000000 	0.0000000000
-1.50000000 -11.00000000 	0.0000000000
-1.50000000 -10.50000000 	0.0000000000
-1.50000000 -10.00000000 	0.0000000000
-1.50000000 -9.50000000 	0.0000000000
-1.50000000 -9.00000000 	0.0000000000
-1.50000000 -8.50000000 	0.0000000000
-1.50000000 -8.00000000 	0.0000000000
-1.50000000 -7.50000000 	0.0000000000
-1.50000000 -7.00000000 	0.0000000000
-1.50000000 -6.50000000 	0.0000000000
-1.50000000 -6.00000000 	0.0000000000
-1.50000000 -5.50000000 	0.0000000000
-1.50000000 -5.00000000 	0.0000000000
-1.50000000 -4.50000000 	0.0000000000
-1.50000000 -4.00000000 	0.0000000000
-1.50000000 -3.50000000 	0.0000000000
-1.50000000 -3.00000000 	0.0000000000
-1.50000000 -2.50000000 	0.0008039308
-1.50000000 -2.00000000 	0.0120845213
-1.50000000 -1.50000000 	0.0736049076
-1.50000000 -1.00000000 	0.2515276771
-1.50000000 -0.50000000 	0.5507017963
-1.50000000 0.00000000 	0.8477130258
-1.50000000 0.50000000 	1.0143752233
-1.50000000 1.00000000 	1.0606964150
-1.50000000 1.50000000 	1.0606964150
-1.50000000 2.00000000 	1.0143752233
-1.50000000 2.50000000 	0.8477130258
-1.50000000 3.00000000 	0.5507017963
-1.50000000 3.50000000 	0.2515276771
-1.50000000 4.00000000 	0.0736049076
-1.50000000 4.50000000 	0.0120845213
-1.50000000 5.00000000 	0.0008039308
-1.50000000 5.50000000 	0.0000000000
-1.50000000 6.00000000 	0.0000000000
-1.50000000 6.50000000 	0.0000000000
-1.50000000 7.00000000 	0.0000000000
-1.50000000 7.50000000 	0.0000000000
-1.50000000 8.00000000 	0.0000000000
-1.00000000 -12.00000000 	0.0000000000
-1.00000000 -11.50000000 	0.0000000000
-1.00000000 -11.00000000 	0.0000000000
-1.00000000 -10.50000000 	0.0000000000
-1.00000000 -10.00000000 	0.0000000000
-1.00000000 -9.50000000 	0.0000000000
-1.00000000 -9.00000000 	0.0000000000
-1.00000000 -8.50000000 	0.0000000000
-1.00000000 -8.00000000 	0.0000000000
-1.00000000 -7.50000000 	0.0000000000
-1.00000000 -7.00000000 	0.0000000000
-1.00000000 -6.50000000 	0.0000000000
-1.00000000 -6.00000000 	0.0000000000
-1.00000000 -5.50000000 	0.0000000000
-1.00000000 -5.00000000 	0.0000000000
-1.00000000 -4.50000000 	0.0000000000
-1.00000000 -4.00000000 	0.0000000000
-1.00000000 -3.50000000 	0.0000000000
-1.00000000 -3.00000000 	0.0000000000
-1.00000000 -2.50000000 	0.0040270831
-1.00000000 -2.00000000 	0.0484942954
-1.00000000 -1.50000000 	0.2156383870
-1.00000000 -1.00000000 	0.5262025193
-1.00000000 -0.50000000 	0.8450457032
-1.00000000 0.00000000 	1.0268189844
-1.00000000 0.50000000 	1.0794742594
-1.00000000 1.00000000 	1.0854960883
-1.00000000 1.50000000 	1.0854960883
-1.00000000 2.00000000 	1.0794742594
-1.00000000 2.50000000 	1.0276699659
-1.00000000 3.00000000 	0.8534798327
-1.00000000 3.50000000 	0.5519249296
-1.00000000 4.00000000 	0.2516208663
-1.00000000 4.50000000 	0.0736049076
-1.00000000 5.00000000 	0.0120845213
-1.00000000 5.50000000 	0.0008039308
-1.00000000 6.00000000 	0.0000000000
-1.00000000 6.50000000 	0.0000000000
-1.00000000 7.00000000 	0.0000000000
-1.00000000 7.50000000 	0.0000000000
-1.00000000 8.00000000 	0.0000000000
-0.50000000 -12.00000000 	0.0000000000
-0.50000000 -11.50000000 	0.0000000000
-0.50000000 -11.00000000 	0.0000000000
-0.50000000 -10.50000000 	0.0000000000
-0.50000000 -10.00000000 	0.0000000000
-0.50000000 -9.50000000 	0.0000000000
-0.50000000 -9.00000000 	0.0000000000
-0.50000000 -8.50000000 	0.0000000000
-0.50000000 -8.00000000 	0.0000000000
-0.50000000 -7.50000000 	0.0000000000
-0.50000000 -7.00000000 	0.0000000000
-0.50000000 -6.50000000 	0.0000000000
-0.50000000 -6.00000000 	0.0000000000
-0.50000000 -5.50000000 	0.0000000000
-0.50000000 -5.00000000 	0.0000000000
-0.50000000 -4.50000000 	0.0000000000
-0.50000000 -4.00000000 	0.0000000000
-0.50000000 -3.50000000 	0.0000000000
-0.50000000 -3.00000000 	0.0008039308
-0.50000000 -2.50000000 	0.0161364031
-0.50000000 -2.00000000 	0.1144389804
-0.50000000 -1.50000000 	0.3764145481
-0.50000000 -1.00000000 	0.6956495799
-0.50000000 -0.50000000 	0.8200947144
-0.50000000 0.00000000 	0.7201989662
-0.50000000 0.50000000 	0.5992072857
-0.50000000 1.00000000 	0.5570715191
-0.50000000 1.50000000 	0.5570715191
-0.50000000 2.00000000 	0.5992072857
-0.50000000 2.50000000 	0.7236603252
-0.50000000 3.00000000 	0.8544108059
-0.50000000 3.50000000 	0.8002517377
-0.50000000 4.00000000 	0.5221491363
-0.50000000 4.50000000 	0.2156383870
-0.50000000 5.00000000 	0.0484942954
-0.50000000 5.50000000 	0.0040270831
-0.50000000 6.00000000 	0.0000000000
-0.50000000 6.50000000 	0.0000000000
-0.50000000 7.00000000 	0.0000000000
-0.50000000 7.50000000 	0.0000000000
-0.50000000 8.00000000 	0.0000000000
0.00000000 -12.00000000 	0.0000000000
0.00000000 -11.50000000 	0.0000000000
0.00000000 -11.00000000 	0.0000000000
0.00000000 -10.50000000 	0.0000000000
0.00000000 -10.00000000 	0.0000000000
0.00000000 -9.50000000 	0.0000000000
0.00000000 -9.00000000 	0.0000000000
0.00000000 -8.50000000 	0.0000000000
0.00000000 -8.00000000 	0.0000000000
0.00000000 -7.50000000 	0.0000000000
0.00000000 -7.00000000 	0.0000000000
0.00000000 -6.50000000 	0.0000000000
0.00000000 -6.00000000 	0.0000000000
0.00000000 -5.50000000 	0.0000000000
0.00000000 -5.00000000 	0.0000000000
0.00000000 -4.50000000 	0.0000000000
0.00000000 -4.00000000 	0.0000000000
0.00000000 -3.50000000 	0.0000000000
0.00000000 -3.00000000 	0.0040270831
0.00000000 -2.50000000 	0.0485321648
0.00000000 -2.00000000 	0.2121339305
0.00000000 -1.50000000 	0.4807987282
0.00000000 -1.00000000 	0.6412224170
0.00000000 -0.50000000 	0.5331475398
0.00000000 0.00000000 	0.3003026531
0.00000000 0.50000000 	0.1547071358
0.00000000 1.00000000 	0.1156010609
0.00000000 1.50000000 	0.1156010609
0.00000000 2.00000000 	0.1547071358
0.00000000 2.50000000 	0.3046964634
0.00000000 3.00000000 	0.5768009157
0.00000000 3.50000000 	0.7746323544
0.00000000 4.00000000 	0.6662543302
0.00000000 4.50000000 	0.3401454221
0.00000000 5.00000000 	0.0892437534
0.00000000 5.50000000 	0.0080712806
0.00000000 6.00000000 	0.0000000000
0.00000000 6.50000000 	0.0000000000
0.00000000 7.00000000 	0.0000000000
0.00000000 7.50000000 	0.0000000000
0.00000000 8.00000000 	0.0000000000
0.50000000 -12.00000000 	0.0000000000
0.50000000 -11.50000000 	0.0000000000
0.50000000 -11.00000000 	0.0000000000
0.50000000 -10.50000000 	0.0000000000
0.50000000 -10.00000000 	0.0000000000
0.50000000 -9.50000000 	0.0000000000
0.50000000 -9.00000000 	0.0000000000
0.50000000 -8.50000000 	0.0000000000
0.50000000 -8.00000000 	0.0000000000
0.50000000 -7.50000000 	0.0000000000
0.50000000 -7.00000000 	0.0000000000
0.50000000 -6.50000000 	0.0000000000
0.50000000 -6.00000000 	0.0000000000
0.50000000 -5.50000000 	0.0000000000
0.50000000 -5.00000000 	0.0000000000
0.50000000 -4.50000000 	0.0000000000
0.50000000 -4.00000000 	0.0000000000
0.50000000 -3.50000000 	0.0000000000
0.50000000 -3.00000000 	0.0080712806
0.50000000 -2.50000000 	0.0852105676
0.50000000 -2.00000000 	0.2963431621
0.50000000 -1.50000000 	0.5053966646
0.50000000 -1.00000000 	0.4780047275
0.50000000 -0.50000000 	0.2588750393
0.50000000 0.00000000 	0.0795729110
0.50000000 0.50000000 	0.0131878784
0.50000000 1.00000000 	0.0008814918
0.50000000 1.50000000 	0.0008814918
0.50000000 2.00000000 	0.0131878784
0.50000000 2.50000000 	0.0796264572
0.50000000 3.00000000 	0.2595266819
0.50000000 3.50000000 	0.4805166337
0.50000000 4.00000000 	0.5088141306
0.50000000 4.50000000 	0.2980165424
0.50000000 5.00000000 	0.0855140501
0.50000000 5.50000000 	0.0080892942
0.50000000 6.00000000 	0.0000000000
0.50000000 6.50000000 	0.0000000000
0.50000000 7.00000000 	0.0000000000
0.50000000 7.50000000 	0.0000000000
0.50000000 8.00000000 	0.0000000000
1.00000000 -12.00000000 	0.0000000000
1.00000000 -11.50000000 	0.0000000000
1.00000000 -11.00000000 	0.0000000000
1.00000000 -10.50000000 	0.0000000000
1.00000000 -10.00000000 	0.0000000000
1.00000000 -9.50000000 	0.0000000000
1.00000000 -9.00000000 	0.0000000000
1.00000000 -8.50000000 	0.0000000000
1.00000000 -8.00000000 	0.0000000000
1.00000000 -7.50000000 	0.0000000000
1.00000000 -7.00000000 	0.0000000000
1.00000000 -6.50000000 	0.0000000000
1.00000000 -6.00000000 	0.0000000000
1.00000000 -5.50000000 	0.0000000000
1.00000000 -5.00000000 	0.0000000000
1.00000000 -4.50000000 	0.0000000000
1.00000000 -4.00000000 	0.0000000000
1.00000000 -3.50000000 	0.0000000000
1.00000000 -3.00000000 	0.0080892942
1.00000000 -2.50000000 	0.0822526788
1.00000000 -2.00000000 	0.2643056072
1.00000000 -1.50000000 	0.3968487484
1.00000000 -1.00000000 	0.3042170711
1.00000000 -0.50000000 	0.1141337366
1.00000000 0.00000000 	0.0175518633
1.00000000 0.50000000 	0.0008814918
1.00000000 1.00000000 	0.0000000000
1.00000000 1.50000000 	0.0000000000
1.00000000 2.00000000 	0.0008814918
1.00000000 2.50000000 	0.0131878784
1.00000000 3.00000000 	0.0708215211
1.00000000 3.50000000 	0.1720151285
1.00000000 4.00000000 	0.2129409317
1.00000000 4.50000000 	0.1370397117
1.00000000 5.00000000 	0.0416778373
1.00000000 5.50000000 	0.0040534230
1.00000000 6.00000000 	0.0000000000
1.00000000 6.50000000 	0.0000000000
1.00000000 7.00000000 	0.0000000000
1.00000000 7.50000000 	0.0000000000
1.00000000 8.00000000 	0.0000000000
1.50000000 -12.00000000 	0.0000000000
1.50000000 -11.50000000 	0.0000000000
1.50000000 -11.00000000 	0.0000000000
1.50000000 -10.50000000 	0.0000000000
1.50000000 -10.00000000 	0.0000000000
1.50000000 -9.50000000 	0.0000000000
1.50000000 -9.00000000 	0.0000000000
1.50000000 -8.50000000 	0.0000000000
1.50000000 -8.00000000 	0.0000000000
1.50000000 -7.50000000 	0.0000000000
1.50000000 -7.00000000 	0.0000000000
1.50000000 -6.50000000 	0.0000000000
1.50000000 -6.00000000 	0.0000000000
1.50000000 -5.50000000 	0.0000000000
1.50000000 -5.00000000 	0.0000000000
1.50000000 -4.50000000 	0.0000000000
1.50000000 -4.00000000 	0.0000000000
1.50000000 -3.50000000 	0.0000000000
1.50000000 -3.00000000 	0.0040534230
1.50000000 -2.50000000 	0.0408548518
1.50000000 -2.00000000 	0.1287256352
1.50000000 -1.50000000 	0.1866788670
1.50000000 -1.00000000 	0.1340464706
1.50000000 -0.50000000 	0.0437471838
1.50000000 0.00000000 	0.0043970705
1.50000000 0.50000000 	0.0000000000
1.50000000 1.00000000 	0.0000000000
1.50000000 1.50000000 	0.0000000000
1.50000000 2.00000000 	0.0000000000
1.50000000 2.50000000 	0.0008814918
1.50000000 3.00000000 	0.0087773493
1.50000000 3.50000000 	0.0269313880
1.50000000 4.00000000 	0.0375285799
1.50000000 4.50000000 	0.0258545424
1.50000000 5.00000000 	0.0081938104
1.50000000 5.50000000 	0.0008122552
1.50000000 6.00000000 	0.0000000000
1.50000000 6.50000000 	0.0000000000
1.50000000 7.00000000 	0.0000000000
1.50000000 7.50000000 	0.0000000000
1.50000000 8.00000000 	0.0000000000
2.00000000 -12.00000000 	0.0000000000
2.00000000 -11.50000000 	0.0000000000
2.00000000 -11.00000000 	0.0000000000
2.00000000 -10.50000000 	0.0000000000
2.00000000 -10.00000000 	0.0000000000
2.00000000 -9.50000000 	0.0000000000
2.00000000 -9.00000000 	0.0000000000
2.00000000 -8.50000000 	0.0000000000
2.00000000 -8.00000000 	0.0000000000
2.00000000 -7.50000000 	0.0000000000
2.00000000 -7.00000000 	0.0000000000
2.00000000 -6.50000000 	0.0000000000
2.00000000 -6.00000000 	0.0000000000
2.00000000 -5.50000000 	0.0000000000
2.00000000 -5.00000000 	0.0000000000
2.00000000 -4.50000000 	0.0000000000
2.00000000 -4.00000000 	0.0000000000
2.00000000 -3.50000000 	0.0000000000
2.00000000 -3.00000000 	0.0008122552
2.00000000 -2.50000000 	0.0081938104
2.00000000 -2.00000000 	0.0258545424
2.00000000 -1.50000000 	0.0375285799
2.00000000 -1.00000000 	0.0269313880
2.00000000 -0.50000000 	0.0087773493
2.00000000 0.00000000 	0.0008814918
2.00000000 0.50000000 	0.0000000000
2.00000000 1.00000000 	0.0000000000
2.00000000 1.50000000 	0.0000000000
2.00000000 2.00000000 	0.0000000000
2.00000000 2.50000000 	0.0000000000
2.00000000 3.00000000 	0.0000000000
2.00000000 3.50000000 	0.0000000000
2.00000000 4.00000000 	0.0000000000
2.00000000 4.50000000 	0.0000000000
2.00000000 5.00000000 	0.0000000000
2.00000000 5.50000000 	0.0000000000
2.00000000 6.00000000 	0.0000000000
2.00000000 6.50000000 	0.0000000000
2.00000000 7.00000000 	0.0000000000
2.00000000 7.50000000 	0.0000000000
2.00000000 8.00000000 	0.0000000000
