-8.00000000 -12.00000000 	-70.7106781187
-8.00000000 -11.50000000 	-70.7106781187
-8.00000000 -11.00000000 	-70.7106781187
-8.00000000 -10.50000000 	-70.7106781187
-8.00000000 -10.00000000 	-70.1420488124
-8.00000000 -9.50000000 	-66.3865885308
-8.00000000 -9.00000000 	-55.0429728513
-8.00000000 -8.50000000 	-33.7312124262
-8.00000000 -8.00000000 	-5.2642431908
-8.00000000 -7.50000000 	23.6500784764
-8.00000000 -7.00000000 	46.6099889334
-8.00000000 -6.50000000 	60.8619358113
-8.00000000 -6.00000000 	67.6399857369
-8.00000000 -5.50000000 	70.0264827174
-8.00000000 -5.00000000 	70.6142614990
-8.00000000 -4.50000000 	70.7042556435
-8.00000000 -4.00000000 	70.7106781187
-8.00000000 -3.50000000 	70.7106781187
-8.00000000 -3.00000000 	70.7106781187
-8.00000000 -2.50000000 	70.7106781187
-8.00000000 -2.00000000 	70.7106781187
-8.00000000 -1.50000000 	70.7106781187
-8.00000000 -1.00000000 	70.7106781187
-8.00000000 -0.50000000 	70.7106781187
-8.00000000 0.00000000 	70.7106781187
-8.00000000 0.50000000 	70.7106781187
-8.00000000 1.00000000 	70.7106781187
-8.00000000 1.50000000 	70.7106781187
-8.00000000 2.00000000 	70.7106781187
-8.00000000 2.50000000 	70.7106781187
-8.00000000 3.00000000 	70.7106781187
-8.00000000 3.50000000 	70.7106781187
-8.00000000 4.00000000 	70.7106781187
-8.00000000 4.50000000 	70.7106781187
-8.00000000 5.00000000 	70.7106781187
-8.00000000 5.50000000 	70.7106781187
-8.00000000 6.00000000 	70.7106781187
-8.00000000 6.50000000 	70.7106781187
-8.00000000 7.00000000 	70.7106781187
-8.00000000 7.50000000 	70.7106781187
-8.00000000 8.00000000 	70.7106781187
-7.50000000 -12.00000000 	-70.7106781187
-7.50000000 -11.50000000 	-70.7106781187
-7.50000000 -11.00000000 	-70.7106781187
-7.50000000 -10.50000000 	-70.7106781187
-7.50000000 -10.00000000 	-70.3104463753
-7.50000000 -9.50000000 	-67.5806898281
-7.50000000 -9.00000000 	-59.0025163825
-7.50000000 -8.50000000 	-42.0527780312
-7.50000000 -8.00000000 	-17.8033314758
-7.50000000 -7.50000000 	9.2905314833
-7.50000000 -7.00000000 	33.7831501397
-7.50000000 -6.50000000 	51.9061726545
-7.50000000 -6.00000000 	62.8529271508
-7.50000000 -5.50000000 	68.1462290475
-7.50000000 -5.00000000 	70.1057464718
-7.50000000 -4.50000000 	70.6200289729
-7.50000000 -4.00000000 	70.7042556435
-7.50000000 -3.50000000 	70.7106781187
-7.50000000 -3.00000000 	70.7106781187
-7.50000000 -2.50000000 	70.7106781187
-7.50000000 -2.00000000 	70.7106781187
-7.50000000 -1.50000000 	70.7106781187
-7.50000000 -1.00000000 	70.7106781187
-7.50000000 -0.50000000 	70.7106781187
-7.50000000 0.00000000 	70.7106781187
-7.50000000 0.50000000 	70.7106781187
-7.50000000 1.00000000 	70.7106781187
-7.50000000 1.50000000 	70.7106781187
-7.50000000 2.00000000 	70.7106781187
-7.50000000 2.50000000 	70.7106781187
-7.50000000 3.00000000 	70.7106781187
-7.50000000 3.50000000 	70.7106781187
-7.50000000 4.00000000 	70.7106781187
-7.50000000 4.50000000 	70.7106781187
-7.50000000 5.00000000 	70.7106781187
-7.50000000 5.50000000 	70.7106781187
-7.50000000 6.00000000 	70.7106781187
-7.50000000 6.50000000 	70.7106781187
-7.50000000 7.00000000 	70.7106781187
-7.50000000 7.50000000 	70.7106781187
-7.50000000 8.00000000 	70.7106781187
-7.00000000 -12.00000000 	-70.7106781187
-7.00000000 -11.50000000 	-70.7106781187
-7.00000000 -11.00000000 	-70.7106781187
-7.00000000 -10.50000000 	-70.7106781187
-7.00000000 -10.00000000 	-70.5236831746
-7.00000000 -9.50000000 	-69.1425575275
-7.00000000 -9.00000000 	-64.3532134291
-7.00000000 -8.50000000 	-53.6911706404
-7.00000000 -8.00000000 	-36.1101716701
-7.00000000 -7.50000000 	-12.9465886315
-7.00000000 -7.00000000 	12.2505998591
-7.00000000 -6.50000000 	35.0828631638
-7.00000000 -6.00000000 	52.2832759679
-7.00000000 -5.50000000 	62.9158107942
-7.00000000 -5.00000000 	68.1509728827
-7.00000000 -4.50000000 	70.1057464718
-7.00000000 -4.00000000 	70.6200289729
-7.00000000 -3.50000000 	70.7042556435
-7.00000000 -3.00000000 	70.7106781187
-7.00000000 -2.50000000 	70.7106781187
-7.00000000 -2.00000000 	70.7106781187
-7.00000000 -1.50000000 	70.7106781187
-7.00000000 -1.00000000 	70.7106781187
-7.00000000 -0.50000000 	70.7106781187
-7.00000000 0.00000000 	70.7106781187
-7.00000000 0.50000000 	70.7106781187
-7.00000000 1.00000000 	70.7106781187
-7.00000000 1.50000000 	70.7106781187
-7.00000000 2.00000000 	70.7106781187
-7.00000000 2.50000000 	70.7106781187
-7.00000000 3.00000000 	70.7106781187
-7.00000000 3.50000000 	70.7106781187
-7.00000000 4.00000000 	70.7106781187
-7.00000000 4.50000000 	70.7106781187
-7.00000000 5.00000000 	70.7106781187
-7.00000000 5.50000000 	70.7106781187
-7.00000000 6.00000000 	70.7106781187
-7.00000000 6.50000000 	70.7106781187
-7.00000000 7.00000000 	70.7106781187
-7.00000000 7.50000000 	70.7106781187
-7.00000000 8.00000000 	70.7106781187
-6.50000000 -12.00000000 	-70.7106781187
-6.50000000 -11.50000000 	-70.7106781187
-6.50000000 -11.00000000 	-70.7106781187
-6.50000000 -10.50000000 	-70.7106781187
-6.50000000 -10.00000000 	-70.6588837331
-6.50000000 -9.50000000 	-70.2061316594
-6.50000000 -9.00000000 	-68.2968492901
-6.50000000 -8.50000000 	-63.0493721006
-6.50000000 -8.00000000 	-52.3694319534
-6.50000000 -7.50000000 	-35.1584967780
-6.50000000 -7.00000000 	-12.4456883747
-6.50000000 -6.50000000 	12.4338041377
-6.50000000 -6.00000000 	35.1225243579
-6.50000000 -5.50000000 	52.2867283612
-6.50000000 -5.00000000 	62.9158107942
-6.50000000 -4.50000000 	68.1509728827
-6.50000000 -4.00000000 	70.1057464718
-6.50000000 -3.50000000 	70.6200289729
-6.50000000 -3.00000000 	70.7042556435
-6.50000000 -2.50000000 	70.7106781187
-6.50000000 -2.00000000 	70.7106781187
-6.50000000 -1.50000000 	70.7106781187
-6.50000000 -1.00000000 	70.7106781187
-6.50000000 -0.50000000 	70.7106781187
-6.50000000 0.00000000 	70.7106781187
-6.50000000 0.50000000 	70.7106781187
-6.50000000 1.00000000 	70.7106781187
-6.50000000 1.50000000 	70.7106781187
-6.50000000 2.00000000 	70.7106781187
-6.50000000 2.50000000 	70.7106781187
-6.50000000 3.00000000 	70.7106781187
-6.50000000 3.50000000 	70.7106781187
-6.50000000 4.00000000 	70.7106781187
-6.50000000 4.50000000 	70.7106781187
-6.50000000 5.00000000 	70.7106781187
-6.50000000 5.50000000 	70.7106781187
-6.50000000 6.00000000 	70.7106781187
-6.50000000 6.50000000 	70.7106781187
-6.50000000 7.00000000 	70.7106781187
-6.50000000 7.50000000 	70.7106781187
-6.50000000 8.00000000 	70.7106781187
-6.00000000 -12.00000000 	-70.7106781187
-6.00000000 -11.50000000 	-70.7106781187
-6.00000000 -11.00000000 	-70.7106781187
-6.00000000 -10.50000000 	-70.7106781187
-6.00000000 -10.00000000 	-70.7042556435
-6.00000000 -9.50000000 	-70.6200289729
-6.00000000 -9.00000000 	-70.1057464718
-6.00000000 -8.50000000 	-68.1509728827
-6.00000000 -8.00000000 	-62.9158107942
-6.00000000 -7.50000000 	-52.2867283612
-6.00000000 -7.00000000 	-35.1225243579
-6.00000000 -6.50000000 	-12.4352931945
-6.00000000 -6.00000000 	12.4352931945
-6.00000000 -5.50000000 	35.1225243579
-6.00000000 -5.00000000 	52.2867283612
-6.00000000 -4.50000000 	62.9158107942
-6.00000000 -4.00000000 	68.1509728827
-6.00000000 -3.50000000 	70.1057464718
-6.00000000 -3.00000000 	70.6200289729
-6.00000000 -2.50000000 	70.7042556435
-6.00000000 -2.00000000 	70.7106781187
-6.00000000 -1.50000000 	70.7106781187
-6.00000000 -1.00000000 	70.7106781187
-6.00000000 -0.50000000 	70.7106781187
-6.00000000 0.00000000 	70.7106781187
-6.00000000 0.50000000 	70.7106781187
-6.00000000 1.00000000 	70.7106781187
-6.00000000 1.50000000 	70.7106781187
-6.00000000 2.00000000 	70.7106781187
-6.00000000 2.50000000 	70.7106781187
-6.00000000 3.00000000 	70.7106781187
-6.00000000 3.50000000 	70.7106781187
-6.00000000 4.00000000 	70.7106781187
-6.00000000 4.50000000 	70.7106781187
-6.00000000 5.00000000 	70.7106781187
-6.00000000 5.50000000 	70.7106781187
-6.00000000 6.00000000 	70.7106781187
-6.00000000 6.50000000 	70.7106781187
-6.00000000 7.00000000 	70.7106781187
-6.00000000 7.50000000 	70.7106781187
-6.00000000 8.00000000 	70.7106781187
-5.50000000 -12.00000000 	-70.7106781187
-5.50000000 -11.50000000 	-70.7106781187
-5.50000000 -11.00000000 	-70.7106781187
-5.50000000 -10.50000000 	-70.7106781187
-5.50000000 -10.00000000 	-70.7106781187
-5.50000000 -9.50000000 	-70.7042556435
-5.50000000 -9.00000000 	-70.6200289729
-5.50000000 -8.50000000 	-70.1057464718
-5.50000000 -8.00000000 	-68.1509728827
-5.50000000 -7.50000000 	-62.9158107942
-5.50000000 -7.00000000 	-52.2867283612
-5.50000000 -6.50000000 	-35.1225243579
-5.50000000 -6.00000000 	-12.4352931945
-5.50000000 -5.50000000 	12.4352931945
-5.50000000 -5.00000000 	35.1225243579
-5.50000000 -4.50000000 	52.2867283612
-5.50000000 -4.00000000 	62.9158107942
-5.50000000 -3.50000000 	68.1509728827
-5.50000000 -3.00000000 	70.1057464718
-5.50000000 -2.50000000 	70.6200289729
-5.50000000 -2.00000000 	70.7042556435
-5.50000000 -1.50000000 	70.7106781187
-5.50000000 -1.00000000 	70.7106781187
-5.50000000 -0.50000000 	70.7106781187
-5.50000000 0.00000000 	70.7106781187
-5.50000000 0.50000000 	70.7106781187
-5.50000000 1.00000000 	70.7106781187
-5.50000000 1.50000000 	70.7106781187
-5.50000000 2.00000000 	70.7106781187
-5.50000000 2.50000000 	70.7106781187
-5.50000000 3.00000000 	70.7106781187
-5.50000000 3.50000000 	70.7106781187
-5.50000000 4.00000000 	70.7106781187
-5.50000000 4.50000000 	70.7106781187
-5.50000000 5.00000000 	70.7106781187
-5.50000000 5.50000000 	70.7106781187
-5.50000000 6.00000000 	70.7106781187
-5.50000000 6.50000000 	70.7106781187
-5.50000000 7.00000000 	70.7106781187
-5.50000000 7.50000000 	70.7106781187
-5.50000000 8.00000000 	70.7106781187
-5.00000000 -12.00000000 	-70.7106781187
-5.00000000 -11.50000000 	-70.7106781187
-5.00000000 -11.00000000 	-70.7106781187
-5.00000000 -10.50000000 	-70.7106781187
-5.00000000 -10.00000000 	-70.7106781187
-5.00000000 -9.50000000 	-70.7106781187
-5.00000000 -9.00000000 	-70.7042556435
-5.00000000 -8.50000000 	-70.6200289729
-5.00000000 -8.00000000 	-70.1057464718
-5.00000000 -7.50000000 	-68.1509728827
-5.00000000 -7.00000000 	-62.9158107942
-5.00000000 -6.50000000 	-52.2867283612
-5.00000000 -6.00000000 	-35.1225243579
-5.00000000 -5.50000000 	-12.4352931945
-5.00000000 -5.00000000 	12.4352931945
-5.00000000 -4.50000000 	35.1225243579
-5.00000000 -4.00000000 	52.2867283612
-5.00000000 -3.50000000 	62.9158107942
-5.00000000 -3.00000000 	68.1509728827
-5.00000000 -2.50000000 	70.1057464718
-5.00000000 -2.00000000 	70.6200289729
-5.00000000 -1.50000000 	70.7042556435
-5.00000000 -1.00000000 	70.7106781187
-5.00000000 -0.50000000 	70.7106781187
-5.00000000 0.00000000 	70.7106781187
-5.00000000 0.50000000 	70.7106781187
-5.00000000 1.00000000 	70.7106781187
-5.00000000 1.50000000 	70.7106781187
-5.00000000 2.00000000 	70.7106781187
-5.00000000 2.50000000 	70.7106781187
-5.00000000 3.00000000 	70.7106781187
-5.00000000 3.50000000 	70.7106781187
-5.00000000 4.00000000 	70.7106781187
-5.00000000 4.50000000 	70.7106781187
-5.00000000 5.00000000 	70.7106781187
-5.00000000 5.50000000 	70.7106781187
-5.00000000 6.00000000 	70.7106781187
-5.00000000 6.50000000 	70.7106781187
-5.00000000 7.00000000 	70.7106781187
-5.00000000 7.50000000 	70.7106781187
-5.00000000 8.00000000 	70.7106781187
-4.50000000 -12.00000000 	-70.7106781187
-4.50000000 -11.50000000 	-70.7106781187
-4.50000000 -11.00000000 	-70.7106781187
-4.50000000 -10.50000000 	-70.7106781187
-4.50000000 -10.00000000 	-70.7106781187
-4.50000000 -9.50000000 	-70.7106781187
-4.50000000 -9.00000000 	-70.7106781187
-4.50000000 -8.50000000 	-70.7042556435
-4.50000000 -8.00000000 	-70.6200289729
-4.50000000 -7.50000000 	-70.1057464718
-4.50000000 -7.00000000 	-68.1509728827
-4.50000000 -6.50000000 	-62.9158107942
-4.50000000 -6.00000000 	-52.2867283612
-4.50000000 -5.50000000 	-35.1225243579
-4.50000000 -5.00000000 	-12.4352931945
-4.50000000 -4.50000000 	12.4352931945
-4.50000000 -4.00000000 	35.1225243579
-4.50000000 -3.50000000 	52.2867283612
-4.50000000 -3.00000000 	62.9158107942
-4.50000000 -2.50000000 	68.1509728827
-4.50000000 -2.00000000 	70.1057464718
-4.50000000 -1.50000000 	70.6200289729
-4.50000000 -1.00000000 	70.7042556435
-4.50000000 -0.50000000 	70.7106781187
-4.50000000 0.00000000 	70.7106781187
-4.50000000 0.50000000 	70.7106781187
-4.50000000 1.00000000 	70.7106781187
-4.50000000 1.50000000 	70.7106781187
-4.50000000 2.00000000 	70.7106781187
-4.50000000 2.50000000 	70.7106781187
-4.50000000 3.00000000 	70.7106781187
-4.50000000 3.50000000 	70.7106781187
-4.50000000 4.00000000 	70.7106781187
-4.50000000 4.50000000 	70.7106781187
-4.50000000 5.00000000 	70.7106781187
-4.50000000 5.50000000 	70.7106781187
-4.50000000 6.00000000 	70.7106781187
-4.50000000 6.50000000 	70.7106781187
-4.50000000 7.00000000 	70.7106781187
-4.50000000 7.50000000 	70.7106781187
-4.50000000 8.00000000 	70.7106781187
-4.00000000 -12.00000000 	-70.7106781187
-4.00000000 -11.50000000 	-70.7106781187
-4.00000000 -11.00000000 	-70.7106781187
-4.00000000 -10.50000000 	-70.7106781187
-4.00000000 -10.00000000 	-70.7106781187
-4.00000000 -9.50000000 	-70.7106781187
-4.00000000 -9.00000000 	-70.7106781187
-4.00000000 -8.50000000 	-70.7106781187
-4.00000000 -8.00000000 	-70.7042556435
-4.00000000 -7.50000000 	-70.6200289729
-4.00000000 -7.00000000 	-70.1057464718
-4.00000000 -6.50000000 	-68.1509728827
-4.00000000 -6.00000000 	-62.9158107942
-4.00000000 -5.50000000 	-52.2867283612
-4.00000000 -5.00000000 	-35.1225243579
-4.00000000 -4.50000000 	-12.4352931945
-4.00000000 -4.00000000 	12.4352931945
-4.00000000 -3.50000000 	35.1225243579
-4.00000000 -3.00000000 	52.2867283612
-4.00000000 -2.50000000 	62.9158107942
-4.00000000 -2.00000000 	68.1509728827
-4.00000000 -1.50000000 	70.1057464718
-4.00000000 -1.00000000 	70.6200289729
-4.00000000 -0.50000000 	70.7042556435
-4.00000000 0.00000000 	70.7106781187
-4.00000000 0.50000000 	70.7106781187
-4.00000000 1.00000000 	70.7106781187
-4.00000000 1.50000000 	70.7106781187
-4.00000000 2.00000000 	70.7106781187
-4.00000000 2.50000000 	70.7106781187
-4.00000000 3.00000000 	70.7106781187
-4.00000000 3.50000000 	70.7106781187
-4.00000000 4.00000000 	70.7106781187
-4.00000000 4.50000000 	70.7106781187
-4.00000000 5.00000000 	70.7106781187
-4.00000000 5.50000000 	70.7106781187
-4.00000000 6.00000000 	70.7106781187
-4.00000000 6.50000000 	70.7106781187
-4.00000000 7.00000000 	70.7106781187
-4.00000000 7.50000000 	70.7106781187
-4.00000000 8.00000000 	70.7106781187
-3.50000000 -12.00000000 	-70.7106781187
-3.50000000 -11.50000000 	-70.7106781187
-3.50000000 -11.00000000 	-70.7106781187
-3.50000000 -10.50000000 	-70.7106781187
-3.50000000 -10.00000000 	-70.7106781187
-3.50000000 -9.50000000 	-70.7106781187
-3.50000000 -9.00000000 	-70.7106781187
-3.50000000 -8.50000000 	-70.7106781187
-3.50000000 -8.00000000 	-70.7106781187
-3.50000000 -7.50000000 	-70.7042556435
-3.50000000 -7.00000000 	-70.6200289729
-3.50000000 -6.50000000 	-70.1057464718
-3.50000000 -6.00000000 	-68.1509728827
-3.50000000 -5.50000000 	-62.9158107942
-3.50000000 -5.00000000 	-52.2867283612
-3.50000000 -4.50000000 	-35.1225243579
-3.50000000 -4.00000000 	-12.4352931945
-3.50000000 -3.50000000 	12.4352931945
-3.50000000 -3.00000000 	35.1225243579
-3.50000000 -2.50000000 	52.2867283612
-3.50000000 -2.00000000 	62.9158107942
-3.50000000 -1.50000000 	68.1509728827
-3.50000000 -1.00000000 	70.1057464718
-3.50000000 -0.50000000 	70.6200289729
-3.50000000 0.00000000 	70.7042556435
-3.50000000 0.50000000 	70.7106781187
-3.50000000 1.00000000 	70.7106781187
-3.50000000 1.50000000 	70.7106781187
-3.50000000 2.00000000 	70.7106781187
-3.50000000 2.50000000 	70.7106781187
-3.50000000 3.00000000 	70.7106781187
-3.50000000 3.50000000 	70.7106781187
-3.50000000 4.00000000 	70.7106781187
-3.50000000 4.50000000 	70.7106781187
-3.50000000 5.00000000 	70.7106781187
-3.50000000 5.50000000 	70.7106781187
-3.50000000 6.00000000 	70.7106781187
-3.50000000 6.50000000 	70.7106781187
-3.50000000 7.00000000 	70.7106781187
-3.50000000 7.50000000 	70.7106781187
-3.50000000 8.00000000 	70.7106781187
-3.00000000 -12.00000000 	-70.7106781187
-3.00000000 -11.50000000 	-70.7106781187
-3.00000000 -11.00000000 	-70.7106781187
-3.00000000 -10.50000000 	-70.7106781187
-3.00000000 -10.00000000 	-70.7106781187
-3.00000000 -9.50000000 	-70.7106781187
-3.00000000 -9.00000000 	-70.7106781187
-3.00000000 -8.50000000 	-70.7106781187
-3.00000000 -8.00000000 	-70.7106781187
-3.00000000 -7.50000000 	-70.7106781187
-3.00000000 -7.00000000 	-70.7042556435
-3.00000000 -6.50000000 	-70.6200289729
-3.00000000 -6.00000000 	-70.1057464718
-3.00000000 -5.50000000 	-68.1509728827
-3.00000000 -5.00000000 	-62.9158107942
-3.00000000 -4.50000000 	-52.2867283612
-3.00000000 -4.00000000 	-35.1225243579
-3.00000000 -3.50000000 	-12.4352931945
-3.00000000 -3.00000000 	12.4352931945
-3.00000000 -2.50000000 	35.1225243579
-3.00000000 -2.00000000 	52.2867283612
-3.00000000 -1.50000000 	62.9158107942
-3.00000000 -1.00000000 	68.1509728827
-3.00000000 -0.50000000 	70.1057464718
-3.00000000 0.00000000 	70.6200289729
-3.00000000 0.50000000 	70.7042556435
-3.00000000 1.00000000 	70.7106781187
-3.00000000 1.50000000 	70.7106781187
-3.00000000 2.00000000 	70.7106781187
-3.00000000 2.50000000 	70.7106781187
-3.00000000 3.00000000 	70.7106781187
-3.00000000 3.50000000 	70.7106781187
-3.00000000 4.00000000 	70.7106781187
-3.00000000 4.50000000 	70.7106781187
-3.00000000 5.00000000 	70.7106781187
-3.00000000 5.50000000 	70.7106781187
-3.00000000 6.00000000 	70.7106781187
-3.00000000 6.50000000 	70.7106781187
-3.00000000 7.00000000 	70.7106781187
-3.00000000 7.50000000 	70.7106781187
-3.00000000 8.00000000 	70.7106781187
-2.50000000 -12.00000000 	-70.7106781187
-2.50000000 -11.50000000 	-70.7106781187
-2.50000000 -11.00000000 	-70.7106781187
-2.50000000 -10.50000000 	-70.7106781187
-2.50000000 -10.00000000 	-70.7106781187
-2.50000000 -9.50000000 	-70.7106781187
-2.50000000 -9.00000000 	-70.7106781187
-2.50000000 -8.50000000 	-70.7106781187
-2.50000000 -8.00000000 	-70.7106781187
-2.50000000 -7.50000000 	-70.7106781187
-2.50000000 -7.00000000 	-70.7106781187
-2.50000000 -6.50000000 	-70.7042556435
-2.50000000 -6.00000000 	-70.6200289729
-2.50000000 -5.50000000 	-70.1057464718
-2.50000000 -5.00000000 	-68.1509728827
-2.50000000 -4.50000000 	-62.9158107942
-2.50000000 -4.00000000 	-52.2867283612
-2.50000000 -3.50000000 	-35.1225243579
-2.50000000 -3.00000000 	-12.4352931945
-2.50000000 -2.50000000 	12.4352931945
-2.50000000 -2.00000000 	35.1225243579
-2.50000000 -1.50000000 	52.2867283612
-2.50000000 -1.00000000 	62.9158107942
-2.50000000 -0.50000000 	68.1509728827
-2.50000000 0.00000000 	70.1057464718
-2.50000000 0.50000000 	70.6200289729
-2.50000000 1.00000000 	70.7042556435
-2.50000000 1.50000000 	70.7106781187
-2.50000000 2.00000000 	70.7106781187
-2.50000000 2.50000000 	70.7106781187
-2.50000000 3.00000000 	70.7106781187
-2.50000000 3.50000000 	70.7106781187
-2.50000000 4.00000000 	70.7106781187
-2.50000000 4.50000000 	70.7106781187
-2.50000000 5.00000000 	70.7106781187
-2.50000000 5.50000000 	70.7106781187
-2.50000000 6.00000000 	70.7106781187
-2.50000000 6.50000000 	70.7106781187
-2.50000000 7.00000000 	70.7106781187
-2.50000000 7.50000000 	70.7106781187
-2.50000000 8.00000000 	70.7106781187
-2.00000000 -12.00000000 	-70.7106781187
-2.00000000 -11.50000000 	-70.7106781187
-2.00000000 -11.00000000 	-70.7106781187
-2.00000000 -10.50000000 	-70.7106781187
-2.00000000 -10.00000000 	-70.7106781187
-2.00000000 -9.50000000 	-70.7106781187
-2.00000000 -9.00000000 	-70.7106781187
-2.00000000 -8.50000000 	-70.7106781187
-2.00000000 -8.00000000 	-70.7106781187
-2.00000000 -7.50000000 	-70.7106781187
-2.00000000 -7.00000000 	-70.7106781187
-2.00000000 -6.50000000 	-70.7106781187
-2.00000000 -6.00000000 	-70.7042556435
-2.00000000 -5.50000000 	-70.6200289729
-2.00000000 -5.00000000 	-70.1057464718
-2.00000000 -4.50000000 	-68.1509728827
-2.00000000 -4.00000000 	-62.9158107942
-2.00000000 -3.50000000 	-52.2867283612
-2.00000000 -3.00000000 	-35.1225243579
-2.00000000 -2.50000000 	-12.4352931945
-2.00000000 -2.00000000 	12.4352931945
-2.00000000 -1.50000000 	35.1225243579
-2.00000000 -1.00000000 	52.2867283612
-2.00000000 -0.50000000 	62.9158107942
-2.00000000 0.00000000 	68.1509728827
-2.00000000 0.50000000 	70.1057464718
-2.00000000 1.00000000 	70.6200289729
-2.00000000 1.50000000 	70.7042556435
-2.00000000 2.00000000 	70.7106781187
-2.00000000 2.50000000 	70.7106781187
-2.00000000 3.00000000 	70.7106781187
-2.00000000 3.50000000 	70.7106781187
-2.00000000 4.00000000 	70.7106781187
-2.00000000 4.50000000 	70.7106781187
-2.00000000 5.00000000 	70.7106781187
-2.00000000 5.50000000 	70.7106781187
-2.00000000 6.00000000 	70.7106781187
-2.00000000 6.50000000 	70.7106781187
-2.00000000 7.00000000 	70.7106781187
-2.00000000 7.50000000 	70.7106781187
-2.00000000 8.00000000 	70.7106781187
-1.50000000 -12.00000000 	-70.7106781187
-1.50000000 -11.50000000 	-70.7106781187
-1.50000000 -11.00000000 	-70.7106781187
-1.50000000 -10.50000000 	-70.7106781187
-1.50000000 -10.00000000 	-70.7106781187
-1.50000000 -9.50000000 	-70.7106781187
-1.50000000 -9.00000000 	-70.7106781187
-1.50000000 -8.50000000 	-70.7106781187
-1.50000000 -8.00000000 	-70.7106781187
-1.50000000 -7.50000000 	-70.7106781187
-1.50000000 -7.00000000 	-70.7106781187
-1.50000000 -6.50000000 	-70.7106781187
-1.50000000 -6.00000000 	-70.7106781187
-1.50000000 -5.50000000 	-70.7042556435
-1.50000000 -5.00000000 	-70.6200289729
-1.50000000 -4.50000000 	-70.1057464718
-1.50000000 -4.00000000 	-68.1509728827
-1.50000000 -3.50000000 	-62.9158107942
-1.50000000 -3.00000000 	-52.2867283612
-1.50000000 -2.50000000 	-35.1225243579
-1.50000000 -2.00000000 	-12.4352931945
-1.50000000 -1.50000000 	12.4352931945
-1.50000000 -1.00000000 	35.1225243579
-1.50000000 -0.50000000 	52.2867283612
-1.50000000 0.00000000 	62.9158107942
-1.50000000 0.50000000 	68.1509728827
-1.50000000 1.00000000 	70.1057464718
-1.50000000 1.50000000 	70.6200289729
-1.50000000 2.00000000 	70.7042556435
-1.50000000 2.50000000 	70.7106781187
-1.50000000 3.00000000 	70.7106781187
-1.50000000 3.50000000 	70.7106781187
-1.50000000 4.00000000 	70.7106781187
-1.50000000 4.50000000 	70.7106781187
-1.50000000 5.00000000 	70.7106781187
-1.50000000 5.50000000 	70.7106781187
-1.50000000 6.00000000 	70.7106781187
-1.50000000 6.50000000 	70.7106781187
-1.50000000 7.00000000 	70.7106781187
-1.50000000 7.50000000 	70.7106781187
-1.50000000 8.00000000 	70.7106781187
-1.00000000 -12.00000000 	-70.7106781187
-1.00000000 -11.50000000 	-70.7106781187
-1.00000000 -11.00000000 	-70.7106781187
-1.00000000 -10.50000000 	-70.7106781187
-1.00000000 -10.00000000 	-70.7106781187
-1.00000000 -9.50000000 	-70.7106781187
-1.00000000 -9.00000000 	-70.7106781187
-1.00000000 -8.50000000 	-70.7106781187
-1.00000000 -8.00000000 	-70.7106781187
-1.00000000 -7.50000000 	-70.7106781187
-1.00000000 -7.00000000 	-70.7106781187
-1.00000000 -6.50000000 	-70.7106781187
-1.00000000 -6.00000000 	-70.7106781187
-1.00000000 -5.50000000 	-70.7106781187
-1.00000000 -5.00000000 	-70.7042556435
-1.00000000 -4.50000000 	-70.6200289729
-1.00000000 -4.00000000 	-70.1057464718
-1.00000000 -3.50000000 	-68.1509728827
-1.00000000 -3.00000000 	-62.9158107942
-1.00000000 -2.50000000 	-52.2867283612
-1.00000000 -2.00000000 	-35.1225243579
-1.00000000 -1.50000000 	-12.4352931945
-1.00000000 -1.00000000 	12.4352931945
-1.00000000 -0.50000000 	35.1225243579
-1.00000000 0.00000000 	52.2867283612
-1.00000000 0.50000000 	62.9158107942
-1.00000000 1.00000000 	68.1509728827
-1.00000000 1.50000000 	70.1057464718
-1.00000000 2.00000000 	70.6200289729
-1.00000000 2.50000000 	70.7042556435
-1.00000000 3.00000000 	70.7106781187
-1.00000000 3.50000000 	70.7106781187
-1.00000000 4.00000000 	70.7106781187
-1.00000000 4.50000000 	70.7106781187
-1.00000000 5.00000000 	70.7106781187
-1.00000000 5.50000000 	70.7106781187
-1.00000000 6.00000000 	70.7106781187
-1.00000000 6.50000000 	70.7106781187
-1.00000000 7.00000000 	70.7106781187
-1.00000000 7.50000000 	70.7106781187
-1.00000000 8.00000000 	70.7106781187
-0.50000000 -12.00000000 	-70.7106781187
-0.50000000 -11.50000000 	-70.7106781187
-0.50000000 -11.00000000 	-70.7106781187
-0.50000000 -10.50000000 	-70.7106781187
-0.50000000 -10.00000000 	-70.7106781187
-0.50000000 -9.50000000 	-70.7106781187
-0.50000000 -9.00000000 	-70.7106781187
-0.50000000 -8.50000000 	-70.7106781187
-0.50000000 -8.00000000 	-70.7106781187
-0.50000000 -7.50000000 	-70.7106781187
-0.50000000 -7.00000000 	-70.7106781187
-0.50000000 -6.50000000 	-70.7106781187
-0.50000000 -6.00000000 	-70.7106781187
-0.50000000 -5.50000000 	-70.7106781187
-0.50000000 -5.00000000 	-70.7106781187
-0.50000000 -4.50000000 	-70.7042556435
-0.50000000 -4.00000000 	-70.6200289729
-0.50000000 -3.50000000 	-70.1057464718
-0.50000000 -3.00000000 	-68.1509728827
-0.50000000 -2.50000000 	-62.9158107942
-0.50000000 -2.00000000 	-52.2867283612
-0.50000000 -1.50000000 	-35.1225243579
-0.50000000 -1.00000000 	-12.4352931945
-0.50000000 -0.50000000 	12.4352931945
-0.50000000 0.00000000 	35.1225243579
-0.50000000 0.50000000 	52.2867283612
-0.50000000 1.00000000 	62.9158107942
-0.50000000 1.50000000 	68.1509728827
-0.50000000 2.00000000 	70.1057464718
-0.50000000 2.50000000 	70.6200289729
-0.50000000 3.00000000 	70.7042556435
-0.50000000 3.50000000 	70.7106781187
-0.50000000 4.00000000 	70.7106781187
-0.50000000 4.50000000 	70.7106781187
-0.50000000 5.00000000 	70.7106781187
-0.50000000 5.50000000 	70.7106781187
-0.50000000 6.00000000 	70.7106781187
-0.50000000 6.50000000 	70.7106781187
-0.50000000 7.00000000 	70.7106781187
-0.50000000 7.50000000 	70.7106781187
-0.50000000 8.00000000 	70.7106781187
0.00000000 -12.00000000 	-70.7106781187
0.00000000 -11.50000000 	-70.7106781187
0.00000000 -11.00000000 	-70.7106781187
0.00000000 -10.50000000 	-70.7106781187
0.00000000 -10.00000000 	-70.7106781187
0.00000000 -9.50000000 	-70.7106781187
0.00000000 -9.00000000 	-70.7106781187
0.00000000 -8.50000000 	-70.7106781187
0.00000000 -8.00000000 	-70.7106781187
0.00000000 -7.50000000 	-70.7106781187
0.00000000 -7.00000000 	-70.7106781187
0.00000000 -6.50000000 	-70.7106781187
0.00000000 -6.00000000 	-70.7106781187
0.00000000 -5.50000000 	-70.7106781187
0.00000000 -5.00000000 	-70.7106781187
0.00000000 -4.50000000 	-70.7106781187
0.00000000 -4.00000000 	-70.7042556435
0.00000000 -3.50000000 	-70.6200289729
0.00000000 -3.00000000 	-70.1057464718
0.00000000 -2.50000000 	-68.1509728827
0.00000000 -2.00000000 	-62.9158107942
0.00000000 -1.50000000 	-52.2867283612
0.00000000 -1.00000000 	-35.1225243579
0.00000000 -0.50000000 	-12.4352931945
0.00000000 0.00000000 	12.4352931945
0.00000000 0.50000000 	35.1225243579
0.00000000 1.00000000 	52.2867283612
0.00000000 1.50000000 	62.9158107942
0.00000000 2.00000000 	68.1509728827
0.00000000 2.50000000 	70.1057464718
0.00000000 3.00000000 	70.6200289729
0.00000000 3.50000000 	70.7042556435
0.00000000 4.00000000 	70.7106781187
0.00000000 4.50000000 	70.7106781187
0.00000000 5.00000000 	70.7106781187
0.00000000 5.50000000 	70.7106781187
0.00000000 6.00000000 	70.7106781187
0.00000000 6.50000000 	70.7106781187
0.00000000 7.00000000 	70.7106781187
0.00000000 7.50000000 	70.7106781187
0.00000000 8.00000000 	70.7106781187
0.50000000 -12.00000000 	-70.7106781187
0.50000000 -11.50000000 	-70.7106781187
0.50000000 -11.00000000 	-70.7106781187
0.50000000 -10.50000000 	-70.7106781187
0.50000000 -10.00000000 	-70.7106781187
0.50000000 -9.50000000 	-70.7106781187
0.50000000 -9.00000000 	-70.7106781187
0.50000000 -8.50000000 	-70.7106781187
0.50000000 -8.00000000 	-70.7106781187
0.50000000 -7.50000000 	-70.7106781187
0.50000000 -7.00000000 	-70.7106781187
0.50000000 -6.50000000 	-70.7106781187
0.50000000 -6.00000000 	-70.7106781187
0.50000000 -5.50000000 	-70.7106781187
0.50000000 -5.00000000 	-70.7106781187
0.50000000 -4.50000000 	-70.7106781187
0.50000000 -4.00000000 	-70.7106781187
0.50000000 -3.50000000 	-70.7042556435
0.50000000 -3.00000000 	-70.6200289729
0.50000000 -2.50000000 	-70.1057464718
0.50000000 -2.00000000 	-68.1509728827
0.50000000 -1.50000000 	-62.9158107942
0.50000000 -1.00000000 	-52.2867283612
0.50000000 -0.50000000 	-35.1225243579
0.50000000 0.00000000 	-12.4338041377
0.50000000 0.50000000 	12.4456883747
0.50000000 1.00000000 	35.1584967780
0.50000000 1.50000000 	52.3694319534
0.50000000 2.00000000 	63.0493721006
0.50000000 2.50000000 	68.2968492901
0.50000000 3.00000000 	70.2061316594
0.50000000 3.50000000 	70.6588837331
0.50000000 4.00000000 	70.7106781187
0.50000000 4.50000000 	70.7106781187
0.50000000 5.00000000 	70.7106781187
0.50000000 5.50000000 	70.7106781187
0.50000000 6.00000000 	70.7106781187
0.50000000 6.50000000 	70.7106781187
0.50000000 7.00000000 	70.7106781187
0.50000000 7.50000000 	70.7106781187
0.50000000 8.00000000 	70.7106781187
1.00000000 -12.00000000 	-70.7106781187
1.00000000 -11.50000000 	-70.7106781187
1.00000000 -11.00000000 	-70.7106781187
1.00000000 -10.50000000 	-70.7106781187
1.00000000 -10.00000000 	-70.7106781187
1.00000000 -9.50000000 	-70.7106781187
1.00000000 -9.00000000 	-70.7106781187
1.00000000 -8.50000000 	-70.7106781187
1.00000000 -8.00000000 	-70.7106781187
1.00000000 -7.50000000 	-70.7106781187
1.00000000 -7.00000000 	-70.7106781187
1.00000000 -6.50000000 	-70.7106781187
1.00000000 -6.00000000 	-70.7106781187
1.00000000 -5.50000000 	-70.7106781187
1.00000000 -5.00000000 	-70.7106781187
1.00000000 -4.50000000 	-70.7106781187
1.00000000 -4.00000000 	-70.7106781187
1.00000000 -3.50000000 	-70.7106781187
1.00000000 -3.00000000 	-70.7042556435
1.00000000 -2.50000000 	-70.6200289729
1.00000000 -2.00000000 	-70.1057464718
1.00000000 -1.50000000 	-68.1509728827
1.00000000 -1.00000000 	-62.9158107942
1.00000000 -0.50000000 	-52.2832759679
1.00000000 0.00000000 	-35.0828631638
1.00000000 0.50000000 	-12.2505998591
1.00000000 1.00000000 	12.9465886315
1.00000000 1.50000000 	36.1101716701
1.00000000 2.00000000 	53.6911706404
1.00000000 2.50000000 	64.3532134291
1.00000000 3.00000000 	69.1425575275
1.00000000 3.50000000 	70.5236831746
1.00000000 4.00000000 	70.7106781187
1.00000000 4.50000000 	70.7106781187
1.00000000 5.00000000 	70.7106781187
1.00000000 5.50000000 	70.7106781187
1.00000000 6.00000000 	70.7106781187
1.00000000 6.50000000 	70.7106781187
1.00000000 7.00000000 	70.7106781187
1.00000000 7.50000000 	70.7106781187
1.00000000 8.00000000 	70.7106781187
1.50000000 -12.00000000 	-70.7106781187
1.50000000 -11.50000000 	-70.7106781187
1.50000000 -11.00000000 	-70.7106781187
1.50000000 -10.50000000 	-70.7106781187
1.50000000 -10.00000000 	-70.7106781187
1.50000000 -9.50000000 	-70.7106781187
1.50000000 -9.00000000 	-70.7106781187
1.50000000 -8.50000000 	-70.7106781187
1.50000000 -8.00000000 	-70.7106781187
1.50000000 -7.50000000 	-70.7106781187
1.50000000 -7.00000000 	-70.7106781187
1.50000000 -6.50000000 	-70.7106781187
1.50000000 -6.00000000 	-70.7106781187
1.50000000 -5.50000000 	-70.7106781187
1.50000000 -5.00000000 	-70.7106781187
1.50000000 -4.50000000 	-70.7106781187
1.50000000 -4.00000000 	-70.7106781187
1.50000000 -3.50000000 	-70.7106781187
1.50000000 -3.00000000 	-70.7106781187
1.50000000 -2.50000000 	-70.7042556435
1.50000000 -2.00000000 	-70.6200289729
1.50000000 -1.50000000 	-70.1057464718
1.50000000 -1.00000000 	-68.1462290475
1.50000000 -0.50000000 	-62.8529271508
1.50000000 0.00000000 	-51.9061726545
1.50000000 0.50000000 	-33.7831501397
1.50000000 1.00000000 	-9.2905314833
1.50000000 1.50000000 	17.8033314758
1.50000000 2.00000000 	42.0527780312
1.50000000 2.50000000 	59.0025163825
1.50000000 3.00000000 	67.5806898281
1.50000000 3.50000000 	70.3104463753
1.50000000 4.00000000 	70.7106781187
1.50000000 4.50000000 	70.7106781187
1.50000000 5.00000000 	70.7106781187
1.50000000 5.50000000 	70.7106781187
1.50000000 6.00000000 	70.7106781187
1.50000000 6.50000000 	70.7106781187
1.50000000 7.00000000 	70.7106781187
1.50000000 7.50000000 	70.7106781187
1.50000000 8.00000000 	70.7106781187
2.00000000 -12.00000000 	-70.7106781187
2.00000000 -11.50000000 	-70.7106781187
2.00000000 -11.00000000 	-70.7106781187
2.00000000 -10.50000000 	-70.7106781187
2.00000000 -10.00000000 	-70.7106781187
2.00000000 -9.50000000 	-70.7106781187
2.00000000 -9.00000000 	-70.7106781187
2.00000000 -8.50000000 	-70.7106781187
2.00000000 -8.00000000 	-70.7106781187
2.00000000 -7.50000000 	-70.7106781187
2.00000000 -7.00000000 	-70.7106781187
2.00000000 -6.50000000 	-70.7106781187
2.00000000 -6.00000000 	-70.7106781187
2.00000000 -5.50000000 	-70.7106781187
2.00000000 -5.00000000 	-70.7106781187
2.00000000 -4.50000000 	-70.7106781187
2.00000000 -4.00000000 	-70.7106781187
2.00000000 -3.50000000 	-70.7106781187
2.00000000 -3.00000000 	-70.7106781187
2.00000000 -2.50000000 	-70.7106781187
2.00000000 -2.00000000 	-70.7042556435
2.00000000 -1.50000000 	-70.6142614990
2.00000000 -1.00000000 	-70.0264827174
2.00000000 -0.50000000 	-67.6399857369
2.00000000 0.00000000 	-60.8619358113
2.00000000 0.50000000 	-46.6099889334
2.00000000 1.00000000 	-23.6500784764
2.00000000 1.50000000 	5.2642431908
2.00000000 2.00000000 	33.7312124262
2.00000000 2.50000000 	55.0429728513
2.00000000 3.00000000 	66.3865885308
2.00000000 3.50000000 	70.1420488124
2.00000000 4.00000000 	70.7106781187
2.00000000 4.50000000 	70.7106781187
2.00000000 5.00000000 	70.7106781187
2.00000000 5.50000000 	70.7106781187
2.00000000 6.00000000 	70.7106781187
2.00000000 6.50000000 	70.7106781187
2.00000000 7.00000000 	70.7106781187
2.00000000 7.50000000 	70.7106781187
2.00000000 8.00000000 	70.7106781187
