-8.00000000 -12.00000000 	-70.7106781187
-8.00000000 -11.50000000 	-70.7106781187
-8.00000000 -11.00000000 	-70.7106781187
-8.00000000 -10.50000000 	-70.7106781187
-8.00000000 -10.00000000 	-70.7106781187
-8.00000000 -9.50000000 	-70.7106781187
-8.00000000 -9.00000000 	-64.1001945973
-8.00000000 -8.50000000 	-38.4060661387
-8.00000000 -8.00000000 	4.5413219702
-8.00000000 -7.50000000 	43.6206886364
-8.00000000 -7.00000000 	64.0675986578
-8.00000000 -6.50000000 	69.9493835597
-8.00000000 -6.00000000 	70.7106781187
-8.00000000 -5.50000000 	70.7106781187
-8.00000000 -5.00000000 	70.7106781187
-8.00000000 -4.50000000 	70.7106781187
-8.00000000 -4.00000000 	70.7106781187
-8.00000000 -3.50000000 	70.7106781187
-8.00000000 -3.00000000 	70.7106781187
-8.00000000 -2.50000000 	70.7106781187
-8.00000000 -2.00000000 	70.7106781187
-8.00000000 -1.50000000 	70.7106781187
-8.00000000 -1.00000000 	70.7106781187
-8.00000000 -0.50000000 	70.7106781187
-8.00000000 0.00000000 	70.7106781187
-8.00000000 0.50000000 	70.7106781187
-8.00000000 1.00000000 	70.7106781187
-8.00000000 1.50000000 	70.7106781187
-8.00000000 2.00000000 	70.7106781187
-8.00000000 2.50000000 	70.7106781187
-8.00000000 3.00000000 	70.7106781187
-8.00000000 3.50000000 	70.7106781187
-8.00000000 4.00000000 	70.7106781187
-8.00000000 4.50000000 	70.7106781187
-8.00000000 5.00000000 	70.7106781187
-8.00000000 5.50000000 	70.7106781187
-8.00000000 6.00000000 	70.7106781187
-8.00000000 6.50000000 	70.7106781187
-8.00000000 7.00000000 	70.7106781187
-8.00000000 7.50000000 	70.7106781187
-8.00000000 8.00000000 	70.7106781187
-7.50000000 -12.00000000 	-70.7106781187
-7.50000000 -11.50000000 	-70.7106781187
-7.50000000 -11.00000000 	-70.7106781187
-7.50000000 -10.50000000 	-70.7106781187
-7.50000000 -10.00000000 	-70.7106781187
-7.50000000 -9.50000000 	-70.7106781187
-7.50000000 -9.00000000 	-67.2144207344
-7.50000000 -8.50000000 	-51.7260707146
-7.50000000 -8.00000000 	-20.3431096283
-7.50000000 -7.50000000 	17.9575820946
-7.50000000 -7.00000000 	48.5648890899
-7.50000000 -6.50000000 	64.7367932247
-7.50000000 -6.00000000 	69.9493835597
-7.50000000 -5.50000000 	70.7106781187
-7.50000000 -5.00000000 	70.7106781187
-7.50000000 -4.50000000 	70.7106781187
-7.50000000 -4.00000000 	70.7106781187
-7.50000000 -3.50000000 	70.7106781187
-7.50000000 -3.00000000 	70.7106781187
-7.50000000 -2.50000000 	70.7106781187
-7.50000000 -2.00000000 	70.7106781187
-7.50000000 -1.50000000 	70.7106781187
-7.50000000 -1.00000000 	70.7106781187
-7.50000000 -0.50000000 	70.7106781187
-7.50000000 0.00000000 	70.7106781187
-7.50000000 0.50000000 	70.7106781187
-7.50000000 1.00000000 	70.7106781187
-7.50000000 1.50000000 	70.7106781187
-7.50000000 2.00000000 	70.7106781187
-7.50000000 2.50000000 	70.7106781187
-7.50000000 3.00000000 	70.7106781187
-7.50000000 3.50000000 	70.7106781187
-7.50000000 4.00000000 	70.7106781187
-7.50000000 4.50000000 	70.7106781187
-7.50000000 5.00000000 	70.7106781187
-7.50000000 5.50000000 	70.7106781187
-7.50000000 6.00000000 	70.7106781187
-7.50000000 6.50000000 	70.7106781187
-7.50000000 7.00000000 	70.7106781187
-7.50000000 7.50000000 	70.7106781187
-7.50000000 8.00000000 	70.7106781187
-7.00000000 -12.00000000 	-70.7106781187
-7.00000000 -11.50000000 	-70.7106781187
-7.00000000 -11.00000000 	-70.7106781187
-7.00000000 -10.50000000 	-70.7106781187
-7.00000000 -10.00000000 	-70.7106781187
-7.00000000 -9.50000000 	-70.7106781187
-7.00000000 -9.00000000 	-69.9493835597
-7.00000000 -8.50000000 	-64.7367932247
-7.00000000 -8.00000000 	-48.5648890899
-7.00000000 -7.50000000 	-18.4279801712
-7.00000000 -7.00000000 	18.4279801712
-7.00000000 -6.50000000 	48.5648890899
-7.00000000 -6.00000000 	64.7367932247
-7.00000000 -5.50000000 	69.9493835597
-7.00000000 -5.00000000 	70.7106781187
-7.00000000 -4.50000000 	70.7106781187
-7.00000000 -4.00000000 	70.7106781187
-7.00000000 -3.50000000 	70.7106781187
-7.00000000 -3.00000000 	70.7106781187
-7.00000000 -2.50000000 	70.7106781187
-7.00000000 -2.00000000 	70.7106781187
-7.00000000 -1.50000000 	70.7106781187
-7.00000000 -1.00000000 	70.7106781187
-7.00000000 -0.50000000 	70.7106781187
-7.00000000 0.00000000 	70.7106781187
-7.00000000 0.50000000 	70.7106781187
-7.00000000 1.00000000 	70.7106781187
-7.00000000 1.50000000 	70.7106781187
-7.00000000 2.00000000 	70.7106781187
-7.00000000 2.50000000 	70.7106781187
-7.00000000 3.00000000 	70.7106781187
-7.00000000 3.50000000 	70.7106781187
-7.00000000 4.00000000 	70.7106781187
-7.00000000 4.50000000 	70.7106781187
-7.00000000 5.00000000 	70.7106781187
-7.00000000 5.50000000 	70.7106781187
-7.00000000 6.00000000 	70.7106781187
-7.00000000 6.50000000 	70.7106781187
-7.00000000 7.00000000 	70.7106781187
-7.00000000 7.50000000 	70.7106781187
-7.00000000 8.00000000 	70.7106781187
-6.50000000 -12.00000000 	-70.7106781187
-6.50000000 -11.50000000 	-70.7106781187
-6.50000000 -11.00000000 	-70.7106781187
-6.50000000 -10.50000000 	-70.7106781187
-6.50000000 -10.00000000 	-70.7106781187
-6.50000000 -9.50000000 	-70.7106781187
-6.50000000 -9.00000000 	-70.7106781187
-6.50000000 -8.50000000 	-69.9493835597
-6.50000000 -8.00000000 	-64.7367932247
-6.50000000 -7.50000000 	-48.5648890899
-6.50000000 -7.00000000 	-18.4279801712
-6.50000000 -6.50000000 	18.4279801712
-6.50000000 -6.00000000 	48.5648890899
-6.50000000 -5.50000000 	64.7367932247
-6.50000000 -5.00000000 	69.9493835597
-6.50000000 -4.50000000 	70.7106781187
-6.50000000 -4.00000000 	70.7106781187
-6.50000000 -3.50000000 	70.7106781187
-6.50000000 -3.00000000 	70.7106781187
-6.50000000 -2.50000000 	70.7106781187
-6.50000000 -2.00000000 	70.7106781187
-6.50000000 -1.50000000 	70.7106781187
-6.50000000 -1.00000000 	70.7106781187
-6.50000000 -0.50000000 	70.7106781187
-6.50000000 0.00000000 	70.7106781187
-6.50000000 0.50000000 	70.7106781187
-6.50000000 1.00000000 	70.7106781187
-6.50000000 1.50000000 	70.7106781187
-6.50000000 2.00000000 	70.7106781187
-6.50000000 2.50000000 	70.7106781187
-6.50000000 3.00000000 	70.7106781187
-6.50000000 3.50000000 	70.7106781187
-6.50000000 4.00000000 	70.7106781187
-6.50000000 4.50000000 	70.7106781187
-6.50000000 5.00000000 	70.7106781187
-6.50000000 5.50000000 	70.7106781187
-6.50000000 6.00000000 	70.7106781187
-6.50000000 6.50000000 	70.7106781187
-6.50000000 7.00000000 	70.7106781187
-6.50000000 7.50000000 	70.7106781187
-6.50000000 8.00000000 	70.7106781187
-6.00000000 -12.00000000 	-70.7106781187
-6.00000000 -11.50000000 	-70.7106781187
-6.00000000 -11.00000000 	-70.7106781187
-6.00000000 -10.50000000 	-70.7106781187
-6.00000000 -10.00000000 	-70.7106781187
-6.00000000 -9.50000000 	-70.7106781187
-6.00000000 -9.00000000 	-70.7106781187
-6.00000000 -8.50000000 	-70.7106781187
-6.00000000 -8.00000000 	-69.9493835597
-6.00000000 -7.50000000 	-64.7367932247
-6.00000000 -7.00000000 	-48.5648890899
-6.00000000 -6.50000000 	-18.4279801712
-6.00000000 -6.00000000 	18.4279801712
-6.00000000 -5.50000000 	48.5648890899
-6.00000000 -5.00000000 	64.7367932247
-6.00000000 -4.50000000 	69.9493835597
-6.00000000 -4.00000000 	70.7106781187
-6.00000000 -3.50000000 	70.7106781187
-6.00000000 -3.00000000 	70.7106781187
-6.00000000 -2.50000000 	70.7106781187
-6.00000000 -2.00000000 	70.7106781187
-6.00000000 -1.50000000 	70.7106781187
-6.00000000 -1.00000000 	70.7106781187
-6.00000000 -0.50000000 	70.7106781187
-6.00000000 0.00000000 	70.7106781187
-6.00000000 0.50000000 	70.7106781187
-6.00000000 1.00000000 	70.7106781187
-6.00000000 1.50000000 	70.7106781187
-6.00000000 2.00000000 	70.7106781187
-6.00000000 2.50000000 	70.7106781187
-6.00000000 3.00000000 	70.7106781187
-6.00000000 3.50000000 	70.7106781187
-6.00000000 4.00000000 	70.7106781187
-6.00000000 4.50000000 	70.7106781187
-6.00000000 5.00000000 	70.7106781187
-6.00000000 5.50000000 	70.7106781187
-6.00000000 6.00000000 	70.7106781187
-6.00000000 6.50000000 	70.7106781187
-6.00000000 7.00000000 	70.7106781187
-6.00000000 7.50000000 	70.7106781187
-6.00000000 8.00000000 	70.7106781187
-5.50000000 -12.00000000 	-70.7106781187
-5.50000000 -11.50000000 	-70.7106781187
-5.50000000 -11.00000000 	-70.7106781187
-5.50000000 -10.50000000 	-70.7106781187
-5.50000000 -10.00000000 	-70.7106781187
-5.50000000 -9.50000000 	-70.7106781187
-5.50000000 -9.00000000 	-70.7106781187
-5.50000000 -8.50000000 	-70.7106781187
-5.50000000 -8.00000000 	-70.7106781187
-5.50000000 -7.50000000 	-69.9493835597
-5.50000000 -7.00000000 	-64.7367932247
-5.50000000 -6.50000000 	-48.5648890899
-5.50000000 -6.00000000 	-18.4279801712
-5.50000000 -5.50000000 	18.4279801712
-5.50000000 -5.00000000 	48.5648890899
-5.50000000 -4.50000000 	64.7367932247
-5.50000000 -4.00000000 	69.9493835597
-5.50000000 -3.50000000 	70.7106781187
-5.50000000 -3.00000000 	70.7106781187
-5.50000000 -2.50000000 	70.7106781187
-5.50000000 -2.00000000 	70.7106781187
-5.50000000 -1.50000000 	70.7106781187
-5.50000000 -1.00000000 	70.7106781187
-5.50000000 -0.50000000 	70.7106781187
-5.50000000 0.00000000 	70.7106781187
-5.50000000 0.50000000 	70.7106781187
-5.50000000 1.00000000 	70.7106781187
-5.50000000 1.50000000 	70.7106781187
-5.50000000 2.00000000 	70.7106781187
-5.50000000 2.50000000 	70.7106781187
-5.50000000 3.00000000 	70.7106781187
-5.50000000 3.50000000 	70.7106781187
-5.50000000 4.00000000 	70.7106781187
-5.50000000 4.50000000 	70.7106781187
-5.50000000 5.00000000 	70.7106781187
-5.50000000 5.50000000 	70.7106781187
-5.50000000 6.00000000 	70.7106781187
-5.50000000 6.50000000 	70.7106781187
-5.50000000 7.00000000 	70.7106781187
-5.50000000 7.50000000 	70.7106781187
-5.50000000 8.00000000 	70.7106781187
-5.00000000 -12.00000000 	-70.7106781187
-5.00000000 -11.50000000 	-70.7106781187
-5.00000000 -11.00000000 	-70.7106781187
-5.00000000 -10.50000000 	-70.7106781187
-5.00000000 -10.00000000 	-70.7106781187
-5.00000000 -9.50000000 	-70.7106781187
-5.00000000 -9.00000000 	-70.7106781187
-5.00000000 -8.50000000 	-70.7106781187
-5.00000000 -8.00000000 	-70.7106781187
-5.00000000 -7.50000000 	-70.7106781187
-5.00000000 -7.00000000 	-69.9493835597
-5.00000000 -6.50000000 	-64.7367932247
-5.00000000 -6.00000000 	-48.5648890899
-5.00000000 -5.50000000 	-18.4279801712
-5.00000000 -5.00000000 	18.4279801712
-5.00000000 -4.50000000 	48.5648890899
-5.00000000 -4.00000000 	64.7367932247
-5.00000000 -3.50000000 	69.9493835597
-5.00000000 -3.00000000 	70.7106781187
-5.00000000 -2.50000000 	70.7106781187
-5.00000000 -2.00000000 	70.7106781187
-5.00000000 -1.50000000 	70.7106781187
-5.00000000 -1.00000000 	70.7106781187
-5.00000000 -0.50000000 	70.7106781187
-5.00000000 0.00000000 	70.7106781187
-5.00000000 0.50000000 	70.7106781187
-5.00000000 1.00000000 	70.7106781187
-5.00000000 1.50000000 	70.7106781187
-5.00000000 2.00000000 	70.7106781187
-5.00000000 2.50000000 	70.7106781187
-5.00000000 3.00000000 	70.7106781187
-5.00000000 3.50000000 	70.7106781187
-5.00000000 4.00000000 	70.7106781187
-5.00000000 4.50000000 	70.7106781187
-5.00000000 5.00000000 	70.7106781187
-5.00000000 5.50000000 	70.7106781187
-5.00000000 6.00000000 	70.7106781187
-5.00000000 6.50000000 	70.7106781187
-5.00000000 7.00000000 	70.7106781187
-5.00000000 7.50000000 	70.7106781187
-5.00000000 8.00000000 	70.7106781187
-4.50000000 -12.00000000 	-70.7106781187
-4.50000000 -11.50000000 	-70.7106781187
-4.50000000 -11.00000000 	-70.7106781187
-4.50000000 -10.50000000 	-70.7106781187
-4.50000000 -10.00000000 	-70.7106781187
-4.50000000 -9.50000000 	-70.7106781187
-4.50000000 -9.00000000 	-70.7106781187
-4.50000000 -8.50000000 	-70.7106781187
-4.50000000 -8.00000000 	-70.7106781187
-4.50000000 -7.50000000 	-70.7106781187
-4.50000000 -7.00000000 	-70.7106781187
-4.50000000 -6.50000000 	-69.9493835597
-4.50000000 -6.00000000 	-64.7367932247
-4.50000000 -5.50000000 	-48.5648890899
-4.50000000 -5.00000000 	-18.4279801712
-4.50000000 -4.50000000 	18.4279801712
-4.50000000 -4.00000000 	48.5648890899
-4.50000000 -3.50000000 	64.7367932247
-4.50000000 -3.00000000 	69.9493835597
-4.50000000 -2.50000000 	70.7106781187
-4.50000000 -2.00000000 	70.7106781187
-4.50000000 -1.50000000 	70.7106781187
-4.50000000 -1.00000000 	70.7106781187
-4.50000000 -0.50000000 	70.7106781187
-4.50000000 0.00000000 	70.7106781187
-4.50000000 0.50000000 	70.7106781187
-4.50000000 1.00000000 	70.7106781187
-4.50000000 1.50000000 	70.7106781187
-4.50000000 2.00000000 	70.7106781187
-4.50000000 2.50000000 	70.7106781187
-4.50000000 3.00000000 	70.7106781187
-4.50000000 3.50000000 	70.7106781187
-4.50000000 4.00000000 	70.7106781187
-4.50000000 4.50000000 	70.7106781187
-4.50000000 5.00000000 	70.7106781187
-4.50000000 5.50000000 	70.7106781187
-4.50000000 6.00000000 	70.7106781187
-4.50000000 6.50000000 	70.7106781187
-4.50000000 7.00000000 	70.7106781187
-4.50000000 7.50000000 	70.7106781187
-4.50000000 8.00000000 	70.7106781187
-4.00000000 -12.00000000 	-70.7106781187
-4.00000000 -11.50000000 	-70.7106781187
-4.00000000 -11.00000000 	-70.7106781187
-4.00000000 -10.50000000 	-70.7106781187
-4.00000000 -10.00000000 	-70.7106781187
-4.00000000 -9.50000000 	-70.7106781187
-4.00000000 -9.00000000 	-70.7106781187
-4.00000000 -8.50000000 	-70.7106781187
-4.00000000 -8.00000000 	-70.7106781187
-4.00000000 -7.50000000 	-70.7106781187
-4.00000000 -7.00000000 	-70.7106781187
-4.00000000 -6.50000000 	-70.7106781187
-4.00000000 -6.00000000 	-69.9493835597
-4.00000000 -5.50000000 	-64.7367932247
-4.00000000 -5.00000000 	-48.5648890899
-4.00000000 -4.50000000 	-18.4279801712
-4.00000000 -4.00000000 	18.4279801712
-4.00000000 -3.50000000 	48.5648890899
-4.00000000 -3.00000000 	64.7367932247
-4.00000000 -2.50000000 	69.9493835597
-4.00000000 -2.00000000 	70.7106781187
-4.00000000 -1.50000000 	70.7106781187
-4.00000000 -1.00000000 	70.7106781187
-4.00000000 -0.50000000 	70.7106781187
-4.00000000 0.00000000 	70.7106781187
-4.00000000 0.50000000 	70.7106781187
-4.00000000 1.00000000 	70.7106781187
-4.00000000 1.50000000 	70.7106781187
-4.00000000 2.00000000 	70.7106781187
-4.00000000 2.50000000 	70.7106781187
-4.00000000 3.00000000 	70.7106781187
-4.00000000 3.50000000 	70.7106781187
-4.00000000 4.00000000 	70.7106781187
-4.00000000 4.50000000 	70.7106781187
-4.00000000 5.00000000 	70.7106781187
-4.00000000 5.50000000 	70.7106781187
-4.00000000 6.00000000 	70.7106781187
-4.00000000 6.50000000 	70.7106781187
-4.00000000 7.00000000 	70.7106781187
-4.00000000 7.50000000 	70.7106781187
-4.00000000 8.00000000 	70.7106781187
-3.50000000 -12.00000000 	-70.7106781187
-3.50000000 -11.50000000 	-70.7106781187
-3.50000000 -11.00000000 	-70.7106781187
-3.50000000 -10.50000000 	-70.7106781187
-3.50000000 -10.00000000 	-70.7106781187
-3.50000000 -9.50000000 	-70.7106781187
-3.50000000 -9.00000000 	-70.7106781187
-3.50000000 -8.50000000 	-70.7106781187
-3.50000000 -8.00000000 	-70.7106781187
-3.50000000 -7.50000000 	-70.7106781187
-3.50000000 -7.00000000 	-70.7106781187
-3.50000000 -6.50000000 	-70.7106781187
-3.50000000 -6.00000000 	-70.7106781187
-3.50000000 -5.50000000 	-69.9493835597
-3.50000000 -5.00000000 	-64.7367932247
-3.50000000 -4.50000000 	-48.5648890899
-3.50000000 -4.00000000 	-18.4279801712
-3.50000000 -3.50000000 	18.4279801712
-3.50000000 -3.00000000 	48.5648890899
-3.50000000 -2.50000000 	64.7367932247
-3.50000000 -2.00000000 	69.9493835597
-3.50000000 -1.50000000 	70.7106781187
-3.50000000 -1.00000000 	70.7106781187
-3.50000000 -0.50000000 	70.7106781187
-3.50000000 0.00000000 	70.7106781187
-3.50000000 0.50000000 	70.7106781187
-3.50000000 1.00000000 	70.7106781187
-3.50000000 1.50000000 	70.7106781187
-3.50000000 2.00000000 	70.7106781187
-3.50000000 2.50000000 	70.7106781187
-3.50000000 3.00000000 	70.7106781187
-3.50000000 3.50000000 	70.7106781187
-3.50000000 4.00000000 	70.7106781187
-3.50000000 4.50000000 	70.7106781187
-3.50000000 5.00000000 	70.7106781187
-3.50000000 5.50000000 	70.7106781187
-3.50000000 6.00000000 	70.7106781187
-3.50000000 6.50000000 	70.7106781187
-3.50000000 7.00000000 	70.7106781187
-3.50000000 7.50000000 	70.7106781187
-3.50000000 8.00000000 	70.7106781187
-3.00000000 -12.00000000 	-70.7106781187
-3.00000000 -11.50000000 	-70.7106781187
-3.00000000 -11.00000000 	-70.7106781187
-3.00000000 -10.50000000 	-70.7106781187
-3.00000000 -10.00000000 	-70.7106781187
-3.00000000 -9.50000000 	-70.7106781187
-3.00000000 -9.00000000 	-70.7106781187
-3.00000000 -8.50000000 	-70.7106781187
-3.00000000 -8.00000000 	-70.7106781187
-3.00000000 -7.50000000 	-70.7106781187
-3.00000000 -7.00000000 	-70.7106781187
-3.00000000 -6.50000000 	-70.7106781187
-3.00000000 -6.00000000 	-70.7106781187
-3.00000000 -5.50000000 	-70.7106781187
-3.00000000 -5.00000000 	-69.9493835597
-3.00000000 -4.50000000 	-64.7367932247
-3.00000000 -4.00000000 	-48.5648890899
-3.00000000 -3.50000000 	-18.4279801712
-3.00000000 -3.00000000 	18.4279801712
-3.00000000 -2.50000000 	48.5648890899
-3.00000000 -2.00000000 	64.7367932247
-3.00000000 -1.50000000 	69.9493835597
-3.00000000 -1.00000000 	70.7106781187
-3.00000000 -0.50000000 	70.7106781187
-3.00000000 0.00000000 	70.7106781187
-3.00000000 0.50000000 	70.7106781187
-3.00000000 1.00000000 	70.7106781187
-3.00000000 1.50000000 	70.7106781187
-3.00000000 2.00000000 	70.7106781187
-3.00000000 2.50000000 	70.7106781187
-3.00000000 3.00000000 	70.7106781187
-3.00000000 3.50000000 	70.7106781187
-3.00000000 4.00000000 	70.7106781187
-3.00000000 4.50000000 	70.7106781187
-3.00000000 5.00000000 	70.7106781187
-3.00000000 5.50000000 	70.7106781187
-3.00000000 6.00000000 	70.7106781187
-3.00000000 6.50000000 	70.7106781187
-3.00000000 7.00000000 	70.7106781187
-3.00000000 7.50000000 	70.7106781187
-3.00000000 8.00000000 	70.7106781187
-2.50000000 -12.00000000 	-70.7106781187
-2.50000000 -11.50000000 	-70.7106781187
-2.50000000 -11.00000000 	-70.7106781187
-2.50000000 -10.50000000 	-70.7106781187
-2.50000000 -10.00000000 	-70.7106781187
-2.50000000 -9.50000000 	-70.7106781187
-2.50000000 -9.00000000 	-70.7106781187
-2.50000000 -8.50000000 	-70.7106781187
-2.50000000 -8.00000000 	-70.7106781187
-2.50000000 -7.50000000 	-70.7106781187
-2.50000000 -7.00000000 	-70.7106781187
-2.50000000 -6.50000000 	-70.7106781187
-2.50000000 -6.00000000 	-70.7106781187
-2.50000000 -5.50000000 	-70.7106781187
-2.50000000 -5.00000000 	-70.7106781187
-2.50000000 -4.50000000 	-69.9493835597
-2.50000000 -4.00000000 	-64.7367932247
-2.50000000 -3.50000000 	-48.5648890899
-2.50000000 -3.00000000 	-18.4279801712
-2.50000000 -2.50000000 	18.4279801712
-2.50000000 -2.00000000 	48.5648890899
-2.50000000 -1.50000000 	64.7367932247
-2.50000000 -1.00000000 	69.9493835597
-2.50000000 -0.50000000 	70.7106781187
-2.50000000 0.00000000 	70.7106781187
-2.50000000 0.50000000 	70.7106781187
-2.50000000 1.00000000 	70.7106781187
-2.50000000 1.50000000 	70.7106781187
-2.50000000 2.00000000 	70.7106781187
-2.50000000 2.50000000 	70.7106781187
-2.50000000 3.00000000 	70.7106781187
-2.50000000 3.50000000 	70.7106781187
-2.50000000 4.00000000 	70.7106781187
-2.50000000 4.50000000 	70.7106781187
-2.50000000 5.00000000 	70.7106781187
-2.50000000 5.50000000 	70.7106781187
-2.50000000 6.00000000 	70.7106781187
-2.50000000 6.50000000 	70.7106781187
-2.50000000 7.00000000 	70.7106781187
-2.50000000 7.50000000 	70.7106781187
-2.50000000 8.00000000 	70.7106781187
-2.00000000 -12.00000000 	-70.7106781187
-2.00000000 -11.50000000 	-70.7106781187
-2.00000000 -11.00000000 	-70.7106781187
-2.00000000 -10.50000000 	-70.7106781187
-2.00000000 -10.00000000 	-70.7106781187
-2.00000000 -9.50000000 	-70.7106781187
-2.00000000 -9.00000000 	-70.7106781187
-2.00000000 -8.50000000 	-70.7106781187
-2.00000000 -8.00000000 	-70.7106781187
-2.00000000 -7.50000000 	-70.7106781187
-2.00000000 -7.00000000 	-70.7106781187
-2.00000000 -6.50000000 	-70.7106781187
-2.00000000 -6.00000000 	-70.7106781187
-2.00000000 -5.50000000 	-70.7106781187
-2.00000000 -5.00000000 	-70.7106781187
-2.00000000 -4.50000000 	-70.7106781187
-2.00000000 -4.00000000 	-69.9493835597
-2.00000000 -3.50000000 	-64.7367932247
-2.00000000 -3.00000000 	-48.5648890899
-2.00000000 -2.50000000 	-18.4279801712
-2.00000000 -2.00000000 	18.4279801712
-2.00000000 -1.50000000 	48.5648890899
-2.00000000 -1.00000000 	64.7367932247
-2.00000000 -0.50000000 	69.9493835597
-2.00000000 0.00000000 	70.7106781187
-2.00000000 0.50000000 	70.7106781187
-2.00000000 1.00000000 	70.7106781187
-2.00000000 1.50000000 	70.7106781187
-2.00000000 2.00000000 	70.7106781187
-2.00000000 2.50000000 	70.7106781187
-2.00000000 3.00000000 	70.7106781187
-2.00000000 3.50000000 	70.7106781187
-2.00000000 4.00000000 	70.7106781187
-2.00000000 4.50000000 	70.7106781187
-2.00000000 5.00000000 	70.7106781187
-2.00000000 5.50000000 	70.7106781187
-2.00000000 6.00000000 	70.7106781187
-2.00000000 6.50000000 	70.7106781187
-2.00000000 7.00000000 	70.7106781187
-2.00000000 7.50000000 	70.7106781187
-2.00000000 8.00000000 	70.7106781187
-1.50000000 -12.00000000 	-70.7106781187
-1.50000000 -11.50000000 	-70.7106781187
-1.50000000 -11.00000000 	-70.7106781187
-1.50000000 -10.50000000 	-70.7106781187
-1.50000000 -10.00000000 	-70.7106781187
-1.50000000 -9.50000000 	-70.7106781187
-1.50000000 -9.00000000 	-70.7106781187
-1.50000000 -8.50000000 	-70.7106781187
-1.50000000 -8.00000000 	-70.7106781187
-1.50000000 -7.50000000 	-70.7106781187
-1.50000000 -7.00000000 	-70.7106781187
-1.50000000 -6.50000000 	-70.7106781187
-1.50000000 -6.00000000 	-70.7106781187
-1.50000000 -5.50000000 	-70.7106781187
-1.50000000 -5.00000000 	-70.7106781187
-1.50000000 -4.50000000 	-70.7106781187
-1.50000000 -4.00000000 	-70.7106781187
-1.50000000 -3.50000000 	-69.9493835597
-1.50000000 -3.00000000 	-64.7367932247
-1.50000000 -2.50000000 	-48.5648890899
-1.50000000 -2.00000000 	-18.4279801712
-1.50000000 -1.50000000 	18.4279801712
-1.50000000 -1.00000000 	48.5648890899
-1.50000000 -0.50000000 	64.7367932247
-1.50000000 0.00000000 	69.9493835597
-1.50000000 0.50000000 	70.7106781187
-1.50000000 1.00000000 	70.7106781187
-1.50000000 1.50000000 	70.7106781187
-1.50000000 2.00000000 	70.7106781187
-1.50000000 2.50000000 	70.7106781187
-1.50000000 3.00000000 	70.7106781187
-1.50000000 3.50000000 	70.7106781187
-1.50000000 4.00000000 	70.7106781187
-1.50000000 4.50000000 	70.7106781187
-1.50000000 5.00000000 	70.7106781187
-1.50000000 5.50000000 	70.7106781187
-1.50000000 6.00000000 	70.7106781187
-1.50000000 6.50000000 	70.7106781187
-1.50000000 7.00000000 	70.7106781187
-1.50000000 7.50000000 	70.7106781187
-1.50000000 8.00000000 	70.7106781187
-1.00000000 -12.00000000 	-70.7106781187
-1.00000000 -11.50000000 	-70.7106781187
-1.00000000 -11.00000000 	-70.7106781187
-1.00000000 -10.50000000 	-70.7106781187
-1.00000000 -10.00000000 	-70.7106781187
-1.00000000 -9.50000000 	-70.7106781187
-1.00000000 -9.00000000 	-70.7106781187
-1.00000000 -8.50000000 	-70.7106781187
-1.00000000 -8.00000000 	-70.7106781187
-1.00000000 -7.50000000 	-70.7106781187
-1.00000000 -7.00000000 	-70.7106781187
-1.00000000 -6.50000000 	-70.7106781187
-1.00000000 -6.00000000 	-70.7106781187
-1.00000000 -5.50000000 	-70.7106781187
-1.00000000 -5.00000000 	-70.7106781187
-1.00000000 -4.50000000 	-70.7106781187
-1.00000000 -4.00000000 	-70.7106781187
-1.00000000 -3.50000000 	-70.7106781187
-1.00000000 -3.00000000 	-69.9493835597
-1.00000000 -2.50000000 	-64.7367932247
-1.00000000 -2.00000000 	-48.5648890899
-1.00000000 -1.50000000 	-18.4279801712
-1.00000000 -1.00000000 	18.4279801712
-1.00000000 -0.50000000 	48.5648890899
-1.00000000 0.00000000 	64.7367932247
-1.00000000 0.50000000 	69.9493835597
-1.00000000 1.00000000 	70.7106781187
-1.00000000 1.50000000 	70.7106781187
-1.00000000 2.00000000 	70.7106781187
-1.00000000 2.50000000 	70.7106781187
-1.00000000 3.00000000 	70.7106781187
-1.00000000 3.50000000 	70.7106781187
-1.00000000 4.00000000 	70.7106781187
-1.00000000 4.50000000 	70.7106781187
-1.00000000 5.00000000 	70.7106781187
-1.00000000 5.50000000 	70.7106781187
-1.00000000 6.00000000 	70.7106781187
-1.00000000 6.50000000 	70.7106781187
-1.00000000 7.00000000 	70.7106781187
-1.00000000 7.50000000 	70.7106781187
-1.00000000 8.00000000 	70.7106781187
-0.50000000 -12.00000000 	-70.7106781187
-0.50000000 -11.50000000 	-70.7106781187
-0.50000000 -11.00000000 	-70.7106781187
-0.50000000 -10.50000000 	-70.7106781187
-0.50000000 -10.00000000 	-70.7106781187
-0.50000000 -9.50000000 	-70.7106781187
-0.50000000 -9.00000000 	-70.7106781187
-0.50000000 -8.50000000 	-70.7106781187
-0.50000000 -8.00000000 	-70.7106781187
-0.50000000 -7.50000000 	-70.7106781187
-0.50000000 -7.00000000 	-70.7106781187
-0.50000000 -6.50000000 	-70.7106781187
-0.50000000 -6.00000000 	-70.7106781187
-0.50000000 -5.50000000 	-70.7106781187
-0.50000000 -5.00000000 	-70.7106781187
-0.50000000 -4.50000000 	-70.7106781187
-0.50000000 -4.00000000 	-70.7106781187
-0.50000000 -3.50000000 	-70.7106781187
-0.50000000 -3.00000000 	-70.7106781187
-0.50000000 -2.50000000 	-69.9493835597
-0.50000000 -2.00000000 	-64.7367932247
-0.50000000 -1.50000000 	-48.5648890899
-0.50000000 -1.00000000 	-18.4279801712
-0.50000000 -0.50000000 	18.4279801712
-0.50000000 0.00000000 	48.5648890899
-0.50000000 0.50000000 	64.7367932247
-0.50000000 1.00000000 	69.9493835597
-0.50000000 1.50000000 	70.7106781187
-0.50000000 2.00000000 	70.7106781187
-0.50000000 2.50000000 	70.7106781187
-0.50000000 3.00000000 	70.7106781187
-0.50000000 3.50000000 	70.7106781187
-0.50000000 4.00000000 	70.7106781187
-0.50000000 4.50000000 	70.7106781187
-0.50000000 5.00000000 	70.7106781187
-0.50000000 5.50000000 	70.7106781187
-0.50000000 6.00000000 	70.7106781187
-0.50000000 6.50000000 	70.7106781187
-0.50000000 7.00000000 	70.7106781187
-0.50000000 7.50000000 	70.7106781187
-0.50000000 8.00000000 	70.7106781187
0.00000000 -12.00000000 	-70.7106781187
0.00000000 -11.50000000 	-70.7106781187
0.00000000 -11.00000000 	-70.7106781187
0.00000000 -10.50000000 	-70.7106781187
0.00000000 -10.00000000 	-70.7106781187
0.00000000 -9.50000000 	-70.7106781187
0.00000000 -9.00000000 	-70.7106781187
0.00000000 -8.50000000 	-70.7106781187
0.00000000 -8.00000000 	-70.7106781187
0.00000000 -7.50000000 	-70.7106781187
0.00000000 -7.00000000 	-70.7106781187
0.00000000 -6.50000000 	-70.7106781187
0.00000000 -6.00000000 	-70.7106781187
0.00000000 -5.50000000 	-70.7106781187
0.00000000 -5.00000000 	-70.7106781187
0.00000000 -4.50000000 	-70.7106781187
0.00000000 -4.00000000 	-70.7106781187
0.00000000 -3.50000000 	-70.7106781187
0.00000000 -3.00000000 	-70.7106781187
0.00000000 -2.50000000 	-70.7106781187
0.00000000 -2.00000000 	-69.9493835597
0.00000000 -1.50000000 	-64.7367932247
0.00000000 -1.00000000 	-48.5648890899
0.00000000 -0.50000000 	-18.4279801712
0.00000000 0.00000000 	18.4279801712
0.00000000 0.50000000 	48.5648890899
0.00000000 1.00000000 	64.7367932247
0.00000000 1.50000000 	69.9493835597
0.00000000 2.00000000 	70.7106781187
0.00000000 2.50000000 	70.7106781187
0.00000000 3.00000000 	70.7106781187
0.00000000 3.50000000 	70.7106781187
0.00000000 4.00000000 	70.7106781187
0.00000000 4.50000000 	70.7106781187
0.00000000 5.00000000 	70.7106781187
0.00000000 5.50000000 	70.7106781187
0.00000000 6.00000000 	70.7106781187
0.00000000 6.50000000 	70.7106781187
0.00000000 7.00000000 	70.7106781187
0.00000000 7.50000000 	70.7106781187
0.00000000 8.00000000 	70.7106781187
0.50000000 -12.00000000 	-70.7106781187
0.50000000 -11.50000000 	-70.7106781187
0.50000000 -11.00000000 	-70.7106781187
0.50000000 -10.50000000 	-70.7106781187
0.50000000 -10.00000000 	-70.7106781187
0.50000000 -9.50000000 	-70.7106781187
0.50000000 -9.00000000 	-70.7106781187
0.50000000 -8.50000000 	-70.7106781187
0.50000000 -8.00000000 	-70.7106781187
0.50000000 -7.50000000 	-70.7106781187
0.50000000 -7.00000000 	-70.7106781187
0.50000000 -6.50000000 	-70.7106781187
0.50000000 -6.00000000 	-70.7106781187
0.50000000 -5.50000000 	-70.7106781187
0.50000000 -5.00000000 	-70.7106781187
0.50000000 -4.50000000 	-70.7106781187
0.50000000 -4.00000000 	-70.7106781187
0.50000000 -3.50000000 	-70.7106781187
0.50000000 -3.00000000 	-70.7106781187
0.50000000 -2.50000000 	-70.7106781187
0.50000000 -2.00000000 	-70.7106781187
0.50000000 -1.50000000 	-69.9493835597
0.50000000 -1.00000000 	-64.7367932247
0.50000000 -0.50000000 	-48.5648890899
0.50000000 0.00000000 	-18.4279801712
0.50000000 0.50000000 	18.4279801712
0.50000000 1.00000000 	48.5648890899
0.50000000 1.50000000 	64.7367932247
0.50000000 2.00000000 	69.9493835597
0.50000000 2.50000000 	70.7106781187
0.50000000 3.00000000 	70.7106781187
0.50000000 3.50000000 	70.7106781187
0.50000000 4.00000000 	70.7106781187
0.50000000 4.50000000 	70.7106781187
0.50000000 5.00000000 	70.7106781187
0.50000000 5.50000000 	70.7106781187
0.50000000 6.00000000 	70.7106781187
0.50000000 6.50000000 	70.7106781187
0.50000000 7.00000000 	70.7106781187
0.50000000 7.50000000 	70.7106781187
0.50000000 8.00000000 	70.7106781187
1.00000000 -12.00000000 	-70.7106781187
1.00000000 -11.50000000 	-70.7106781187
1.00000000 -11.00000000 	-70.7106781187
1.00000000 -10.50000000 	-70.7106781187
1.00000000 -10.00000000 	-70.7106781187
1.00000000 -9.50000000 	-70.7106781187
1.00000000 -9.00000000 	-70.7106781187
1.00000000 -8.50000000 	-70.7106781187
1.00000000 -8.00000000 	-70.7106781187
1.00000000 -7.50000000 	-70.7106781187
1.00000000 -7.00000000 	-70.7106781187
1.00000000 -6.50000000 	-70.7106781187
1.00000000 -6.00000000 	-70.7106781187
1.00000000 -5.50000000 	-70.7106781187
1.00000000 -5.00000000 	-70.7106781187
1.00000000 -4.50000000 	-70.7106781187
1.00000000 -4.00000000 	-70.7106781187
1.00000000 -3.50000000 	-70.7106781187
1.00000000 -3.00000000 	-70.7106781187
1.00000000 -2.50000000 	-70.7106781187
1.00000000 -2.00000000 	-70.7106781187
1.00000000 -1.50000000 	-70.7106781187
1.00000000 -1.00000000 	-69.9493835597
1.00000000 -0.50000000 	-64.7367932247
1.00000000 0.00000000 	-48.5648890899
1.00000000 0.50000000 	-18.4279801712
1.00000000 1.00000000 	18.4279801712
1.00000000 1.50000000 	48.5648890899
1.00000000 2.00000000 	64.7367932247
1.00000000 2.50000000 	69.9493835597
1.00000000 3.00000000 	70.7106781187
1.00000000 3.50000000 	70.7106781187
1.00000000 4.00000000 	70.7106781187
1.00000000 4.50000000 	70.7106781187
1.00000000 5.00000000 	70.7106781187
1.00000000 5.50000000 	70.7106781187
1.00000000 6.00000000 	70.7106781187
1.00000000 6.50000000 	70.7106781187
1.00000000 7.00000000 	70.7106781187
1.00000000 7.50000000 	70.7106781187
1.00000000 8.00000000 	70.7106781187
1.50000000 -12.00000000 	-70.7106781187
1.50000000 -11.50000000 	-70.7106781187
1.50000000 -11.00000000 	-70.7106781187
1.50000000 -10.50000000 	-70.7106781187
1.50000000 -10.00000000 	-70.7106781187
1.50000000 -9.50000000 	-70.7106781187
1.50000000 -9.00000000 	-70.7106781187
1.50000000 -8.50000000 	-70.7106781187
1.50000000 -8.00000000 	-70.7106781187
1.50000000 -7.50000000 	-70.7106781187
1.50000000 -7.00000000 	-70.7106781187
1.50000000 -6.50000000 	-70.7106781187
1.50000000 -6.00000000 	-70.7106781187
1.50000000 -5.50000000 	-70.7106781187
1.50000000 -5.00000000 	-70.7106781187
1.50000000 -4.50000000 	-70.7106781187
1.50000000 -4.00000000 	-70.7106781187
1.50000000 -3.50000000 	-70.7106781187
1.50000000 -3.00000000 	-70.7106781187
1.50000000 -2.50000000 	-70.7106781187
1.50000000 -2.00000000 	-70.7106781187
1.50000000 -1.50000000 	-70.7106781187
1.50000000 -1.00000000 	-70.7106781187
1.50000000 -0.50000000 	-69.9493835597
1.50000000 0.00000000 	-64.7367932247
1.50000000 0.50000000 	-48.5648890899
1.50000000 1.00000000 	-17.9575820946
1.50000000 1.50000000 	20.3431096283
1.50000000 2.00000000 	51.7260707146
1.50000000 2.50000000 	67.2144207344
1.50000000 3.00000000 	70.7106781187
1.50000000 3.50000000 	70.7106781187
1.50000000 4.00000000 	70.7106781187
1.50000000 4.50000000 	70.7106781187
1.50000000 5.00000000 	70.7106781187
1.50000000 5.50000000 	70.7106781187
1.50000000 6.00000000 	70.7106781187
1.50000000 6.50000000 	70.7106781187
1.50000000 7.00000000 	70.7106781187
1.50000000 7.50000000 	70.7106781187
1.50000000 8.00000000 	70.7106781187
2.00000000 -12.00000000 	-70.7106781187
2.00000000 -11.50000000 	-70.7106781187
2.00000000 -11.00000000 	-70.7106781187
2.00000000 -10.50000000 	-70.7106781187
2.00000000 -10.00000000 	-70.7106781187
2.00000000 -9.50000000 	-70.7106781187
2.00000000 -9.00000000 	-70.7106781187
2.00000000 -8.50000000 	-70.7106781187
2.00000000 -8.00000000 	-70.7106781187
2.00000000 -7.50000000 	-70.7106781187
2.00000000 -7.00000000 	-70.7106781187
2.00000000 -6.50000000 	-70.7106781187
2.00000000 -6.00000000 	-70.7106781187
2.00000000 -5.50000000 	-70.7106781187
2.00000000 -5.00000000 	-70.7106781187
2.00000000 -4.50000000 	-70.7106781187
2.00000000 -4.00000000 	-70.7106781187
2.00000000 -3.50000000 	-70.7106781187
2.00000000 -3.00000000 	-70.7106781187
2.00000000 -2.50000000 	-70.7106781187
2.00000000 -2.00000000 	-70.7106781187
2.00000000 -1.50000000 	-70.7106781187
2.00000000 -1.00000000 	-70.7106781187
2.00000000 -0.50000000 	-70.7106781187
2.00000000 0.00000000 	-69.9493835597
2.00000000 0.50000000 	-64.0675986578
2.00000000 1.00000000 	-43.6206886364
2.00000000 1.50000000 	-4.5413219702
2.00000000 2.00000000 	38.4060661387
2.00000000 2.50000000 	64.1001945973
2.00000000 3.00000000 	70.7106781187
2.00000000 3.50000000 	70.7106781187
2.00000000 4.00000000 	70.7106781187
2.00000000 4.50000000 	70.7106781187
2.00000000 5.00000000 	70.7106781187
2.00000000 5.50000000 	70.7106781187
2.00000000 6.00000000 	70.7106781187
2.00000000 6.50000000 	70.7106781187
2.00000000 7.00000000 	70.7106781187
2.00000000 7.50000000 	70.7106781187
2.00000000 8.00000000 	70.7106781187
