-8.00000000 -12.00000000 	0.0000000000
-8.00000000 -11.50000000 	0.0000000000
-8.00000000 -11.00000000 	0.0000000000
-8.00000000 -10.50000000 	0.0000000000
-8.00000000 -10.00000000 	0.0000000000
-8.00000000 -9.50000000 	0.0000000000
-8.00000000 -9.00000000 	0.0000000000
-8.00000000 -8.50000000 	0.0000000000
-8.00000000 -8.00000000 	0.0000000000
-8.00000000 -7.50000000 	0.0000000000
-8.00000000 -7.00000000 	0.0000000000
-8.00000000 -6.50000000 	0.0000000000
-8.00000000 -6.00000000 	0.0000000000
-8.00000000 -5.50000000 	0.0000000000
-8.00000000 -5.00000000 	0.0000000000
-8.00000000 -4.50000000 	0.0000000000
-8.00000000 -4.00000000 	0.0000000000
-8.00000000 -3.50000000 	0.0000000000
-8.00000000 -3.00000000 	0.0000000000
-8.00000000 -2.50000000 	0.0000000000
-8.00000000 -2.00000000 	0.0000000000
-8.00000000 -1.50000000 	0.0000000000
-8.00000000 -1.00000000 	0.0000000000
-8.00000000 -0.50000000 	0.0000000000
-8.00000000 0.00000000 	0.0000000000
-8.00000000 0.50000000 	0.0000000000
-8.00000000 1.00000000 	0.0000000000
-8.00000000 1.50000000 	0.0000000000
-8.00000000 2.00000000 	0.0000000000
-8.00000000 2.50000000 	0.0000000000
-8.00000000 3.00000000 	0.0000000000
-8.00000000 3.50000000 	0.0000000000
-8.00000000 4.00000000 	0.0000000000
-8.00000000 4.50000000 	0.0000000000
-8.00000000 5.00000000 	0.0000000000
-8.00000000 5.50000000 	0.0000000000
-8.00000000 6.00000000 	0.0000000000
-8.00000000 6.50000000 	0.0000000000
-8.00000000 7.00000000 	0.0000000000
-8.00000000 7.50000000 	0.0000000000
-8.00000000 8.00000000 	0.0000000000
-7.50000000 -12.00000000 	0.0000000000
-7.50000000 -11.50000000 	0.0000000000
-7.50000000 -11.00000000 	0.0000000000
-7.50000000 -10.50000000 	0.0000000000
-7.50000000 -10.00000000 	0.0000000000
-7.50000000 -9.50000000 	0.0000000000
-7.50000000 -9.00000000 	0.0000000000
-7.50000000 -8.50000000 	0.0000000000
-7.50000000 -8.00000000 	0.0000000000
-7.50000000 -7.50000000 	0.0000000000
-7.50000000 -7.00000000 	0.0000000000
-7.50000000 -6.50000000 	0.0000000000
-7.50000000 -6.00000000 	0.0000000000
-7.50000000 -5.50000000 	0.0000000000
-7.50000000 -5.00000000 	0.0000000000
-7.50000000 -4.50000000 	0.0000000000
-7.50000000 -4.00000000 	0.0000000000
-7.50000000 -3.50000000 	0.0000000000
-7.50000000 -3.00000000 	0.0000000000
-7.50000000 -2.50000000 	0.0000000000
-7.50000000 -2.00000000 	0.0000000000
-7.50000000 -1.50000000 	0.0000000000
-7.50000000 -1.00000000 	0.0000000000
-7.50000000 -0.50000000 	0.0000000000
-7.50000000 0.00000000 	0.0000000000
-7.50000000 0.50000000 	0.0000000000
-7.50000000 1.00000000 	0.0000000000
-7.50000000 1.50000000 	0.0000000000
-7.50000000 2.00000000 	0.0000000000
-7.50000000 2.50000000 	0.0000000000
-7.50000000 3.00000000 	0.0000000000
-7.50000000 3.50000000 	0.0000000000
-7.50000000 4.00000000 	0.0000000000
-7.50000000 4.50000000 	0.0000000000
-7.50000000 5.00000000 	0.0000000000
-7.50000000 5.50000000 	0.0000000000
-7.50000000 6.00000000 	0.0000000000
-7.50000000 6.50000000 	0.0000000000
-7.50000000 7.00000000 	0.0000000000
-7.50000000 7.50000000 	0.0000000000
-7.50000000 8.00000000 	0.0000000000
-7.00000000 -12.00000000 	0.0000000000
-7.00000000 -11.50000000 	0.0000000000
-7.00000000 -11.00000000 	0.0000000000
-7.00000000 -10.50000000 	0.0000000000
-7.00000000 -10.00000000 	0.0000000000
-7.00000000 -9.50000000 	0.0000000000
-7.00000000 -9.00000000 	0.0000000000
-7.00000000 -8.50000000 	0.0000000000
-7.00000000 -8.00000000 	0.0000000000
-7.00000000 -7.50000000 	0.0000000000
-7.00000000 -7.00000000 	0.0000000000
-7.00000000 -6.50000000 	0.0000000000
-7.00000000 -6.00000000 	0.0000000000
-7.00000000 -5.50000000 	0.0000000000
-7.00000000 -5.00000000 	0.0000000000
-7.00000000 -4.50000000 	0.0000000000
-7.00000000 -4.00000000 	0.0000000000
-7.00000000 -3.50000000 	0.0000000000
-7.00000000 -3.00000000 	0.0000000000
-7.00000000 -2.50000000 	0.0000000000
-7.00000000 -2.00000000 	0.0000000000
-7.00000000 -1.50000000 	0.0000000000
-7.00000000 -1.00000000 	0.0000000000
-7.00000000 -0.50000000 	0.0000000000
-7.00000000 0.00000000 	0.0000000000
-7.00000000 0.50000000 	0.0000000000
-7.00000000 1.00000000 	0.0000000000
-7.00000000 1.50000000 	0.0000000000
-7.00000000 2.00000000 	0.0000000000
-7.00000000 2.50000000 	0.0000000000
-7.00000000 3.00000000 	0.0000000000
-7.00000000 3.50000000 	0.0000000000
-7.00000000 4.00000000 	0.0000000000
-7.00000000 4.50000000 	0.0000000000
-7.00000000 5.00000000 	0.0000000000
-7.00000000 5.50000000 	0.0000000000
-7.00000000 6.00000000 	0.0000000000
-7.00000000 6.50000000 	0.0000000000
-7.00000000 7.00000000 	0.0000000000
-7.00000000 7.50000000 	0.0000000000
-7.00000000 8.00000000 	0.0000000000
-6.50000000 -12.00000000 	0.0000000000
-6.50000000 -11.50000000 	0.0000000000
-6.50000000 -11.00000000 	0.0000000000
-6.50000000 -10.50000000 	0.0000000000
-6.50000000 -10.00000000 	0.0000000000
-6.50000000 -9.50000000 	0.0000000000
-6.50000000 -9.00000000 	0.0000000000
-6.50000000 -8.50000000 	0.0000000000
-6.50000000 -8.00000000 	0.0000000000
-6.50000000 -7.50000000 	0.0000000000
-6.50000000 -7.00000000 	0.0000000000
-6.50000000 -6.50000000 	0.0000000000
-6.50000000 -6.00000000 	0.0000000000
-6.50000000 -5.50000000 	0.0000000000
-6.50000000 -5.00000000 	0.0000000000
-6.50000000 -4.50000000 	0.0000000000
-6.50000000 -4.00000000 	0.0000000000
-6.50000000 -3.50000000 	0.0000000000
-6.50000000 -3.00000000 	0.0000000000
-6.50000000 -2.50000000 	0.0000000000
-6.50000000 -2.00000000 	0.0000000000
-6.50000000 -1.50000000 	0.0000000000
-6.50000000 -1.00000000 	0.0000000000
-6.50000000 -0.50000000 	0.0000000000
-6.50000000 0.00000000 	0.0000000000
-6.50000000 0.50000000 	0.0000000000
-6.50000000 1.00000000 	0.0000000000
-6.50000000 1.50000000 	0.0000000000
-6.50000000 2.00000000 	0.0000000000
-6.50000000 2.50000000 	0.0000000000
-6.50000000 3.00000000 	0.0000000000
-6.50000000 3.50000000 	0.0000000000
-6.50000000 4.00000000 	0.0000000000
-6.50000000 4.50000000 	0.0000000000
-6.50000000 5.00000000 	0.0000000000
-6.50000000 5.50000000 	0.0000000000
-6.50000000 6.00000000 	0.0000000000
-6.50000000 6.50000000 	0.0000000000
-6.50000000 7.00000000 	0.0000000000
-6.50000000 7.50000000 	0.0000000000
-6.50000000 8.00000000 	0.0000000000
-6.00000000 -12.00000000 	0.0000000000
-6.00000000 -11.50000000 	0.0000000000
-6.00000000 -11.00000000 	0.0000000000
-6.00000000 -10.50000000 	0.0000000000
-6.00000000 -10.00000000 	0.0000000000
-6.00000000 -9.50000000 	0.0000000000
-6.00000000 -9.00000000 	0.0000000000
-6.00000000 -8.50000000 	0.0000000000
-6.00000000 -8.00000000 	0.0000000000
-6.00000000 -7.50000000 	0.0000000000
-6.00000000 -7.00000000 	0.0000000000
-6.00000000 -6.50000000 	0.0000000000
-6.00000000 -6.00000000 	0.0000000000
-6.00000000 -5.50000000 	0.0000000000
-6.00000000 -5.00000000 	0.0000000000
-6.00000000 -4.50000000 	0.0000000000
-6.00000000 -4.00000000 	0.0000000000
-6.00000000 -3.50000000 	0.0000000000
-6.00000000 -3.00000000 	0.0000000000
-6.00000000 -2.50000000 	0.0000000000
-6.00000000 -2.00000000 	0.0000000000
-6.00000000 -1.50000000 	0.0000000000
-6.00000000 -1.00000000 	0.0000000000
-6.00000000 -0.50000000 	0.0000000000
-6.00000000 0.00000000 	0.0000000000
-6.00000000 0.50000000 	0.0000000000
-6.00000000 1.00000000 	0.0000000000
-6.00000000 1.50000000 	0.0000000000
-6.00000000 2.00000000 	0.0000000000
-6.00000000 2.50000000 	0.0000000000
-6.00000000 3.00000000 	0.0000000000
-6.00000000 3.50000000 	0.0000000000
-6.00000000 4.00000000 	0.0000000000
-6.00000000 4.50000000 	0.0000000000
-6.00000000 5.00000000 	0.0000000000
-6.00000000 5.50000000 	0.0000000000
-6.00000000 6.00000000 	0.0000000000
-6.00000000 6.50000000 	0.0000000000
-6.00000000 7.00000000 	0.0000000000
-6.00000000 7.50000000 	0.0000000000
-6.00000000 8.00000000 	0.0000000000
-5.50000000 -12.00000000 	0.0000000000
-5.50000000 -11.50000000 	0.0000000000
-5.50000000 -11.00000000 	0.0000000000
-5.50000000 -10.50000000 	0.0000000000
-5.50000000 -10.00000000 	0.0000000000
-5.50000000 -9.50000000 	0.0000000000
-5.50000000 -9.00000000 	0.0000000000
-5.50000000 -8.50000000 	0.0000000000
-5.50000000 -8.00000000 	0.0000000000
-5.50000000 -7.50000000 	0.0000000000
-5.50000000 -7.00000000 	0.0000000000
-5.50000000 -6.50000000 	0.0000000000
-5.50000000 -6.00000000 	0.0000000000
-5.50000000 -5.50000000 	0.0000000000
-5.50000000 -5.00000000 	0.0000000000
-5.50000000 -4.50000000 	0.0000000000
-5.50000000 -4.00000000 	0.0000000000
-5.50000000 -3.50000000 	0.0000000000
-5.50000000 -3.00000000 	0.0000000000
-5.50000000 -2.50000000 	0.0000000000
-5.50000000 -2.00000000 	0.0000000000
-5.50000000 -1.50000000 	0.0000000000
-5.50000000 -1.00000000 	0.0000000000
-5.50000000 -0.50000000 	0.0000000000
-5.50000000 0.00000000 	0.0000000000
-5.50000000 0.50000000 	0.0000000000
-5.50000000 1.00000000 	0.0000000000
-5.50000000 1.50000000 	0.0000000000
-5.50000000 2.00000000 	0.0000000000
-5.50000000 2.50000000 	0.0000000000
-5.50000000 3.00000000 	0.0000000000
-5.50000000 3.50000000 	0.0000000000
-5.50000000 4.00000000 	0.0000000000
-5.50000000 4.50000000 	0.0000000000
-5.50000000 5.00000000 	0.0000000000
-5.50000000 5.50000000 	0.0000000000
-5.50000000 6.00000000 	0.0000000000
-5.50000000 6.50000000 	0.0000000000
-5.50000000 7.00000000 	0.0000000000
-5.50000000 7.50000000 	0.0000000000
-5.50000000 8.00000000 	0.0000000000
-5.00000000 -12.00000000 	0.0000000000
-5.00000000 -11.50000000 	0.0000000000
-5.00000000 -11.00000000 	0.0000000000
-5.00000000 -10.50000000 	0.0000000000
-5.00000000 -10.00000000 	0.0000000000
-5.00000000 -9.50000000 	0.0000000000
-5.00000000 -9.00000000 	0.0000000000
-5.00000000 -8.50000000 	0.0000000000
-5.00000000 -8.00000000 	0.0000000000
-5.00000000 -7.50000000 	0.0000000000
-5.00000000 -7.00000000 	0.0000000000
-5.00000000 -6.50000000 	0.0000000000
-5.00000000 -6.00000000 	0.0000000000
-5.00000000 -5.50000000 	0.0000000000
-5.00000000 -5.00000000 	0.0000000000
-5.00000000 -4.50000000 	0.0000000000
-5.00000000 -4.00000000 	0.0000000000
-5.00000000 -3.50000000 	0.0000000000
-5.00000000 -3.00000000 	0.0000000000
-5.00000000 -2.50000000 	0.0000000000
-5.00000000 -2.00000000 	0.0000000000
-5.00000000 -1.50000000 	0.0000000000
-5.00000000 -1.00000000 	0.0000000000
-5.00000000 -0.50000000 	0.0000000000
-5.00000000 0.00000000 	0.0000000000
-5.00000000 0.50000000 	0.0000000000
-5.00000000 1.00000000 	0.0000000000
-5.00000000 1.50000000 	0.0000000000
-5.00000000 2.00000000 	0.0000000000
-5.00000000 2.50000000 	0.0000000000
-5.00000000 3.00000000 	0.0000000000
-5.00000000 3.50000000 	0.0000000000
-5.00000000 4.00000000 	0.0000000000
-5.00000000 4.50000000 	0.0000000000
-5.00000000 5.00000000 	0.0000000000
-5.00000000 5.50000000 	0.0000000000
-5.00000000 6.00000000 	0.0000000000
-5.00000000 6.50000000 	0.0000000000
-5.00000000 7.00000000 	0.0000000000
-5.00000000 7.50000000 	0.0000000000
-5.00000000 8.00000000 	0.0000000000
-4.50000000 -12.00000000 	0.0000000000
-4.50000000 -11.50000000 	0.0000000000
-4.50000000 -11.00000000 	0.0000000000
-4.50000000 -10.50000000 	0.0000000000
-4.50000000 -10.00000000 	0.0000000000
-4.50000000 -9.50000000 	0.0000000000
-4.50000000 -9.00000000 	0.0000000000
-4.50000000 -8.50000000 	0.0000000000
-4.50000000 -8.00000000 	0.0000000000
-4.50000000 -7.50000000 	0.0000000000
-4.50000000 -7.00000000 	0.0000000000
-4.50000000 -6.50000000 	0.0000000000
-4.50000000 -6.00000000 	0.0000000000
-4.50000000 -5.50000000 	0.0000000000
-4.50000000 -5.00000000 	0.0000000000
-4.50000000 -4.50000000 	0.0000000000
-4.50000000 -4.00000000 	0.0000000000
-4.50000000 -3.50000000 	0.0000000000
-4.50000000 -3.00000000 	0.0000000000
-4.50000000 -2.50000000 	0.0000000000
-4.50000000 -2.00000000 	0.0000000000
-4.50000000 -1.50000000 	0.0000000000
-4.50000000 -1.00000000 	0.0000000000
-4.50000000 -0.50000000 	0.0000000000
-4.50000000 0.00000000 	0.0000000000
-4.50000000 0.50000000 	0.0000000000
-4.50000000 1.00000000 	0.0000000000
-4.50000000 1.50000000 	0.0000000000
-4.50000000 2.00000000 	0.0000000000
-4.50000000 2.50000000 	0.0000000000
-4.50000000 3.00000000 	0.0000000000
-4.50000000 3.50000000 	0.0000000000
-4.50000000 4.00000000 	0.0000000000
-4.50000000 4.50000000 	0.0000000000
-4.50000000 5.00000000 	0.0000000000
-4.50000000 5.50000000 	0.0000000000
-4.50000000 6.00000000 	0.0000000000
-4.50000000 6.50000000 	0.0000000000
-4.50000000 7.00000000 	0.0000000000
-4.50000000 7.50000000 	0.0000000000
-4.50000000 8.00000000 	0.0000000000
-4.00000000 -12.00000000 	0.0000000000
-4.00000000 -11.50000000 	0.0000000000
-4.00000000 -11.00000000 	0.0000000000
-4.00000000 -10.50000000 	0.0000000000
-4.00000000 -10.00000000 	0.0000000000
-4.00000000 -9.50000000 	0.0000000000
-4.00000000 -9.00000000 	0.0000000000
-4.00000000 -8.50000000 	0.0000000000
-4.00000000 -8.00000000 	0.0000000000
-4.00000000 -7.50000000 	0.0000000000
-4.00000000 -7.00000000 	0.0000000000
-4.00000000 -6.50000000 	0.0000000000
-4.00000000 -6.00000000 	0.0000000000
-4.00000000 -5.50000000 	0.0000000000
-4.00000000 -5.00000000 	0.0000000000
-4.00000000 -4.50000000 	0.0000000000
-4.00000000 -4.00000000 	0.0000000000
-4.00000000 -3.50000000 	0.0000000000
-4.00000000 -3.00000000 	0.0000000000
-4.00000000 -2.50000000 	0.0000000000
-4.00000000 -2.00000000 	0.0000000000
-4.00000000 -1.50000000 	0.0000000000
-4.00000000 -1.00000000 	0.0000000000
-4.00000000 -0.50000000 	0.0000000000
-4.00000000 0.00000000 	0.0000000000
-4.00000000 0.50000000 	0.0000000000
-4.00000000 1.00000000 	0.0000000000
-4.00000000 1.50000000 	0.0000000000
-4.00000000 2.00000000 	0.0000000000
-4.00000000 2.50000000 	0.0000000000
-4.00000000 3.00000000 	0.0000000000
-4.00000000 3.50000000 	0.0000000000
-4.00000000 4.00000000 	0.0000000000
-4.00000000 4.50000000 	0.0000000000
-4.00000000 5.00000000 	0.0000000000
-4.00000000 5.50000000 	0.0000000000
-4.00000000 6.00000000 	0.0000000000
-4.00000000 6.50000000 	0.0000000000
-4.00000000 7.00000000 	0.0000000000
-4.00000000 7.50000000 	0.0000000000
-4.00000000 8.00000000 	0.0000000000
-3.50000000 -12.00000000 	0.0000000000
-3.50000000 -11.50000000 	0.0000000000
-3.50000000 -11.00000000 	0.0000000000
-3.50000000 -10.50000000 	0.0000000000
-3.50000000 -10.00000000 	0.0000000000
-3.50000000 -9.50000000 	0.0000000000
-3.50000000 -9.00000000 	0.0000000000
-3.50000000 -8.50000000 	0.0000000000
-3.50000000 -8.00000000 	0.0000000000
-3.50000000 -7.50000000 	0.0000000000
-3.50000000 -7.00000000 	0.0000000000
-3.50000000 -6.50000000 	0.0000000000
-3.50000000 -6.00000000 	0.0000000000
-3.50000000 -5.50000000 	0.0000000000
-3.50000000 -5.00000000 	0.0000000000
-3.50000000 -4.50000000 	0.0000000000
-3.50000000 -4.00000000 	0.0000000000
-3.50000000 -3.50000000 	0.0000000000
-3.50000000 -3.00000000 	0.0000000000
-3.50000000 -2.50000000 	0.0000000000
-3.50000000 -2.00000000 	0.0000000000
-3.50000000 -1.50000000 	0.0000000000
-3.50000000 -1.00000000 	0.0000000000
-3.50000000 -0.50000000 	0.0000000000
-3.50000000 0.00000000 	0.0000000000
-3.50000000 0.50000000 	0.0000000000
-3.50000000 1.00000000 	0.0000000000
-3.50000000 1.50000000 	0.0000000000
-3.50000000 2.00000000 	0.0000000000
-3.50000000 2.50000000 	0.0000000000
-3.50000000 3.00000000 	0.0000000000
-3.50000000 3.50000000 	0.0000000000
-3.50000000 4.00000000 	0.0000000000
-3.50000000 4.50000000 	0.0000000000
-3.50000000 5.00000000 	0.0000000000
-3.50000000 5.50000000 	0.0000000000
-3.50000000 6.00000000 	0.0000000000
-3.50000000 6.50000000 	0.0000000000
-3.50000000 7.00000000 	0.0000000000
-3.50000000 7.50000000 	0.0000000000
-3.50000000 8.00000000 	0.0000000000
-3.00000000 -12.00000000 	0.0000000000
-3.00000000 -11.50000000 	0.0000000000
-3.00000000 -11.00000000 	0.0000000000
-3.00000000 -10.50000000 	0.0000000000
-3.00000000 -10.00000000 	0.0000000000
-3.00000000 -9.50000000 	0.0000000000
-3.00000000 -9.00000000 	0.0000000000
-3.00000000 -8.50000000 	0.0000000000
-3.00000000 -8.00000000 	0.0000000000
-3.00000000 -7.50000000 	0.0000000000
-3.00000000 -7.00000000 	0.0000000000
-3.00000000 -6.50000000 	0.0000000000
-3.00000000 -6.00000000 	0.0000000000
-3.00000000 -5.50000000 	0.0000000000
-3.00000000 -5.00000000 	0.0000000000
-3.00000000 -4.50000000 	0.0000000000
-3.00000000 -4.00000000 	0.0000000000
-3.00000000 -3.50000000 	0.0000000000
-3.00000000 -3.00000000 	0.0000000000
-3.00000000 -2.50000000 	0.0000000000
-3.00000000 -2.00000000 	0.0000000000
-3.00000000 -1.50000000 	0.0000000000
-3.00000000 -1.00000000 	0.0000000000
-3.00000000 -0.50000000 	0.0000000000
-3.00000000 0.00000000 	0.0000000000
-3.00000000 0.50000000 	0.0000000000
-3.00000000 1.00000000 	0.0000000000
-3.00000000 1.50000000 	0.0000000000
-3.00000000 2.00000000 	0.0000000000
-3.00000000 2.50000000 	0.0000000000
-3.00000000 3.00000000 	0.0000000000
-3.00000000 3.50000000 	0.0000000000
-3.00000000 4.00000000 	0.0000000000
-3.00000000 4.50000000 	0.0000000000
-3.00000000 5.00000000 	0.0000000000
-3.00000000 5.50000000 	0.0000000000
-3.00000000 6.00000000 	0.0000000000
-3.00000000 6.50000000 	0.0000000000
-3.00000000 7.00000000 	0.0000000000
-3.00000000 7.50000000 	0.0000000000
-3.00000000 8.00000000 	0.0000000000
-2.50000000 -12.00000000 	0.0000000000
-2.50000000 -11.50000000 	0.0000000000
-2.50000000 -11.00000000 	0.0000000000
-2.50000000 -10.50000000 	0.0000000000
-2.50000000 -10.00000000 	0.0000000000
-2.50000000 -9.50000000 	0.0000000000
-2.50000000 -9.00000000 	0.0000000000
-2.50000000 -8.50000000 	0.0000000000
-2.50000000 -8.00000000 	0.0000000000
-2.50000000 -7.50000000 	0.0000000000
-2.50000000 -7.00000000 	0.0000000000
-2.50000000 -6.50000000 	0.0000000000
-2.50000000 -6.00000000 	0.0000000000
-2.50000000 -5.50000000 	0.0000000000
-2.50000000 -5.00000000 	0.0000000000
-2.50000000 -4.50000000 	0.0000000000
-2.50000000 -4.00000000 	0.0000000000
-2.50000000 -3.50000000 	0.0000000000
-2.50000000 -3.00000000 	0.0000000000
-2.50000000 -2.50000000 	0.0000000000
-2.50000000 -2.00000000 	0.0000000000
-2.50000000 -1.50000000 	0.0000000000
-2.50000000 -1.00000000 	0.0000000000
-2.50000000 -0.50000000 	0.0000000000
-2.50000000 0.00000000 	0.0000000000
-2.50000000 0.50000000 	0.0000000000
-2.50000000 1.00000000 	0.0000000000
-2.50000000 1.50000000 	0.0000000000
-2.50000000 2.00000000 	0.0000000000
-2.50000000 2.50000000 	0.0000000000
-2.50000000 3.00000000 	0.0000000000
-2.50000000 3.50000000 	0.0000000000
-2.50000000 4.00000000 	0.0000000000
-2.50000000 4.50000000 	0.0000000000
-2.50000000 5.00000000 	0.0000000000
-2.50000000 5.50000000 	0.0000000000
-2.50000000 6.00000000 	0.0000000000
-2.50000000 6.50000000 	0.0000000000
-2.50000000 7.00000000 	0.0000000000
-2.50000000 7.50000000 	0.0000000000
-2.50000000 8.00000000 	0.0000000000
-2.00000000 -12.00000000 	0.0000000000
-2.00000000 -11.50000000 	0.0000000000
-2.00000000 -11.00000000 	0.0000000000
-2.00000000 -10.50000000 	0.0000000000
-2.00000000 -10.00000000 	0.0000000000
-2.00000000 -9.50000000 	0.0000000000
-2.00000000 -9.00000000 	0.0000000000
-2.00000000 -8.50000000 	0.0000000000
-2.00000000 -8.00000000 	0.0000000000
-2.00000000 -7.50000000 	0.0000000000
-2.00000000 -7.00000000 	0.0000000000
-2.00000000 -6.50000000 	0.0000000000
-2.00000000 -6.00000000 	0.0000000000
-2.00000000 -5.50000000 	0.0000000000
-2.00000000 -5.00000000 	0.0000000000
-2.00000000 -4.50000000 	0.0000000000
-2.00000000 -4.00000000 	0.0000000000
-2.00000000 -3.50000000 	0.0000000000
-2.00000000 -3.00000000 	0.0000000000
-2.00000000 -2.50000000 	0.0000000000
-2.00000000 -2.00000000 	0.0000000000
-2.00000000 -1.50000000 	0.0000000000
-2.00000000 -1.00000000 	0.0000000000
-2.00000000 -0.50000000 	0.0123681450
-2.00000000 0.00000000 	0.0123288838
-2.00000000 0.50000000 	0.0000000000
-2.00000000 1.00000000 	0.0000000000
-2.00000000 1.50000000 	0.0000000000
-2.00000000 2.00000000 	0.0000000000
-2.00000000 2.50000000 	-0.0123288838
-2.00000000 3.00000000 	-0.0123681450
-2.00000000 3.50000000 	0.0000000000
-2.00000000 4.00000000 	0.0000000000
-2.00000000 4.50000000 	0.0000000000
-2.00000000 5.00000000 	0.0000000000
-2.00000000 5.50000000 	0.0000000000
-2.00000000 6.00000000 	0.0000000000
-2.00000000 6.50000000 	0.0000000000
-2.00000000 7.00000000 	0.0000000000
-2.00000000 7.50000000 	0.0000000000
-2.00000000 8.00000000 	0.0000000000
-1.50000000 -12.00000000 	0.0000000000
-1.50000000 -11.50000000 	0.0000000000
-1.50000000 -11.00000000 	0.0000000000
-1.50000000 -10.50000000 	0.0000000000
-1.50000000 -10.00000000 	0.0000000000
-1.50000000 -9.50000000 	0.0000000000
-1.50000000 -9.00000000 	0.0000000000
-1.50000000 -8.50000000 	0.0000000000
-1.50000000 -8.00000000 	0.0000000000
-1.50000000 -7.50000000 	0.0000000000
-1.50000000 -7.00000000 	0.0000000000
-1.50000000 -6.50000000 	0.0000000000
-1.50000000 -6.00000000 	0.0000000000
-1.50000000 -5.50000000 	0.0000000000
-1.50000000 -5.00000000 	0.0000000000
-1.50000000 -4.50000000 	0.0000000000
-1.50000000 -4.00000000 	0.0000000000
-1.50000000 -3.50000000 	0.0000000000
-1.50000000 -3.00000000 	0.0000000000
-1.50000000 -2.50000000 	0.0000000000
-1.50000000 -2.00000000 	0.0000000000
-1.50000000 -1.50000000 	0.0000000000
-1.50000000 -1.00000000 	0.0370984758
-1.50000000 -0.50000000 	0.1369577131
-1.50000000 0.00000000 	0.1263813076
-1.50000000 0.50000000 	0.0253641939
-1.50000000 1.00000000 	0.0000000000
-1.50000000 1.50000000 	0.0000000000
-1.50000000 2.00000000 	-0.0253641939
-1.50000000 2.50000000 	-0.1263813076
-1.50000000 3.00000000 	-0.1369577131
-1.50000000 3.50000000 	-0.0370984758
-1.50000000 4.00000000 	0.0000000000
-1.50000000 4.50000000 	0.0000000000
-1.50000000 5.00000000 	0.0000000000
-1.50000000 5.50000000 	0.0000000000
-1.50000000 6.00000000 	0.0000000000
-1.50000000 6.50000000 	0.0000000000
-1.50000000 7.00000000 	0.0000000000
-1.50000000 7.50000000 	0.0000000000
-1.50000000 8.00000000 	0.0000000000
-1.00000000 -12.00000000 	0.0000000000
-1.00000000 -11.50000000 	0.0000000000
-1.00000000 -11.00000000 	0.0000000000
-1.00000000 -10.50000000 	0.0000000000
-1.00000000 -10.00000000 	0.0000000000
-1.00000000 -9.50000000 	0.0000000000
-1.00000000 -9.00000000 	0.0000000000
-1.00000000 -8.50000000 	0.0000000000
-1.00000000 -8.00000000 	0.0000000000
-1.00000000 -7.50000000 	0.0000000000
-1.00000000 -7.00000000 	0.0000000000
-1.00000000 -6.50000000 	0.0000000000
-1.00000000 -6.00000000 	0.0000000000
-1.00000000 -5.50000000 	0.0000000000
-1.00000000 -5.00000000 	0.0000000000
-1.00000000 -4.50000000 	0.0000000000
-1.00000000 -4.00000000 	0.0000000000
-1.00000000 -3.50000000 	0.0000000000
-1.00000000 -3.00000000 	0.0000000000
-1.00000000 -2.50000000 	0.0000000000
-1.00000000 -2.00000000 	0.0000000000
-1.00000000 -1.50000000 	0.0494375644
-1.00000000 -1.00000000 	0.2498025113
-1.00000000 -0.50000000 	0.4916238819
-1.00000000 0.00000000 	0.4059128149
-1.00000000 0.50000000 	0.1237937048
-1.00000000 1.00000000 	0.0137480244
-1.00000000 1.50000000 	-0.0137480244
-1.00000000 2.00000000 	-0.1237937048
-1.00000000 2.50000000 	-0.4059128149
-1.00000000 3.00000000 	-0.4916238819
-1.00000000 3.50000000 	-0.2498025113
-1.00000000 4.00000000 	-0.0494568096
-1.00000000 4.50000000 	0.0000000000
-1.00000000 5.00000000 	0.0000000000
-1.00000000 5.50000000 	0.0000000000
-1.00000000 6.00000000 	0.0000000000
-1.00000000 6.50000000 	0.0000000000
-1.00000000 7.00000000 	0.0000000000
-1.00000000 7.50000000 	0.0000000000
-1.00000000 8.00000000 	0.0000000000
-0.50000000 -12.00000000 	0.0000000000
-0.50000000 -11.50000000 	0.0000000000
-0.50000000 -11.00000000 	0.0000000000
-0.50000000 -10.50000000 	0.0000000000
-0.50000000 -10.00000000 	0.0000000000
-0.50000000 -9.50000000 	0.0000000000
-0.50000000 -9.00000000 	0.0000000000
-0.50000000 -8.50000000 	0.0000000000
-0.50000000 -8.00000000 	0.0000000000
-0.50000000 -7.50000000 	0.0000000000
-0.50000000 -7.00000000 	0.0000000000
-0.50000000 -6.50000000 	0.0000000000
-0.50000000 -6.00000000 	0.0000000000
-0.50000000 -5.50000000 	0.0000000000
-0.50000000 -5.00000000 	0.0000000000
-0.50000000 -4.50000000 	0.0000000000
-0.50000000 -4.00000000 	0.0000000000
-0.50000000 -3.50000000 	0.0000000000
-0.50000000 -3.00000000 	0.0000000000
-0.50000000 -2.50000000 	0.0000000000
-0.50000000 -2.00000000 	0.0370553126
-0.50000000 -1.50000000 	0.2487921011
-0.50000000 -1.00000000 	0.5303126579
-0.50000000 -0.50000000 	0.5467884845
-0.50000000 0.00000000 	0.2704022630
-0.50000000 0.50000000 	0.0430617225
-0.50000000 1.00000000 	0.0000000000
-0.50000000 1.50000000 	0.0000000000
-0.50000000 2.00000000 	-0.0430617225
-0.50000000 2.50000000 	-0.2704022630
-0.50000000 3.00000000 	-0.5467884845
-0.50000000 3.50000000 	-0.5179569979
-0.50000000 4.00000000 	-0.2498025113
-0.50000000 4.50000000 	-0.0494375644
-0.50000000 5.00000000 	0.0000000000
-0.50000000 5.50000000 	0.0000000000
-0.50000000 6.00000000 	0.0000000000
-0.50000000 6.50000000 	0.0000000000
-0.50000000 7.00000000 	0.0000000000
-0.50000000 7.50000000 	0.0000000000
-0.50000000 8.00000000 	0.0000000000
0.00000000 -12.00000000 	0.0000000000
0.00000000 -11.50000000 	0.0000000000
0.00000000 -11.00000000 	0.0000000000
0.00000000 -10.50000000 	0.0000000000
0.00000000 -10.00000000 	0.0000000000
0.00000000 -9.50000000 	0.0000000000
0.00000000 -9.00000000 	0.0000000000
0.00000000 -8.50000000 	0.0000000000
0.00000000 -8.00000000 	0.0000000000
0.00000000 -7.50000000 	0.0000000000
0.00000000 -7.00000000 	0.0000000000
0.00000000 -6.50000000 	0.0000000000
0.00000000 -6.00000000 	0.0000000000
0.00000000 -5.50000000 	0.0000000000
0.00000000 -5.00000000 	0.0000000000
0.00000000 -4.50000000 	0.0000000000
0.00000000 -4.00000000 	0.0000000000
0.00000000 -3.50000000 	0.0000000000
0.00000000 -3.00000000 	0.0000000000
0.00000000 -2.50000000 	0.0123539666
0.00000000 -2.00000000 	0.1483054342
0.00000000 -1.50000000 	0.5200994014
0.00000000 -1.00000000 	0.6506514574
0.00000000 -0.50000000 	0.3132441023
0.00000000 0.00000000 	0.0577685656
0.00000000 0.50000000 	0.0000000000
0.00000000 1.00000000 	0.0000000000
0.00000000 1.50000000 	0.0000000000
0.00000000 2.00000000 	0.0000000000
0.00000000 2.50000000 	-0.0577685656
0.00000000 3.00000000 	-0.2850116857
0.00000000 3.50000000 	-0.5467884845
0.00000000 4.00000000 	-0.5303126579
0.00000000 4.50000000 	-0.2486934480
0.00000000 5.00000000 	-0.0370553126
0.00000000 5.50000000 	0.0000000000
0.00000000 6.00000000 	0.0000000000
0.00000000 6.50000000 	0.0000000000
0.00000000 7.00000000 	0.0000000000
0.00000000 7.50000000 	0.0000000000
0.00000000 8.00000000 	0.0000000000
0.50000000 -12.00000000 	0.0000000000
0.50000000 -11.50000000 	0.0000000000
0.50000000 -11.00000000 	0.0000000000
0.50000000 -10.50000000 	0.0000000000
0.50000000 -10.00000000 	0.0000000000
0.50000000 -9.50000000 	0.0000000000
0.50000000 -9.00000000 	0.0000000000
0.50000000 -8.50000000 	0.0000000000
0.50000000 -8.00000000 	0.0000000000
0.50000000 -7.50000000 	0.0000000000
0.50000000 -7.00000000 	0.0000000000
0.50000000 -6.50000000 	0.0000000000
0.50000000 -6.00000000 	0.0000000000
0.50000000 -5.50000000 	0.0000000000
0.50000000 -5.00000000 	0.0000000000
0.50000000 -4.50000000 	0.0000000000
0.50000000 -4.00000000 	0.0000000000
0.50000000 -3.50000000 	0.0000000000
0.50000000 -3.00000000 	0.0000000000
0.50000000 -2.50000000 	0.0370553126
0.50000000 -2.00000000 	0.2737303330
0.50000000 -1.50000000 	0.6387930027
0.50000000 -1.00000000 	0.5734227272
0.50000000 -0.50000000 	0.1731941417
0.50000000 0.00000000 	0.0144626182
0.50000000 0.50000000 	0.0000000000
0.50000000 1.00000000 	0.0000000000
0.50000000 1.50000000 	0.0000000000
0.50000000 2.00000000 	0.0000000000
0.50000000 2.50000000 	0.0000000000
0.50000000 3.00000000 	-0.0577685656
0.50000000 3.50000000 	-0.3132441023
0.50000000 4.00000000 	-0.6634910330
0.50000000 4.50000000 	-0.5175752738
0.50000000 5.00000000 	-0.1357826473
0.50000000 5.50000000 	-0.0123539666
0.50000000 6.00000000 	0.0000000000
0.50000000 6.50000000 	0.0000000000
0.50000000 7.00000000 	0.0000000000
0.50000000 7.50000000 	0.0000000000
0.50000000 8.00000000 	0.0000000000
1.00000000 -12.00000000 	0.0000000000
1.00000000 -11.50000000 	0.0000000000
1.00000000 -11.00000000 	0.0000000000
1.00000000 -10.50000000 	0.0000000000
1.00000000 -10.00000000 	0.0000000000
1.00000000 -9.50000000 	0.0000000000
1.00000000 -9.00000000 	0.0000000000
1.00000000 -8.50000000 	0.0000000000
1.00000000 -8.00000000 	0.0000000000
1.00000000 -7.50000000 	0.0000000000
1.00000000 -7.00000000 	0.0000000000
1.00000000 -6.50000000 	0.0000000000
1.00000000 -6.00000000 	0.0000000000
1.00000000 -5.50000000 	0.0000000000
1.00000000 -5.00000000 	0.0000000000
1.00000000 -4.50000000 	0.0000000000
1.00000000 -4.00000000 	0.0000000000
1.00000000 -3.50000000 	0.0000000000
1.00000000 -3.00000000 	0.0123539666
1.00000000 -2.50000000 	0.1357826473
1.00000000 -2.00000000 	0.5175752738
1.00000000 -1.50000000 	0.6778277472
1.00000000 -1.00000000 	0.3148089779
1.00000000 -0.50000000 	0.0433786456
1.00000000 0.00000000 	0.0000000000
1.00000000 0.50000000 	0.0000000000
1.00000000 1.00000000 	0.0000000000
1.00000000 1.50000000 	0.0000000000
1.00000000 2.00000000 	0.0000000000
1.00000000 2.50000000 	0.0000000000
1.00000000 3.00000000 	-0.0144626182
1.00000000 3.50000000 	-0.2019656307
1.00000000 4.00000000 	-0.6927490365
1.00000000 4.50000000 	-0.6230284914
1.00000000 5.00000000 	-0.1605126014
1.00000000 5.50000000 	-0.0123539666
1.00000000 6.00000000 	0.0000000000
1.00000000 6.50000000 	0.0000000000
1.00000000 7.00000000 	0.0000000000
1.00000000 7.50000000 	0.0000000000
1.00000000 8.00000000 	0.0000000000
1.50000000 -12.00000000 	0.0000000000
1.50000000 -11.50000000 	0.0000000000
1.50000000 -11.00000000 	0.0000000000
1.50000000 -10.50000000 	0.0000000000
1.50000000 -10.00000000 	0.0000000000
1.50000000 -9.50000000 	0.0000000000
1.50000000 -9.00000000 	0.0000000000
1.50000000 -8.50000000 	0.0000000000
1.50000000 -8.00000000 	0.0000000000
1.50000000 -7.50000000 	0.0000000000
1.50000000 -7.00000000 	0.0000000000
1.50000000 -6.50000000 	0.0000000000
1.50000000 -6.00000000 	0.0000000000
1.50000000 -5.50000000 	0.0000000000
1.50000000 -5.00000000 	0.0000000000
1.50000000 -4.50000000 	0.0000000000
1.50000000 -4.00000000 	0.0000000000
1.50000000 -3.50000000 	0.0000000000
1.50000000 -3.00000000 	0.0123539666
1.50000000 -2.50000000 	0.1605126014
1.50000000 -2.00000000 	0.6230284914
1.50000000 -1.50000000 	0.6927490365
1.50000000 -1.00000000 	0.2020631685
1.50000000 -0.50000000 	0.0144626182
1.50000000 0.00000000 	0.0000000000
1.50000000 0.50000000 	0.0000000000
1.50000000 1.00000000 	0.0000000000
1.50000000 1.50000000 	0.0000000000
1.50000000 2.00000000 	0.0000000000
1.50000000 2.50000000 	0.0000000000
1.50000000 3.00000000 	-0.0144626182
1.50000000 3.50000000 	-0.1879008812
1.50000000 4.00000000 	-0.6962837086
1.50000000 4.50000000 	-0.6363455809
1.50000000 5.00000000 	-0.1605126014
1.50000000 5.50000000 	-0.0123539666
1.50000000 6.00000000 	0.0000000000
1.50000000 6.50000000 	0.0000000000
1.50000000 7.00000000 	0.0000000000
1.50000000 7.50000000 	0.0000000000
1.50000000 8.00000000 	0.0000000000
2.00000000 -12.00000000 	0.0000000000
2.00000000 -11.50000000 	0.0000000000
2.00000000 -11.00000000 	0.0000000000
2.00000000 -10.50000000 	0.0000000000
2.00000000 -10.00000000 	0.0000000000
2.00000000 -9.50000000 	0.0000000000
2.00000000 -9.00000000 	0.0000000000
2.00000000 -8.50000000 	0.0000000000
2.00000000 -8.00000000 	0.0000000000
2.00000000 -7.50000000 	0.0000000000
2.00000000 -7.00000000 	0.0000000000
2.00000000 -6.50000000 	0.0000000000
2.00000000 -6.00000000 	0.0000000000
2.00000000 -5.50000000 	0.0000000000
2.00000000 -5.00000000 	0.0000000000
2.00000000 -4.50000000 	0.0000000000
2.00000000 -4.00000000 	0.0000000000
2.00000000 -3.50000000 	0.0000000000
2.00000000 -3.00000000 	0.0123539666
2.00000000 -2.50000000 	0.1605126014
2.00000000 -2.00000000 	0.6363455809
2.00000000 -1.50000000 	0.6962837086
2.00000000 -1.00000000 	0.1879008812
2.00000000 -0.50000000 	0.0144626182
2.00000000 0.00000000 	0.0000000000
2.00000000 0.50000000 	0.0000000000
2.00000000 1.00000000 	0.0000000000
2.00000000 1.50000000 	0.0000000000
2.00000000 2.00000000 	0.0000000000
2.00000000 2.50000000 	0.0000000000
2.00000000 3.00000000 	-0.0144626182
2.00000000 3.50000000 	-0.1879008812
2.00000000 4.00000000 	-0.6966034438
2.00000000 4.50000000 	-0.6363455809
2.00000000 5.00000000 	-0.1605126014
2.00000000 5.50000000 	-0.0123539666
2.00000000 6.00000000 	0.0000000000
2.00000000 6.50000000 	0.0000000000
2.00000000 7.00000000 	0.0000000000
2.00000000 7.50000000 	0.0000000000
2.00000000 8.00000000 	0.0000000000
