-8.00000000 -12.00000000 	0.0000000000
-8.00000000 -11.50000000 	0.0000000000
-8.00000000 -11.00000000 	0.0000000000
-8.00000000 -10.50000000 	0.0000000000
-8.00000000 -10.00000000 	0.0000000000
-8.00000000 -9.50000000 	0.0000000000
-8.00000000 -9.00000000 	0.0000000000
-8.00000000 -8.50000000 	0.0000000000
-8.00000000 -8.00000000 	0.0000000000
-8.00000000 -7.50000000 	0.0000000000
-8.00000000 -7.00000000 	0.0000000000
-8.00000000 -6.50000000 	0.0000000000
-8.00000000 -6.00000000 	0.0000000000
-8.00000000 -5.50000000 	0.0000000000
-8.00000000 -5.00000000 	0.0000000000
-8.00000000 -4.50000000 	0.0000000000
-8.00000000 -4.00000000 	0.0000000000
-8.00000000 -3.50000000 	0.0000000000
-8.00000000 -3.00000000 	0.0000000000
-8.00000000 -2.50000000 	0.0000000000
-8.00000000 -2.00000000 	0.0000000000
-8.00000000 -1.50000000 	0.0000000000
-8.00000000 -1.00000000 	0.0000000000
-8.00000000 -0.50000000 	0.0000000000
-8.00000000 0.00000000 	0.0000000000
-8.00000000 0.50000000 	0.0000000000
-8.00000000 1.00000000 	0.0000000000
-8.00000000 1.50000000 	0.0000000000
-8.00000000 2.00000000 	0.0000000000
-8.00000000 2.50000000 	0.0000000000
-8.00000000 3.00000000 	0.0000000000
-8.00000000 3.50000000 	0.0000000000
-8.00000000 4.00000000 	0.0000000000
-8.00000000 4.50000000 	0.0000000000
-8.00000000 5.00000000 	0.0000000000
-8.00000000 5.50000000 	0.0000000000
-8.00000000 6.00000000 	0.0000000000
-8.00000000 6.50000000 	0.0000000000
-8.00000000 7.00000000 	0.0000000000
-8.00000000 7.50000000 	0.0000000000
-8.00000000 8.00000000 	0.0000000000
-7.50000000 -12.00000000 	0.0000000000
-7.50000000 -11.50000000 	0.0000000000
-7.50000000 -11.00000000 	0.0000000000
-7.50000000 -10.50000000 	0.0000000000
-7.50000000 -10.00000000 	0.0000000000
-7.50000000 -9.50000000 	0.0000000000
-7.50000000 -9.00000000 	0.0000000000
-7.50000000 -8.50000000 	0.0000000000
-7.50000000 -8.00000000 	0.0000000000
-7.50000000 -7.50000000 	0.0000000000
-7.50000000 -7.00000000 	0.0000000000
-7.50000000 -6.50000000 	0.0000000000
-7.50000000 -6.00000000 	0.0000000000
-7.50000000 -5.50000000 	0.0000000000
-7.50000000 -5.00000000 	0.0000000000
-7.50000000 -4.50000000 	0.0000000000
-7.50000000 -4.00000000 	0.0000000000
-7.50000000 -3.50000000 	0.0000000000
-7.50000000 -3.00000000 	0.0000000000
-7.50000000 -2.50000000 	0.0000000000
-7.50000000 -2.00000000 	0.0000000000
-7.50000000 -1.50000000 	0.0000000000
-7.50000000 -1.00000000 	0.0000000000
-7.50000000 -0.50000000 	0.0000000000
-7.50000000 0.00000000 	0.0000000000
-7.50000000 0.50000000 	0.0000000000
-7.50000000 1.00000000 	0.0000000000
-7.50000000 1.50000000 	0.0000000000
-7.50000000 2.00000000 	0.0000000000
-7.50000000 2.50000000 	0.0000000000
-7.50000000 3.00000000 	0.0000000000
-7.50000000 3.50000000 	0.0000000000
-7.50000000 4.00000000 	0.0000000000
-7.50000000 4.50000000 	0.0000000000
-7.50000000 5.00000000 	0.0000000000
-7.50000000 5.50000000 	0.0000000000
-7.50000000 6.00000000 	0.0000000000
-7.50000000 6.50000000 	0.0000000000
-7.50000000 7.00000000 	0.0000000000
-7.50000000 7.50000000 	0.0000000000
-7.50000000 8.00000000 	0.0000000000
-7.00000000 -12.00000000 	0.0000000000
-7.00000000 -11.50000000 	0.0000000000
-7.00000000 -11.00000000 	0.0000000000
-7.00000000 -10.50000000 	0.0000000000
-7.00000000 -10.00000000 	0.0000000000
-7.00000000 -9.50000000 	0.0000000000
-7.00000000 -9.00000000 	0.0000000000
-7.00000000 -8.50000000 	0.0000000000
-7.00000000 -8.00000000 	0.0000000000
-7.00000000 -7.50000000 	0.0000000000
-7.00000000 -7.00000000 	0.0000000000
-7.00000000 -6.50000000 	0.0000000000
-7.00000000 -6.00000000 	0.0000000000
-7.00000000 -5.50000000 	0.0000000000
-7.00000000 -5.00000000 	0.0000000000
-7.00000000 -4.50000000 	0.0000000000
-7.00000000 -4.00000000 	0.0000000000
-7.00000000 -3.50000000 	0.0000000000
-7.00000000 -3.00000000 	0.0000000000
-7.00000000 -2.50000000 	0.0000000000
-7.00000000 -2.00000000 	0.0000000000
-7.00000000 -1.50000000 	0.0000000000
-7.00000000 -1.00000000 	0.0000000000
-7.00000000 -0.50000000 	0.0000000000
-7.00000000 0.00000000 	0.0000000000
-7.00000000 0.50000000 	0.0000000000
-7.00000000 1.00000000 	0.0000000000
-7.00000000 1.50000000 	0.0000000000
-7.00000000 2.00000000 	0.0000000000
-7.00000000 2.50000000 	0.0000000000
-7.00000000 3.00000000 	0.0000000000
-7.00000000 3.50000000 	0.0000000000
-7.00000000 4.00000000 	0.0000000000
-7.00000000 4.50000000 	0.0000000000
-7.00000000 5.00000000 	0.0000000000
-7.00000000 5.50000000 	0.0000000000
-7.00000000 6.00000000 	0.0000000000
-7.00000000 6.50000000 	0.0000000000
-7.00000000 7.00000000 	0.0000000000
-7.00000000 7.50000000 	0.0000000000
-7.00000000 8.00000000 	0.0000000000
-6.50000000 -12.00000000 	0.0000000000
-6.50000000 -11.50000000 	0.0000000000
-6.50000000 -11.00000000 	0.0000000000
-6.50000000 -10.50000000 	0.0000000000
-6.50000000 -10.00000000 	0.0000000000
-6.50000000 -9.50000000 	0.0000000000
-6.50000000 -9.00000000 	0.0000000000
-6.50000000 -8.50000000 	0.0000000000
-6.50000000 -8.00000000 	0.0000000000
-6.50000000 -7.50000000 	0.0000000000
-6.50000000 -7.00000000 	0.0000000000
-6.50000000 -6.50000000 	0.0000000000
-6.50000000 -6.00000000 	0.0000000000
-6.50000000 -5.50000000 	0.0000000000
-6.50000000 -5.00000000 	0.0000000000
-6.50000000 -4.50000000 	0.0000000000
-6.50000000 -4.00000000 	0.0000000000
-6.50000000 -3.50000000 	0.0000000000
-6.50000000 -3.00000000 	0.0000000000
-6.50000000 -2.50000000 	0.0000000000
-6.50000000 -2.00000000 	0.0000000000
-6.50000000 -1.50000000 	0.0000000000
-6.50000000 -1.00000000 	0.0000000000
-6.50000000 -0.50000000 	0.0000000000
-6.50000000 0.00000000 	0.0000000000
-6.50000000 0.50000000 	0.0000000000
-6.50000000 1.00000000 	0.0000000000
-6.50000000 1.50000000 	0.0000000000
-6.50000000 2.00000000 	0.0000000000
-6.50000000 2.50000000 	0.0000000000
-6.50000000 3.00000000 	0.0000000000
-6.50000000 3.50000000 	0.0000000000
-6.50000000 4.00000000 	0.0000000000
-6.50000000 4.50000000 	0.0000000000
-6.50000000 5.00000000 	0.0000000000
-6.50000000 5.50000000 	0.0000000000
-6.50000000 6.00000000 	0.0000000000
-6.50000000 6.50000000 	0.0000000000
-6.50000000 7.00000000 	0.0000000000
-6.50000000 7.50000000 	0.0000000000
-6.50000000 8.00000000 	0.0000000000
-6.00000000 -12.00000000 	0.0000000000
-6.00000000 -11.50000000 	0.0000000000
-6.00000000 -11.00000000 	0.0000000000
-6.00000000 -10.50000000 	0.0000000000
-6.00000000 -10.00000000 	0.0000000000
-6.00000000 -9.50000000 	0.0000000000
-6.00000000 -9.00000000 	0.0000000000
-6.00000000 -8.50000000 	0.0000000000
-6.00000000 -8.00000000 	0.0000000000
-6.00000000 -7.50000000 	0.0000000000
-6.00000000 -7.00000000 	0.0000000000
-6.00000000 -6.50000000 	0.0000000000
-6.00000000 -6.00000000 	0.0000000000
-6.00000000 -5.50000000 	0.0000000000
-6.00000000 -5.00000000 	0.0000000000
-6.00000000 -4.50000000 	0.0000000000
-6.00000000 -4.00000000 	0.0000000000
-6.00000000 -3.50000000 	0.0000000000
-6.00000000 -3.00000000 	0.0000000000
-6.00000000 -2.50000000 	0.0000000000
-6.00000000 -2.00000000 	0.0000000000
-6.00000000 -1.50000000 	0.0000000000
-6.00000000 -1.00000000 	0.0000000000
-6.00000000 -0.50000000 	0.0000000000
-6.00000000 0.00000000 	0.0000000000
-6.00000000 0.50000000 	0.0000000000
-6.00000000 1.00000000 	0.0000000000
-6.00000000 1.50000000 	0.0000000000
-6.00000000 2.00000000 	0.0000000000
-6.00000000 2.50000000 	0.0000000000
-6.00000000 3.00000000 	0.0000000000
-6.00000000 3.50000000 	0.0000000000
-6.00000000 4.00000000 	0.0000000000
-6.00000000 4.50000000 	0.0000000000
-6.00000000 5.00000000 	0.0000000000
-6.00000000 5.50000000 	0.0000000000
-6.00000000 6.00000000 	0.0000000000
-6.00000000 6.50000000 	0.0000000000
-6.00000000 7.00000000 	0.0000000000
-6.00000000 7.50000000 	0.0000000000
-6.00000000 8.00000000 	0.0000000000
-5.50000000 -12.00000000 	0.0000000000
-5.50000000 -11.50000000 	0.0000000000
-5.50000000 -11.00000000 	0.0000000000
-5.50000000 -10.50000000 	0.0000000000
-5.50000000 -10.00000000 	0.0000000000
-5.50000000 -9.50000000 	0.0000000000
-5.50000000 -9.00000000 	0.0000000000
-5.50000000 -8.50000000 	0.0000000000
-5.50000000 -8.00000000 	0.0000000000
-5.50000000 -7.50000000 	0.0000000000
-5.50000000 -7.00000000 	0.0000000000
-5.50000000 -6.50000000 	0.0000000000
-5.50000000 -6.00000000 	0.0000000000
-5.50000000 -5.50000000 	0.0000000000
-5.50000000 -5.00000000 	0.0000000000
-5.50000000 -4.50000000 	0.0000000000
-5.50000000 -4.00000000 	0.0000000000
-5.50000000 -3.50000000 	0.0000000000
-5.50000000 -3.00000000 	0.0000000000
-5.50000000 -2.50000000 	0.0000000000
-5.50000000 -2.00000000 	0.0000000000
-5.50000000 -1.50000000 	0.0000000000
-5.50000000 -1.00000000 	0.0000000000
-5.50000000 -0.50000000 	0.0000000000
-5.50000000 0.00000000 	0.0000000000
-5.50000000 0.50000000 	0.0000000000
-5.50000000 1.00000000 	0.0000000000
-5.50000000 1.50000000 	0.0000000000
-5.50000000 2.00000000 	0.0000000000
-5.50000000 2.50000000 	0.0000000000
-5.50000000 3.00000000 	0.0000000000
-5.50000000 3.50000000 	0.0000000000
-5.50000000 4.00000000 	0.0000000000
-5.50000000 4.50000000 	0.0000000000
-5.50000000 5.00000000 	0.0000000000
-5.50000000 5.50000000 	0.0000000000
-5.50000000 6.00000000 	0.0000000000
-5.50000000 6.50000000 	0.0000000000
-5.50000000 7.00000000 	0.0000000000
-5.50000000 7.50000000 	0.0000000000
-5.50000000 8.00000000 	0.0000000000
-5.00000000 -12.00000000 	0.0000000000
-5.00000000 -11.50000000 	0.0000000000
-5.00000000 -11.00000000 	0.0000000000
-5.00000000 -10.50000000 	0.0000000000
-5.00000000 -10.00000000 	0.0000000000
-5.00000000 -9.50000000 	0.0000000000
-5.00000000 -9.00000000 	0.0000000000
-5.00000000 -8.50000000 	0.0000000000
-5.00000000 -8.00000000 	0.0000000000
-5.00000000 -7.50000000 	0.0000000000
-5.00000000 -7.00000000 	0.0000000000
-5.00000000 -6.50000000 	0.0000000000
-5.00000000 -6.00000000 	0.0000000000
-5.00000000 -5.50000000 	0.0000000000
-5.00000000 -5.00000000 	0.0000000000
-5.00000000 -4.50000000 	0.0000000000
-5.00000000 -4.00000000 	0.0000000000
-5.00000000 -3.50000000 	0.0000000000
-5.00000000 -3.00000000 	0.0000000000
-5.00000000 -2.50000000 	0.0000000000
-5.00000000 -2.00000000 	0.0000000000
-5.00000000 -1.50000000 	0.0000000000
-5.00000000 -1.00000000 	0.0000000000
-5.00000000 -0.50000000 	0.0000000000
-5.00000000 0.00000000 	0.0000000000
-5.00000000 0.50000000 	0.0000000000
-5.00000000 1.00000000 	0.0000000000
-5.00000000 1.50000000 	0.0000000000
-5.00000000 2.00000000 	0.0000000000
-5.00000000 2.50000000 	0.0000000000
-5.00000000 3.00000000 	0.0000000000
-5.00000000 3.50000000 	0.0000000000
-5.00000000 4.00000000 	0.0000000000
-5.00000000 4.50000000 	0.0000000000
-5.00000000 5.00000000 	0.0000000000
-5.00000000 5.50000000 	0.0000000000
-5.00000000 6.00000000 	0.0000000000
-5.00000000 6.50000000 	0.0000000000
-5.00000000 7.00000000 	0.0000000000
-5.00000000 7.50000000 	0.0000000000
-5.00000000 8.00000000 	0.0000000000
-4.50000000 -12.00000000 	0.0000000000
-4.50000000 -11.50000000 	0.0000000000
-4.50000000 -11.00000000 	0.0000000000
-4.50000000 -10.50000000 	0.0000000000
-4.50000000 -10.00000000 	0.0000000000
-4.50000000 -9.50000000 	0.0000000000
-4.50000000 -9.00000000 	0.0000000000
-4.50000000 -8.50000000 	0.0000000000
-4.50000000 -8.00000000 	0.0000000000
-4.50000000 -7.50000000 	0.0000000000
-4.50000000 -7.00000000 	0.0000000000
-4.50000000 -6.50000000 	0.0000000000
-4.50000000 -6.00000000 	0.0000000000
-4.50000000 -5.50000000 	0.0000000000
-4.50000000 -5.00000000 	0.0000000000
-4.50000000 -4.50000000 	0.0000000000
-4.50000000 -4.00000000 	0.0000000000
-4.50000000 -3.50000000 	0.0000000000
-4.50000000 -3.00000000 	0.0000000000
-4.50000000 -2.50000000 	0.0000000000
-4.50000000 -2.00000000 	0.0000000000
-4.50000000 -1.50000000 	0.0000000000
-4.50000000 -1.00000000 	0.0000000000
-4.50000000 -0.50000000 	0.0000000000
-4.50000000 0.00000000 	0.0000000000
-4.50000000 0.50000000 	0.0000000000
-4.50000000 1.00000000 	0.0000000000
-4.50000000 1.50000000 	0.0000000000
-4.50000000 2.00000000 	0.0000000000
-4.50000000 2.50000000 	0.0000000000
-4.50000000 3.00000000 	0.0000000000
-4.50000000 3.50000000 	0.0000000000
-4.50000000 4.00000000 	0.0000000000
-4.50000000 4.50000000 	0.0000000000
-4.50000000 5.00000000 	0.0000000000
-4.50000000 5.50000000 	0.0000000000
-4.50000000 6.00000000 	0.0000000000
-4.50000000 6.50000000 	0.0000000000
-4.50000000 7.00000000 	0.0000000000
-4.50000000 7.50000000 	0.0000000000
-4.50000000 8.00000000 	0.0000000000
-4.00000000 -12.00000000 	0.0000000000
-4.00000000 -11.50000000 	0.0000000000
-4.00000000 -11.00000000 	0.0000000000
-4.00000000 -10.50000000 	0.0000000000
-4.00000000 -10.00000000 	0.0000000000
-4.00000000 -9.50000000 	0.0000000000
-4.00000000 -9.00000000 	0.0000000000
-4.00000000 -8.50000000 	0.0000000000
-4.00000000 -8.00000000 	0.0000000000
-4.00000000 -7.50000000 	0.0000000000
-4.00000000 -7.00000000 	0.0000000000
-4.00000000 -6.50000000 	0.0000000000
-4.00000000 -6.00000000 	0.0000000000
-4.00000000 -5.50000000 	0.0000000000
-4.00000000 -5.00000000 	0.0000000000
-4.00000000 -4.50000000 	0.0000000000
-4.00000000 -4.00000000 	0.0000000000
-4.00000000 -3.50000000 	0.0000000000
-4.00000000 -3.00000000 	0.0000000000
-4.00000000 -2.50000000 	0.0000000000
-4.00000000 -2.00000000 	0.0000000000
-4.00000000 -1.50000000 	0.0000000000
-4.00000000 -1.00000000 	0.0000000000
-4.00000000 -0.50000000 	0.0000000000
-4.00000000 0.00000000 	0.0000000000
-4.00000000 0.50000000 	0.0000000000
-4.00000000 1.00000000 	0.0000000000
-4.00000000 1.50000000 	0.0000000000
-4.00000000 2.00000000 	0.0000000000
-4.00000000 2.50000000 	0.0000000000
-4.00000000 3.00000000 	0.0000000000
-4.00000000 3.50000000 	0.0000000000
-4.00000000 4.00000000 	0.0000000000
-4.00000000 4.50000000 	0.0000000000
-4.00000000 5.00000000 	0.0000000000
-4.00000000 5.50000000 	0.0000000000
-4.00000000 6.00000000 	0.0000000000
-4.00000000 6.50000000 	0.0000000000
-4.00000000 7.00000000 	0.0000000000
-4.00000000 7.50000000 	0.0000000000
-4.00000000 8.00000000 	0.0000000000
-3.50000000 -12.00000000 	0.0000000000
-3.50000000 -11.50000000 	0.0000000000
-3.50000000 -11.00000000 	0.0000000000
-3.50000000 -10.50000000 	0.0000000000
-3.50000000 -10.00000000 	0.0000000000
-3.50000000 -9.50000000 	0.0000000000
-3.50000000 -9.00000000 	0.0000000000
-3.50000000 -8.50000000 	0.0000000000
-3.50000000 -8.00000000 	0.0000000000
-3.50000000 -7.50000000 	0.0000000000
-3.50000000 -7.00000000 	0.0000000000
-3.50000000 -6.50000000 	0.0000000000
-3.50000000 -6.00000000 	0.0000000000
-3.50000000 -5.50000000 	0.0000000000
-3.50000000 -5.00000000 	0.0000000000
-3.50000000 -4.50000000 	0.0000000000
-3.50000000 -4.00000000 	0.0000000000
-3.50000000 -3.50000000 	0.0000000000
-3.50000000 -3.00000000 	0.0000000000
-3.50000000 -2.50000000 	0.0000058568
-3.50000000 -2.00000000 	0.0000526958
-3.50000000 -1.50000000 	0.0002107185
-3.50000000 -1.00000000 	0.0004915276
-3.50000000 -0.50000000 	0.0007370782
-3.50000000 0.00000000 	0.0007368763
-3.50000000 0.50000000 	0.0004852793
-3.50000000 1.00000000 	0.0001578333
-3.50000000 1.50000000 	-0.0001578333
-3.50000000 2.00000000 	-0.0004852793
-3.50000000 2.50000000 	-0.0007368763
-3.50000000 3.00000000 	-0.0007370782
-3.50000000 3.50000000 	-0.0004915276
-3.50000000 4.00000000 	-0.0002107185
-3.50000000 4.50000000 	-0.0000526958
-3.50000000 5.00000000 	-0.0000058568
-3.50000000 5.50000000 	0.0000000000
-3.50000000 6.00000000 	0.0000000000
-3.50000000 6.50000000 	0.0000000000
-3.50000000 7.00000000 	0.0000000000
-3.50000000 7.50000000 	0.0000000000
-3.50000000 8.00000000 	0.0000000000
-3.00000000 -12.00000000 	0.0000000000
-3.00000000 -11.50000000 	0.0000000000
-3.00000000 -11.00000000 	0.0000000000
-3.00000000 -10.50000000 	0.0000000000
-3.00000000 -10.00000000 	0.0000000000
-3.00000000 -9.50000000 	0.0000000000
-3.00000000 -9.00000000 	0.0000000000
-3.00000000 -8.50000000 	0.0000000000
-3.00000000 -8.00000000 	0.0000000000
-3.00000000 -7.50000000 	0.0000000000
-3.00000000 -7.00000000 	0.0000000000
-3.00000000 -6.50000000 	0.0000000000
-3.00000000 -6.00000000 	0.0000000000
-3.00000000 -5.50000000 	0.0000000000
-3.00000000 -5.00000000 	0.0000000000
-3.00000000 -4.50000000 	0.0000000000
-3.00000000 -4.00000000 	0.0000000000
-3.00000000 -3.50000000 	0.0000000000
-3.00000000 -3.00000000 	0.0000061898
-3.00000000 -2.50000000 	0.0001175063
-3.00000000 -2.00000000 	0.0007786667
-3.00000000 -1.50000000 	0.0027419637
-3.00000000 -1.00000000 	0.0059622046
-3.00000000 -0.50000000 	0.0085509903
-3.00000000 0.00000000 	0.0082893854
-3.00000000 0.50000000 	0.0053396540
-3.00000000 1.00000000 	0.0017136858
-3.00000000 1.50000000 	-0.0017136858
-3.00000000 2.00000000 	-0.0053396540
-3.00000000 2.50000000 	-0.0082893854
-3.00000000 3.00000000 	-0.0085509903
-3.00000000 3.50000000 	-0.0059622046
-3.00000000 4.00000000 	-0.0027419637
-3.00000000 4.50000000 	-0.0007786667
-3.00000000 5.00000000 	-0.0001175063
-3.00000000 5.50000000 	-0.0000061898
-3.00000000 6.00000000 	0.0000000000
-3.00000000 6.50000000 	0.0000000000
-3.00000000 7.00000000 	0.0000000000
-3.00000000 7.50000000 	0.0000000000
-3.00000000 8.00000000 	0.0000000000
-2.50000000 -12.00000000 	0.0000000000
-2.50000000 -11.50000000 	0.0000000000
-2.50000000 -11.00000000 	0.0000000000
-2.50000000 -10.50000000 	0.0000000000
-2.50000000 -10.00000000 	0.0000000000
-2.50000000 -9.50000000 	0.0000000000
-2.50000000 -9.00000000 	0.0000000000
-2.50000000 -8.50000000 	0.0000000000
-2.50000000 -8.00000000 	0.0000000000
-2.50000000 -7.50000000 	0.0000000000
-2.50000000 -7.00000000 	0.0000000000
-2.50000000 -6.50000000 	0.0000000000
-2.50000000 -6.00000000 	0.0000000000
-2.50000000 -5.50000000 	0.0000000000
-2.50000000 -5.00000000 	0.0000000000
-2.50000000 -4.50000000 	0.0000000000
-2.50000000 -4.00000000 	0.0000000000
-2.50000000 -3.50000000 	0.0000062327
-2.50000000 -3.00000000 	0.0001183191
-2.50000000 -2.50000000 	0.0010636649
-2.50000000 -2.00000000 	0.0052749281
-2.50000000 -1.50000000 	0.0160531704
-2.50000000 -1.00000000 	0.0320626456
-2.50000000 -0.50000000 	0.0435573198
-2.50000000 0.00000000 	0.0406884308
-2.50000000 0.50000000 	0.0255253033
-2.50000000 1.00000000 	0.0080617210
-2.50000000 1.50000000 	-0.0080617210
-2.50000000 2.00000000 	-0.0255253033
-2.50000000 2.50000000 	-0.0406884308
-2.50000000 3.00000000 	-0.0435573198
-2.50000000 3.50000000 	-0.0320626456
-2.50000000 4.00000000 	-0.0160531704
-2.50000000 4.50000000 	-0.0052749281
-2.50000000 5.00000000 	-0.0010636649
-2.50000000 5.50000000 	-0.0001183191
-2.50000000 6.00000000 	-0.0000062327
-2.50000000 6.50000000 	0.0000000000
-2.50000000 7.00000000 	0.0000000000
-2.50000000 7.50000000 	0.0000000000
-2.50000000 8.00000000 	0.0000000000
-2.00000000 -12.00000000 	0.0000000000
-2.00000000 -11.50000000 	0.0000000000
-2.00000000 -11.00000000 	0.0000000000
-2.00000000 -10.50000000 	0.0000000000
-2.00000000 -10.00000000 	0.0000000000
-2.00000000 -9.50000000 	0.0000000000
-2.00000000 -9.00000000 	0.0000000000
-2.00000000 -8.50000000 	0.0000000000
-2.00000000 -8.00000000 	0.0000000000
-2.00000000 -7.50000000 	0.0000000000
-2.00000000 -7.00000000 	0.0000000000
-2.00000000 -6.50000000 	0.0000000000
-2.00000000 -6.00000000 	0.0000000000
-2.00000000 -5.50000000 	0.0000000000
-2.00000000 -5.00000000 	0.0000000000
-2.00000000 -4.50000000 	0.0000000000
-2.00000000 -4.00000000 	0.0000000000
-2.00000000 -3.50000000 	0.0000684974
-2.00000000 -3.00000000 	0.0008957149
-2.00000000 -2.50000000 	0.0057209706
-2.00000000 -2.00000000 	0.0224842688
-2.00000000 -1.50000000 	0.0588509981
-2.00000000 -1.00000000 	0.1065403686
-2.00000000 -0.50000000 	0.1355938805
-2.00000000 0.00000000 	0.1210985378
-2.00000000 0.50000000 	0.0735605104
-2.00000000 1.00000000 	0.0227782964
-2.00000000 1.50000000 	-0.0227720341
-2.00000000 2.00000000 	-0.0735103694
-2.00000000 2.50000000 	-0.1209298205
-2.00000000 3.00000000 	-0.1352955842
-2.00000000 3.50000000 	-0.1062806889
-2.00000000 4.00000000 	-0.0588514675
-2.00000000 4.50000000 	-0.0227447300
-2.00000000 5.00000000 	-0.0060190637
-2.00000000 5.50000000 	-0.0010636649
-2.00000000 6.00000000 	-0.0001183191
-2.00000000 6.50000000 	-0.0000062327
-2.00000000 7.00000000 	0.0000000000
-2.00000000 7.50000000 	0.0000000000
-2.00000000 8.00000000 	0.0000000000
-1.50000000 -12.00000000 	0.0000000000
-1.50000000 -11.50000000 	0.0000000000
-1.50000000 -11.00000000 	0.0000000000
-1.50000000 -10.50000000 	0.0000000000
-1.50000000 -10.00000000 	0.0000000000
-1.50000000 -9.50000000 	0.0000000000
-1.50000000 -9.00000000 	0.0000000000
-1.50000000 -8.50000000 	0.0000000000
-1.50000000 -8.00000000 	0.0000000000
-1.50000000 -7.50000000 	0.0000000000
-1.50000000 -7.00000000 	0.0000000000
-1.50000000 -6.50000000 	0.0000000000
-1.50000000 -6.00000000 	0.0000000000
-1.50000000 -5.50000000 	0.0000000000
-1.50000000 -5.00000000 	0.0000000000
-1.50000000 -4.50000000 	0.0000000000
-1.50000000 -4.00000000 	0.0000062327
-1.50000000 -3.50000000 	0.0003981985
-1.50000000 -3.00000000 	0.0040444886
-1.50000000 -2.50000000 	0.0208072572
-1.50000000 -2.00000000 	0.0679468362
-1.50000000 -1.50000000 	0.1536045544
-1.50000000 -1.00000000 	0.2493309690
-1.50000000 -0.50000000 	0.2933315862
-1.50000000 0.00000000 	0.2474769062
-1.50000000 0.50000000 	0.1441335155
-1.50000000 1.00000000 	0.0434760273
-1.50000000 1.50000000 	-0.0434115145
-1.50000000 2.00000000 	-0.1436190078
-1.50000000 2.50000000 	-0.2457598244
-1.50000000 3.00000000 	-0.2903321186
-1.50000000 3.50000000 	-0.2467597842
-1.50000000 4.00000000 	-0.1536436946
-1.50000000 4.50000000 	-0.0705610683
-1.50000000 5.00000000 	-0.0237841498
-1.50000000 5.50000000 	-0.0057209706
-1.50000000 6.00000000 	-0.0008957149
-1.50000000 6.50000000 	-0.0000684974
-1.50000000 7.00000000 	0.0000000000
-1.50000000 7.50000000 	0.0000000000
-1.50000000 8.00000000 	0.0000000000
-1.00000000 -12.00000000 	0.0000000000
-1.00000000 -11.50000000 	0.0000000000
-1.00000000 -11.00000000 	0.0000000000
-1.00000000 -10.50000000 	0.0000000000
-1.00000000 -10.00000000 	0.0000000000
-1.00000000 -9.50000000 	0.0000000000
-1.00000000 -9.00000000 	0.0000000000
-1.00000000 -8.50000000 	0.0000000000
-1.00000000 -8.00000000 	0.0000000000
-1.00000000 -7.50000000 	0.0000000000
-1.00000000 -7.00000000 	0.0000000000
-1.00000000 -6.50000000 	0.0000000000
-1.00000000 -6.00000000 	0.0000000000
-1.00000000 -5.50000000 	0.0000000000
-1.00000000 -5.00000000 	0.0000000000
-1.00000000 -4.50000000 	0.0000000000
-1.00000000 -4.00000000 	0.0000684974
-1.00000000 -3.50000000 	0.0016411204
-1.00000000 -3.00000000 	0.0129759545
-1.00000000 -2.50000000 	0.0558346856
-1.00000000 -2.00000000 	0.1557999415
-1.00000000 -1.50000000 	0.3064259494
-1.00000000 -1.00000000 	0.4419507456
-1.00000000 -0.50000000 	0.4720726163
-1.00000000 0.00000000 	0.3685427392
-1.00000000 0.50000000 	0.2019699370
-1.00000000 1.00000000 	0.0586116241
-1.00000000 1.50000000 	-0.0583088912
-1.00000000 2.00000000 	-0.1995646954
-1.00000000 2.50000000 	-0.3605839439
-1.00000000 3.00000000 	-0.4583741490
-1.00000000 3.50000000 	-0.4304858334
-1.00000000 4.00000000 	-0.3068831663
-1.00000000 4.50000000 	-0.1677156033
-1.00000000 5.00000000 	-0.0692450768
-1.00000000 5.50000000 	-0.0205096224
-1.00000000 6.00000000 	-0.0038767393
-1.00000000 6.50000000 	-0.0003484006
-1.00000000 7.00000000 	0.0000000000
-1.00000000 7.50000000 	0.0000000000
-1.00000000 8.00000000 	0.0000000000
-0.50000000 -12.00000000 	0.0000000000
-0.50000000 -11.50000000 	0.0000000000
-0.50000000 -11.00000000 	0.0000000000
-0.50000000 -10.50000000 	0.0000000000
-0.50000000 -10.00000000 	0.0000000000
-0.50000000 -9.50000000 	0.0000000000
-0.50000000 -9.00000000 	0.0000000000
-0.50000000 -8.50000000 	0.0000000000
-0.50000000 -8.00000000 	0.0000000000
-0.50000000 -7.50000000 	0.0000000000
-0.50000000 -7.00000000 	0.0000000000
-0.50000000 -6.50000000 	0.0000000000
-0.50000000 -6.00000000 	0.0000000000
-0.50000000 -5.50000000 	0.0000000000
-0.50000000 -5.00000000 	0.0000000000
-0.50000000 -4.50000000 	0.0000000000
-0.50000000 -4.00000000 	0.0003484006
-0.50000000 -3.50000000 	0.0051794123
-0.50000000 -3.00000000 	0.0324763541
-0.50000000 -2.50000000 	0.1182547271
-0.50000000 -2.00000000 	0.2856747863
-0.50000000 -1.50000000 	0.4913957187
-0.50000000 -1.00000000 	0.6240416231
-0.50000000 -0.50000000 	0.5911088875
-0.50000000 0.00000000 	0.4134670774
-0.50000000 0.50000000 	0.2064266662
-0.50000000 1.00000000 	0.0563499125
-0.50000000 1.50000000 	-0.0555106399
-0.50000000 2.00000000 	-0.1997634145
-0.50000000 2.50000000 	-0.3914910454
-0.50000000 3.00000000 	-0.5536732255
-0.50000000 3.50000000 	-0.5935045151
-0.50000000 4.00000000 	-0.4935992595
-0.50000000 4.50000000 	-0.3182085465
-0.50000000 5.00000000 	-0.1541980670
-0.50000000 5.50000000 	-0.0525585924
-0.50000000 6.00000000 	-0.0111331915
-0.50000000 6.50000000 	-0.0010940279
-0.50000000 7.00000000 	0.0000000000
-0.50000000 7.50000000 	0.0000000000
-0.50000000 8.00000000 	0.0000000000
0.00000000 -12.00000000 	0.0000000000
0.00000000 -11.50000000 	0.0000000000
0.00000000 -11.00000000 	0.0000000000
0.00000000 -10.50000000 	0.0000000000
0.00000000 -10.00000000 	0.0000000000
0.00000000 -9.50000000 	0.0000000000
0.00000000 -9.00000000 	0.0000000000
0.00000000 -8.50000000 	0.0000000000
0.00000000 -8.00000000 	0.0000000000
0.00000000 -7.50000000 	0.0000000000
0.00000000 -7.00000000 	0.0000000000
0.00000000 -6.50000000 	0.0000000000
0.00000000 -6.00000000 	0.0000000000
0.00000000 -5.50000000 	0.0000000000
0.00000000 -5.00000000 	0.0000000000
0.00000000 -4.50000000 	0.0000000000
0.00000000 -4.00000000 	0.0010940279
0.00000000 -3.50000000 	0.0126942184
0.00000000 -3.00000000 	0.0663425485
0.00000000 -2.50000000 	0.2078588391
0.00000000 -2.00000000 	0.4385808632
0.00000000 -1.50000000 	0.6613380709
0.00000000 -1.00000000 	0.7323955941
0.00000000 -0.50000000 	0.5993793221
0.00000000 0.00000000 	0.3605540695
0.00000000 0.50000000 	0.1563239603
0.00000000 1.00000000 	0.0386293092
0.00000000 1.50000000 	-0.0371255812
0.00000000 2.00000000 	-0.1443528832
0.00000000 2.50000000 	-0.3209144119
0.00000000 3.00000000 	-0.5319023644
0.00000000 3.50000000 	-0.6783400728
0.00000000 4.00000000 	-0.6669055759
0.00000000 4.50000000 	-0.4973039343
0.00000000 5.00000000 	-0.2713378068
0.00000000 5.50000000 	-0.1015203950
0.00000000 6.00000000 	-0.0231020259
0.00000000 6.50000000 	-0.0023975208
0.00000000 7.00000000 	0.0000000000
0.00000000 7.50000000 	0.0000000000
0.00000000 8.00000000 	0.0000000000
0.50000000 -12.00000000 	0.0000000000
0.50000000 -11.50000000 	0.0000000000
0.50000000 -11.00000000 	0.0000000000
0.50000000 -10.50000000 	0.0000000000
0.50000000 -10.00000000 	0.0000000000
0.50000000 -9.50000000 	0.0000000000
0.50000000 -9.00000000 	0.0000000000
0.50000000 -8.50000000 	0.0000000000
0.50000000 -8.00000000 	0.0000000000
0.50000000 -7.50000000 	0.0000000000
0.50000000 -7.00000000 	0.0000000000
0.50000000 -6.50000000 	0.0000000000
0.50000000 -6.00000000 	0.0000000000
0.50000000 -5.50000000 	0.0000000000
0.50000000 -5.00000000 	0.0000000000
0.50000000 -4.50000000 	0.0000000000
0.50000000 -4.00000000 	0.0023975208
0.50000000 -3.50000000 	0.0244010728
0.50000000 -3.00000000 	0.1126729612
0.50000000 -2.50000000 	0.3132803203
0.50000000 -2.00000000 	0.5867946502
0.50000000 -1.50000000 	0.7799184074
0.50000000 -1.00000000 	0.7485308719
0.50000000 -0.50000000 	0.5180731167
0.50000000 0.00000000 	0.2572079033
0.50000000 0.50000000 	0.0909299145
0.50000000 1.00000000 	0.0190468475
0.50000000 1.50000000 	-0.0172270986
0.50000000 2.00000000 	-0.0763905074
0.50000000 2.50000000 	-0.2087009116
0.50000000 3.00000000 	-0.4349183174
0.50000000 3.50000000 	-0.6823151762
0.50000000 4.00000000 	-0.7881477676
0.50000000 4.50000000 	-0.6594611840
0.50000000 5.00000000 	-0.3902899580
0.50000000 5.50000000 	-0.1549642107
0.50000000 6.00000000 	-0.0368795995
0.50000000 6.50000000 	-0.0039601304
0.50000000 7.00000000 	0.0000000000
0.50000000 7.50000000 	0.0000000000
0.50000000 8.00000000 	0.0000000000
1.00000000 -12.00000000 	0.0000000000
1.00000000 -11.50000000 	0.0000000000
1.00000000 -11.00000000 	0.0000000000
1.00000000 -10.50000000 	0.0000000000
1.00000000 -10.00000000 	0.0000000000
1.00000000 -9.50000000 	0.0000000000
1.00000000 -9.00000000 	0.0000000000
1.00000000 -8.50000000 	0.0000000000
1.00000000 -8.00000000 	0.0000000000
1.00000000 -7.50000000 	0.0000000000
1.00000000 -7.00000000 	0.0000000000
1.00000000 -6.50000000 	0.0000000000
1.00000000 -6.00000000 	0.0000000000
1.00000000 -5.50000000 	0.0000000000
1.00000000 -5.00000000 	0.0000000000
1.00000000 -4.50000000 	0.0000000000
1.00000000 -4.00000000 	0.0039601304
1.00000000 -3.50000000 	0.0376207952
1.00000000 -3.00000000 	0.1611953891
1.00000000 -2.50000000 	0.4131476710
1.00000000 -2.00000000 	0.7064299124
1.00000000 -1.50000000 	0.8426402016
1.00000000 -1.00000000 	0.7061732786
1.00000000 -0.50000000 	0.4109490782
1.00000000 0.00000000 	0.1635027068
1.00000000 0.50000000 	0.0437934394
1.00000000 1.00000000 	0.0069326762
1.00000000 1.50000000 	-0.0054151049
1.00000000 2.00000000 	-0.0316404911
1.00000000 2.50000000 	-0.1227055331
1.00000000 3.00000000 	-0.3404081792
1.00000000 3.50000000 	-0.6498660194
1.00000000 4.00000000 	-0.8502260954
1.00000000 4.50000000 	-0.7684093067
1.00000000 5.00000000 	-0.4779131731
1.00000000 5.50000000 	-0.1964960911
1.00000000 6.00000000 	-0.0480110700
1.00000000 6.50000000 	-0.0052610312
1.00000000 7.00000000 	0.0000000000
1.00000000 7.50000000 	0.0000000000
1.00000000 8.00000000 	0.0000000000
1.50000000 -12.00000000 	0.0000000000
1.50000000 -11.50000000 	0.0000000000
1.50000000 -11.00000000 	0.0000000000
1.50000000 -10.50000000 	0.0000000000
1.50000000 -10.00000000 	0.0000000000
1.50000000 -9.50000000 	0.0000000000
1.50000000 -9.00000000 	0.0000000000
1.50000000 -8.50000000 	0.0000000000
1.50000000 -8.00000000 	0.0000000000
1.50000000 -7.50000000 	0.0000000000
1.50000000 -7.00000000 	0.0000000000
1.50000000 -6.50000000 	0.0000000000
1.50000000 -6.00000000 	0.0000000000
1.50000000 -5.50000000 	0.0000000000
1.50000000 -5.00000000 	0.0000000000
1.50000000 -4.50000000 	0.0000000000
1.50000000 -4.00000000 	0.0052548596
1.50000000 -3.50000000 	0.0482392801
1.50000000 -3.00000000 	0.1986224464
1.50000000 -2.50000000 	0.4858521153
1.50000000 -2.00000000 	0.7845428714
1.50000000 -1.50000000 	0.8679184766
1.50000000 -1.00000000 	0.6552215995
1.50000000 -0.50000000 	0.3288130886
1.50000000 0.00000000 	0.1052982047
1.50000000 0.50000000 	0.0201206114
1.50000000 1.00000000 	0.0019690574
1.50000000 1.50000000 	-0.0010957742
1.50000000 2.00000000 	-0.0131217888
1.50000000 2.50000000 	-0.0817281326
1.50000000 3.00000000 	-0.2878235748
1.50000000 3.50000000 	-0.6223649628
1.50000000 4.00000000 	-0.8724636492
1.50000000 4.50000000 	-0.8207158891
1.50000000 5.00000000 	-0.5233615075
1.50000000 5.50000000 	-0.2189738078
1.50000000 6.00000000 	-0.0542203982
1.50000000 6.50000000 	-0.0060037045
1.50000000 7.00000000 	0.0000000000
1.50000000 7.50000000 	0.0000000000
1.50000000 8.00000000 	0.0000000000
2.00000000 -12.00000000 	0.0000000000
2.00000000 -11.50000000 	0.0000000000
2.00000000 -11.00000000 	0.0000000000
2.00000000 -10.50000000 	0.0000000000
2.00000000 -10.00000000 	0.0000000000
2.00000000 -9.50000000 	0.0000000000
2.00000000 -9.00000000 	0.0000000000
2.00000000 -8.50000000 	0.0000000000
2.00000000 -8.00000000 	0.0000000000
2.00000000 -7.50000000 	0.0000000000
2.00000000 -7.00000000 	0.0000000000
2.00000000 -6.50000000 	0.0000000000
2.00000000 -6.00000000 	0.0000000000
2.00000000 -5.50000000 	0.0000000000
2.00000000 -5.00000000 	0.0000000000
2.00000000 -4.50000000 	0.0000000000
2.00000000 -4.00000000 	0.0059357570
2.00000000 -3.50000000 	0.0537394950
2.00000000 -3.00000000 	0.2176297590
2.00000000 -2.50000000 	0.5217283065
2.00000000 -2.00000000 	0.8208612469
2.00000000 -1.50000000 	0.8755375196
2.00000000 -1.00000000 	0.6259499148
2.00000000 -0.50000000 	0.2886488951
2.00000000 0.00000000 	0.0801117379
2.00000000 0.50000000 	0.0114677943
2.00000000 1.00000000 	0.0005331763
2.00000000 1.50000000 	-0.0001368113
2.00000000 2.00000000 	-0.0082912785
2.00000000 2.50000000 	-0.0694041587
2.00000000 3.00000000 	-0.2699854189
2.00000000 3.50000000 	-0.6109559660
2.00000000 4.00000000 	-0.8776262853
2.00000000 4.50000000 	-0.8373677406
2.00000000 5.00000000 	-0.5387946873
2.00000000 5.50000000 	-0.2268732408
2.00000000 6.00000000 	-0.0564548815
2.00000000 6.50000000 	-0.0062757881
2.00000000 7.00000000 	0.0000000000
2.00000000 7.50000000 	0.0000000000
2.00000000 8.00000000 	0.0000000000
