-10.00000000 -10.00000000 	0.0000000000
-10.00000000 -9.00000000 	0.0000000000
-10.00000000 -8.00000000 	0.0000000000
-10.00000000 -7.00000000 	0.0000000000
-10.00000000 -6.00000000 	0.0000000000
-10.00000000 -5.00000000 	0.0000000000
-10.00000000 -4.00000000 	0.0000000000
-10.00000000 -3.00000000 	0.0000000000
-10.00000000 -2.00000000 	0.0000000000
-10.00000000 -1.00000000 	0.0000000000
-10.00000000 0.00000000 	0.0000000000
-10.00000000 1.00000000 	0.0000000000
-10.00000000 2.00000000 	0.0000000000
-10.00000000 3.00000000 	0.0000000000
-10.00000000 4.00000000 	0.0000000000
-10.00000000 5.00000000 	0.0000000000
-10.00000000 6.00000000 	0.0000000000
-10.00000000 7.00000000 	0.0000000000
-10.00000000 8.00000000 	0.0000000000
-10.00000000 9.00000000 	0.0000000000
-10.00000000 10.00000000 	0.0000000000
-9.00000000 -10.00000000 	0.0000000000
-9.00000000 -9.00000000 	0.0000000000
-9.00000000 -8.00000000 	0.0000000000
-9.00000000 -7.00000000 	0.0000000000
-9.00000000 -6.00000000 	0.0000000000
-9.00000000 -5.00000000 	0.0000000000
-9.00000000 -4.00000000 	0.0000000000
-9.00000000 -3.00000000 	0.0000000000
-9.00000000 -2.00000000 	0.0000000000
-9.00000000 -1.00000000 	0.0000000000
-9.00000000 0.00000000 	0.0000000000
-9.00000000 1.00000000 	0.0000000000
-9.00000000 2.00000000 	0.0000000000
-9.00000000 3.00000000 	0.0000000000
-9.00000000 4.00000000 	0.0000000000
-9.00000000 5.00000000 	0.0000000000
-9.00000000 6.00000000 	0.0000000000
-9.00000000 7.00000000 	0.0000000000
-9.00000000 8.00000000 	0.0000000000
-9.00000000 9.00000000 	0.0000000000
-9.00000000 10.00000000 	0.0000000000
-8.00000000 -10.00000000 	0.0000000000
-8.00000000 -9.00000000 	0.0000000000
-8.00000000 -8.00000000 	0.0000000000
-8.00000000 -7.00000000 	0.0000000000
-8.00000000 -6.00000000 	0.0000000000
-8.00000000 -5.00000000 	0.0000000000
-8.00000000 -4.00000000 	0.0000000000
-8.00000000 -3.00000000 	0.0000000000
-8.00000000 -2.00000000 	0.0000000000
-8.00000000 -1.00000000 	0.0000000000
-8.00000000 0.00000000 	0.0000000000
-8.00000000 1.00000000 	0.0000000000
-8.00000000 2.00000000 	0.0000000000
-8.00000000 3.00000000 	0.0000000000
-8.00000000 4.00000000 	0.0000000000
-8.00000000 5.00000000 	0.0000000000
-8.00000000 6.00000000 	0.0000000000
-8.00000000 7.00000000 	0.0000000000
-8.00000000 8.00000000 	0.0000000000
-8.00000000 9.00000000 	0.0000000000
-8.00000000 10.00000000 	0.0000000000
-7.00000000 -10.00000000 	0.0000000000
-7.00000000 -9.00000000 	0.0000000000
-7.00000000 -8.00000000 	0.0000000000
-7.00000000 -7.00000000 	0.0000000000
-7.00000000 -6.00000000 	0.0000000000
-7.00000000 -5.00000000 	0.0000000000
-7.00000000 -4.00000000 	0.0000000000
-7.00000000 -3.00000000 	0.0000000000
-7.00000000 -2.00000000 	0.0000000000
-7.00000000 -1.00000000 	0.0000000000
-7.00000000 0.00000000 	0.0000000000
-7.00000000 1.00000000 	0.0000000000
-7.00000000 2.00000000 	0.0000000000
-7.00000000 3.00000000 	0.0000000000
-7.00000000 4.00000000 	0.0000000000
-7.00000000 5.00000000 	0.0000000000
-7.00000000 6.00000000 	0.0000000000
-7.00000000 7.00000000 	0.0000000000
-7.00000000 8.00000000 	0.0000000000
-7.00000000 9.00000000 	0.0000000000
-7.00000000 10.00000000 	0.0000000000
-6.00000000 -10.00000000 	0.4605728066
-6.00000000 -9.00000000 	0.4605728066
-6.00000000 -8.00000000 	0.0000000000
-6.00000000 -7.00000000 	0.0000000000
-6.00000000 -6.00000000 	0.0000000000
-6.00000000 -5.00000000 	0.0000000000
-6.00000000 -4.00000000 	0.0000000000
-6.00000000 -3.00000000 	0.0000000000
-6.00000000 -2.00000000 	0.0000000000
-6.00000000 -1.00000000 	0.0000000000
-6.00000000 0.00000000 	0.0000000000
-6.00000000 1.00000000 	0.0000000000
-6.00000000 2.00000000 	0.0000000000
-6.00000000 3.00000000 	0.0000000000
-6.00000000 4.00000000 	0.0000000000
-6.00000000 5.00000000 	0.0000000000
-6.00000000 6.00000000 	0.0000000000
-6.00000000 7.00000000 	0.0000000000
-6.00000000 8.00000000 	0.0000000000
-6.00000000 9.00000000 	0.0000000000
-6.00000000 10.00000000 	0.0000000000
-5.00000000 -10.00000000 	0.4605728066
-5.00000000 -9.00000000 	0.2690637074
-5.00000000 -8.00000000 	1.1924437087
-5.00000000 -7.00000000 	0.4605728066
-5.00000000 -6.00000000 	0.0000000000
-5.00000000 -5.00000000 	0.0000000000
-5.00000000 -4.00000000 	0.0000000000
-5.00000000 -3.00000000 	0.0000000000
-5.00000000 -2.00000000 	0.0000000000
-5.00000000 -1.00000000 	0.0000000000
-5.00000000 0.00000000 	0.0000000000
-5.00000000 1.00000000 	0.0000000000
-5.00000000 2.00000000 	0.0000000000
-5.00000000 3.00000000 	0.0000000000
-5.00000000 4.00000000 	0.0000000000
-5.00000000 5.00000000 	0.0000000000
-5.00000000 6.00000000 	0.0000000000
-5.00000000 7.00000000 	0.0000000000
-5.00000000 8.00000000 	0.0000000000
-5.00000000 9.00000000 	0.0000000000
-5.00000000 10.00000000 	0.0000000000
-4.00000000 -10.00000000 	0.2642073887
-4.00000000 -9.00000000 	-0.2634406059
-4.00000000 -8.00000000 	0.1986574067
-4.00000000 -7.00000000 	0.5336514919
-4.00000000 -6.00000000 	1.1924437087
-4.00000000 -5.00000000 	0.4605728066
-4.00000000 -4.00000000 	0.0000000000
-4.00000000 -3.00000000 	0.0000000000
-4.00000000 -2.00000000 	0.0000000000
-4.00000000 -1.00000000 	0.0000000000
-4.00000000 0.00000000 	0.0000000000
-4.00000000 1.00000000 	0.0000000000
-4.00000000 2.00000000 	0.0000000000
-4.00000000 3.00000000 	0.0000000000
-4.00000000 4.00000000 	0.0000000000
-4.00000000 5.00000000 	0.0000000000
-4.00000000 6.00000000 	0.0000000000
-4.00000000 7.00000000 	0.0000000000
-4.00000000 8.00000000 	0.0000000000
-4.00000000 9.00000000 	0.0000000000
-4.00000000 10.00000000 	0.0000000000
-3.00000000 -10.00000000 	-0.0027469100
-3.00000000 -9.00000000 	0.9206330914
-3.00000000 -8.00000000 	-0.6574841816
-3.00000000 -7.00000000 	-0.2610430250
-3.00000000 -6.00000000 	0.1982217464
-3.00000000 -5.00000000 	0.5336514919
-3.00000000 -4.00000000 	1.1924437087
-3.00000000 -3.00000000 	0.4605728066
-3.00000000 -2.00000000 	0.0000000000
-3.00000000 -1.00000000 	0.0000000000
-3.00000000 0.00000000 	0.0000000000
-3.00000000 1.00000000 	0.0000000000
-3.00000000 2.00000000 	0.0000000000
-3.00000000 3.00000000 	0.0000000000
-3.00000000 4.00000000 	0.0000000000
-3.00000000 5.00000000 	0.0000000000
-3.00000000 6.00000000 	0.0000000000
-3.00000000 7.00000000 	0.0000000000
-3.00000000 8.00000000 	0.0000000000
-3.00000000 9.00000000 	0.0000000000
-3.00000000 10.00000000 	0.0000000000
-2.00000000 -10.00000000 	-0.7263054013
-2.00000000 -9.00000000 	-0.1982217464
-2.00000000 -8.00000000 	0.2610430250
-2.00000000 -7.00000000 	0.6574841816
-2.00000000 -6.00000000 	-0.6574841816
-2.00000000 -5.00000000 	-0.2610430250
-2.00000000 -4.00000000 	0.1982217464
-2.00000000 -3.00000000 	0.5336514919
-2.00000000 -2.00000000 	1.1924437087
-2.00000000 -1.00000000 	0.4605728066
-2.00000000 0.00000000 	0.0000000000
-2.00000000 1.00000000 	0.0000000000
-2.00000000 2.00000000 	0.0000000000
-2.00000000 3.00000000 	0.0000000000
-2.00000000 4.00000000 	0.0000000000
-2.00000000 5.00000000 	0.0000000000
-2.00000000 6.00000000 	0.0000000000
-2.00000000 7.00000000 	0.0000000000
-2.00000000 8.00000000 	0.0000000000
-2.00000000 9.00000000 	0.0000000000
-2.00000000 10.00000000 	0.0000000000
-1.00000000 -10.00000000 	-0.4605728066
-1.00000000 -9.00000000 	-1.1924437087
-1.00000000 -8.00000000 	-0.5336514919
-1.00000000 -7.00000000 	-0.1982217464
-1.00000000 -6.00000000 	0.2610430250
-1.00000000 -5.00000000 	0.6574841816
-1.00000000 -4.00000000 	-0.6574841816
-1.00000000 -3.00000000 	-0.2610430250
-1.00000000 -2.00000000 	0.1982217464
-1.00000000 -1.00000000 	0.5336514919
-1.00000000 0.00000000 	1.1924437087
-1.00000000 1.00000000 	0.4605728066
-1.00000000 2.00000000 	0.0000000000
-1.00000000 3.00000000 	0.0000000000
-1.00000000 4.00000000 	0.0000000000
-1.00000000 5.00000000 	0.0000000000
-1.00000000 6.00000000 	0.0000000000
-1.00000000 7.00000000 	0.0000000000
-1.00000000 8.00000000 	0.0000000000
-1.00000000 9.00000000 	0.0000000000
-1.00000000 10.00000000 	0.0000000000
0.00000000 -10.00000000 	0.0000000000
0.00000000 -9.00000000 	0.0000000000
0.00000000 -8.00000000 	-0.4605728066
0.00000000 -7.00000000 	-1.1924437087
0.00000000 -6.00000000 	-0.5336514919
0.00000000 -5.00000000 	-0.1982217464
0.00000000 -4.00000000 	0.2610430250
0.00000000 -3.00000000 	0.6574841816
0.00000000 -2.00000000 	-0.6574841816
0.00000000 -1.00000000 	-0.2610430250
0.00000000 0.00000000 	0.1982217464
0.00000000 1.00000000 	0.5336514919
0.00000000 2.00000000 	1.1924437087
0.00000000 3.00000000 	0.4605728066
0.00000000 4.00000000 	0.0000000000
0.00000000 5.00000000 	0.0000000000
0.00000000 6.00000000 	0.0000000000
0.00000000 7.00000000 	0.0000000000
0.00000000 8.00000000 	0.0000000000
0.00000000 9.00000000 	0.0000000000
0.00000000 10.00000000 	0.0000000000
1.00000000 -10.00000000 	0.0000000000
1.00000000 -9.00000000 	0.0000000000
1.00000000 -8.00000000 	0.0000000000
1.00000000 -7.00000000 	0.0000000000
1.00000000 -6.00000000 	-0.4605728066
1.00000000 -5.00000000 	-1.1924437087
1.00000000 -4.00000000 	-0.5336514919
1.00000000 -3.00000000 	-0.1982217464
1.00000000 -2.00000000 	0.2610430250
1.00000000 -1.00000000 	0.6574841816
1.00000000 0.00000000 	-0.6574841816
1.00000000 1.00000000 	-0.2610430250
1.00000000 2.00000000 	0.1982217464
1.00000000 3.00000000 	0.5336514919
1.00000000 4.00000000 	1.1924437087
1.00000000 5.00000000 	0.4605728066
1.00000000 6.00000000 	0.0000000000
1.00000000 7.00000000 	0.0000000000
1.00000000 8.00000000 	0.0000000000
1.00000000 9.00000000 	0.0000000000
1.00000000 10.00000000 	0.0000000000
2.00000000 -10.00000000 	0.0000000000
2.00000000 -9.00000000 	0.0000000000
2.00000000 -8.00000000 	0.0000000000
2.00000000 -7.00000000 	0.0000000000
2.00000000 -6.00000000 	0.0000000000
2.00000000 -5.00000000 	0.0000000000
2.00000000 -4.00000000 	-0.4605728066
2.00000000 -3.00000000 	-1.1924437087
2.00000000 -2.00000000 	-0.5336514919
2.00000000 -1.00000000 	-0.1982217464
2.00000000 0.00000000 	0.2610430250
2.00000000 1.00000000 	0.6574841816
2.00000000 2.00000000 	-0.6574841816
2.00000000 3.00000000 	-0.2610430250
2.00000000 4.00000000 	0.1982217464
2.00000000 5.00000000 	0.5336514919
2.00000000 6.00000000 	1.1924437087
2.00000000 7.00000000 	0.4605728066
2.00000000 8.00000000 	0.0000000000
2.00000000 9.00000000 	0.0000000000
2.00000000 10.00000000 	0.0000000000
3.00000000 -10.00000000 	0.0000000000
3.00000000 -9.00000000 	0.0000000000
3.00000000 -8.00000000 	0.0000000000
3.00000000 -7.00000000 	0.0000000000
3.00000000 -6.00000000 	0.0000000000
3.00000000 -5.00000000 	0.0000000000
3.00000000 -4.00000000 	0.0000000000
3.00000000 -3.00000000 	0.0000000000
3.00000000 -2.00000000 	-0.4605728066
3.00000000 -1.00000000 	-1.1924437087
3.00000000 0.00000000 	-0.5336514919
3.00000000 1.00000000 	-0.1982217464
3.00000000 2.00000000 	0.2610430250
3.00000000 3.00000000 	0.6574841816
3.00000000 4.00000000 	-0.6574841816
3.00000000 5.00000000 	-0.2610430250
3.00000000 6.00000000 	0.1982217464
3.00000000 7.00000000 	0.5336514919
3.00000000 8.00000000 	1.1924437087
3.00000000 9.00000000 	0.4605728066
3.00000000 10.00000000 	0.0000000000
4.00000000 -10.00000000 	0.0000000000
4.00000000 -9.00000000 	0.0000000000
4.00000000 -8.00000000 	0.0000000000
4.00000000 -7.00000000 	0.0000000000
4.00000000 -6.00000000 	0.0000000000
4.00000000 -5.00000000 	0.0000000000
4.00000000 -4.00000000 	0.0000000000
4.00000000 -3.00000000 	0.0000000000
4.00000000 -2.00000000 	0.0000000000
4.00000000 -1.00000000 	0.0000000000
4.00000000 0.00000000 	-0.4605728066
4.00000000 1.00000000 	-1.1924437087
4.00000000 2.00000000 	-0.5336514919
4.00000000 3.00000000 	-0.1982217464
4.00000000 4.00000000 	0.2610430250
4.00000000 5.00000000 	0.6574841816
4.00000000 6.00000000 	-0.6574841816
4.00000000 7.00000000 	-0.2610430250
4.00000000 8.00000000 	0.1982217464
4.00000000 9.00000000 	0.5336514919
4.00000000 10.00000000 	1.1924437087
5.00000000 -10.00000000 	0.0000000000
5.00000000 -9.00000000 	0.0000000000
5.00000000 -8.00000000 	0.0000000000
5.00000000 -7.00000000 	0.0000000000
5.00000000 -6.00000000 	0.0000000000
5.00000000 -5.00000000 	0.0000000000
5.00000000 -4.00000000 	0.0000000000
5.00000000 -3.00000000 	0.0000000000
5.00000000 -2.00000000 	0.0000000000
5.00000000 -1.00000000 	0.0000000000
5.00000000 0.00000000 	0.0000000000
5.00000000 1.00000000 	0.0000000000
5.00000000 2.00000000 	-0.4605728066
5.00000000 3.00000000 	-1.1924437087
5.00000000 4.00000000 	-0.5336514919
5.00000000 5.00000000 	-0.1982217464
5.00000000 6.00000000 	0.2610430250
5.00000000 7.00000000 	0.6574841816
5.00000000 8.00000000 	-0.6574841816
5.00000000 9.00000000 	-0.2610430250
5.00000000 10.00000000 	0.2884224666
6.00000000 -10.00000000 	0.0000000000
6.00000000 -9.00000000 	0.0000000000
6.00000000 -8.00000000 	0.0000000000
6.00000000 -7.00000000 	0.0000000000
6.00000000 -6.00000000 	0.0000000000
6.00000000 -5.00000000 	0.0000000000
6.00000000 -4.00000000 	0.0000000000
6.00000000 -3.00000000 	0.0000000000
6.00000000 -2.00000000 	0.0000000000
6.00000000 -1.00000000 	0.0000000000
6.00000000 0.00000000 	0.0000000000
6.00000000 1.00000000 	0.0000000000
6.00000000 2.00000000 	0.0000000000
6.00000000 3.00000000 	0.0000000000
6.00000000 4.00000000 	-0.4605728066
6.00000000 5.00000000 	-1.1924437087
6.00000000 6.00000000 	-0.5336514919
6.00000000 7.00000000 	-0.1982217464
6.00000000 8.00000000 	0.2610430250
6.00000000 9.00000000 	0.6591994879
6.00000000 10.00000000 	-0.9216646951
7.00000000 -10.00000000 	0.0000000000
7.00000000 -9.00000000 	0.0000000000
7.00000000 -8.00000000 	0.0000000000
7.00000000 -7.00000000 	0.0000000000
7.00000000 -6.00000000 	0.0000000000
7.00000000 -5.00000000 	0.0000000000
7.00000000 -4.00000000 	0.0000000000
7.00000000 -3.00000000 	0.0000000000
7.00000000 -2.00000000 	0.0000000000
7.00000000 -1.00000000 	0.0000000000
7.00000000 0.00000000 	0.0000000000
7.00000000 1.00000000 	0.0000000000
7.00000000 2.00000000 	0.0000000000
7.00000000 3.00000000 	0.0000000000
7.00000000 4.00000000 	0.0000000000
7.00000000 5.00000000 	0.0000000000
7.00000000 6.00000000 	-0.4605728066
7.00000000 7.00000000 	-1.1924437087
7.00000000 8.00000000 	-0.5336514919
7.00000000 9.00000000 	-0.1986574067
7.00000000 10.00000000 	0.1717146796
8.00000000 -10.00000000 	0.0000000000
8.00000000 -9.00000000 	0.0000000000
8.00000000 -8.00000000 	0.0000000000
8.00000000 -7.00000000 	0.0000000000
8.00000000 -6.00000000 	0.0000000000
8.00000000 -5.00000000 	0.0000000000
8.00000000 -4.00000000 	0.0000000000
8.00000000 -3.00000000 	0.0000000000
8.00000000 -2.00000000 	0.0000000000
8.00000000 -1.00000000 	0.0000000000
8.00000000 0.00000000 	0.0000000000
8.00000000 1.00000000 	0.0000000000
8.00000000 2.00000000 	0.0000000000
8.00000000 3.00000000 	0.0000000000
8.00000000 4.00000000 	0.0000000000
8.00000000 5.00000000 	0.0000000000
8.00000000 6.00000000 	0.0000000000
8.00000000 7.00000000 	0.0000000000
8.00000000 8.00000000 	-0.4605728066
8.00000000 9.00000000 	-1.1924437087
8.00000000 10.00000000 	-0.2690637074
9.00000000 -10.00000000 	0.0000000000
9.00000000 -9.00000000 	0.0000000000
9.00000000 -8.00000000 	0.0000000000
9.00000000 -7.00000000 	0.0000000000
9.00000000 -6.00000000 	0.0000000000
9.00000000 -5.00000000 	0.0000000000
9.00000000 -4.00000000 	0.0000000000
9.00000000 -3.00000000 	0.0000000000
9.00000000 -2.00000000 	0.0000000000
9.00000000 -1.00000000 	0.0000000000
9.00000000 0.00000000 	0.0000000000
9.00000000 1.00000000 	0.0000000000
9.00000000 2.00000000 	0.0000000000
9.00000000 3.00000000 	0.0000000000
9.00000000 4.00000000 	0.0000000000
9.00000000 5.00000000 	0.0000000000
9.00000000 6.00000000 	0.0000000000
9.00000000 7.00000000 	0.0000000000
9.00000000 8.00000000 	0.0000000000
9.00000000 9.00000000 	0.0000000000
9.00000000 10.00000000 	-0.4605728066
10.00000000 -10.00000000 	0.0000000000
10.00000000 -9.00000000 	0.0000000000
10.00000000 -8.00000000 	0.0000000000
10.00000000 -7.00000000 	0.0000000000
10.00000000 -6.00000000 	0.0000000000
10.00000000 -5.00000000 	0.0000000000
10.00000000 -4.00000000 	0.0000000000
10.00000000 -3.00000000 	0.0000000000
10.00000000 -2.00000000 	0.0000000000
10.00000000 -1.00000000 	0.0000000000
10.00000000 0.00000000 	0.0000000000
10.00000000 1.00000000 	0.0000000000
10.00000000 2.00000000 	0.0000000000
10.00000000 3.00000000 	0.0000000000
10.00000000 4.00000000 	0.0000000000
10.00000000 5.00000000 	0.0000000000
10.00000000 6.00000000 	0.0000000000
10.00000000 7.00000000 	0.0000000000
10.00000000 8.00000000 	0.0000000000
10.00000000 9.00000000 	0.0000000000
10.00000000 10.00000000 	0.0000000000
