-10.00000000 -10.00000000 	0.0000000000
-10.00000000 -9.00000000 	0.0000000000
-10.00000000 -8.00000000 	0.0000000000
-10.00000000 -7.00000000 	0.0000000000
-10.00000000 -6.00000000 	0.0000000000
-10.00000000 -5.00000000 	0.0000000000
-10.00000000 -4.00000000 	0.0000000000
-10.00000000 -3.00000000 	0.0000000000
-10.00000000 -2.00000000 	0.0000000000
-10.00000000 -1.00000000 	0.0000000000
-10.00000000 0.00000000 	0.0000000000
-10.00000000 1.00000000 	0.0000000000
-10.00000000 2.00000000 	0.0000000000
-10.00000000 3.00000000 	0.0000000000
-10.00000000 4.00000000 	0.0000000000
-10.00000000 5.00000000 	0.0000000000
-10.00000000 6.00000000 	0.0000000000
-10.00000000 7.00000000 	0.0000000000
-10.00000000 8.00000000 	0.0000000000
-10.00000000 9.00000000 	0.0000000000
-10.00000000 10.00000000 	0.0000000000
-9.00000000 -10.00000000 	0.0000000000
-9.00000000 -9.00000000 	0.0000000000
-9.00000000 -8.00000000 	0.0000000000
-9.00000000 -7.00000000 	0.0000000000
-9.00000000 -6.00000000 	0.0000000000
-9.00000000 -5.00000000 	0.0000000000
-9.00000000 -4.00000000 	0.0000000000
-9.00000000 -3.00000000 	0.0000000000
-9.00000000 -2.00000000 	0.0000000000
-9.00000000 -1.00000000 	0.0000000000
-9.00000000 0.00000000 	0.0000000000
-9.00000000 1.00000000 	0.0000000000
-9.00000000 2.00000000 	0.0000000000
-9.00000000 3.00000000 	0.0000000000
-9.00000000 4.00000000 	0.0000000000
-9.00000000 5.00000000 	0.0000000000
-9.00000000 6.00000000 	0.0000000000
-9.00000000 7.00000000 	0.0000000000
-9.00000000 8.00000000 	0.0000000000
-9.00000000 9.00000000 	0.0000000000
-9.00000000 10.00000000 	0.0000000000
-8.00000000 -10.00000000 	0.0000000000
-8.00000000 -9.00000000 	0.0000000000
-8.00000000 -8.00000000 	0.0000000000
-8.00000000 -7.00000000 	0.0000000000
-8.00000000 -6.00000000 	0.0000000000
-8.00000000 -5.00000000 	0.0000000000
-8.00000000 -4.00000000 	0.0000000000
-8.00000000 -3.00000000 	0.0000000000
-8.00000000 -2.00000000 	0.0000000000
-8.00000000 -1.00000000 	0.0000000000
-8.00000000 0.00000000 	0.0000000000
-8.00000000 1.00000000 	0.0000000000
-8.00000000 2.00000000 	0.0000000000
-8.00000000 3.00000000 	0.0000000000
-8.00000000 4.00000000 	0.0000000000
-8.00000000 5.00000000 	0.0000000000
-8.00000000 6.00000000 	0.0000000000
-8.00000000 7.00000000 	0.0000000000
-8.00000000 8.00000000 	0.0000000000
-8.00000000 9.00000000 	0.0000000000
-8.00000000 10.00000000 	0.0000000000
-7.00000000 -10.00000000 	0.0000000000
-7.00000000 -9.00000000 	0.0000000000
-7.00000000 -8.00000000 	0.0000000000
-7.00000000 -7.00000000 	0.0000000000
-7.00000000 -6.00000000 	0.0000000000
-7.00000000 -5.00000000 	0.0000000000
-7.00000000 -4.00000000 	0.0000000000
-7.00000000 -3.00000000 	0.0000000000
-7.00000000 -2.00000000 	0.0000000000
-7.00000000 -1.00000000 	0.0000000000
-7.00000000 0.00000000 	0.0000000000
-7.00000000 1.00000000 	0.0000000000
-7.00000000 2.00000000 	0.0000000000
-7.00000000 3.00000000 	0.0000000000
-7.00000000 4.00000000 	0.0000000000
-7.00000000 5.00000000 	0.0000000000
-7.00000000 6.00000000 	0.0000000000
-7.00000000 7.00000000 	0.0000000000
-7.00000000 8.00000000 	0.0000000000
-7.00000000 9.00000000 	0.0000000000
-7.00000000 10.00000000 	0.0000000000
-6.00000000 -10.00000000 	0.0000000000
-6.00000000 -9.00000000 	0.0000000000
-6.00000000 -8.00000000 	0.0000000000
-6.00000000 -7.00000000 	0.0000000000
-6.00000000 -6.00000000 	0.0000000000
-6.00000000 -5.00000000 	0.0000000000
-6.00000000 -4.00000000 	0.0000000000
-6.00000000 -3.00000000 	0.0000000000
-6.00000000 -2.00000000 	0.0000000000
-6.00000000 -1.00000000 	0.0000000000
-6.00000000 0.00000000 	0.0000000000
-6.00000000 1.00000000 	0.0000000000
-6.00000000 2.00000000 	0.0000000000
-6.00000000 3.00000000 	0.0000000000
-6.00000000 4.00000000 	0.0000000000
-6.00000000 5.00000000 	0.0000000000
-6.00000000 6.00000000 	0.0000000000
-6.00000000 7.00000000 	0.0000000000
-6.00000000 8.00000000 	0.0000000000
-6.00000000 9.00000000 	0.0000000000
-6.00000000 10.00000000 	0.0000000000
-5.00000000 -10.00000000 	0.0000000000
-5.00000000 -9.00000000 	0.0000000000
-5.00000000 -8.00000000 	0.0000000000
-5.00000000 -7.00000000 	0.0000000000
-5.00000000 -6.00000000 	0.0000000000
-5.00000000 -5.00000000 	0.0000000000
-5.00000000 -4.00000000 	0.0000000000
-5.00000000 -3.00000000 	0.0000000000
-5.00000000 -2.00000000 	0.0000000000
-5.00000000 -1.00000000 	0.0000000000
-5.00000000 0.00000000 	0.0000000000
-5.00000000 1.00000000 	0.0000000000
-5.00000000 2.00000000 	0.0000000000
-5.00000000 3.00000000 	0.0000000000
-5.00000000 4.00000000 	0.0000000000
-5.00000000 5.00000000 	0.0000000000
-5.00000000 6.00000000 	0.0000000000
-5.00000000 7.00000000 	0.0000000000
-5.00000000 8.00000000 	0.0000000000
-5.00000000 9.00000000 	0.0000000000
-5.00000000 10.00000000 	0.0000000000
-4.00000000 -10.00000000 	0.0000000000
-4.00000000 -9.00000000 	0.0000000000
-4.00000000 -8.00000000 	0.0000000000
-4.00000000 -7.00000000 	0.0000000000
-4.00000000 -6.00000000 	0.0000000000
-4.00000000 -5.00000000 	0.0000000000
-4.00000000 -4.00000000 	0.0000000000
-4.00000000 -3.00000000 	0.0000000000
-4.00000000 -2.00000000 	0.0000000000
-4.00000000 -1.00000000 	0.0000000000
-4.00000000 0.00000000 	0.0000000000
-4.00000000 1.00000000 	0.0000000000
-4.00000000 2.00000000 	0.0000000000
-4.00000000 3.00000000 	0.0000000000
-4.00000000 4.00000000 	0.0000000000
-4.00000000 5.00000000 	0.0000000000
-4.00000000 6.00000000 	0.0000000000
-4.00000000 7.00000000 	0.0000000000
-4.00000000 8.00000000 	0.0000000000
-4.00000000 9.00000000 	0.0000000000
-4.00000000 10.00000000 	0.0000000000
-3.00000000 -10.00000000 	0.0000000000
-3.00000000 -9.00000000 	0.0000000000
-3.00000000 -8.00000000 	0.0000000000
-3.00000000 -7.00000000 	0.0000000000
-3.00000000 -6.00000000 	0.0000000000
-3.00000000 -5.00000000 	0.0000000000
-3.00000000 -4.00000000 	0.0000000000
-3.00000000 -3.00000000 	0.0000000000
-3.00000000 -2.00000000 	0.0000000000
-3.00000000 -1.00000000 	0.0000000000
-3.00000000 0.00000000 	0.0000000000
-3.00000000 1.00000000 	0.0000000000
-3.00000000 2.00000000 	0.0000000000
-3.00000000 3.00000000 	0.0000000000
-3.00000000 4.00000000 	0.0000000000
-3.00000000 5.00000000 	0.0000000000
-3.00000000 6.00000000 	0.0000000000
-3.00000000 7.00000000 	0.0000000000
-3.00000000 8.00000000 	0.0000000000
-3.00000000 9.00000000 	0.0000000000
-3.00000000 10.00000000 	0.0000000000
-2.00000000 -10.00000000 	0.0000000000
-2.00000000 -9.00000000 	0.0000000000
-2.00000000 -8.00000000 	0.0000000000
-2.00000000 -7.00000000 	0.0000000000
-2.00000000 -6.00000000 	0.0000000000
-2.00000000 -5.00000000 	0.0000000000
-2.00000000 -4.00000000 	0.0000000000
-2.00000000 -3.00000000 	0.0000000000
-2.00000000 -2.00000000 	0.0000000000
-2.00000000 -1.00000000 	0.0000000000
-2.00000000 0.00000000 	0.0000000000
-2.00000000 1.00000000 	0.0000000000
-2.00000000 2.00000000 	0.0000000000
-2.00000000 3.00000000 	0.0000000000
-2.00000000 4.00000000 	0.0000000000
-2.00000000 5.00000000 	0.0000000000
-2.00000000 6.00000000 	0.0000000000
-2.00000000 7.00000000 	0.0000000000
-2.00000000 8.00000000 	0.0000000000
-2.00000000 9.00000000 	0.0000000000
-2.00000000 10.00000000 	0.0000000000
-1.00000000 -10.00000000 	0.0000000000
-1.00000000 -9.00000000 	0.0000000000
-1.00000000 -8.00000000 	0.0000000000
-1.00000000 -7.00000000 	0.0000000000
-1.00000000 -6.00000000 	0.0000000000
-1.00000000 -5.00000000 	0.0000000000
-1.00000000 -4.00000000 	0.0000000000
-1.00000000 -3.00000000 	0.0000000000
-1.00000000 -2.00000000 	0.0000000000
-1.00000000 -1.00000000 	1.1925863282
-1.00000000 0.00000000 	0.0000000000
-1.00000000 1.00000000 	-1.1925863282
-1.00000000 2.00000000 	0.0000000000
-1.00000000 3.00000000 	0.0000000000
-1.00000000 4.00000000 	0.0000000000
-1.00000000 5.00000000 	0.0000000000
-1.00000000 6.00000000 	0.0000000000
-1.00000000 7.00000000 	0.0000000000
-1.00000000 8.00000000 	0.0000000000
-1.00000000 9.00000000 	0.0000000000
-1.00000000 10.00000000 	0.0000000000
0.00000000 -10.00000000 	0.0000000000
0.00000000 -9.00000000 	0.0000000000
0.00000000 -8.00000000 	0.0000000000
0.00000000 -7.00000000 	0.0000000000
0.00000000 -6.00000000 	0.0000000000
0.00000000 -5.00000000 	0.0000000000
0.00000000 -4.00000000 	1.3645206499
0.00000000 -3.00000000 	1.3886555831
0.00000000 -2.00000000 	1.3923684400
0.00000000 -1.00000000 	5.5207462156
0.00000000 0.00000000 	0.0000000000
0.00000000 1.00000000 	-5.5207462156
0.00000000 2.00000000 	-1.3923684400
0.00000000 3.00000000 	-1.3886555831
0.00000000 4.00000000 	-1.3645206499
0.00000000 5.00000000 	0.0000000000
0.00000000 6.00000000 	0.0000000000
0.00000000 7.00000000 	0.0000000000
0.00000000 8.00000000 	0.0000000000
0.00000000 9.00000000 	0.0000000000
0.00000000 10.00000000 	0.0000000000
1.00000000 -10.00000000 	0.0000000000
1.00000000 -9.00000000 	0.0000000000
1.00000000 -8.00000000 	0.0000000000
1.00000000 -7.00000000 	0.0000000000
1.00000000 -6.00000000 	0.0000000000
1.00000000 -5.00000000 	2.8703452628
1.00000000 -4.00000000 	8.7014614493
1.00000000 -3.00000000 	7.4531499892
1.00000000 -2.00000000 	1.5433308268
1.00000000 -1.00000000 	1.5456636053
1.00000000 0.00000000 	0.0000000000
1.00000000 1.00000000 	-1.5456636053
1.00000000 2.00000000 	-1.5433308268
1.00000000 3.00000000 	-7.4531499892
1.00000000 4.00000000 	-8.7014614493
1.00000000 5.00000000 	-2.8703452628
1.00000000 6.00000000 	0.0000000000
1.00000000 7.00000000 	0.0000000000
1.00000000 8.00000000 	0.0000000000
1.00000000 9.00000000 	0.0000000000
1.00000000 10.00000000 	0.0000000000
2.00000000 -10.00000000 	0.0000000000
2.00000000 -9.00000000 	0.0000000000
2.00000000 -8.00000000 	0.0000000000
2.00000000 -7.00000000 	0.0000000000
2.00000000 -6.00000000 	1.4343632651
2.00000000 -5.00000000 	8.6593113541
2.00000000 -4.00000000 	10.4436199571
2.00000000 -3.00000000 	3.0994736950
2.00000000 -2.00000000 	0.0000000000
2.00000000 -1.00000000 	0.0000000000
2.00000000 0.00000000 	0.0000000000
2.00000000 1.00000000 	0.0000000000
2.00000000 2.00000000 	0.0000000000
2.00000000 3.00000000 	-3.0994736950
2.00000000 4.00000000 	-10.4436199571
2.00000000 5.00000000 	-8.6593113541
2.00000000 6.00000000 	-1.4343632651
2.00000000 7.00000000 	0.0000000000
2.00000000 8.00000000 	0.0000000000
2.00000000 9.00000000 	0.0000000000
2.00000000 10.00000000 	0.0000000000
3.00000000 -10.00000000 	0.0000000000
3.00000000 -9.00000000 	0.0000000000
3.00000000 -8.00000000 	0.0000000000
3.00000000 -7.00000000 	0.0000000000
3.00000000 -6.00000000 	1.4343632651
3.00000000 -5.00000000 	10.1372970599
3.00000000 -4.00000000 	10.4938879089
3.00000000 -3.00000000 	1.5584146167
3.00000000 -2.00000000 	0.0000000000
3.00000000 -1.00000000 	0.0000000000
3.00000000 0.00000000 	0.0000000000
3.00000000 1.00000000 	0.0000000000
3.00000000 2.00000000 	0.0000000000
3.00000000 3.00000000 	-1.5584146167
3.00000000 4.00000000 	-10.4938879089
3.00000000 5.00000000 	-10.1372970599
3.00000000 6.00000000 	-1.4343632651
3.00000000 7.00000000 	0.0000000000
3.00000000 8.00000000 	0.0000000000
3.00000000 9.00000000 	0.0000000000
3.00000000 10.00000000 	0.0000000000
4.00000000 -10.00000000 	0.0000000000
4.00000000 -9.00000000 	0.0000000000
4.00000000 -8.00000000 	0.0000000000
4.00000000 -7.00000000 	0.0000000000
4.00000000 -6.00000000 	2.8703452628
4.00000000 -5.00000000 	10.1896643968
4.00000000 -4.00000000 	9.0023562082
4.00000000 -3.00000000 	1.5584146167
4.00000000 -2.00000000 	0.0000000000
4.00000000 -1.00000000 	0.0000000000
4.00000000 0.00000000 	0.0000000000
4.00000000 1.00000000 	0.0000000000
4.00000000 2.00000000 	0.0000000000
4.00000000 3.00000000 	-1.5584146167
4.00000000 4.00000000 	-9.0023562082
4.00000000 5.00000000 	-10.1896643968
4.00000000 6.00000000 	-2.8703452628
4.00000000 7.00000000 	0.0000000000
4.00000000 8.00000000 	0.0000000000
4.00000000 9.00000000 	0.0000000000
4.00000000 10.00000000 	0.0000000000
5.00000000 -10.00000000 	0.0000000000
5.00000000 -9.00000000 	0.0000000000
5.00000000 -8.00000000 	0.0000000000
5.00000000 -7.00000000 	1.4343632651
5.00000000 -6.00000000 	7.1850789091
5.00000000 -5.00000000 	10.4013856713
5.00000000 -4.00000000 	4.6196870673
5.00000000 -3.00000000 	0.0000000000
5.00000000 -2.00000000 	0.0000000000
5.00000000 -1.00000000 	0.0000000000
5.00000000 0.00000000 	0.0000000000
5.00000000 1.00000000 	0.0000000000
5.00000000 2.00000000 	0.0000000000
5.00000000 3.00000000 	0.0000000000
5.00000000 4.00000000 	-4.6196870673
5.00000000 5.00000000 	-10.4013856713
5.00000000 6.00000000 	-7.1850789091
5.00000000 7.00000000 	-1.4343632651
5.00000000 8.00000000 	0.0000000000
5.00000000 9.00000000 	0.0000000000
5.00000000 10.00000000 	0.0000000000
6.00000000 -10.00000000 	0.0000000000
6.00000000 -9.00000000 	0.0000000000
6.00000000 -8.00000000 	0.0000000000
6.00000000 -7.00000000 	0.0000000000
6.00000000 -6.00000000 	2.8703452628
6.00000000 -5.00000000 	10.1896643968
6.00000000 -4.00000000 	9.0023562082
6.00000000 -3.00000000 	1.5584146167
6.00000000 -2.00000000 	0.0000000000
6.00000000 -1.00000000 	0.0000000000
6.00000000 0.00000000 	0.0000000000
6.00000000 1.00000000 	0.0000000000
6.00000000 2.00000000 	0.0000000000
6.00000000 3.00000000 	-1.5584146167
6.00000000 4.00000000 	-9.0023562082
6.00000000 5.00000000 	-10.1896643968
6.00000000 6.00000000 	-2.8703452628
6.00000000 7.00000000 	0.0000000000
6.00000000 8.00000000 	0.0000000000
6.00000000 9.00000000 	0.0000000000
6.00000000 10.00000000 	0.0000000000
7.00000000 -10.00000000 	0.0000000000
7.00000000 -9.00000000 	0.0000000000
7.00000000 -8.00000000 	0.0000000000
7.00000000 -7.00000000 	0.0000000000
7.00000000 -6.00000000 	1.4343632651
7.00000000 -5.00000000 	10.1372970599
7.00000000 -4.00000000 	10.4938879089
7.00000000 -3.00000000 	1.5584146167
7.00000000 -2.00000000 	0.0000000000
7.00000000 -1.00000000 	0.0000000000
7.00000000 0.00000000 	0.0000000000
7.00000000 1.00000000 	0.0000000000
7.00000000 2.00000000 	0.0000000000
7.00000000 3.00000000 	-1.5584146167
7.00000000 4.00000000 	-10.4938879089
7.00000000 5.00000000 	-10.1372970599
7.00000000 6.00000000 	-1.4343632651
7.00000000 7.00000000 	0.0000000000
7.00000000 8.00000000 	0.0000000000
7.00000000 9.00000000 	0.0000000000
7.00000000 10.00000000 	0.0000000000
8.00000000 -10.00000000 	0.0000000000
8.00000000 -9.00000000 	0.0000000000
8.00000000 -8.00000000 	0.0000000000
8.00000000 -7.00000000 	0.0000000000
8.00000000 -6.00000000 	1.4343632651
8.00000000 -5.00000000 	8.6593113541
8.00000000 -4.00000000 	10.4436199571
8.00000000 -3.00000000 	3.0994736950
8.00000000 -2.00000000 	0.0000000000
8.00000000 -1.00000000 	0.0000000000
8.00000000 0.00000000 	0.0000000000
8.00000000 1.00000000 	0.0000000000
8.00000000 2.00000000 	0.0000000000
8.00000000 3.00000000 	-3.0994736950
8.00000000 4.00000000 	-10.4436199571
8.00000000 5.00000000 	-8.6593113541
8.00000000 6.00000000 	-1.4343632651
8.00000000 7.00000000 	0.0000000000
8.00000000 8.00000000 	0.0000000000
8.00000000 9.00000000 	0.0000000000
8.00000000 10.00000000 	0.0000000000
9.00000000 -10.00000000 	0.0000000000
9.00000000 -9.00000000 	0.0000000000
9.00000000 -8.00000000 	0.0000000000
9.00000000 -7.00000000 	0.0000000000
9.00000000 -6.00000000 	0.0000000000
9.00000000 -5.00000000 	2.8703452628
9.00000000 -4.00000000 	8.6934386125
9.00000000 -3.00000000 	7.4447130069
9.00000000 -2.00000000 	1.5433308268
9.00000000 -1.00000000 	1.5248114894
9.00000000 0.00000000 	0.0000000000
9.00000000 1.00000000 	-1.5248114894
9.00000000 2.00000000 	-1.5433308268
9.00000000 3.00000000 	-7.4447130069
9.00000000 4.00000000 	-8.6934386125
9.00000000 5.00000000 	-2.8703452628
9.00000000 6.00000000 	0.0000000000
9.00000000 7.00000000 	0.0000000000
9.00000000 8.00000000 	0.0000000000
9.00000000 9.00000000 	0.0000000000
9.00000000 10.00000000 	0.0000000000
10.00000000 -10.00000000 	0.0000000000
10.00000000 -9.00000000 	0.0000000000
10.00000000 -8.00000000 	0.0000000000
10.00000000 -7.00000000 	0.0000000000
10.00000000 -6.00000000 	0.0000000000
10.00000000 -5.00000000 	0.0000000000
10.00000000 -4.00000000 	1.4234372492
10.00000000 -3.00000000 	1.4484908887
10.00000000 -2.00000000 	1.4457097904
10.00000000 -1.00000000 	7.2184668297
10.00000000 0.00000000 	0.0000000000
10.00000000 1.00000000 	-7.2184668297
10.00000000 2.00000000 	-1.4457097904
10.00000000 3.00000000 	-1.4484908887
10.00000000 4.00000000 	-1.4234372492
10.00000000 5.00000000 	0.0000000000
10.00000000 6.00000000 	0.0000000000
10.00000000 7.00000000 	0.0000000000
10.00000000 8.00000000 	0.0000000000
10.00000000 9.00000000 	0.0000000000
10.00000000 10.00000000 	0.0000000000
