-8.00000000 -12.00000000 	10.0000000000
-8.00000000 -11.50000000 	10.0000000000
-8.00000000 -11.00000000 	10.0000000000
-8.00000000 -10.50000000 	10.0000000000
-8.00000000 -10.00000000 	10.0000000000
-8.00000000 -9.50000000 	10.0000000000
-8.00000000 -9.00000000 	10.0000000000
-8.00000000 -8.50000000 	10.0000000000
-8.00000000 -8.00000000 	10.0000000000
-8.00000000 -7.50000000 	10.0000000000
-8.00000000 -7.00000000 	10.0000000000
-8.00000000 -6.50000000 	10.0000000000
-8.00000000 -6.00000000 	10.0000000000
-8.00000000 -5.50000000 	10.0000000000
-8.00000000 -5.00000000 	10.0000000000
-8.00000000 -4.50000000 	10.0000000000
-8.00000000 -4.00000000 	10.0000000000
-8.00000000 -3.50000000 	10.0000000000
-8.00000000 -3.00000000 	10.0000000000
-8.00000000 -2.50000000 	10.0000000000
-8.00000000 -2.00000000 	10.0000000000
-8.00000000 -1.50000000 	10.0000000000
-8.00000000 -1.00000000 	10.0000000000
-8.00000000 -0.50000000 	10.0000000000
-8.00000000 0.00000000 	10.0000000000
-8.00000000 0.50000000 	10.0000000000
-8.00000000 1.00000000 	10.0000000000
-8.00000000 1.50000000 	10.0000000000
-8.00000000 2.00000000 	10.0000000000
-8.00000000 2.50000000 	10.0000000000
-8.00000000 3.00000000 	10.0000000000
-8.00000000 3.50000000 	10.0000000000
-8.00000000 4.00000000 	10.0000000000
-8.00000000 4.50000000 	10.0000000000
-8.00000000 5.00000000 	10.0000000000
-8.00000000 5.50000000 	10.0000000000
-8.00000000 6.00000000 	10.0000000000
-8.00000000 6.50000000 	10.0000000000
-8.00000000 7.00000000 	10.0000000000
-8.00000000 7.50000000 	10.0000000000
-8.00000000 8.00000000 	10.0000000000
-7.50000000 -12.00000000 	9.9687856401
-7.50000000 -11.50000000 	9.9687856401
-7.50000000 -11.00000000 	9.9687856401
-7.50000000 -10.50000000 	9.9687856401
-7.50000000 -10.00000000 	9.9687856401
-7.50000000 -9.50000000 	9.9687856401
-7.50000000 -9.00000000 	9.9687856401
-7.50000000 -8.50000000 	9.9687856401
-7.50000000 -8.00000000 	9.9687856401
-7.50000000 -7.50000000 	9.9687856401
-7.50000000 -7.00000000 	9.9687856401
-7.50000000 -6.50000000 	9.9687856401
-7.50000000 -6.00000000 	9.9687856401
-7.50000000 -5.50000000 	9.9687856401
-7.50000000 -5.00000000 	9.9687856401
-7.50000000 -4.50000000 	9.9687856401
-7.50000000 -4.00000000 	9.9687856401
-7.50000000 -3.50000000 	9.9687856401
-7.50000000 -3.00000000 	9.9687856401
-7.50000000 -2.50000000 	9.9687856401
-7.50000000 -2.00000000 	9.9687856401
-7.50000000 -1.50000000 	9.9687856401
-7.50000000 -1.00000000 	9.9687856401
-7.50000000 -0.50000000 	9.9687856401
-7.50000000 0.00000000 	9.9687856401
-7.50000000 0.50000000 	9.9687856401
-7.50000000 1.00000000 	9.9687856401
-7.50000000 1.50000000 	9.9687856401
-7.50000000 2.00000000 	9.9687856401
-7.50000000 2.50000000 	9.9687856401
-7.50000000 3.00000000 	9.9687856401
-7.50000000 3.50000000 	9.9687856401
-7.50000000 4.00000000 	9.9687856401
-7.50000000 4.50000000 	9.9687856401
-7.50000000 5.00000000 	9.9687856401
-7.50000000 5.50000000 	9.9687856401
-7.50000000 6.00000000 	9.9687856401
-7.50000000 6.50000000 	9.9687856401
-7.50000000 7.00000000 	9.9687856401
-7.50000000 7.50000000 	9.9687856401
-7.50000000 8.00000000 	9.9687856401
-7.00000000 -12.00000000 	9.6256926314
-7.00000000 -11.50000000 	9.6256926314
-7.00000000 -11.00000000 	9.6256926314
-7.00000000 -10.50000000 	9.6256926314
-7.00000000 -10.00000000 	9.6256926314
-7.00000000 -9.50000000 	9.6256926314
-7.00000000 -9.00000000 	9.6256926314
-7.00000000 -8.50000000 	9.6256926314
-7.00000000 -8.00000000 	9.6256926314
-7.00000000 -7.50000000 	9.6256926314
-7.00000000 -7.00000000 	9.6256926314
-7.00000000 -6.50000000 	9.6256926314
-7.00000000 -6.00000000 	9.6256926314
-7.00000000 -5.50000000 	9.6256926314
-7.00000000 -5.00000000 	9.6256926314
-7.00000000 -4.50000000 	9.6256926314
-7.00000000 -4.00000000 	9.6256926314
-7.00000000 -3.50000000 	9.6256926314
-7.00000000 -3.00000000 	9.6256926314
-7.00000000 -2.50000000 	9.6256926314
-7.00000000 -2.00000000 	9.6256926314
-7.00000000 -1.50000000 	9.6256926314
-7.00000000 -1.00000000 	9.6256926314
-7.00000000 -0.50000000 	9.6256926314
-7.00000000 0.00000000 	9.6256926314
-7.00000000 0.50000000 	9.6256926314
-7.00000000 1.00000000 	9.6256926314
-7.00000000 1.50000000 	9.6256926314
-7.00000000 2.00000000 	9.6256926314
-7.00000000 2.50000000 	9.6256926314
-7.00000000 3.00000000 	9.6256926314
-7.00000000 3.50000000 	9.6256926314
-7.00000000 4.00000000 	9.6256926314
-7.00000000 4.50000000 	9.6256926314
-7.00000000 5.00000000 	9.6256926314
-7.00000000 5.50000000 	9.6256926314
-7.00000000 6.00000000 	9.6256926314
-7.00000000 6.50000000 	9.6256926314
-7.00000000 7.00000000 	9.6256926314
-7.00000000 7.50000000 	9.6256926314
-7.00000000 8.00000000 	9.6256926314
-6.50000000 -12.00000000 	8.8455402562
-6.50000000 -11.50000000 	8.8455402562
-6.50000000 -11.00000000 	8.8455402562
-6.50000000 -10.50000000 	8.8455402562
-6.50000000 -10.00000000 	8.8455402562
-6.50000000 -9.50000000 	8.8455402562
-6.50000000 -9.00000000 	8.8455402562
-6.50000000 -8.50000000 	8.8455402562
-6.50000000 -8.00000000 	8.8455402562
-6.50000000 -7.50000000 	8.8455402562
-6.50000000 -7.00000000 	8.8455402562
-6.50000000 -6.50000000 	8.8455402562
-6.50000000 -6.00000000 	8.8455402562
-6.50000000 -5.50000000 	8.8455402562
-6.50000000 -5.00000000 	8.8455402562
-6.50000000 -4.50000000 	8.8455402562
-6.50000000 -4.00000000 	8.8455402562
-6.50000000 -3.50000000 	8.8455402562
-6.50000000 -3.00000000 	8.8455402562
-6.50000000 -2.50000000 	8.8455402562
-6.50000000 -2.00000000 	8.8455402562
-6.50000000 -1.50000000 	8.8455402562
-6.50000000 -1.00000000 	8.8455402562
-6.50000000 -0.50000000 	8.8455402562
-6.50000000 0.00000000 	8.8455402562
-6.50000000 0.50000000 	8.8455402562
-6.50000000 1.00000000 	8.8455402562
-6.50000000 1.50000000 	8.8455402562
-6.50000000 2.00000000 	8.8455402562
-6.50000000 2.50000000 	8.8455402562
-6.50000000 3.00000000 	8.8455402562
-6.50000000 3.50000000 	8.8455402562
-6.50000000 4.00000000 	8.8455402562
-6.50000000 4.50000000 	8.8455402562
-6.50000000 5.00000000 	8.8455402562
-6.50000000 5.50000000 	8.8455402562
-6.50000000 6.00000000 	8.8455402562
-6.50000000 6.50000000 	8.8455402562
-6.50000000 7.00000000 	8.8455402562
-6.50000000 7.50000000 	8.8455402562
-6.50000000 8.00000000 	8.8455402562
-6.00000000 -12.00000000 	13.1986845914
-6.00000000 -11.50000000 	13.1986845914
-6.00000000 -11.00000000 	13.1986845914
-6.00000000 -10.50000000 	13.1986845914
-6.00000000 -10.00000000 	13.1986845914
-6.00000000 -9.50000000 	13.1986845914
-6.00000000 -9.00000000 	13.1986845914
-6.00000000 -8.50000000 	13.1986845914
-6.00000000 -8.00000000 	13.1986845914
-6.00000000 -7.50000000 	13.1986845914
-6.00000000 -7.00000000 	13.1986845914
-6.00000000 -6.50000000 	13.1986845914
-6.00000000 -6.00000000 	13.1986845914
-6.00000000 -5.50000000 	13.1986845914
-6.00000000 -5.00000000 	13.1986845914
-6.00000000 -4.50000000 	13.1986845914
-6.00000000 -4.00000000 	13.1986845914
-6.00000000 -3.50000000 	13.1986845914
-6.00000000 -3.00000000 	13.1986845914
-6.00000000 -2.50000000 	13.1986845914
-6.00000000 -2.00000000 	13.1986845914
-6.00000000 -1.50000000 	13.1986845914
-6.00000000 -1.00000000 	13.1986845914
-6.00000000 -0.50000000 	13.1986845914
-6.00000000 0.00000000 	13.1986845914
-6.00000000 0.50000000 	13.1986845914
-6.00000000 1.00000000 	13.1986845914
-6.00000000 1.50000000 	13.1986845914
-6.00000000 2.00000000 	13.1986845914
-6.00000000 2.50000000 	13.1986845914
-6.00000000 3.00000000 	13.1986845914
-6.00000000 3.50000000 	13.1986845914
-6.00000000 4.00000000 	13.1986845914
-6.00000000 4.50000000 	13.1986845914
-6.00000000 5.00000000 	13.1986845914
-6.00000000 5.50000000 	13.1986845914
-6.00000000 6.00000000 	13.1986845914
-6.00000000 6.50000000 	13.1986845914
-6.00000000 7.00000000 	13.1986845914
-6.00000000 7.50000000 	13.1986845914
-6.00000000 8.00000000 	13.1986845914
-5.50000000 -12.00000000 	19.2771748340
-5.50000000 -11.50000000 	19.2771748340
-5.50000000 -11.00000000 	19.2771748340
-5.50000000 -10.50000000 	19.2771748340
-5.50000000 -10.00000000 	19.2771748340
-5.50000000 -9.50000000 	19.2771748340
-5.50000000 -9.00000000 	19.2771748340
-5.50000000 -8.50000000 	19.2771748340
-5.50000000 -8.00000000 	19.2771748340
-5.50000000 -7.50000000 	19.2771748340
-5.50000000 -7.00000000 	19.2771748340
-5.50000000 -6.50000000 	19.2771748340
-5.50000000 -6.00000000 	19.2771748340
-5.50000000 -5.50000000 	19.2771748340
-5.50000000 -5.00000000 	19.2771748340
-5.50000000 -4.50000000 	19.2771748340
-5.50000000 -4.00000000 	19.2771748340
-5.50000000 -3.50000000 	19.2771748340
-5.50000000 -3.00000000 	19.2771748340
-5.50000000 -2.50000000 	19.2771748340
-5.50000000 -2.00000000 	19.2771748340
-5.50000000 -1.50000000 	19.2771748340
-5.50000000 -1.00000000 	19.2771748340
-5.50000000 -0.50000000 	19.2771748340
-5.50000000 0.00000000 	19.2771748340
-5.50000000 0.50000000 	19.2771748340
-5.50000000 1.00000000 	19.2771748340
-5.50000000 1.50000000 	19.2771748340
-5.50000000 2.00000000 	19.2771748340
-5.50000000 2.50000000 	19.2771748340
-5.50000000 3.00000000 	19.2771748340
-5.50000000 3.50000000 	19.2771748340
-5.50000000 4.00000000 	19.2771748340
-5.50000000 4.50000000 	19.2771748340
-5.50000000 5.00000000 	19.2771748340
-5.50000000 5.50000000 	19.2771748340
-5.50000000 6.00000000 	19.2771748340
-5.50000000 6.50000000 	19.2771748340
-5.50000000 7.00000000 	19.2771748340
-5.50000000 7.50000000 	19.2771748340
-5.50000000 8.00000000 	19.2771748340
-5.00000000 -12.00000000 	17.0516058041
-5.00000000 -11.50000000 	17.0516058041
-5.00000000 -11.00000000 	17.0516058041
-5.00000000 -10.50000000 	17.0516058041
-5.00000000 -10.00000000 	17.0516058041
-5.00000000 -9.50000000 	17.0516058041
-5.00000000 -9.00000000 	17.0516058041
-5.00000000 -8.50000000 	17.0516058041
-5.00000000 -8.00000000 	17.0516058041
-5.00000000 -7.50000000 	17.0516058041
-5.00000000 -7.00000000 	17.0516058041
-5.00000000 -6.50000000 	17.0516058041
-5.00000000 -6.00000000 	17.0516058041
-5.00000000 -5.50000000 	17.0516058041
-5.00000000 -5.00000000 	17.0516058041
-5.00000000 -4.50000000 	17.0516058041
-5.00000000 -4.00000000 	17.0516058041
-5.00000000 -3.50000000 	17.0516058041
-5.00000000 -3.00000000 	17.0516058041
-5.00000000 -2.50000000 	17.0516058041
-5.00000000 -2.00000000 	17.0516058041
-5.00000000 -1.50000000 	17.0516058041
-5.00000000 -1.00000000 	17.0516058041
-5.00000000 -0.50000000 	17.0516058041
-5.00000000 0.00000000 	17.0516058041
-5.00000000 0.50000000 	17.0516058041
-5.00000000 1.00000000 	17.0516058041
-5.00000000 1.50000000 	17.0516058041
-5.00000000 2.00000000 	17.0516058041
-5.00000000 2.50000000 	17.0516058041
-5.00000000 3.00000000 	17.0516058041
-5.00000000 3.50000000 	17.0516058041
-5.00000000 4.00000000 	17.0516058041
-5.00000000 4.50000000 	17.0516058041
-5.00000000 5.00000000 	17.0516058041
-5.00000000 5.50000000 	17.0516058041
-5.00000000 6.00000000 	17.0516058041
-5.00000000 6.50000000 	17.0516058041
-5.00000000 7.00000000 	17.0516058041
-5.00000000 7.50000000 	17.0516058041
-5.00000000 8.00000000 	17.0516058041
-4.50000000 -12.00000000 	11.8855923837
-4.50000000 -11.50000000 	11.8855923837
-4.50000000 -11.00000000 	11.8855923837
-4.50000000 -10.50000000 	11.8855923837
-4.50000000 -10.00000000 	11.8855923837
-4.50000000 -9.50000000 	11.8855923837
-4.50000000 -9.00000000 	11.8855923837
-4.50000000 -8.50000000 	11.8855923837
-4.50000000 -8.00000000 	11.8855923837
-4.50000000 -7.50000000 	11.8855923837
-4.50000000 -7.00000000 	11.8855923837
-4.50000000 -6.50000000 	11.8855923837
-4.50000000 -6.00000000 	11.8855923837
-4.50000000 -5.50000000 	11.8855923837
-4.50000000 -5.00000000 	11.8855923837
-4.50000000 -4.50000000 	11.8855923837
-4.50000000 -4.00000000 	11.8855923837
-4.50000000 -3.50000000 	11.8855923837
-4.50000000 -3.00000000 	11.8855923837
-4.50000000 -2.50000000 	11.8855923837
-4.50000000 -2.00000000 	11.8855923837
-4.50000000 -1.50000000 	11.8855923837
-4.50000000 -1.00000000 	11.8855923837
-4.50000000 -0.50000000 	11.8855923837
-4.50000000 0.00000000 	11.8855923837
-4.50000000 0.50000000 	11.8855923837
-4.50000000 1.00000000 	11.8855923837
-4.50000000 1.50000000 	11.8855923837
-4.50000000 2.00000000 	11.8855923837
-4.50000000 2.50000000 	11.8855923837
-4.50000000 3.00000000 	11.8855923837
-4.50000000 3.50000000 	11.8855923837
-4.50000000 4.00000000 	11.8855923837
-4.50000000 4.50000000 	11.8855923837
-4.50000000 5.00000000 	11.8855923837
-4.50000000 5.50000000 	11.8855923837
-4.50000000 6.00000000 	11.8855923837
-4.50000000 6.50000000 	11.8855923837
-4.50000000 7.00000000 	11.8855923837
-4.50000000 7.50000000 	11.8855923837
-4.50000000 8.00000000 	11.8855923837
-4.00000000 -12.00000000 	10.1469238589
-4.00000000 -11.50000000 	10.1469238589
-4.00000000 -11.00000000 	10.1469238589
-4.00000000 -10.50000000 	10.1469238589
-4.00000000 -10.00000000 	10.1469238589
-4.00000000 -9.50000000 	10.1469238589
-4.00000000 -9.00000000 	10.1469238589
-4.00000000 -8.50000000 	10.1469238589
-4.00000000 -8.00000000 	10.1469238589
-4.00000000 -7.50000000 	10.1469238589
-4.00000000 -7.00000000 	10.1469238589
-4.00000000 -6.50000000 	10.1469238589
-4.00000000 -6.00000000 	10.1469238589
-4.00000000 -5.50000000 	10.1469238589
-4.00000000 -5.00000000 	10.1469238589
-4.00000000 -4.50000000 	10.1469238589
-4.00000000 -4.00000000 	10.1469238589
-4.00000000 -3.50000000 	10.1469238589
-4.00000000 -3.00000000 	10.1469238589
-4.00000000 -2.50000000 	10.1469238589
-4.00000000 -2.00000000 	10.1469238589
-4.00000000 -1.50000000 	10.1469238589
-4.00000000 -1.00000000 	10.1469238589
-4.00000000 -0.50000000 	10.1469238589
-4.00000000 0.00000000 	10.1469238589
-4.00000000 0.50000000 	10.1469238589
-4.00000000 1.00000000 	10.1469238589
-4.00000000 1.50000000 	10.1469238589
-4.00000000 2.00000000 	10.1469238589
-4.00000000 2.50000000 	10.1469238589
-4.00000000 3.00000000 	10.1469238589
-4.00000000 3.50000000 	10.1469238589
-4.00000000 4.00000000 	10.1469238589
-4.00000000 4.50000000 	10.1469238589
-4.00000000 5.00000000 	10.1469238589
-4.00000000 5.50000000 	10.1469238589
-4.00000000 6.00000000 	10.1469238589
-4.00000000 6.50000000 	10.1469238589
-4.00000000 7.00000000 	10.1469238589
-4.00000000 7.50000000 	10.1469238589
-4.00000000 8.00000000 	10.1469238589
-3.50000000 -12.00000000 	10.0000000000
-3.50000000 -11.50000000 	10.0000000000
-3.50000000 -11.00000000 	10.0000000000
-3.50000000 -10.50000000 	10.0000000000
-3.50000000 -10.00000000 	10.0000000000
-3.50000000 -9.50000000 	10.0000000000
-3.50000000 -9.00000000 	10.0000000000
-3.50000000 -8.50000000 	10.0000000000
-3.50000000 -8.00000000 	10.0000000000
-3.50000000 -7.50000000 	10.0000000000
-3.50000000 -7.00000000 	10.0000000000
-3.50000000 -6.50000000 	10.0000000000
-3.50000000 -6.00000000 	10.0000000000
-3.50000000 -5.50000000 	10.0000000000
-3.50000000 -5.00000000 	10.0000000000
-3.50000000 -4.50000000 	10.0000000000
-3.50000000 -4.00000000 	10.0000000000
-3.50000000 -3.50000000 	10.0000000000
-3.50000000 -3.00000000 	10.0000000000
-3.50000000 -2.50000000 	10.0000000000
-3.50000000 -2.00000000 	10.0000000000
-3.50000000 -1.50000000 	10.0000000000
-3.50000000 -1.00000000 	10.0000000000
-3.50000000 -0.50000000 	10.0000000000
-3.50000000 0.00000000 	10.0000000000
-3.50000000 0.50000000 	10.0000000000
-3.50000000 1.00000000 	10.0000000000
-3.50000000 1.50000000 	10.0000000000
-3.50000000 2.00000000 	10.0000000000
-3.50000000 2.50000000 	10.0000000000
-3.50000000 3.00000000 	10.0000000000
-3.50000000 3.50000000 	10.0000000000
-3.50000000 4.00000000 	10.0000000000
-3.50000000 4.50000000 	10.0000000000
-3.50000000 5.00000000 	10.0000000000
-3.50000000 5.50000000 	10.0000000000
-3.50000000 6.00000000 	10.0000000000
-3.50000000 6.50000000 	10.0000000000
-3.50000000 7.00000000 	10.0000000000
-3.50000000 7.50000000 	10.0000000000
-3.50000000 8.00000000 	10.0000000000
-3.00000000 -12.00000000 	10.0000000000
-3.00000000 -11.50000000 	10.0000000000
-3.00000000 -11.00000000 	10.0000000000
-3.00000000 -10.50000000 	10.0000000000
-3.00000000 -10.00000000 	10.0000000000
-3.00000000 -9.50000000 	10.0000000000
-3.00000000 -9.00000000 	10.0000000000
-3.00000000 -8.50000000 	10.0000000000
-3.00000000 -8.00000000 	10.0000000000
-3.00000000 -7.50000000 	10.0000000000
-3.00000000 -7.00000000 	10.0000000000
-3.00000000 -6.50000000 	10.0000000000
-3.00000000 -6.00000000 	10.0000000000
-3.00000000 -5.50000000 	10.0000000000
-3.00000000 -5.00000000 	10.0000000000
-3.00000000 -4.50000000 	10.0000000000
-3.00000000 -4.00000000 	10.0000000000
-3.00000000 -3.50000000 	10.0000000000
-3.00000000 -3.00000000 	10.0000000000
-3.00000000 -2.50000000 	10.0000000000
-3.00000000 -2.00000000 	10.0000000000
-3.00000000 -1.50000000 	10.0000000000
-3.00000000 -1.00000000 	10.0000000000
-3.00000000 -0.50000000 	10.0000000000
-3.00000000 0.00000000 	10.0000000000
-3.00000000 0.50000000 	10.0000000000
-3.00000000 1.00000000 	10.0000000000
-3.00000000 1.50000000 	10.0000000000
-3.00000000 2.00000000 	10.0000000000
-3.00000000 2.50000000 	10.0000000000
-3.00000000 3.00000000 	10.0000000000
-3.00000000 3.50000000 	10.0000000000
-3.00000000 4.00000000 	10.0000000000
-3.00000000 4.50000000 	10.0000000000
-3.00000000 5.00000000 	10.0000000000
-3.00000000 5.50000000 	10.0000000000
-3.00000000 6.00000000 	10.0000000000
-3.00000000 6.50000000 	10.0000000000
-3.00000000 7.00000000 	10.0000000000
-3.00000000 7.50000000 	10.0000000000
-3.00000000 8.00000000 	10.0000000000
-2.50000000 -12.00000000 	10.0000000000
-2.50000000 -11.50000000 	10.0000000000
-2.50000000 -11.00000000 	10.0000000000
-2.50000000 -10.50000000 	10.0000000000
-2.50000000 -10.00000000 	10.0000000000
-2.50000000 -9.50000000 	10.0000000000
-2.50000000 -9.00000000 	10.0000000000
-2.50000000 -8.50000000 	10.0000000000
-2.50000000 -8.00000000 	10.0000000000
-2.50000000 -7.50000000 	10.0000000000
-2.50000000 -7.00000000 	10.0000000000
-2.50000000 -6.50000000 	10.0000000000
-2.50000000 -6.00000000 	10.0000000000
-2.50000000 -5.50000000 	10.0000000000
-2.50000000 -5.00000000 	10.0000000000
-2.50000000 -4.50000000 	10.0000000000
-2.50000000 -4.00000000 	10.0000000000
-2.50000000 -3.50000000 	10.0000000000
-2.50000000 -3.00000000 	10.0000000000
-2.50000000 -2.50000000 	10.0000000000
-2.50000000 -2.00000000 	10.0000000000
-2.50000000 -1.50000000 	9.9999923429
-2.50000000 -1.00000000 	9.9998546252
-2.50000000 -0.50000000 	9.9990057153
-2.50000000 0.00000000 	9.9970785506
-2.50000000 0.50000000 	9.9962296420
-2.50000000 1.00000000 	9.9960919250
-2.50000000 1.50000000 	9.9960919250
-2.50000000 2.00000000 	9.9962296420
-2.50000000 2.50000000 	9.9970785506
-2.50000000 3.00000000 	9.9990057153
-2.50000000 3.50000000 	9.9998546252
-2.50000000 4.00000000 	9.9999923429
-2.50000000 4.50000000 	10.0000000000
-2.50000000 5.00000000 	10.0000000000
-2.50000000 5.50000000 	10.0000000000
-2.50000000 6.00000000 	10.0000000000
-2.50000000 6.50000000 	10.0000000000
-2.50000000 7.00000000 	10.0000000000
-2.50000000 7.50000000 	10.0000000000
-2.50000000 8.00000000 	10.0000000000
-2.00000000 -12.00000000 	10.0000000000
-2.00000000 -11.50000000 	10.0000000000
-2.00000000 -11.00000000 	10.0000000000
-2.00000000 -10.50000000 	10.0000000000
-2.00000000 -10.00000000 	10.0000000000
-2.00000000 -9.50000000 	10.0000000000
-2.00000000 -9.00000000 	10.0000000000
-2.00000000 -8.50000000 	10.0000000000
-2.00000000 -8.00000000 	10.0000000000
-2.00000000 -7.50000000 	10.0000000000
-2.00000000 -7.00000000 	10.0000000000
-2.00000000 -6.50000000 	10.0000000000
-2.00000000 -6.00000000 	10.0000000000
-2.00000000 -5.50000000 	10.0000000000
-2.00000000 -5.00000000 	10.0000000000
-2.00000000 -4.50000000 	10.0000000000
-2.00000000 -4.00000000 	10.0000000000
-2.00000000 -3.50000000 	10.0000000000
-2.00000000 -3.00000000 	10.0000000000
-2.00000000 -2.50000000 	10.0000000000
-2.00000000 -2.00000000 	9.9999923429
-2.00000000 -1.50000000 	9.9997169433
-2.00000000 -1.00000000 	9.9963926292
-2.00000000 -0.50000000 	9.9792096542
-2.00000000 0.00000000 	9.9437286589
-2.00000000 0.50000000 	9.9283351813
-2.00000000 1.00000000 	9.9258521508
-2.00000000 1.50000000 	9.9258521508
-2.00000000 2.00000000 	9.9283351813
-2.00000000 2.50000000 	9.9437286589
-2.00000000 3.00000000 	9.9792096542
-2.00000000 3.50000000 	9.9963926292
-2.00000000 4.00000000 	9.9997169433
-2.00000000 4.50000000 	9.9999923429
-2.00000000 5.00000000 	10.0000000000
-2.00000000 5.50000000 	10.0000000000
-2.00000000 6.00000000 	10.0000000000
-2.00000000 6.50000000 	10.0000000000
-2.00000000 7.00000000 	10.0000000000
-2.00000000 7.50000000 	10.0000000000
-2.00000000 8.00000000 	10.0000000000
-1.50000000 -12.00000000 	10.0000000000
-1.50000000 -11.50000000 	10.0000000000
-1.50000000 -11.00000000 	10.0000000000
-1.50000000 -10.50000000 	10.0000000000
-1.50000000 -10.00000000 	10.0000000000
-1.50000000 -9.50000000 	10.0000000000
-1.50000000 -9.00000000 	10.0000000000
-1.50000000 -8.50000000 	10.0000000000
-1.50000000 -8.00000000 	10.0000000000
-1.50000000 -7.50000000 	10.0000000000
-1.50000000 -7.00000000 	10.0000000000
-1.50000000 -6.50000000 	10.0000000000
-1.50000000 -6.00000000 	10.0000000000
-1.50000000 -5.50000000 	10.0000000000
-1.50000000 -5.00000000 	10.0000000000
-1.50000000 -4.50000000 	10.0000000000
-1.50000000 -4.00000000 	10.0000000000
-1.50000000 -3.50000000 	10.0000000000
-1.50000000 -3.00000000 	10.0000000000
-1.50000000 -2.50000000 	9.9999923429
-1.50000000 -2.00000000 	9.9997169433
-1.50000000 -1.50000000 	9.9955438643
-1.50000000 -1.00000000 	9.9631059456
-1.50000000 -0.50000000 	9.8336256981
-1.50000000 0.00000000 	9.6048507881
-1.50000000 0.50000000 	9.5083682610
-1.50000000 1.00000000 	9.4929757351
-1.50000000 1.50000000 	9.4929757351
-1.50000000 2.00000000 	9.5083682610
-1.50000000 2.50000000 	9.6048507881
-1.50000000 3.00000000 	9.8336256981
-1.50000000 3.50000000 	9.9631059456
-1.50000000 4.00000000 	9.9955438643
-1.50000000 4.50000000 	9.9997169433
-1.50000000 5.00000000 	9.9999923429
-1.50000000 5.50000000 	10.0000000000
-1.50000000 6.00000000 	10.0000000000
-1.50000000 6.50000000 	10.0000000000
-1.50000000 7.00000000 	10.0000000000
-1.50000000 7.50000000 	10.0000000000
-1.50000000 8.00000000 	10.0000000000
-1.00000000 -12.00000000 	10.0000000000
-1.00000000 -11.50000000 	10.0000000000
-1.00000000 -11.00000000 	10.0000000000
-1.00000000 -10.50000000 	10.0000000000
-1.00000000 -10.00000000 	10.0000000000
-1.00000000 -9.50000000 	10.0000000000
-1.00000000 -9.00000000 	10.0000000000
-1.00000000 -8.50000000 	10.0000000000
-1.00000000 -8.00000000 	10.0000000000
-1.00000000 -7.50000000 	10.0000000000
-1.00000000 -7.00000000 	10.0000000000
-1.00000000 -6.50000000 	10.0000000000
-1.00000000 -6.00000000 	10.0000000000
-1.00000000 -5.50000000 	10.0000000000
-1.00000000 -5.00000000 	10.0000000000
-1.00000000 -4.50000000 	10.0000000000
-1.00000000 -4.00000000 	10.0000000000
-1.00000000 -3.50000000 	10.0000000000
-1.00000000 -3.00000000 	10.0000000000
-1.00000000 -2.50000000 	9.9998546605
-1.00000000 -2.00000000 	9.9963927699
-1.00000000 -1.50000000 	9.9631055997
-1.00000000 -1.00000000 	9.7979133621
-1.00000000 -0.50000000 	9.3550474498
-1.00000000 0.00000000 	8.7740655324
-1.00000000 0.50000000 	8.5452842932
-1.00000000 1.00000000 	8.5098020642
-1.00000000 1.50000000 	8.5098020642
-1.00000000 2.00000000 	8.5452842932
-1.00000000 2.50000000 	8.7740578761
-1.00000000 3.00000000 	9.3549097379
-1.00000000 3.50000000 	9.7970644669
-1.00000000 4.00000000 	9.9611784469
-1.00000000 4.50000000 	9.9955438643
-1.00000000 5.00000000 	9.9997169433
-1.00000000 5.50000000 	9.9999923429
-1.00000000 6.00000000 	10.0000000000
-1.00000000 6.50000000 	10.0000000000
-1.00000000 7.00000000 	10.0000000000
-1.00000000 7.50000000 	10.0000000000
-1.00000000 8.00000000 	10.0000000000
-0.50000000 -12.00000000 	10.0000000000
-0.50000000 -11.50000000 	10.0000000000
-0.50000000 -11.00000000 	10.0000000000
-0.50000000 -10.50000000 	10.0000000000
-0.50000000 -10.00000000 	10.0000000000
-0.50000000 -9.50000000 	10.0000000000
-0.50000000 -9.00000000 	10.0000000000
-0.50000000 -8.50000000 	10.0000000000
-0.50000000 -8.00000000 	10.0000000000
-0.50000000 -7.50000000 	10.0000000000
-0.50000000 -7.00000000 	10.0000000000
-0.50000000 -6.50000000 	10.0000000000
-0.50000000 -6.00000000 	10.0000000000
-0.50000000 -5.50000000 	10.0000000000
-0.50000000 -5.00000000 	10.0000000000
-0.50000000 -4.50000000 	10.0000000000
-0.50000000 -4.00000000 	10.0000000000
-0.50000000 -3.50000000 	10.0000000000
-0.50000000 -3.00000000 	9.9999923429
-0.50000000 -2.50000000 	9.9988681729
-0.50000000 -2.00000000 	9.9783613893
-0.50000000 -1.50000000 	9.8316967068
-0.50000000 -1.00000000 	9.3541997029
-0.50000000 -0.50000000 	8.6664374962
-0.50000000 0.00000000 	8.2219350044
-0.50000000 0.50000000 	8.0923149230
-0.50000000 1.00000000 	8.0751329002
-0.50000000 1.50000000 	8.0751329002
-0.50000000 2.00000000 	8.0923149230
-0.50000000 2.50000000 	8.2217973347
-0.50000000 3.00000000 	8.6639621548
-0.50000000 3.50000000 	9.3389439591
-0.50000000 4.00000000 	9.7970646287
-0.50000000 4.50000000 	9.9631055997
-0.50000000 5.00000000 	9.9963927699
-0.50000000 5.50000000 	9.9998546605
-0.50000000 6.00000000 	10.0000000000
-0.50000000 6.50000000 	10.0000000000
-0.50000000 7.00000000 	10.0000000000
-0.50000000 7.50000000 	10.0000000000
-0.50000000 8.00000000 	10.0000000000
0.00000000 -12.00000000 	10.0000000000
0.00000000 -11.50000000 	10.0000000000
0.00000000 -11.00000000 	10.0000000000
0.00000000 -10.50000000 	10.0000000000
0.00000000 -10.00000000 	10.0000000000
0.00000000 -9.50000000 	10.0000000000
0.00000000 -9.00000000 	10.0000000000
0.00000000 -8.50000000 	10.0000000000
0.00000000 -8.00000000 	10.0000000000
0.00000000 -7.50000000 	10.0000000000
0.00000000 -7.00000000 	10.0000000000
0.00000000 -6.50000000 	10.0000000000
0.00000000 -6.00000000 	10.0000000000
0.00000000 -5.50000000 	10.0000000000
0.00000000 -5.00000000 	10.0000000000
0.00000000 -4.50000000 	10.0000000000
0.00000000 -4.00000000 	10.0000000000
0.00000000 -3.50000000 	10.0000000000
0.00000000 -3.00000000 	9.9998546605
0.00000000 -2.50000000 	9.9944652474
0.00000000 -2.00000000 	9.9276230368
0.00000000 -1.50000000 	9.5682925597
0.00000000 -1.00000000 	8.7579619816
0.00000000 -0.50000000 	8.2193288422
0.00000000 0.00000000 	8.0406632373
0.00000000 0.50000000 	8.0073769527
0.00000000 1.00000000 	8.0040529963
0.00000000 1.50000000 	8.0040529963
0.00000000 2.00000000 	8.0073769527
0.00000000 2.50000000 	8.0398145444
0.00000000 3.00000000 	8.2040740685
0.00000000 3.50000000 	8.6639622342
0.00000000 4.00000000 	9.3549109221
0.00000000 4.50000000 	9.8336238541
0.00000000 5.00000000 	9.9792102927
0.00000000 5.50000000 	9.9990058899
0.00000000 6.00000000 	10.0000000000
0.00000000 6.50000000 	10.0000000000
0.00000000 7.00000000 	10.0000000000
0.00000000 7.50000000 	10.0000000000
0.00000000 8.00000000 	10.0000000000
0.50000000 -12.00000000 	10.0000000000
0.50000000 -11.50000000 	10.0000000000
0.50000000 -11.00000000 	10.0000000000
0.50000000 -10.50000000 	10.0000000000
0.50000000 -10.00000000 	10.0000000000
0.50000000 -9.50000000 	10.0000000000
0.50000000 -9.00000000 	10.0000000000
0.50000000 -8.50000000 	10.0000000000
0.50000000 -8.00000000 	10.0000000000
0.50000000 -7.50000000 	10.0000000000
0.50000000 -7.00000000 	10.0000000000
0.50000000 -6.50000000 	10.0000000000
0.50000000 -6.00000000 	10.0000000000
0.50000000 -5.50000000 	10.0000000000
0.50000000 -5.00000000 	10.0000000000
0.50000000 -4.50000000 	10.0000000000
0.50000000 -4.00000000 	10.0000000000
0.50000000 -3.50000000 	10.0000000000
0.50000000 -3.00000000 	9.9990058899
0.50000000 -2.50000000 	9.9783615334
0.50000000 -2.00000000 	9.8182313283
0.50000000 -1.50000000 	9.2584282694
0.50000000 -1.00000000 	8.4351778971
0.50000000 -0.50000000 	8.0744478299
0.50000000 0.00000000 	8.0063831185
0.50000000 0.50000000 	8.0002830181
0.50000000 1.00000000 	8.0000076555
0.50000000 1.50000000 	8.0000076555
0.50000000 2.00000000 	8.0002830181
0.50000000 2.50000000 	8.0044557967
0.50000000 3.00000000 	8.0398143808
0.50000000 3.50000000 	8.2217965304
0.50000000 4.00000000 	8.7740589659
0.50000000 4.50000000 	9.6048517911
0.50000000 5.00000000 	9.9437277221
0.50000000 5.50000000 	9.9970783661
0.50000000 6.00000000 	10.0000000000
0.50000000 6.50000000 	10.0000000000
0.50000000 7.00000000 	10.0000000000
0.50000000 7.50000000 	10.0000000000
0.50000000 8.00000000 	10.0000000000
1.00000000 -12.00000000 	10.0000000000
1.00000000 -11.50000000 	10.0000000000
1.00000000 -11.00000000 	10.0000000000
1.00000000 -10.50000000 	10.0000000000
1.00000000 -10.00000000 	10.0000000000
1.00000000 -9.50000000 	10.0000000000
1.00000000 -9.00000000 	10.0000000000
1.00000000 -8.50000000 	10.0000000000
1.00000000 -8.00000000 	10.0000000000
1.00000000 -7.50000000 	10.0000000000
1.00000000 -7.00000000 	10.0000000000
1.00000000 -6.50000000 	10.0000000000
1.00000000 -6.00000000 	10.0000000000
1.00000000 -5.50000000 	10.0000000000
1.00000000 -5.00000000 	10.0000000000
1.00000000 -4.50000000 	10.0000000000
1.00000000 -4.00000000 	10.0000000000
1.00000000 -3.50000000 	10.0000000000
1.00000000 -3.00000000 	9.9970783661
1.00000000 -2.50000000 	9.9435900454
1.00000000 -2.00000000 	9.6023688012
1.00000000 -1.50000000 	8.7586656289
1.00000000 -1.00000000 	8.1863158966
1.00000000 -0.50000000 	8.0226318013
1.00000000 0.00000000 	8.0011316987
1.00000000 0.50000000 	8.0000076555
1.00000000 1.00000000 	8.0000000000
1.00000000 1.50000000 	8.0000000000
1.00000000 2.00000000 	8.0000076555
1.00000000 2.50000000 	8.0002830181
1.00000000 3.00000000 	8.0073771311
1.00000000 3.50000000 	8.0923156301
1.00000000 4.00000000 	8.5452823278
1.00000000 4.50000000 	9.5083691792
1.00000000 5.00000000 	9.9283351784
1.00000000 5.50000000 	9.9962296027
1.00000000 6.00000000 	10.0000000000
1.00000000 6.50000000 	10.0000000000
1.00000000 7.00000000 	10.0000000000
1.00000000 7.50000000 	10.0000000000
1.00000000 8.00000000 	10.0000000000
1.50000000 -12.00000000 	10.0000000000
1.50000000 -11.50000000 	10.0000000000
1.50000000 -11.00000000 	10.0000000000
1.50000000 -10.50000000 	10.0000000000
1.50000000 -10.00000000 	10.0000000000
1.50000000 -9.50000000 	10.0000000000
1.50000000 -9.00000000 	10.0000000000
1.50000000 -8.50000000 	10.0000000000
1.50000000 -8.00000000 	10.0000000000
1.50000000 -7.50000000 	10.0000000000
1.50000000 -7.00000000 	10.0000000000
1.50000000 -6.50000000 	10.0000000000
1.50000000 -6.00000000 	10.0000000000
1.50000000 -5.50000000 	10.0000000000
1.50000000 -5.00000000 	10.0000000000
1.50000000 -4.50000000 	10.0000000000
1.50000000 -4.00000000 	10.0000000000
1.50000000 -3.50000000 	10.0000000000
1.50000000 -3.00000000 	9.9962296027
1.50000000 -2.50000000 	9.9283275221
1.50000000 -2.00000000 	9.5082314745
1.50000000 -1.50000000 	8.5444334895
1.50000000 -1.00000000 	8.0903886407
1.50000000 -0.50000000 	8.0065283036
1.50000000 0.00000000 	8.0001453190
1.50000000 0.50000000 	8.0000000000
1.50000000 1.00000000 	8.0000000000
1.50000000 1.50000000 	8.0000000000
1.50000000 2.00000000 	8.0000000000
1.50000000 2.50000000 	8.0000076555
1.50000000 3.00000000 	8.0040530316
1.50000000 3.50000000 	8.0751330422
1.50000000 4.00000000 	8.5098017035
1.50000000 4.50000000 	9.4929758515
1.50000000 5.00000000 	9.9258521803
1.50000000 5.50000000 	9.9960919245
1.50000000 6.00000000 	10.0000000000
1.50000000 6.50000000 	10.0000000000
1.50000000 7.00000000 	10.0000000000
1.50000000 7.50000000 	10.0000000000
1.50000000 8.00000000 	10.0000000000
2.00000000 -12.00000000 	10.0000000000
2.00000000 -11.50000000 	10.0000000000
2.00000000 -11.00000000 	10.0000000000
2.00000000 -10.50000000 	10.0000000000
2.00000000 -10.00000000 	10.0000000000
2.00000000 -9.50000000 	10.0000000000
2.00000000 -9.00000000 	10.0000000000
2.00000000 -8.50000000 	10.0000000000
2.00000000 -8.00000000 	10.0000000000
2.00000000 -7.50000000 	10.0000000000
2.00000000 -7.00000000 	10.0000000000
2.00000000 -6.50000000 	10.0000000000
2.00000000 -6.00000000 	10.0000000000
2.00000000 -5.50000000 	10.0000000000
2.00000000 -5.00000000 	10.0000000000
2.00000000 -4.50000000 	10.0000000000
2.00000000 -4.00000000 	10.0000000000
2.00000000 -3.50000000 	10.0000000000
2.00000000 -3.00000000 	9.9960919245
2.00000000 -2.50000000 	9.9258521803
2.00000000 -2.00000000 	9.4929758515
2.00000000 -1.50000000 	8.5098017035
2.00000000 -1.00000000 	8.0751330422
2.00000000 -0.50000000 	8.0040530316
2.00000000 0.00000000 	8.0000076555
2.00000000 0.50000000 	8.0000000000
2.00000000 1.00000000 	8.0000000000
2.00000000 1.50000000 	8.0000000000
2.00000000 2.00000000 	8.0000000000
2.00000000 2.50000000 	8.0000000000
2.00000000 3.00000000 	8.0039153322
2.00000000 3.50000000 	8.0742842121
2.00000000 4.00000000 	8.5078747076
2.00000000 4.50000000 	9.4921270070
2.00000000 5.00000000 	9.9257144731
2.00000000 5.50000000 	9.9960842679
2.00000000 6.00000000 	10.0000000000
2.00000000 6.50000000 	10.0000000000
2.00000000 7.00000000 	10.0000000000
2.00000000 7.50000000 	10.0000000000
2.00000000 8.00000000 	10.0000000000
