-8.00000000 -12.00000000 	10.0000000000
-8.00000000 -11.50000000 	10.0000000000
-8.00000000 -11.00000000 	10.0000000000
-8.00000000 -10.50000000 	10.0000000000
-8.00000000 -10.00000000 	10.0000000000
-8.00000000 -9.50000000 	10.0000000000
-8.00000000 -9.00000000 	10.0000000000
-8.00000000 -8.50000000 	10.0000000000
-8.00000000 -8.00000000 	10.0000000000
-8.00000000 -7.50000000 	10.0000000000
-8.00000000 -7.00000000 	10.0000000000
-8.00000000 -6.50000000 	10.0000000000
-8.00000000 -6.00000000 	10.0000000000
-8.00000000 -5.50000000 	10.0000000000
-8.00000000 -5.00000000 	10.0000000000
-8.00000000 -4.50000000 	10.0000000000
-8.00000000 -4.00000000 	10.0000000000
-8.00000000 -3.50000000 	10.0000000000
-8.00000000 -3.00000000 	10.0000000000
-8.00000000 -2.50000000 	10.0000000000
-8.00000000 -2.00000000 	10.0000000000
-8.00000000 -1.50000000 	10.0000000000
-8.00000000 -1.00000000 	10.0000000000
-8.00000000 -0.50000000 	10.0000000000
-8.00000000 0.00000000 	10.0000000000
-8.00000000 0.50000000 	10.0000000000
-8.00000000 1.00000000 	10.0000000000
-8.00000000 1.50000000 	10.0000000000
-8.00000000 2.00000000 	10.0000000000
-8.00000000 2.50000000 	10.0000000000
-8.00000000 3.00000000 	10.0000000000
-8.00000000 3.50000000 	10.0000000000
-8.00000000 4.00000000 	10.0000000000
-8.00000000 4.50000000 	10.0000000000
-8.00000000 5.00000000 	10.0000000000
-8.00000000 5.50000000 	10.0000000000
-8.00000000 6.00000000 	10.0000000000
-8.00000000 6.50000000 	10.0000000000
-8.00000000 7.00000000 	10.0000000000
-8.00000000 7.50000000 	10.0000000000
-8.00000000 8.00000000 	10.0000000000
-7.50000000 -12.00000000 	9.8908767452
-7.50000000 -11.50000000 	9.8908767452
-7.50000000 -11.00000000 	9.8908767452
-7.50000000 -10.50000000 	9.8908767452
-7.50000000 -10.00000000 	9.8908767452
-7.50000000 -9.50000000 	9.8908767452
-7.50000000 -9.00000000 	9.8908767452
-7.50000000 -8.50000000 	9.8908767452
-7.50000000 -8.00000000 	9.8908767452
-7.50000000 -7.50000000 	9.8908767452
-7.50000000 -7.00000000 	9.8908767452
-7.50000000 -6.50000000 	9.8908767452
-7.50000000 -6.00000000 	9.8908767452
-7.50000000 -5.50000000 	9.8908767452
-7.50000000 -5.00000000 	9.8908767452
-7.50000000 -4.50000000 	9.8908767452
-7.50000000 -4.00000000 	9.8908767452
-7.50000000 -3.50000000 	9.8908767452
-7.50000000 -3.00000000 	9.8908767452
-7.50000000 -2.50000000 	9.8908767452
-7.50000000 -2.00000000 	9.8908767452
-7.50000000 -1.50000000 	9.8908767452
-7.50000000 -1.00000000 	9.8908767452
-7.50000000 -0.50000000 	9.8908767452
-7.50000000 0.00000000 	9.8908767452
-7.50000000 0.50000000 	9.8908767452
-7.50000000 1.00000000 	9.8908767452
-7.50000000 1.50000000 	9.8908767452
-7.50000000 2.00000000 	9.8908767452
-7.50000000 2.50000000 	9.8908767452
-7.50000000 3.00000000 	9.8908767452
-7.50000000 3.50000000 	9.8908767452
-7.50000000 4.00000000 	9.8908767452
-7.50000000 4.50000000 	9.8908767452
-7.50000000 5.00000000 	9.8908767452
-7.50000000 5.50000000 	9.8908767452
-7.50000000 6.00000000 	9.8908767452
-7.50000000 6.50000000 	9.8908767452
-7.50000000 7.00000000 	9.8908767452
-7.50000000 7.50000000 	9.8908767452
-7.50000000 8.00000000 	9.8908767452
-7.00000000 -12.00000000 	9.6550796396
-7.00000000 -11.50000000 	9.6550796396
-7.00000000 -11.00000000 	9.6550796396
-7.00000000 -10.50000000 	9.6550796396
-7.00000000 -10.00000000 	9.6550796396
-7.00000000 -9.50000000 	9.6550796396
-7.00000000 -9.00000000 	9.6550796396
-7.00000000 -8.50000000 	9.6550796396
-7.00000000 -8.00000000 	9.6550796396
-7.00000000 -7.50000000 	9.6550796396
-7.00000000 -7.00000000 	9.6550796396
-7.00000000 -6.50000000 	9.6550796396
-7.00000000 -6.00000000 	9.6550796396
-7.00000000 -5.50000000 	9.6550796396
-7.00000000 -5.00000000 	9.6550796396
-7.00000000 -4.50000000 	9.6550796396
-7.00000000 -4.00000000 	9.6550796396
-7.00000000 -3.50000000 	9.6550796396
-7.00000000 -3.00000000 	9.6550796396
-7.00000000 -2.50000000 	9.6550796396
-7.00000000 -2.00000000 	9.6550796396
-7.00000000 -1.50000000 	9.6550796396
-7.00000000 -1.00000000 	9.6550796396
-7.00000000 -0.50000000 	9.6550796396
-7.00000000 0.00000000 	9.6550796396
-7.00000000 0.50000000 	9.6550796396
-7.00000000 1.00000000 	9.6550796396
-7.00000000 1.50000000 	9.6550796396
-7.00000000 2.00000000 	9.6550796396
-7.00000000 2.50000000 	9.6550796396
-7.00000000 3.00000000 	9.6550796396
-7.00000000 3.50000000 	9.6550796396
-7.00000000 4.00000000 	9.6550796396
-7.00000000 4.50000000 	9.6550796396
-7.00000000 5.00000000 	9.6550796396
-7.00000000 5.50000000 	9.6550796396
-7.00000000 6.00000000 	9.6550796396
-7.00000000 6.50000000 	9.6550796396
-7.00000000 7.00000000 	9.6550796396
-7.00000000 7.50000000 	9.6550796396
-7.00000000 8.00000000 	9.6550796396
-6.50000000 -12.00000000 	10.2226433990
-6.50000000 -11.50000000 	10.2226433990
-6.50000000 -11.00000000 	10.2226433990
-6.50000000 -10.50000000 	10.2226433990
-6.50000000 -10.00000000 	10.2226433990
-6.50000000 -9.50000000 	10.2226433990
-6.50000000 -9.00000000 	10.2226433990
-6.50000000 -8.50000000 	10.2226433990
-6.50000000 -8.00000000 	10.2226433990
-6.50000000 -7.50000000 	10.2226433990
-6.50000000 -7.00000000 	10.2226433990
-6.50000000 -6.50000000 	10.2226433990
-6.50000000 -6.00000000 	10.2226433990
-6.50000000 -5.50000000 	10.2226433990
-6.50000000 -5.00000000 	10.2226433990
-6.50000000 -4.50000000 	10.2226433990
-6.50000000 -4.00000000 	10.2226433990
-6.50000000 -3.50000000 	10.2226433990
-6.50000000 -3.00000000 	10.2226433990
-6.50000000 -2.50000000 	10.2226433990
-6.50000000 -2.00000000 	10.2226433990
-6.50000000 -1.50000000 	10.2226433990
-6.50000000 -1.00000000 	10.2226433990
-6.50000000 -0.50000000 	10.2226433990
-6.50000000 0.00000000 	10.2226433990
-6.50000000 0.50000000 	10.2226433990
-6.50000000 1.00000000 	10.2226433990
-6.50000000 1.50000000 	10.2226433990
-6.50000000 2.00000000 	10.2226433990
-6.50000000 2.50000000 	10.2226433990
-6.50000000 3.00000000 	10.2226433990
-6.50000000 3.50000000 	10.2226433990
-6.50000000 4.00000000 	10.2226433990
-6.50000000 4.50000000 	10.2226433990
-6.50000000 5.00000000 	10.2226433990
-6.50000000 5.50000000 	10.2226433990
-6.50000000 6.00000000 	10.2226433990
-6.50000000 6.50000000 	10.2226433990
-6.50000000 7.00000000 	10.2226433990
-6.50000000 7.50000000 	10.2226433990
-6.50000000 8.00000000 	10.2226433990
-6.00000000 -12.00000000 	13.0023325403
-6.00000000 -11.50000000 	13.0023325403
-6.00000000 -11.00000000 	13.0023325403
-6.00000000 -10.50000000 	13.0023325403
-6.00000000 -10.00000000 	13.0023325403
-6.00000000 -9.50000000 	13.0023325403
-6.00000000 -9.00000000 	13.0023325403
-6.00000000 -8.50000000 	13.0023325403
-6.00000000 -8.00000000 	13.0023325403
-6.00000000 -7.50000000 	13.0023325403
-6.00000000 -7.00000000 	13.0023325403
-6.00000000 -6.50000000 	13.0023325403
-6.00000000 -6.00000000 	13.0023325403
-6.00000000 -5.50000000 	13.0023325403
-6.00000000 -5.00000000 	13.0023325403
-6.00000000 -4.50000000 	13.0023325403
-6.00000000 -4.00000000 	13.0023325403
-6.00000000 -3.50000000 	13.0023325403
-6.00000000 -3.00000000 	13.0023325403
-6.00000000 -2.50000000 	13.0023325403
-6.00000000 -2.00000000 	13.0023325403
-6.00000000 -1.50000000 	13.0023325403
-6.00000000 -1.00000000 	13.0023325403
-6.00000000 -0.50000000 	13.0023325403
-6.00000000 0.00000000 	13.0023325403
-6.00000000 0.50000000 	13.0023325403
-6.00000000 1.00000000 	13.0023325403
-6.00000000 1.50000000 	13.0023325403
-6.00000000 2.00000000 	13.0023325403
-6.00000000 2.50000000 	13.0023325403
-6.00000000 3.00000000 	13.0023325403
-6.00000000 3.50000000 	13.0023325403
-6.00000000 4.00000000 	13.0023325403
-6.00000000 4.50000000 	13.0023325403
-6.00000000 5.00000000 	13.0023325403
-6.00000000 5.50000000 	13.0023325403
-6.00000000 6.00000000 	13.0023325403
-6.00000000 6.50000000 	13.0023325403
-6.00000000 7.00000000 	13.0023325403
-6.00000000 7.50000000 	13.0023325403
-6.00000000 8.00000000 	13.0023325403
-5.50000000 -12.00000000 	16.5518789414
-5.50000000 -11.50000000 	16.5518789414
-5.50000000 -11.00000000 	16.5518789414
-5.50000000 -10.50000000 	16.5518789414
-5.50000000 -10.00000000 	16.5518789414
-5.50000000 -9.50000000 	16.5518789414
-5.50000000 -9.00000000 	16.5518789414
-5.50000000 -8.50000000 	16.5518789414
-5.50000000 -8.00000000 	16.5518789414
-5.50000000 -7.50000000 	16.5518789414
-5.50000000 -7.00000000 	16.5518789414
-5.50000000 -6.50000000 	16.5518789414
-5.50000000 -6.00000000 	16.5518789414
-5.50000000 -5.50000000 	16.5518789414
-5.50000000 -5.00000000 	16.5518789414
-5.50000000 -4.50000000 	16.5518789414
-5.50000000 -4.00000000 	16.5518789414
-5.50000000 -3.50000000 	16.5518789414
-5.50000000 -3.00000000 	16.5518789414
-5.50000000 -2.50000000 	16.5518789414
-5.50000000 -2.00000000 	16.5518789414
-5.50000000 -1.50000000 	16.5518789414
-5.50000000 -1.00000000 	16.5518789414
-5.50000000 -0.50000000 	16.5518789414
-5.50000000 0.00000000 	16.5518789414
-5.50000000 0.50000000 	16.5518789414
-5.50000000 1.00000000 	16.5518789414
-5.50000000 1.50000000 	16.5518789414
-5.50000000 2.00000000 	16.5518789414
-5.50000000 2.50000000 	16.5518789414
-5.50000000 3.00000000 	16.5518789414
-5.50000000 3.50000000 	16.5518789414
-5.50000000 4.00000000 	16.5518789414
-5.50000000 4.50000000 	16.5518789414
-5.50000000 5.00000000 	16.5518789414
-5.50000000 5.50000000 	16.5518789414
-5.50000000 6.00000000 	16.5518789414
-5.50000000 6.50000000 	16.5518789414
-5.50000000 7.00000000 	16.5518789414
-5.50000000 7.50000000 	16.5518789414
-5.50000000 8.00000000 	16.5518789414
-5.00000000 -12.00000000 	16.6998919755
-5.00000000 -11.50000000 	16.6998919755
-5.00000000 -11.00000000 	16.6998919755
-5.00000000 -10.50000000 	16.6998919755
-5.00000000 -10.00000000 	16.6998919755
-5.00000000 -9.50000000 	16.6998919755
-5.00000000 -9.00000000 	16.6998919755
-5.00000000 -8.50000000 	16.6998919755
-5.00000000 -8.00000000 	16.6998919755
-5.00000000 -7.50000000 	16.6998919755
-5.00000000 -7.00000000 	16.6998919755
-5.00000000 -6.50000000 	16.6998919755
-5.00000000 -6.00000000 	16.6998919755
-5.00000000 -5.50000000 	16.6998919755
-5.00000000 -5.00000000 	16.6998919755
-5.00000000 -4.50000000 	16.6998919755
-5.00000000 -4.00000000 	16.6998919755
-5.00000000 -3.50000000 	16.6998919755
-5.00000000 -3.00000000 	16.6998919755
-5.00000000 -2.50000000 	16.6998919755
-5.00000000 -2.00000000 	16.6998919755
-5.00000000 -1.50000000 	16.6998919755
-5.00000000 -1.00000000 	16.6998919755
-5.00000000 -0.50000000 	16.6998919755
-5.00000000 0.00000000 	16.6998919755
-5.00000000 0.50000000 	16.6998919755
-5.00000000 1.00000000 	16.6998919755
-5.00000000 1.50000000 	16.6998919755
-5.00000000 2.00000000 	16.6998919755
-5.00000000 2.50000000 	16.6998919755
-5.00000000 3.00000000 	16.6998919755
-5.00000000 3.50000000 	16.6998919755
-5.00000000 4.00000000 	16.6998919755
-5.00000000 4.50000000 	16.6998919755
-5.00000000 5.00000000 	16.6998919755
-5.00000000 5.50000000 	16.6998919755
-5.00000000 6.00000000 	16.6998919755
-5.00000000 6.50000000 	16.6998919755
-5.00000000 7.00000000 	16.6998919755
-5.00000000 7.50000000 	16.6998919755
-5.00000000 8.00000000 	16.6998919755
-4.50000000 -12.00000000 	13.3346009144
-4.50000000 -11.50000000 	13.3346009144
-4.50000000 -11.00000000 	13.3346009144
-4.50000000 -10.50000000 	13.3346009144
-4.50000000 -10.00000000 	13.3346009144
-4.50000000 -9.50000000 	13.3346009144
-4.50000000 -9.00000000 	13.3346009144
-4.50000000 -8.50000000 	13.3346009144
-4.50000000 -8.00000000 	13.3346009144
-4.50000000 -7.50000000 	13.3346009144
-4.50000000 -7.00000000 	13.3346009144
-4.50000000 -6.50000000 	13.3346009144
-4.50000000 -6.00000000 	13.3346009144
-4.50000000 -5.50000000 	13.3346009144
-4.50000000 -5.00000000 	13.3346009144
-4.50000000 -4.50000000 	13.3346009144
-4.50000000 -4.00000000 	13.3346009144
-4.50000000 -3.50000000 	13.3346009144
-4.50000000 -3.00000000 	13.3346009144
-4.50000000 -2.50000000 	13.3346009144
-4.50000000 -2.00000000 	13.3346009144
-4.50000000 -1.50000000 	13.3346009144
-4.50000000 -1.00000000 	13.3346009144
-4.50000000 -0.50000000 	13.3346009144
-4.50000000 0.00000000 	13.3346009144
-4.50000000 0.50000000 	13.3346009144
-4.50000000 1.00000000 	13.3346009144
-4.50000000 1.50000000 	13.3346009144
-4.50000000 2.00000000 	13.3346009144
-4.50000000 2.50000000 	13.3346009144
-4.50000000 3.00000000 	13.3346009144
-4.50000000 3.50000000 	13.3346009144
-4.50000000 4.00000000 	13.3346009144
-4.50000000 4.50000000 	13.3346009144
-4.50000000 5.00000000 	13.3346009144
-4.50000000 5.50000000 	13.3346009144
-4.50000000 6.00000000 	13.3346009144
-4.50000000 6.50000000 	13.3346009144
-4.50000000 7.00000000 	13.3346009144
-4.50000000 7.50000000 	13.3346009144
-4.50000000 8.00000000 	13.3346009144
-4.00000000 -12.00000000 	10.6426958446
-4.00000000 -11.50000000 	10.6426958446
-4.00000000 -11.00000000 	10.6426958446
-4.00000000 -10.50000000 	10.6426958446
-4.00000000 -10.00000000 	10.6426958446
-4.00000000 -9.50000000 	10.6426958446
-4.00000000 -9.00000000 	10.6426958446
-4.00000000 -8.50000000 	10.6426958446
-4.00000000 -8.00000000 	10.6426958446
-4.00000000 -7.50000000 	10.6426958446
-4.00000000 -7.00000000 	10.6426958446
-4.00000000 -6.50000000 	10.6426958446
-4.00000000 -6.00000000 	10.6426958446
-4.00000000 -5.50000000 	10.6426958446
-4.00000000 -5.00000000 	10.6426958446
-4.00000000 -4.50000000 	10.6426958446
-4.00000000 -4.00000000 	10.6426958446
-4.00000000 -3.50000000 	10.6426958446
-4.00000000 -3.00000000 	10.6426958446
-4.00000000 -2.50000000 	10.6426958446
-4.00000000 -2.00000000 	10.6426958446
-4.00000000 -1.50000000 	10.6426958446
-4.00000000 -1.00000000 	10.6426958446
-4.00000000 -0.50000000 	10.6426958446
-4.00000000 0.00000000 	10.6426958446
-4.00000000 0.50000000 	10.6426958446
-4.00000000 1.00000000 	10.6426958446
-4.00000000 1.50000000 	10.6426958446
-4.00000000 2.00000000 	10.6426958446
-4.00000000 2.50000000 	10.6426958446
-4.00000000 3.00000000 	10.6426958446
-4.00000000 3.50000000 	10.6426958446
-4.00000000 4.00000000 	10.6426958446
-4.00000000 4.50000000 	10.6426958446
-4.00000000 5.00000000 	10.6426958446
-4.00000000 5.50000000 	10.6426958446
-4.00000000 6.00000000 	10.6426958446
-4.00000000 6.50000000 	10.6426958446
-4.00000000 7.00000000 	10.6426958446
-4.00000000 7.50000000 	10.6426958446
-4.00000000 8.00000000 	10.6426958446
-3.50000000 -12.00000000 	10.0000000000
-3.50000000 -11.50000000 	10.0000000000
-3.50000000 -11.00000000 	10.0000000000
-3.50000000 -10.50000000 	10.0000000000
-3.50000000 -10.00000000 	10.0000000000
-3.50000000 -9.50000000 	10.0000000000
-3.50000000 -9.00000000 	10.0000000000
-3.50000000 -8.50000000 	10.0000000000
-3.50000000 -8.00000000 	10.0000000000
-3.50000000 -7.50000000 	10.0000000000
-3.50000000 -7.00000000 	10.0000000000
-3.50000000 -6.50000000 	10.0000000000
-3.50000000 -6.00000000 	10.0000000000
-3.50000000 -5.50000000 	10.0000000000
-3.50000000 -5.00000000 	10.0000000000
-3.50000000 -4.50000000 	10.0000000000
-3.50000000 -4.00000000 	10.0000000000
-3.50000000 -3.50000000 	10.0000000000
-3.50000000 -3.00000000 	10.0000000000
-3.50000000 -2.50000000 	10.0000000000
-3.50000000 -2.00000000 	10.0000000000
-3.50000000 -1.50000000 	10.0000000000
-3.50000000 -1.00000000 	10.0000000000
-3.50000000 -0.50000000 	10.0000000000
-3.50000000 0.00000000 	10.0000000000
-3.50000000 0.50000000 	10.0000000000
-3.50000000 1.00000000 	10.0000000000
-3.50000000 1.50000000 	10.0000000000
-3.50000000 2.00000000 	10.0000000000
-3.50000000 2.50000000 	10.0000000000
-3.50000000 3.00000000 	10.0000000000
-3.50000000 3.50000000 	10.0000000000
-3.50000000 4.00000000 	10.0000000000
-3.50000000 4.50000000 	10.0000000000
-3.50000000 5.00000000 	10.0000000000
-3.50000000 5.50000000 	10.0000000000
-3.50000000 6.00000000 	10.0000000000
-3.50000000 6.50000000 	10.0000000000
-3.50000000 7.00000000 	10.0000000000
-3.50000000 7.50000000 	10.0000000000
-3.50000000 8.00000000 	10.0000000000
-3.00000000 -12.00000000 	10.0000000000
-3.00000000 -11.50000000 	10.0000000000
-3.00000000 -11.00000000 	10.0000000000
-3.00000000 -10.50000000 	10.0000000000
-3.00000000 -10.00000000 	10.0000000000
-3.00000000 -9.50000000 	10.0000000000
-3.00000000 -9.00000000 	10.0000000000
-3.00000000 -8.50000000 	10.0000000000
-3.00000000 -8.00000000 	10.0000000000
-3.00000000 -7.50000000 	10.0000000000
-3.00000000 -7.00000000 	10.0000000000
-3.00000000 -6.50000000 	10.0000000000
-3.00000000 -6.00000000 	10.0000000000
-3.00000000 -5.50000000 	10.0000000000
-3.00000000 -5.00000000 	10.0000000000
-3.00000000 -4.50000000 	10.0000000000
-3.00000000 -4.00000000 	10.0000000000
-3.00000000 -3.50000000 	10.0000000000
-3.00000000 -3.00000000 	10.0000000000
-3.00000000 -2.50000000 	10.0000000000
-3.00000000 -2.00000000 	10.0000000000
-3.00000000 -1.50000000 	10.0000000000
-3.00000000 -1.00000000 	10.0000000000
-3.00000000 -0.50000000 	10.0000000000
-3.00000000 0.00000000 	10.0000000000
-3.00000000 0.50000000 	10.0000000000
-3.00000000 1.00000000 	10.0000000000
-3.00000000 1.50000000 	10.0000000000
-3.00000000 2.00000000 	10.0000000000
-3.00000000 2.50000000 	10.0000000000
-3.00000000 3.00000000 	10.0000000000
-3.00000000 3.50000000 	10.0000000000
-3.00000000 4.00000000 	10.0000000000
-3.00000000 4.50000000 	10.0000000000
-3.00000000 5.00000000 	10.0000000000
-3.00000000 5.50000000 	10.0000000000
-3.00000000 6.00000000 	10.0000000000
-3.00000000 6.50000000 	10.0000000000
-3.00000000 7.00000000 	10.0000000000
-3.00000000 7.50000000 	10.0000000000
-3.00000000 8.00000000 	10.0000000000
-2.50000000 -12.00000000 	10.0000000000
-2.50000000 -11.50000000 	10.0000000000
-2.50000000 -11.00000000 	10.0000000000
-2.50000000 -10.50000000 	10.0000000000
-2.50000000 -10.00000000 	10.0000000000
-2.50000000 -9.50000000 	10.0000000000
-2.50000000 -9.00000000 	10.0000000000
-2.50000000 -8.50000000 	10.0000000000
-2.50000000 -8.00000000 	10.0000000000
-2.50000000 -7.50000000 	10.0000000000
-2.50000000 -7.00000000 	10.0000000000
-2.50000000 -6.50000000 	10.0000000000
-2.50000000 -6.00000000 	10.0000000000
-2.50000000 -5.50000000 	10.0000000000
-2.50000000 -5.00000000 	10.0000000000
-2.50000000 -4.50000000 	10.0000000000
-2.50000000 -4.00000000 	10.0000000000
-2.50000000 -3.50000000 	10.0000000000
-2.50000000 -3.00000000 	10.0000000000
-2.50000000 -2.50000000 	10.0000000000
-2.50000000 -2.00000000 	10.0000000000
-2.50000000 -1.50000000 	10.0000000000
-2.50000000 -1.00000000 	10.0000000000
-2.50000000 -0.50000000 	10.0000000000
-2.50000000 0.00000000 	9.9687288649
-2.50000000 0.50000000 	9.9687288649
-2.50000000 1.00000000 	9.9687288649
-2.50000000 1.50000000 	9.9687288649
-2.50000000 2.00000000 	9.9687288649
-2.50000000 2.50000000 	9.9687288649
-2.50000000 3.00000000 	10.0000000000
-2.50000000 3.50000000 	10.0000000000
-2.50000000 4.00000000 	10.0000000000
-2.50000000 4.50000000 	10.0000000000
-2.50000000 5.00000000 	10.0000000000
-2.50000000 5.50000000 	10.0000000000
-2.50000000 6.00000000 	10.0000000000
-2.50000000 6.50000000 	10.0000000000
-2.50000000 7.00000000 	10.0000000000
-2.50000000 7.50000000 	10.0000000000
-2.50000000 8.00000000 	10.0000000000
-2.00000000 -12.00000000 	10.0000000000
-2.00000000 -11.50000000 	10.0000000000
-2.00000000 -11.00000000 	10.0000000000
-2.00000000 -10.50000000 	10.0000000000
-2.00000000 -10.00000000 	10.0000000000
-2.00000000 -9.50000000 	10.0000000000
-2.00000000 -9.00000000 	10.0000000000
-2.00000000 -8.50000000 	10.0000000000
-2.00000000 -8.00000000 	10.0000000000
-2.00000000 -7.50000000 	10.0000000000
-2.00000000 -7.00000000 	10.0000000000
-2.00000000 -6.50000000 	10.0000000000
-2.00000000 -6.00000000 	10.0000000000
-2.00000000 -5.50000000 	10.0000000000
-2.00000000 -5.00000000 	10.0000000000
-2.00000000 -4.50000000 	10.0000000000
-2.00000000 -4.00000000 	10.0000000000
-2.00000000 -3.50000000 	10.0000000000
-2.00000000 -3.00000000 	10.0000000000
-2.00000000 -2.50000000 	10.0000000000
-2.00000000 -2.00000000 	10.0000000000
-2.00000000 -1.50000000 	10.0000000000
-2.00000000 -1.00000000 	10.0000000000
-2.00000000 -0.50000000 	9.8749578974
-2.00000000 0.00000000 	9.8749578974
-2.00000000 0.50000000 	9.7811871031
-2.00000000 1.00000000 	9.7811871031
-2.00000000 1.50000000 	9.7811871031
-2.00000000 2.00000000 	9.7811871031
-2.00000000 2.50000000 	9.8749578974
-2.00000000 3.00000000 	9.8749578974
-2.00000000 3.50000000 	10.0000000000
-2.00000000 4.00000000 	10.0000000000
-2.00000000 4.50000000 	10.0000000000
-2.00000000 5.00000000 	10.0000000000
-2.00000000 5.50000000 	10.0000000000
-2.00000000 6.00000000 	10.0000000000
-2.00000000 6.50000000 	10.0000000000
-2.00000000 7.00000000 	10.0000000000
-2.00000000 7.50000000 	10.0000000000
-2.00000000 8.00000000 	10.0000000000
-1.50000000 -12.00000000 	10.0000000000
-1.50000000 -11.50000000 	10.0000000000
-1.50000000 -11.00000000 	10.0000000000
-1.50000000 -10.50000000 	10.0000000000
-1.50000000 -10.00000000 	10.0000000000
-1.50000000 -9.50000000 	10.0000000000
-1.50000000 -9.00000000 	10.0000000000
-1.50000000 -8.50000000 	10.0000000000
-1.50000000 -8.00000000 	10.0000000000
-1.50000000 -7.50000000 	10.0000000000
-1.50000000 -7.00000000 	10.0000000000
-1.50000000 -6.50000000 	10.0000000000
-1.50000000 -6.00000000 	10.0000000000
-1.50000000 -5.50000000 	10.0000000000
-1.50000000 -5.00000000 	10.0000000000
-1.50000000 -4.50000000 	10.0000000000
-1.50000000 -4.00000000 	10.0000000000
-1.50000000 -3.50000000 	10.0000000000
-1.50000000 -3.00000000 	10.0000000000
-1.50000000 -2.50000000 	10.0000000000
-1.50000000 -2.00000000 	10.0000000000
-1.50000000 -1.50000000 	10.0000000000
-1.50000000 -1.00000000 	9.7811867624
-1.50000000 -0.50000000 	9.7811867624
-1.50000000 0.00000000 	9.4062298932
-1.50000000 0.50000000 	9.4062298932
-1.50000000 1.00000000 	9.3124587582
-1.50000000 1.50000000 	9.3124587582
-1.50000000 2.00000000 	9.4062298932
-1.50000000 2.50000000 	9.4062298932
-1.50000000 3.00000000 	9.7811867624
-1.50000000 3.50000000 	9.7811867624
-1.50000000 4.00000000 	10.0000000000
-1.50000000 4.50000000 	10.0000000000
-1.50000000 5.00000000 	10.0000000000
-1.50000000 5.50000000 	10.0000000000
-1.50000000 6.00000000 	10.0000000000
-1.50000000 6.50000000 	10.0000000000
-1.50000000 7.00000000 	10.0000000000
-1.50000000 7.50000000 	10.0000000000
-1.50000000 8.00000000 	10.0000000000
-1.00000000 -12.00000000 	10.0000000000
-1.00000000 -11.50000000 	10.0000000000
-1.00000000 -11.00000000 	10.0000000000
-1.00000000 -10.50000000 	10.0000000000
-1.00000000 -10.00000000 	10.0000000000
-1.00000000 -9.50000000 	10.0000000000
-1.00000000 -9.00000000 	10.0000000000
-1.00000000 -8.50000000 	10.0000000000
-1.00000000 -8.00000000 	10.0000000000
-1.00000000 -7.50000000 	10.0000000000
-1.00000000 -7.00000000 	10.0000000000
-1.00000000 -6.50000000 	10.0000000000
-1.00000000 -6.00000000 	10.0000000000
-1.00000000 -5.50000000 	10.0000000000
-1.00000000 -5.00000000 	10.0000000000
-1.00000000 -4.50000000 	10.0000000000
-1.00000000 -4.00000000 	10.0000000000
-1.00000000 -3.50000000 	10.0000000000
-1.00000000 -3.00000000 	10.0000000000
-1.00000000 -2.50000000 	10.0000000000
-1.00000000 -2.00000000 	10.0000000000
-1.00000000 -1.50000000 	9.7811867624
-1.00000000 -1.00000000 	9.7499157949
-1.00000000 -0.50000000 	9.0937720013
-1.00000000 0.00000000 	9.0937720013
-1.00000000 0.50000000 	8.7188130762
-1.00000000 1.00000000 	8.7188130762
-1.00000000 1.50000000 	8.7188130762
-1.00000000 2.00000000 	8.7188130762
-1.00000000 2.50000000 	9.0937720013
-1.00000000 3.00000000 	9.0937720013
-1.00000000 3.50000000 	9.7499157949
-1.00000000 4.00000000 	9.7499157949
-1.00000000 4.50000000 	10.0000000000
-1.00000000 5.00000000 	10.0000000000
-1.00000000 5.50000000 	10.0000000000
-1.00000000 6.00000000 	10.0000000000
-1.00000000 6.50000000 	10.0000000000
-1.00000000 7.00000000 	10.0000000000
-1.00000000 7.50000000 	10.0000000000
-1.00000000 8.00000000 	10.0000000000
-0.50000000 -12.00000000 	10.0000000000
-0.50000000 -11.50000000 	10.0000000000
-0.50000000 -11.00000000 	10.0000000000
-0.50000000 -10.50000000 	10.0000000000
-0.50000000 -10.00000000 	10.0000000000
-0.50000000 -9.50000000 	10.0000000000
-0.50000000 -9.00000000 	10.0000000000
-0.50000000 -8.50000000 	10.0000000000
-0.50000000 -8.00000000 	10.0000000000
-0.50000000 -7.50000000 	10.0000000000
-0.50000000 -7.00000000 	10.0000000000
-0.50000000 -6.50000000 	10.0000000000
-0.50000000 -6.00000000 	10.0000000000
-0.50000000 -5.50000000 	10.0000000000
-0.50000000 -5.00000000 	10.0000000000
-0.50000000 -4.50000000 	10.0000000000
-0.50000000 -4.00000000 	10.0000000000
-0.50000000 -3.50000000 	10.0000000000
-0.50000000 -3.00000000 	10.0000000000
-0.50000000 -2.50000000 	10.0000000000
-0.50000000 -2.00000000 	9.8749578974
-0.50000000 -1.50000000 	9.7499157949
-0.50000000 -1.00000000 	9.0937720013
-0.50000000 -0.50000000 	9.0000013861
-0.50000000 0.00000000 	8.3438537865
-0.50000000 0.50000000 	8.3438537865
-0.50000000 1.00000000 	8.2188123769
-0.50000000 1.50000000 	8.2188123769
-0.50000000 2.00000000 	8.3438537865
-0.50000000 2.50000000 	8.3438537865
-0.50000000 3.00000000 	9.0000013861
-0.50000000 3.50000000 	9.0000013861
-0.50000000 4.00000000 	9.7499157949
-0.50000000 4.50000000 	9.7811867624
-0.50000000 5.00000000 	10.0000000000
-0.50000000 5.50000000 	10.0000000000
-0.50000000 6.00000000 	10.0000000000
-0.50000000 6.50000000 	10.0000000000
-0.50000000 7.00000000 	10.0000000000
-0.50000000 7.50000000 	10.0000000000
-0.50000000 8.00000000 	10.0000000000
0.00000000 -12.00000000 	10.0000000000
0.00000000 -11.50000000 	10.0000000000
0.00000000 -11.00000000 	10.0000000000
0.00000000 -10.50000000 	10.0000000000
0.00000000 -10.00000000 	10.0000000000
0.00000000 -9.50000000 	10.0000000000
0.00000000 -9.00000000 	10.0000000000
0.00000000 -8.50000000 	10.0000000000
0.00000000 -8.00000000 	10.0000000000
0.00000000 -7.50000000 	10.0000000000
0.00000000 -7.00000000 	10.0000000000
0.00000000 -6.50000000 	10.0000000000
0.00000000 -6.00000000 	10.0000000000
0.00000000 -5.50000000 	10.0000000000
0.00000000 -5.00000000 	10.0000000000
0.00000000 -4.50000000 	10.0000000000
0.00000000 -4.00000000 	10.0000000000
0.00000000 -3.50000000 	10.0000000000
0.00000000 -3.00000000 	10.0000000000
0.00000000 -2.50000000 	9.9687288649
0.00000000 -2.00000000 	9.7811867624
0.00000000 -1.50000000 	9.3749589258
0.00000000 -1.00000000 	9.0000013861
0.00000000 -0.50000000 	8.3438537865
0.00000000 0.00000000 	8.2500828190
0.00000000 0.50000000 	8.0312706151
0.00000000 1.00000000 	8.0312706151
0.00000000 1.50000000 	8.0312706151
0.00000000 2.00000000 	8.0312706151
0.00000000 2.50000000 	8.2500828190
0.00000000 3.00000000 	8.2500828190
0.00000000 3.50000000 	9.0000013861
0.00000000 4.00000000 	9.0937720013
0.00000000 4.50000000 	9.7811867624
0.00000000 5.00000000 	9.8749578974
0.00000000 5.50000000 	10.0000000000
0.00000000 6.00000000 	10.0000000000
0.00000000 6.50000000 	10.0000000000
0.00000000 7.00000000 	10.0000000000
0.00000000 7.50000000 	10.0000000000
0.00000000 8.00000000 	10.0000000000
0.50000000 -12.00000000 	10.0000000000
0.50000000 -11.50000000 	10.0000000000
0.50000000 -11.00000000 	10.0000000000
0.50000000 -10.50000000 	10.0000000000
0.50000000 -10.00000000 	10.0000000000
0.50000000 -9.50000000 	10.0000000000
0.50000000 -9.00000000 	10.0000000000
0.50000000 -8.50000000 	10.0000000000
0.50000000 -8.00000000 	10.0000000000
0.50000000 -7.50000000 	10.0000000000
0.50000000 -7.00000000 	10.0000000000
0.50000000 -6.50000000 	10.0000000000
0.50000000 -6.00000000 	10.0000000000
0.50000000 -5.50000000 	10.0000000000
0.50000000 -5.00000000 	10.0000000000
0.50000000 -4.50000000 	10.0000000000
0.50000000 -4.00000000 	10.0000000000
0.50000000 -3.50000000 	10.0000000000
0.50000000 -3.00000000 	10.0000000000
0.50000000 -2.50000000 	9.8749578974
0.50000000 -2.00000000 	9.6874159681
0.50000000 -1.50000000 	9.0937720013
0.50000000 -1.00000000 	8.6250424610
0.50000000 -0.50000000 	8.2500828190
0.50000000 0.00000000 	8.0312706151
0.50000000 0.50000000 	8.0000000000
0.50000000 1.00000000 	8.0000000000
0.50000000 1.50000000 	8.0000000000
0.50000000 2.00000000 	8.0000000000
0.50000000 2.50000000 	8.0000000000
0.50000000 3.00000000 	8.2500828190
0.50000000 3.50000000 	8.3438537865
0.50000000 4.00000000 	9.0937720013
0.50000000 4.50000000 	9.4062298932
0.50000000 5.00000000 	9.8749578974
0.50000000 5.50000000 	9.9687288649
0.50000000 6.00000000 	10.0000000000
0.50000000 6.50000000 	10.0000000000
0.50000000 7.00000000 	10.0000000000
0.50000000 7.50000000 	10.0000000000
0.50000000 8.00000000 	10.0000000000
1.00000000 -12.00000000 	10.0000000000
1.00000000 -11.50000000 	10.0000000000
1.00000000 -11.00000000 	10.0000000000
1.00000000 -10.50000000 	10.0000000000
1.00000000 -10.00000000 	10.0000000000
1.00000000 -9.50000000 	10.0000000000
1.00000000 -9.00000000 	10.0000000000
1.00000000 -8.50000000 	10.0000000000
1.00000000 -8.00000000 	10.0000000000
1.00000000 -7.50000000 	10.0000000000
1.00000000 -7.00000000 	10.0000000000
1.00000000 -6.50000000 	10.0000000000
1.00000000 -6.00000000 	10.0000000000
1.00000000 -5.50000000 	10.0000000000
1.00000000 -5.00000000 	10.0000000000
1.00000000 -4.50000000 	10.0000000000
1.00000000 -4.00000000 	10.0000000000
1.00000000 -3.50000000 	10.0000000000
1.00000000 -3.00000000 	9.9687288649
1.00000000 -2.50000000 	9.8749578974
1.00000000 -2.00000000 	9.4062298932
1.00000000 -1.50000000 	9.0000008663
1.00000000 -1.00000000 	8.3438537865
1.00000000 -0.50000000 	8.1250414094
1.00000000 0.00000000 	8.0000000000
1.00000000 0.50000000 	8.0000000000
1.00000000 1.00000000 	8.0000000000
1.00000000 1.50000000 	8.0000000000
1.00000000 2.00000000 	8.0000000000
1.00000000 2.50000000 	8.0000000000
1.00000000 3.00000000 	8.0312706151
1.00000000 3.50000000 	8.3438537865
1.00000000 4.00000000 	8.7188130762
1.00000000 4.50000000 	9.4062298932
1.00000000 5.00000000 	9.7811871031
1.00000000 5.50000000 	9.9687288649
1.00000000 6.00000000 	10.0000000000
1.00000000 6.50000000 	10.0000000000
1.00000000 7.00000000 	10.0000000000
1.00000000 7.50000000 	10.0000000000
1.00000000 8.00000000 	10.0000000000
1.50000000 -12.00000000 	10.0000000000
1.50000000 -11.50000000 	10.0000000000
1.50000000 -11.00000000 	10.0000000000
1.50000000 -10.50000000 	10.0000000000
1.50000000 -10.00000000 	10.0000000000
1.50000000 -9.50000000 	10.0000000000
1.50000000 -9.00000000 	10.0000000000
1.50000000 -8.50000000 	10.0000000000
1.50000000 -8.00000000 	10.0000000000
1.50000000 -7.50000000 	10.0000000000
1.50000000 -7.00000000 	10.0000000000
1.50000000 -6.50000000 	10.0000000000
1.50000000 -6.00000000 	10.0000000000
1.50000000 -5.50000000 	10.0000000000
1.50000000 -5.00000000 	10.0000000000
1.50000000 -4.50000000 	10.0000000000
1.50000000 -4.00000000 	10.0000000000
1.50000000 -3.50000000 	10.0000000000
1.50000000 -3.00000000 	9.9687288649
1.50000000 -2.50000000 	9.7811871031
1.50000000 -2.00000000 	9.4062298932
1.50000000 -1.50000000 	8.7188130762
1.50000000 -1.00000000 	8.3125829921
1.50000000 -0.50000000 	8.0312706151
1.50000000 0.00000000 	8.0000000000
1.50000000 0.50000000 	8.0000000000
1.50000000 1.00000000 	8.0000000000
1.50000000 1.50000000 	8.0000000000
1.50000000 2.00000000 	8.0000000000
1.50000000 2.50000000 	8.0000000000
1.50000000 3.00000000 	8.0312706151
1.50000000 3.50000000 	8.2188123769
1.50000000 4.00000000 	8.7188130762
1.50000000 4.50000000 	9.3124587582
1.50000000 5.00000000 	9.7811871031
1.50000000 5.50000000 	9.9687288649
1.50000000 6.00000000 	10.0000000000
1.50000000 6.50000000 	10.0000000000
1.50000000 7.00000000 	10.0000000000
1.50000000 7.50000000 	10.0000000000
1.50000000 8.00000000 	10.0000000000
2.00000000 -12.00000000 	10.0000000000
2.00000000 -11.50000000 	10.0000000000
2.00000000 -11.00000000 	10.0000000000
2.00000000 -10.50000000 	10.0000000000
2.00000000 -10.00000000 	10.0000000000
2.00000000 -9.50000000 	10.0000000000
2.00000000 -9.00000000 	10.0000000000
2.00000000 -8.50000000 	10.0000000000
2.00000000 -8.00000000 	10.0000000000
2.00000000 -7.50000000 	10.0000000000
2.00000000 -7.00000000 	10.0000000000
2.00000000 -6.50000000 	10.0000000000
2.00000000 -6.00000000 	10.0000000000
2.00000000 -5.50000000 	10.0000000000
2.00000000 -5.00000000 	10.0000000000
2.00000000 -4.50000000 	10.0000000000
2.00000000 -4.00000000 	10.0000000000
2.00000000 -3.50000000 	10.0000000000
2.00000000 -3.00000000 	9.9687288649
2.00000000 -2.50000000 	9.7811871031
2.00000000 -2.00000000 	9.3124587582
2.00000000 -1.50000000 	8.7188130762
2.00000000 -1.00000000 	8.2188123769
2.00000000 -0.50000000 	8.0312706151
2.00000000 0.00000000 	8.0000000000
2.00000000 0.50000000 	8.0000000000
2.00000000 1.00000000 	8.0000000000
2.00000000 1.50000000 	8.0000000000
2.00000000 2.00000000 	8.0000000000
2.00000000 2.50000000 	8.0000000000
2.00000000 3.00000000 	8.0312706151
2.00000000 3.50000000 	8.2188123769
2.00000000 4.00000000 	8.6875422818
2.00000000 4.50000000 	9.3124587582
2.00000000 5.00000000 	9.7811871031
2.00000000 5.50000000 	9.9687288649
2.00000000 6.00000000 	10.0000000000
2.00000000 6.50000000 	10.0000000000
2.00000000 7.00000000 	10.0000000000
2.00000000 7.50000000 	10.0000000000
2.00000000 8.00000000 	10.0000000000
