-8.00000000 -12.00000000 	800.0000000000
-8.00000000 -11.50000000 	800.0000000000
-8.00000000 -11.00000000 	800.0000000000
-8.00000000 -10.50000000 	800.0000000000
-8.00000000 -10.00000000 	799.5642846631
-8.00000000 -9.50000000 	796.8432094346
-8.00000000 -9.00000000 	789.6626851887
-8.00000000 -8.50000000 	779.7332876583
-8.00000000 -8.00000000 	773.4749683544
-8.00000000 -7.50000000 	775.5806963041
-8.00000000 -7.00000000 	783.7970739139
-8.00000000 -6.50000000 	792.2038177601
-8.00000000 -6.00000000 	797.3114679352
-8.00000000 -5.50000000 	799.3620343616
-8.00000000 -5.00000000 	799.9060844647
-8.00000000 -4.50000000 	799.9935190012
-8.00000000 -4.00000000 	800.0000000000
-8.00000000 -3.50000000 	800.0000000000
-8.00000000 -3.00000000 	800.0000000000
-8.00000000 -2.50000000 	800.0000000000
-8.00000000 -2.00000000 	800.0000000000
-8.00000000 -1.50000000 	800.0000000000
-8.00000000 -1.00000000 	800.0000000000
-8.00000000 -0.50000000 	800.0000000000
-8.00000000 0.00000000 	800.0000000000
-8.00000000 0.50000000 	800.0000000000
-8.00000000 1.00000000 	800.0000000000
-8.00000000 1.50000000 	800.0000000000
-8.00000000 2.00000000 	800.0000000000
-8.00000000 2.50000000 	800.0000000000
-8.00000000 3.00000000 	800.0000000000
-8.00000000 3.50000000 	800.0000000000
-8.00000000 4.00000000 	800.0000000000
-8.00000000 4.50000000 	800.0000000000
-8.00000000 5.00000000 	800.0000000000
-8.00000000 5.50000000 	800.0000000000
-8.00000000 6.00000000 	800.0000000000
-8.00000000 6.50000000 	800.0000000000
-8.00000000 7.00000000 	800.0000000000
-8.00000000 7.50000000 	800.0000000000
-8.00000000 8.00000000 	800.0000000000
-7.50000000 -12.00000000 	800.0000000000
-7.50000000 -11.50000000 	800.0000000000
-7.50000000 -11.00000000 	800.0000000000
-7.50000000 -10.50000000 	800.0000000000
-7.50000000 -10.00000000 	799.6759164643
-7.50000000 -9.50000000 	797.5406786541
-7.50000000 -9.00000000 	791.4384059785
-7.50000000 -8.50000000 	781.7842394049
-7.50000000 -8.00000000 	773.3854303963
-7.50000000 -7.50000000 	771.5954894778
-7.50000000 -7.00000000 	777.0798101151
-7.50000000 -6.50000000 	785.8053992074
-7.50000000 -6.00000000 	793.2822790475
-7.50000000 -5.50000000 	797.6366062258
-7.50000000 -5.00000000 	799.4173596878
-7.50000000 -4.50000000 	799.9103077206
-7.50000000 -4.00000000 	799.9935190012
-7.50000000 -3.50000000 	800.0000000000
-7.50000000 -3.00000000 	800.0000000000
-7.50000000 -2.50000000 	800.0000000000
-7.50000000 -2.00000000 	800.0000000000
-7.50000000 -1.50000000 	800.0000000000
-7.50000000 -1.00000000 	800.0000000000
-7.50000000 -0.50000000 	800.0000000000
-7.50000000 0.00000000 	800.0000000000
-7.50000000 0.50000000 	800.0000000000
-7.50000000 1.00000000 	800.0000000000
-7.50000000 1.50000000 	800.0000000000
-7.50000000 2.00000000 	800.0000000000
-7.50000000 2.50000000 	800.0000000000
-7.50000000 3.00000000 	800.0000000000
-7.50000000 3.50000000 	800.0000000000
-7.50000000 4.00000000 	800.0000000000
-7.50000000 4.50000000 	800.0000000000
-7.50000000 5.00000000 	800.0000000000
-7.50000000 5.50000000 	800.0000000000
-7.50000000 6.00000000 	800.0000000000
-7.50000000 6.50000000 	800.0000000000
-7.50000000 7.00000000 	800.0000000000
-7.50000000 7.50000000 	800.0000000000
-7.50000000 8.00000000 	800.0000000000
-7.00000000 -12.00000000 	800.0000000000
-7.00000000 -11.50000000 	800.0000000000
-7.00000000 -11.00000000 	800.0000000000
-7.00000000 -10.50000000 	800.0000000000
-7.00000000 -10.00000000 	799.8374039202
-7.00000000 -9.50000000 	798.6548059896
-7.00000000 -9.00000000 	794.7767449999
-7.00000000 -8.50000000 	787.2705197343
-7.00000000 -8.00000000 	778.0658620615
-7.00000000 -7.50000000 	771.5693736873
-7.00000000 -7.00000000 	771.3728990427
-7.00000000 -6.50000000 	777.3410885772
-7.00000000 -6.00000000 	785.9610958764
-7.00000000 -5.50000000 	793.3172260763
-7.00000000 -5.00000000 	797.6395791324
-7.00000000 -4.50000000 	799.4173596878
-7.00000000 -4.00000000 	799.9103077206
-7.00000000 -3.50000000 	799.9935190012
-7.00000000 -3.00000000 	800.0000000000
-7.00000000 -2.50000000 	800.0000000000
-7.00000000 -2.00000000 	800.0000000000
-7.00000000 -1.50000000 	800.0000000000
-7.00000000 -1.00000000 	800.0000000000
-7.00000000 -0.50000000 	800.0000000000
-7.00000000 0.00000000 	800.0000000000
-7.00000000 0.50000000 	800.0000000000
-7.00000000 1.00000000 	800.0000000000
-7.00000000 1.50000000 	800.0000000000
-7.00000000 2.00000000 	800.0000000000
-7.00000000 2.50000000 	800.0000000000
-7.00000000 3.00000000 	800.0000000000
-7.00000000 3.50000000 	800.0000000000
-7.00000000 4.00000000 	800.0000000000
-7.00000000 4.50000000 	800.0000000000
-7.00000000 5.00000000 	800.0000000000
-7.00000000 5.50000000 	800.0000000000
-7.00000000 6.00000000 	800.0000000000
-7.00000000 6.50000000 	800.0000000000
-7.00000000 7.00000000 	800.0000000000
-7.00000000 7.50000000 	800.0000000000
-7.00000000 8.00000000 	800.0000000000
-6.50000000 -12.00000000 	800.0000000000
-6.50000000 -11.50000000 	800.0000000000
-6.50000000 -11.00000000 	800.0000000000
-6.50000000 -10.50000000 	800.0000000000
-6.50000000 -10.00000000 	799.9514891914
-6.50000000 -9.50000000 	799.5309370961
-6.50000000 -9.00000000 	797.8168052835
-6.50000000 -8.50000000 	793.4875356549
-6.50000000 -8.00000000 	786.0649339781
-6.50000000 -7.50000000 	777.3873743056
-6.50000000 -7.00000000 	771.3695518413
-6.50000000 -6.50000000 	771.3633494371
-6.50000000 -6.00000000 	777.3510540742
-6.50000000 -5.50000000 	785.9628557871
-6.50000000 -5.00000000 	793.3172260763
-6.50000000 -4.50000000 	797.6395791324
-6.50000000 -4.00000000 	799.4173596878
-6.50000000 -3.50000000 	799.9103077206
-6.50000000 -3.00000000 	799.9935190012
-6.50000000 -2.50000000 	800.0000000000
-6.50000000 -2.00000000 	800.0000000000
-6.50000000 -1.50000000 	800.0000000000
-6.50000000 -1.00000000 	800.0000000000
-6.50000000 -0.50000000 	800.0000000000
-6.50000000 0.00000000 	800.0000000000
-6.50000000 0.50000000 	800.0000000000
-6.50000000 1.00000000 	800.0000000000
-6.50000000 1.50000000 	800.0000000000
-6.50000000 2.00000000 	800.0000000000
-6.50000000 2.50000000 	800.0000000000
-6.50000000 3.00000000 	800.0000000000
-6.50000000 3.50000000 	800.0000000000
-6.50000000 4.00000000 	800.0000000000
-6.50000000 4.50000000 	800.0000000000
-6.50000000 5.00000000 	800.0000000000
-6.50000000 5.50000000 	800.0000000000
-6.50000000 6.00000000 	800.0000000000
-6.50000000 6.50000000 	800.0000000000
-6.50000000 7.00000000 	800.0000000000
-6.50000000 7.50000000 	800.0000000000
-6.50000000 8.00000000 	800.0000000000
-6.00000000 -12.00000000 	800.0000000000
-6.00000000 -11.50000000 	800.0000000000
-6.00000000 -11.00000000 	800.0000000000
-6.00000000 -10.50000000 	800.0000000000
-6.00000000 -10.00000000 	799.9935190012
-6.00000000 -9.50000000 	799.9103077206
-6.00000000 -9.00000000 	799.4173596878
-6.00000000 -8.50000000 	797.6395791324
-6.00000000 -8.00000000 	793.3172260763
-6.00000000 -7.50000000 	785.9628557871
-6.00000000 -7.00000000 	777.3510540742
-6.00000000 -6.50000000 	771.3629948458
-6.00000000 -6.00000000 	771.3629948458
-6.00000000 -5.50000000 	777.3510540742
-6.00000000 -5.00000000 	785.9628557871
-6.00000000 -4.50000000 	793.3172260763
-6.00000000 -4.00000000 	797.6395791324
-6.00000000 -3.50000000 	799.4173596878
-6.00000000 -3.00000000 	799.9103077206
-6.00000000 -2.50000000 	799.9935190012
-6.00000000 -2.00000000 	800.0000000000
-6.00000000 -1.50000000 	800.0000000000
-6.00000000 -1.00000000 	800.0000000000
-6.00000000 -0.50000000 	800.0000000000
-6.00000000 0.00000000 	800.0000000000
-6.00000000 0.50000000 	800.0000000000
-6.00000000 1.00000000 	800.0000000000
-6.00000000 1.50000000 	800.0000000000
-6.00000000 2.00000000 	800.0000000000
-6.00000000 2.50000000 	800.0000000000
-6.00000000 3.00000000 	800.0000000000
-6.00000000 3.50000000 	800.0000000000
-6.00000000 4.00000000 	800.0000000000
-6.00000000 4.50000000 	800.0000000000
-6.00000000 5.00000000 	800.0000000000
-6.00000000 5.50000000 	800.0000000000
-6.00000000 6.00000000 	800.0000000000
-6.00000000 6.50000000 	800.0000000000
-6.00000000 7.00000000 	800.0000000000
-6.00000000 7.50000000 	800.0000000000
-6.00000000 8.00000000 	800.0000000000
-5.50000000 -12.00000000 	800.0000000000
-5.50000000 -11.50000000 	800.0000000000
-5.50000000 -11.00000000 	800.0000000000
-5.50000000 -10.50000000 	800.0000000000
-5.50000000 -10.00000000 	800.0000000000
-5.50000000 -9.50000000 	799.9935190012
-5.50000000 -9.00000000 	799.9103077206
-5.50000000 -8.50000000 	799.4173596878
-5.50000000 -8.00000000 	797.6395791324
-5.50000000 -7.50000000 	793.3172260763
-5.50000000 -7.00000000 	785.9628557871
-5.50000000 -6.50000000 	777.3510540742
-5.50000000 -6.00000000 	771.3629948458
-5.50000000 -5.50000000 	771.3629948458
-5.50000000 -5.00000000 	777.3510540742
-5.50000000 -4.50000000 	785.9628557871
-5.50000000 -4.00000000 	793.3172260763
-5.50000000 -3.50000000 	797.6395791324
-5.50000000 -3.00000000 	799.4173596878
-5.50000000 -2.50000000 	799.9103077206
-5.50000000 -2.00000000 	799.9935190012
-5.50000000 -1.50000000 	800.0000000000
-5.50000000 -1.00000000 	800.0000000000
-5.50000000 -0.50000000 	800.0000000000
-5.50000000 0.00000000 	800.0000000000
-5.50000000 0.50000000 	800.0000000000
-5.50000000 1.00000000 	800.0000000000
-5.50000000 1.50000000 	800.0000000000
-5.50000000 2.00000000 	800.0000000000
-5.50000000 2.50000000 	800.0000000000
-5.50000000 3.00000000 	800.0000000000
-5.50000000 3.50000000 	800.0000000000
-5.50000000 4.00000000 	800.0000000000
-5.50000000 4.50000000 	800.0000000000
-5.50000000 5.00000000 	800.0000000000
-5.50000000 5.50000000 	800.0000000000
-5.50000000 6.00000000 	800.0000000000
-5.50000000 6.50000000 	800.0000000000
-5.50000000 7.00000000 	800.0000000000
-5.50000000 7.50000000 	800.0000000000
-5.50000000 8.00000000 	800.0000000000
-5.00000000 -12.00000000 	800.0000000000
-5.00000000 -11.50000000 	800.0000000000
-5.00000000 -11.00000000 	800.0000000000
-5.00000000 -10.50000000 	800.0000000000
-5.00000000 -10.00000000 	800.0000000000
-5.00000000 -9.50000000 	800.0000000000
-5.00000000 -9.00000000 	799.9935190012
-5.00000000 -8.50000000 	799.9103077206
-5.00000000 -8.00000000 	799.4173596878
-5.00000000 -7.50000000 	797.6395791324
-5.00000000 -7.00000000 	793.3172260763
-5.00000000 -6.50000000 	785.9628557871
-5.00000000 -6.00000000 	777.3510540742
-5.00000000 -5.50000000 	771.3629948458
-5.00000000 -5.00000000 	771.3629948458
-5.00000000 -4.50000000 	777.3510540742
-5.00000000 -4.00000000 	785.9628557871
-5.00000000 -3.50000000 	793.3172260763
-5.00000000 -3.00000000 	797.6395791324
-5.00000000 -2.50000000 	799.4173596878
-5.00000000 -2.00000000 	799.9103077206
-5.00000000 -1.50000000 	799.9935190012
-5.00000000 -1.00000000 	800.0000000000
-5.00000000 -0.50000000 	800.0000000000
-5.00000000 0.00000000 	800.0000000000
-5.00000000 0.50000000 	800.0000000000
-5.00000000 1.00000000 	800.0000000000
-5.00000000 1.50000000 	800.0000000000
-5.00000000 2.00000000 	800.0000000000
-5.00000000 2.50000000 	800.0000000000
-5.00000000 3.00000000 	800.0000000000
-5.00000000 3.50000000 	800.0000000000
-5.00000000 4.00000000 	800.0000000000
-5.00000000 4.50000000 	800.0000000000
-5.00000000 5.00000000 	800.0000000000
-5.00000000 5.50000000 	800.0000000000
-5.00000000 6.00000000 	800.0000000000
-5.00000000 6.50000000 	800.0000000000
-5.00000000 7.00000000 	800.0000000000
-5.00000000 7.50000000 	800.0000000000
-5.00000000 8.00000000 	800.0000000000
-4.50000000 -12.00000000 	800.0000000000
-4.50000000 -11.50000000 	800.0000000000
-4.50000000 -11.00000000 	800.0000000000
-4.50000000 -10.50000000 	800.0000000000
-4.50000000 -10.00000000 	800.0000000000
-4.50000000 -9.50000000 	800.0000000000
-4.50000000 -9.00000000 	800.0000000000
-4.50000000 -8.50000000 	799.9935190012
-4.50000000 -8.00000000 	799.9103077206
-4.50000000 -7.50000000 	799.4173596878
-4.50000000 -7.00000000 	797.6395791324
-4.50000000 -6.50000000 	793.3172260763
-4.50000000 -6.00000000 	785.9628557871
-4.50000000 -5.50000000 	777.3510540742
-4.50000000 -5.00000000 	771.3629948458
-4.50000000 -4.50000000 	771.3629948458
-4.50000000 -4.00000000 	777.3510540742
-4.50000000 -3.50000000 	785.9628557871
-4.50000000 -3.00000000 	793.3172260763
-4.50000000 -2.50000000 	797.6395791324
-4.50000000 -2.00000000 	799.4173596878
-4.50000000 -1.50000000 	799.9103077206
-4.50000000 -1.00000000 	799.9935190012
-4.50000000 -0.50000000 	800.0000000000
-4.50000000 0.00000000 	800.0000000000
-4.50000000 0.50000000 	800.0000000000
-4.50000000 1.00000000 	800.0000000000
-4.50000000 1.50000000 	800.0000000000
-4.50000000 2.00000000 	800.0000000000
-4.50000000 2.50000000 	800.0000000000
-4.50000000 3.00000000 	800.0000000000
-4.50000000 3.50000000 	800.0000000000
-4.50000000 4.00000000 	800.0000000000
-4.50000000 4.50000000 	800.0000000000
-4.50000000 5.00000000 	800.0000000000
-4.50000000 5.50000000 	800.0000000000
-4.50000000 6.00000000 	800.0000000000
-4.50000000 6.50000000 	800.0000000000
-4.50000000 7.00000000 	800.0000000000
-4.50000000 7.50000000 	800.0000000000
-4.50000000 8.00000000 	800.0000000000
-4.00000000 -12.00000000 	800.0000000000
-4.00000000 -11.50000000 	800.0000000000
-4.00000000 -11.00000000 	800.0000000000
-4.00000000 -10.50000000 	800.0000000000
-4.00000000 -10.00000000 	800.0000000000
-4.00000000 -9.50000000 	800.0000000000
-4.00000000 -9.00000000 	800.0000000000
-4.00000000 -8.50000000 	800.0000000000
-4.00000000 -8.00000000 	799.9935190012
-4.00000000 -7.50000000 	799.9103077206
-4.00000000 -7.00000000 	799.4173596878
-4.00000000 -6.50000000 	797.6395791324
-4.00000000 -6.00000000 	793.3172260763
-4.00000000 -5.50000000 	785.9628557871
-4.00000000 -5.00000000 	777.3510540742
-4.00000000 -4.50000000 	771.3629948458
-4.00000000 -4.00000000 	771.3629948458
-4.00000000 -3.50000000 	777.3510540742
-4.00000000 -3.00000000 	785.9628557871
-4.00000000 -2.50000000 	793.3172260763
-4.00000000 -2.00000000 	797.6395791324
-4.00000000 -1.50000000 	799.4173596878
-4.00000000 -1.00000000 	799.9103077206
-4.00000000 -0.50000000 	799.9935190012
-4.00000000 0.00000000 	800.0000000000
-4.00000000 0.50000000 	800.0000000000
-4.00000000 1.00000000 	800.0000000000
-4.00000000 1.50000000 	800.0000000000
-4.00000000 2.00000000 	800.0000000000
-4.00000000 2.50000000 	800.0000000000
-4.00000000 3.00000000 	800.0000000000
-4.00000000 3.50000000 	800.0000000000
-4.00000000 4.00000000 	800.0000000000
-4.00000000 4.50000000 	800.0000000000
-4.00000000 5.00000000 	800.0000000000
-4.00000000 5.50000000 	800.0000000000
-4.00000000 6.00000000 	800.0000000000
-4.00000000 6.50000000 	800.0000000000
-4.00000000 7.00000000 	800.0000000000
-4.00000000 7.50000000 	800.0000000000
-4.00000000 8.00000000 	800.0000000000
-3.50000000 -12.00000000 	800.0000000000
-3.50000000 -11.50000000 	800.0000000000
-3.50000000 -11.00000000 	800.0000000000
-3.50000000 -10.50000000 	800.0000000000
-3.50000000 -10.00000000 	800.0000000000
-3.50000000 -9.50000000 	800.0000000000
-3.50000000 -9.00000000 	800.0000000000
-3.50000000 -8.50000000 	800.0000000000
-3.50000000 -8.00000000 	800.0000000000
-3.50000000 -7.50000000 	799.9935190012
-3.50000000 -7.00000000 	799.9103077206
-3.50000000 -6.50000000 	799.4173596878
-3.50000000 -6.00000000 	797.6395791324
-3.50000000 -5.50000000 	793.3172260763
-3.50000000 -5.00000000 	785.9628557871
-3.50000000 -4.50000000 	777.3510540742
-3.50000000 -4.00000000 	771.3629948458
-3.50000000 -3.50000000 	771.3629948458
-3.50000000 -3.00000000 	777.3510540742
-3.50000000 -2.50000000 	785.9628557871
-3.50000000 -2.00000000 	793.3172260763
-3.50000000 -1.50000000 	797.6395791324
-3.50000000 -1.00000000 	799.4173596878
-3.50000000 -0.50000000 	799.9103077206
-3.50000000 0.00000000 	799.9935190012
-3.50000000 0.50000000 	800.0000000000
-3.50000000 1.00000000 	800.0000000000
-3.50000000 1.50000000 	800.0000000000
-3.50000000 2.00000000 	800.0000000000
-3.50000000 2.50000000 	800.0000000000
-3.50000000 3.00000000 	800.0000000000
-3.50000000 3.50000000 	800.0000000000
-3.50000000 4.00000000 	800.0000000000
-3.50000000 4.50000000 	800.0000000000
-3.50000000 5.00000000 	800.0000000000
-3.50000000 5.50000000 	800.0000000000
-3.50000000 6.00000000 	800.0000000000
-3.50000000 6.50000000 	800.0000000000
-3.50000000 7.00000000 	800.0000000000
-3.50000000 7.50000000 	800.0000000000
-3.50000000 8.00000000 	800.0000000000
-3.00000000 -12.00000000 	800.0000000000
-3.00000000 -11.50000000 	800.0000000000
-3.00000000 -11.00000000 	800.0000000000
-3.00000000 -10.50000000 	800.0000000000
-3.00000000 -10.00000000 	800.0000000000
-3.00000000 -9.50000000 	800.0000000000
-3.00000000 -9.00000000 	800.0000000000
-3.00000000 -8.50000000 	800.0000000000
-3.00000000 -8.00000000 	800.0000000000
-3.00000000 -7.50000000 	800.0000000000
-3.00000000 -7.00000000 	799.9935190012
-3.00000000 -6.50000000 	799.9103077206
-3.00000000 -6.00000000 	799.4173596878
-3.00000000 -5.50000000 	797.6395791324
-3.00000000 -5.00000000 	793.3172260763
-3.00000000 -4.50000000 	785.9628557871
-3.00000000 -4.00000000 	777.3510540742
-3.00000000 -3.50000000 	771.3629948458
-3.00000000 -3.00000000 	771.3629948458
-3.00000000 -2.50000000 	777.3510540742
-3.00000000 -2.00000000 	785.9628557871
-3.00000000 -1.50000000 	793.3172260763
-3.00000000 -1.00000000 	797.6395791324
-3.00000000 -0.50000000 	799.4173596878
-3.00000000 0.00000000 	799.9103077206
-3.00000000 0.50000000 	799.9935190012
-3.00000000 1.00000000 	800.0000000000
-3.00000000 1.50000000 	800.0000000000
-3.00000000 2.00000000 	800.0000000000
-3.00000000 2.50000000 	800.0000000000
-3.00000000 3.00000000 	800.0000000000
-3.00000000 3.50000000 	800.0000000000
-3.00000000 4.00000000 	800.0000000000
-3.00000000 4.50000000 	800.0000000000
-3.00000000 5.00000000 	800.0000000000
-3.00000000 5.50000000 	800.0000000000
-3.00000000 6.00000000 	800.0000000000
-3.00000000 6.50000000 	800.0000000000
-3.00000000 7.00000000 	800.0000000000
-3.00000000 7.50000000 	800.0000000000
-3.00000000 8.00000000 	800.0000000000
-2.50000000 -12.00000000 	800.0000000000
-2.50000000 -11.50000000 	800.0000000000
-2.50000000 -11.00000000 	800.0000000000
-2.50000000 -10.50000000 	800.0000000000
-2.50000000 -10.00000000 	800.0000000000
-2.50000000 -9.50000000 	800.0000000000
-2.50000000 -9.00000000 	800.0000000000
-2.50000000 -8.50000000 	800.0000000000
-2.50000000 -8.00000000 	800.0000000000
-2.50000000 -7.50000000 	800.0000000000
-2.50000000 -7.00000000 	800.0000000000
-2.50000000 -6.50000000 	799.9935190012
-2.50000000 -6.00000000 	799.9103077206
-2.50000000 -5.50000000 	799.4173596878
-2.50000000 -5.00000000 	797.6395791324
-2.50000000 -4.50000000 	793.3172260763
-2.50000000 -4.00000000 	785.9628557871
-2.50000000 -3.50000000 	777.3510540742
-2.50000000 -3.00000000 	771.3629948458
-2.50000000 -2.50000000 	771.3629948458
-2.50000000 -2.00000000 	777.3510540742
-2.50000000 -1.50000000 	785.9628557871
-2.50000000 -1.00000000 	793.3172260763
-2.50000000 -0.50000000 	797.6395791324
-2.50000000 0.00000000 	799.4173596878
-2.50000000 0.50000000 	799.9103077206
-2.50000000 1.00000000 	799.9935190012
-2.50000000 1.50000000 	800.0000000000
-2.50000000 2.00000000 	800.0000000000
-2.50000000 2.50000000 	800.0000000000
-2.50000000 3.00000000 	800.0000000000
-2.50000000 3.50000000 	800.0000000000
-2.50000000 4.00000000 	800.0000000000
-2.50000000 4.50000000 	800.0000000000
-2.50000000 5.00000000 	800.0000000000
-2.50000000 5.50000000 	800.0000000000
-2.50000000 6.00000000 	800.0000000000
-2.50000000 6.50000000 	800.0000000000
-2.50000000 7.00000000 	800.0000000000
-2.50000000 7.50000000 	800.0000000000
-2.50000000 8.00000000 	800.0000000000
-2.00000000 -12.00000000 	800.0000000000
-2.00000000 -11.50000000 	800.0000000000
-2.00000000 -11.00000000 	800.0000000000
-2.00000000 -10.50000000 	800.0000000000
-2.00000000 -10.00000000 	800.0000000000
-2.00000000 -9.50000000 	800.0000000000
-2.00000000 -9.00000000 	800.0000000000
-2.00000000 -8.50000000 	800.0000000000
-2.00000000 -8.00000000 	800.0000000000
-2.00000000 -7.50000000 	800.0000000000
-2.00000000 -7.00000000 	800.0000000000
-2.00000000 -6.50000000 	800.0000000000
-2.00000000 -6.00000000 	799.9935190012
-2.00000000 -5.50000000 	799.9103077206
-2.00000000 -5.00000000 	799.4173596878
-2.00000000 -4.50000000 	797.6395791324
-2.00000000 -4.00000000 	793.3172260763
-2.00000000 -3.50000000 	785.9628557871
-2.00000000 -3.00000000 	777.3510540742
-2.00000000 -2.50000000 	771.3629948458
-2.00000000 -2.00000000 	771.3629948458
-2.00000000 -1.50000000 	777.3510540742
-2.00000000 -1.00000000 	785.9628557871
-2.00000000 -0.50000000 	793.3172260763
-2.00000000 0.00000000 	797.6395791324
-2.00000000 0.50000000 	799.4173596878
-2.00000000 1.00000000 	799.9103077206
-2.00000000 1.50000000 	799.9935190012
-2.00000000 2.00000000 	800.0000000000
-2.00000000 2.50000000 	800.0000000000
-2.00000000 3.00000000 	800.0000000000
-2.00000000 3.50000000 	800.0000000000
-2.00000000 4.00000000 	800.0000000000
-2.00000000 4.50000000 	800.0000000000
-2.00000000 5.00000000 	800.0000000000
-2.00000000 5.50000000 	800.0000000000
-2.00000000 6.00000000 	800.0000000000
-2.00000000 6.50000000 	800.0000000000
-2.00000000 7.00000000 	800.0000000000
-2.00000000 7.50000000 	800.0000000000
-2.00000000 8.00000000 	800.0000000000
-1.50000000 -12.00000000 	800.0000000000
-1.50000000 -11.50000000 	800.0000000000
-1.50000000 -11.00000000 	800.0000000000
-1.50000000 -10.50000000 	800.0000000000
-1.50000000 -10.00000000 	800.0000000000
-1.50000000 -9.50000000 	800.0000000000
-1.50000000 -9.00000000 	800.0000000000
-1.50000000 -8.50000000 	800.0000000000
-1.50000000 -8.00000000 	800.0000000000
-1.50000000 -7.50000000 	800.0000000000
-1.50000000 -7.00000000 	800.0000000000
-1.50000000 -6.50000000 	800.0000000000
-1.50000000 -6.00000000 	800.0000000000
-1.50000000 -5.50000000 	799.9935190012
-1.50000000 -5.00000000 	799.9103077206
-1.50000000 -4.50000000 	799.4173596878
-1.50000000 -4.00000000 	797.6395791324
-1.50000000 -3.50000000 	793.3172260763
-1.50000000 -3.00000000 	785.9628557871
-1.50000000 -2.50000000 	777.3510540742
-1.50000000 -2.00000000 	771.3629948458
-1.50000000 -1.50000000 	771.3629948458
-1.50000000 -1.00000000 	777.3510540742
-1.50000000 -0.50000000 	785.9628557871
-1.50000000 0.00000000 	793.3172260763
-1.50000000 0.50000000 	797.6395791324
-1.50000000 1.00000000 	799.4173596878
-1.50000000 1.50000000 	799.9103077206
-1.50000000 2.00000000 	799.9935190012
-1.50000000 2.50000000 	800.0000000000
-1.50000000 3.00000000 	800.0000000000
-1.50000000 3.50000000 	800.0000000000
-1.50000000 4.00000000 	800.0000000000
-1.50000000 4.50000000 	800.0000000000
-1.50000000 5.00000000 	800.0000000000
-1.50000000 5.50000000 	800.0000000000
-1.50000000 6.00000000 	800.0000000000
-1.50000000 6.50000000 	800.0000000000
-1.50000000 7.00000000 	800.0000000000
-1.50000000 7.50000000 	800.0000000000
-1.50000000 8.00000000 	800.0000000000
-1.00000000 -12.00000000 	800.0000000000
-1.00000000 -11.50000000 	800.0000000000
-1.00000000 -11.00000000 	800.0000000000
-1.00000000 -10.50000000 	800.0000000000
-1.00000000 -10.00000000 	800.0000000000
-1.00000000 -9.50000000 	800.0000000000
-1.00000000 -9.00000000 	800.0000000000
-1.00000000 -8.50000000 	800.0000000000
-1.00000000 -8.00000000 	800.0000000000
-1.00000000 -7.50000000 	800.0000000000
-1.00000000 -7.00000000 	800.0000000000
-1.00000000 -6.50000000 	800.0000000000
-1.00000000 -6.00000000 	800.0000000000
-1.00000000 -5.50000000 	800.0000000000
-1.00000000 -5.00000000 	799.9935190012
-1.00000000 -4.50000000 	799.9103077206
-1.00000000 -4.00000000 	799.4173596878
-1.00000000 -3.50000000 	797.6395791324
-1.00000000 -3.00000000 	793.3172260763
-1.00000000 -2.50000000 	785.9628557871
-1.00000000 -2.00000000 	777.3510540742
-1.00000000 -1.50000000 	771.3629948458
-1.00000000 -1.00000000 	771.3629948458
-1.00000000 -0.50000000 	777.3510540742
-1.00000000 0.00000000 	785.9628557871
-1.00000000 0.50000000 	793.3172260763
-1.00000000 1.00000000 	797.6395791324
-1.00000000 1.50000000 	799.4173596878
-1.00000000 2.00000000 	799.9103077206
-1.00000000 2.50000000 	799.9935190012
-1.00000000 3.00000000 	800.0000000000
-1.00000000 3.50000000 	800.0000000000
-1.00000000 4.00000000 	800.0000000000
-1.00000000 4.50000000 	800.0000000000
-1.00000000 5.00000000 	800.0000000000
-1.00000000 5.50000000 	800.0000000000
-1.00000000 6.00000000 	800.0000000000
-1.00000000 6.50000000 	800.0000000000
-1.00000000 7.00000000 	800.0000000000
-1.00000000 7.50000000 	800.0000000000
-1.00000000 8.00000000 	800.0000000000
-0.50000000 -12.00000000 	800.0000000000
-0.50000000 -11.50000000 	800.0000000000
-0.50000000 -11.00000000 	800.0000000000
-0.50000000 -10.50000000 	800.0000000000
-0.50000000 -10.00000000 	800.0000000000
-0.50000000 -9.50000000 	800.0000000000
-0.50000000 -9.00000000 	800.0000000000
-0.50000000 -8.50000000 	800.0000000000
-0.50000000 -8.00000000 	800.0000000000
-0.50000000 -7.50000000 	800.0000000000
-0.50000000 -7.00000000 	800.0000000000
-0.50000000 -6.50000000 	800.0000000000
-0.50000000 -6.00000000 	800.0000000000
-0.50000000 -5.50000000 	800.0000000000
-0.50000000 -5.00000000 	800.0000000000
-0.50000000 -4.50000000 	799.9935190012
-0.50000000 -4.00000000 	799.9103077206
-0.50000000 -3.50000000 	799.4173596878
-0.50000000 -3.00000000 	797.6395791324
-0.50000000 -2.50000000 	793.3172260763
-0.50000000 -2.00000000 	785.9628557871
-0.50000000 -1.50000000 	777.3510540742
-0.50000000 -1.00000000 	771.3629948458
-0.50000000 -0.50000000 	771.3629948458
-0.50000000 0.00000000 	777.3510540742
-0.50000000 0.50000000 	785.9628557871
-0.50000000 1.00000000 	793.3172260763
-0.50000000 1.50000000 	797.6395791324
-0.50000000 2.00000000 	799.4173596878
-0.50000000 2.50000000 	799.9103077206
-0.50000000 3.00000000 	799.9935190012
-0.50000000 3.50000000 	800.0000000000
-0.50000000 4.00000000 	800.0000000000
-0.50000000 4.50000000 	800.0000000000
-0.50000000 5.00000000 	800.0000000000
-0.50000000 5.50000000 	800.0000000000
-0.50000000 6.00000000 	800.0000000000
-0.50000000 6.50000000 	800.0000000000
-0.50000000 7.00000000 	800.0000000000
-0.50000000 7.50000000 	800.0000000000
-0.50000000 8.00000000 	800.0000000000
0.00000000 -12.00000000 	800.0000000000
0.00000000 -11.50000000 	800.0000000000
0.00000000 -11.00000000 	800.0000000000
0.00000000 -10.50000000 	800.0000000000
0.00000000 -10.00000000 	800.0000000000
0.00000000 -9.50000000 	800.0000000000
0.00000000 -9.00000000 	800.0000000000
0.00000000 -8.50000000 	800.0000000000
0.00000000 -8.00000000 	800.0000000000
0.00000000 -7.50000000 	800.0000000000
0.00000000 -7.00000000 	800.0000000000
0.00000000 -6.50000000 	800.0000000000
0.00000000 -6.00000000 	800.0000000000
0.00000000 -5.50000000 	800.0000000000
0.00000000 -5.00000000 	800.0000000000
0.00000000 -4.50000000 	800.0000000000
0.00000000 -4.00000000 	799.9935190012
0.00000000 -3.50000000 	799.9103077206
0.00000000 -3.00000000 	799.4173596878
0.00000000 -2.50000000 	797.6395791324
0.00000000 -2.00000000 	793.3172260763
0.00000000 -1.50000000 	785.9628557871
0.00000000 -1.00000000 	777.3510540742
0.00000000 -0.50000000 	771.3629948458
0.00000000 0.00000000 	771.3629948458
0.00000000 0.50000000 	777.3510540742
0.00000000 1.00000000 	785.9628557871
0.00000000 1.50000000 	793.3172260763
0.00000000 2.00000000 	797.6395791324
0.00000000 2.50000000 	799.4173596878
0.00000000 3.00000000 	799.9103077206
0.00000000 3.50000000 	799.9935190012
0.00000000 4.00000000 	800.0000000000
0.00000000 4.50000000 	800.0000000000
0.00000000 5.00000000 	800.0000000000
0.00000000 5.50000000 	800.0000000000
0.00000000 6.00000000 	800.0000000000
0.00000000 6.50000000 	800.0000000000
0.00000000 7.00000000 	800.0000000000
0.00000000 7.50000000 	800.0000000000
0.00000000 8.00000000 	800.0000000000
0.50000000 -12.00000000 	800.0000000000
0.50000000 -11.50000000 	800.0000000000
0.50000000 -11.00000000 	800.0000000000
0.50000000 -10.50000000 	800.0000000000
0.50000000 -10.00000000 	800.0000000000
0.50000000 -9.50000000 	800.0000000000
0.50000000 -9.00000000 	800.0000000000
0.50000000 -8.50000000 	800.0000000000
0.50000000 -8.00000000 	800.0000000000
0.50000000 -7.50000000 	800.0000000000
0.50000000 -7.00000000 	800.0000000000
0.50000000 -6.50000000 	800.0000000000
0.50000000 -6.00000000 	800.0000000000
0.50000000 -5.50000000 	800.0000000000
0.50000000 -5.00000000 	800.0000000000
0.50000000 -4.50000000 	800.0000000000
0.50000000 -4.00000000 	800.0000000000
0.50000000 -3.50000000 	799.9935190012
0.50000000 -3.00000000 	799.9103077206
0.50000000 -2.50000000 	799.4173596878
0.50000000 -2.00000000 	797.6395791324
0.50000000 -1.50000000 	793.3172260763
0.50000000 -1.00000000 	785.9628557871
0.50000000 -0.50000000 	777.3510540742
0.50000000 0.00000000 	771.3633494371
0.50000000 0.50000000 	771.3695518413
0.50000000 1.00000000 	777.3873743056
0.50000000 1.50000000 	786.0649339781
0.50000000 2.00000000 	793.4875356549
0.50000000 2.50000000 	797.8168052835
0.50000000 3.00000000 	799.5309370961
0.50000000 3.50000000 	799.9514891914
0.50000000 4.00000000 	800.0000000000
0.50000000 4.50000000 	800.0000000000
0.50000000 5.00000000 	800.0000000000
0.50000000 5.50000000 	800.0000000000
0.50000000 6.00000000 	800.0000000000
0.50000000 6.50000000 	800.0000000000
0.50000000 7.00000000 	800.0000000000
0.50000000 7.50000000 	800.0000000000
0.50000000 8.00000000 	800.0000000000
1.00000000 -12.00000000 	800.0000000000
1.00000000 -11.50000000 	800.0000000000
1.00000000 -11.00000000 	800.0000000000
1.00000000 -10.50000000 	800.0000000000
1.00000000 -10.00000000 	800.0000000000
1.00000000 -9.50000000 	800.0000000000
1.00000000 -9.00000000 	800.0000000000
1.00000000 -8.50000000 	800.0000000000
1.00000000 -8.00000000 	800.0000000000
1.00000000 -7.50000000 	800.0000000000
1.00000000 -7.00000000 	800.0000000000
1.00000000 -6.50000000 	800.0000000000
1.00000000 -6.00000000 	800.0000000000
1.00000000 -5.50000000 	800.0000000000
1.00000000 -5.00000000 	800.0000000000
1.00000000 -4.50000000 	800.0000000000
1.00000000 -4.00000000 	800.0000000000
1.00000000 -3.50000000 	800.0000000000
1.00000000 -3.00000000 	799.9935190012
1.00000000 -2.50000000 	799.9103077206
1.00000000 -2.00000000 	799.4173596878
1.00000000 -1.50000000 	797.6395791324
1.00000000 -1.00000000 	793.3172260763
1.00000000 -0.50000000 	785.9610958764
1.00000000 0.00000000 	777.3410885772
1.00000000 0.50000000 	771.3728990427
1.00000000 1.00000000 	771.5693736873
1.00000000 1.50000000 	778.0658620615
1.00000000 2.00000000 	787.2705197343
1.00000000 2.50000000 	794.7767449999
1.00000000 3.00000000 	798.6548059896
1.00000000 3.50000000 	799.8374039202
1.00000000 4.00000000 	800.0000000000
1.00000000 4.50000000 	800.0000000000
1.00000000 5.00000000 	800.0000000000
1.00000000 5.50000000 	800.0000000000
1.00000000 6.00000000 	800.0000000000
1.00000000 6.50000000 	800.0000000000
1.00000000 7.00000000 	800.0000000000
1.00000000 7.50000000 	800.0000000000
1.00000000 8.00000000 	800.0000000000
1.50000000 -12.00000000 	800.0000000000
1.50000000 -11.50000000 	800.0000000000
1.50000000 -11.00000000 	800.0000000000
1.50000000 -10.50000000 	800.0000000000
1.50000000 -10.00000000 	800.0000000000
1.50000000 -9.50000000 	800.0000000000
1.50000000 -9.00000000 	800.0000000000
1.50000000 -8.50000000 	800.0000000000
1.50000000 -8.00000000 	800.0000000000
1.50000000 -7.50000000 	800.0000000000
1.50000000 -7.00000000 	800.0000000000
1.50000000 -6.50000000 	800.0000000000
1.50000000 -6.00000000 	800.0000000000
1.50000000 -5.50000000 	800.0000000000
1.50000000 -5.00000000 	800.0000000000
1.50000000 -4.50000000 	800.0000000000
1.50000000 -4.00000000 	800.0000000000
1.50000000 -3.50000000 	800.0000000000
1.50000000 -3.00000000 	800.0000000000
1.50000000 -2.50000000 	799.9935190012
1.50000000 -2.00000000 	799.9103077206
1.50000000 -1.50000000 	799.4173596878
1.50000000 -1.00000000 	797.6366062258
1.50000000 -0.50000000 	793.2822790475
1.50000000 0.00000000 	785.8053992074
1.50000000 0.50000000 	777.0798101151
1.50000000 1.00000000 	771.5954894778
1.50000000 1.50000000 	773.3854303963
1.50000000 2.00000000 	781.7842394049
1.50000000 2.50000000 	791.4384059785
1.50000000 3.00000000 	797.5406786541
1.50000000 3.50000000 	799.6759164643
1.50000000 4.00000000 	800.0000000000
1.50000000 4.50000000 	800.0000000000
1.50000000 5.00000000 	800.0000000000
1.50000000 5.50000000 	800.0000000000
1.50000000 6.00000000 	800.0000000000
1.50000000 6.50000000 	800.0000000000
1.50000000 7.00000000 	800.0000000000
1.50000000 7.50000000 	800.0000000000
1.50000000 8.00000000 	800.0000000000
2.00000000 -12.00000000 	800.0000000000
2.00000000 -11.50000000 	800.0000000000
2.00000000 -11.00000000 	800.0000000000
2.00000000 -10.50000000 	800.0000000000
2.00000000 -10.00000000 	800.0000000000
2.00000000 -9.50000000 	800.0000000000
2.00000000 -9.00000000 	800.0000000000
2.00000000 -8.50000000 	800.0000000000
2.00000000 -8.00000000 	800.0000000000
2.00000000 -7.50000000 	800.0000000000
2.00000000 -7.00000000 	800.0000000000
2.00000000 -6.50000000 	800.0000000000
2.00000000 -6.00000000 	800.0000000000
2.00000000 -5.50000000 	800.0000000000
2.00000000 -5.00000000 	800.0000000000
2.00000000 -4.50000000 	800.0000000000
2.00000000 -4.00000000 	800.0000000000
2.00000000 -3.50000000 	800.0000000000
2.00000000 -3.00000000 	800.0000000000
2.00000000 -2.50000000 	800.0000000000
2.00000000 -2.00000000 	799.9935190012
2.00000000 -1.50000000 	799.9060844647
2.00000000 -1.00000000 	799.3620343616
2.00000000 -0.50000000 	797.3114679352
2.00000000 0.00000000 	792.2038177601
2.00000000 0.50000000 	783.7970739139
2.00000000 1.00000000 	775.5806963041
2.00000000 1.50000000 	773.4749683544
2.00000000 2.00000000 	779.7332876583
2.00000000 2.50000000 	789.6626851887
2.00000000 3.00000000 	796.8432094346
2.00000000 3.50000000 	799.5642846631
2.00000000 4.00000000 	800.0000000000
2.00000000 4.50000000 	800.0000000000
2.00000000 5.00000000 	800.0000000000
2.00000000 5.50000000 	800.0000000000
2.00000000 6.00000000 	800.0000000000
2.00000000 6.50000000 	800.0000000000
2.00000000 7.00000000 	800.0000000000
2.00000000 7.50000000 	800.0000000000
2.00000000 8.00000000 	800.0000000000
