-8.00000000 -12.00000000 	9.9945310920
-8.00000000 -11.50000000 	9.9945310920
-8.00000000 -11.00000000 	9.9945310920
-8.00000000 -10.50000000 	9.9945310920
-8.00000000 -10.00000000 	9.9945310920
-8.00000000 -9.50000000 	9.9945310920
-8.00000000 -9.00000000 	9.9945310920
-8.00000000 -8.50000000 	9.9945310920
-8.00000000 -8.00000000 	9.9945310920
-8.00000000 -7.50000000 	9.9945310920
-8.00000000 -7.00000000 	9.9945310920
-8.00000000 -6.50000000 	9.9945310920
-8.00000000 -6.00000000 	9.9945310920
-8.00000000 -5.50000000 	9.9945310920
-8.00000000 -5.00000000 	9.9945310920
-8.00000000 -4.50000000 	9.9945310920
-8.00000000 -4.00000000 	9.9945310920
-8.00000000 -3.50000000 	9.9945310920
-8.00000000 -3.00000000 	9.9945310920
-8.00000000 -2.50000000 	9.9945310920
-8.00000000 -2.00000000 	9.9945310920
-8.00000000 -1.50000000 	9.9945310920
-8.00000000 -1.00000000 	9.9945310920
-8.00000000 -0.50000000 	9.9945310920
-8.00000000 0.00000000 	9.9945310920
-8.00000000 0.50000000 	9.9945310920
-8.00000000 1.00000000 	9.9945310920
-8.00000000 1.50000000 	9.9945310920
-8.00000000 2.00000000 	9.9945310920
-8.00000000 2.50000000 	9.9945310920
-8.00000000 3.00000000 	9.9945310920
-8.00000000 3.50000000 	9.9945310920
-8.00000000 4.00000000 	9.9945310920
-8.00000000 4.50000000 	9.9945310920
-8.00000000 5.00000000 	9.9945310920
-8.00000000 5.50000000 	9.9945310920
-8.00000000 6.00000000 	9.9945310920
-8.00000000 6.50000000 	9.9945310920
-8.00000000 7.00000000 	9.9945310920
-8.00000000 7.50000000 	9.9945310920
-8.00000000 8.00000000 	9.9945310920
-7.50000000 -12.00000000 	9.9019514891
-7.50000000 -11.50000000 	9.9019514891
-7.50000000 -11.00000000 	9.9019514891
-7.50000000 -10.50000000 	9.9019514891
-7.50000000 -10.00000000 	9.9019514891
-7.50000000 -9.50000000 	9.9019514891
-7.50000000 -9.00000000 	9.9019514891
-7.50000000 -8.50000000 	9.9019514891
-7.50000000 -8.00000000 	9.9019514891
-7.50000000 -7.50000000 	9.9019514891
-7.50000000 -7.00000000 	9.9019514891
-7.50000000 -6.50000000 	9.9019514891
-7.50000000 -6.00000000 	9.9019514891
-7.50000000 -5.50000000 	9.9019514891
-7.50000000 -5.00000000 	9.9019514891
-7.50000000 -4.50000000 	9.9019514891
-7.50000000 -4.00000000 	9.9019514891
-7.50000000 -3.50000000 	9.9019514891
-7.50000000 -3.00000000 	9.9019514891
-7.50000000 -2.50000000 	9.9019514891
-7.50000000 -2.00000000 	9.9019514891
-7.50000000 -1.50000000 	9.9019514891
-7.50000000 -1.00000000 	9.9019514891
-7.50000000 -0.50000000 	9.9019514891
-7.50000000 0.00000000 	9.9019514891
-7.50000000 0.50000000 	9.9019514891
-7.50000000 1.00000000 	9.9019514891
-7.50000000 1.50000000 	9.9019514891
-7.50000000 2.00000000 	9.9019514891
-7.50000000 2.50000000 	9.9019514891
-7.50000000 3.00000000 	9.9019514891
-7.50000000 3.50000000 	9.9019514891
-7.50000000 4.00000000 	9.9019514891
-7.50000000 4.50000000 	9.9019514891
-7.50000000 5.00000000 	9.9019514891
-7.50000000 5.50000000 	9.9019514891
-7.50000000 6.00000000 	9.9019514891
-7.50000000 6.50000000 	9.9019514891
-7.50000000 7.00000000 	9.9019514891
-7.50000000 7.50000000 	9.9019514891
-7.50000000 8.00000000 	9.9019514891
-7.00000000 -12.00000000 	9.3799552952
-7.00000000 -11.50000000 	9.3799552952
-7.00000000 -11.00000000 	9.3799552952
-7.00000000 -10.50000000 	9.3799552952
-7.00000000 -10.00000000 	9.3799552952
-7.00000000 -9.50000000 	9.3799552952
-7.00000000 -9.00000000 	9.3799552952
-7.00000000 -8.50000000 	9.3799552952
-7.00000000 -8.00000000 	9.3799552952
-7.00000000 -7.50000000 	9.3799552952
-7.00000000 -7.00000000 	9.3799552952
-7.00000000 -6.50000000 	9.3799552952
-7.00000000 -6.00000000 	9.3799552952
-7.00000000 -5.50000000 	9.3799552952
-7.00000000 -5.00000000 	9.3799552952
-7.00000000 -4.50000000 	9.3799552952
-7.00000000 -4.00000000 	9.3799552952
-7.00000000 -3.50000000 	9.3799552952
-7.00000000 -3.00000000 	9.3799552952
-7.00000000 -2.50000000 	9.3799552952
-7.00000000 -2.00000000 	9.3799552952
-7.00000000 -1.50000000 	9.3799552952
-7.00000000 -1.00000000 	9.3799552952
-7.00000000 -0.50000000 	9.3799552952
-7.00000000 0.00000000 	9.3799552952
-7.00000000 0.50000000 	9.3799552952
-7.00000000 1.00000000 	9.3799552952
-7.00000000 1.50000000 	9.3799552952
-7.00000000 2.00000000 	9.3799552952
-7.00000000 2.50000000 	9.3799552952
-7.00000000 3.00000000 	9.3799552952
-7.00000000 3.50000000 	9.3799552952
-7.00000000 4.00000000 	9.3799552952
-7.00000000 4.50000000 	9.3799552952
-7.00000000 5.00000000 	9.3799552952
-7.00000000 5.50000000 	9.3799552952
-7.00000000 6.00000000 	9.3799552952
-7.00000000 6.50000000 	9.3799552952
-7.00000000 7.00000000 	9.3799552952
-7.00000000 7.50000000 	9.3799552952
-7.00000000 8.00000000 	9.3799552952
-6.50000000 -12.00000000 	8.5437755194
-6.50000000 -11.50000000 	8.5437755194
-6.50000000 -11.00000000 	8.5437755194
-6.50000000 -10.50000000 	8.5437755194
-6.50000000 -10.00000000 	8.5437755194
-6.50000000 -9.50000000 	8.5437755194
-6.50000000 -9.00000000 	8.5437755194
-6.50000000 -8.50000000 	8.5437755194
-6.50000000 -8.00000000 	8.5437755194
-6.50000000 -7.50000000 	8.5437755194
-6.50000000 -7.00000000 	8.5437755194
-6.50000000 -6.50000000 	8.5437755194
-6.50000000 -6.00000000 	8.5437755194
-6.50000000 -5.50000000 	8.5437755194
-6.50000000 -5.00000000 	8.5437755194
-6.50000000 -4.50000000 	8.5437755194
-6.50000000 -4.00000000 	8.5437755194
-6.50000000 -3.50000000 	8.5437755194
-6.50000000 -3.00000000 	8.5437755194
-6.50000000 -2.50000000 	8.5437755194
-6.50000000 -2.00000000 	8.5437755194
-6.50000000 -1.50000000 	8.5437755194
-6.50000000 -1.00000000 	8.5437755194
-6.50000000 -0.50000000 	8.5437755194
-6.50000000 0.00000000 	8.5437755194
-6.50000000 0.50000000 	8.5437755194
-6.50000000 1.00000000 	8.5437755194
-6.50000000 1.50000000 	8.5437755194
-6.50000000 2.00000000 	8.5437755194
-6.50000000 2.50000000 	8.5437755194
-6.50000000 3.00000000 	8.5437755194
-6.50000000 3.50000000 	8.5437755194
-6.50000000 4.00000000 	8.5437755194
-6.50000000 4.50000000 	8.5437755194
-6.50000000 5.00000000 	8.5437755194
-6.50000000 5.50000000 	8.5437755194
-6.50000000 6.00000000 	8.5437755194
-6.50000000 6.50000000 	8.5437755194
-6.50000000 7.00000000 	8.5437755194
-6.50000000 7.50000000 	8.5437755194
-6.50000000 8.00000000 	8.5437755194
-6.00000000 -12.00000000 	11.9572187987
-6.00000000 -11.50000000 	11.9572187987
-6.00000000 -11.00000000 	11.9572187987
-6.00000000 -10.50000000 	11.9572187987
-6.00000000 -10.00000000 	11.9572187987
-6.00000000 -9.50000000 	11.9572187987
-6.00000000 -9.00000000 	11.9572187987
-6.00000000 -8.50000000 	11.9572187987
-6.00000000 -8.00000000 	11.9572187987
-6.00000000 -7.50000000 	11.9572187987
-6.00000000 -7.00000000 	11.9572187987
-6.00000000 -6.50000000 	11.9572187987
-6.00000000 -6.00000000 	11.9572187987
-6.00000000 -5.50000000 	11.9572187987
-6.00000000 -5.00000000 	11.9572187987
-6.00000000 -4.50000000 	11.9572187987
-6.00000000 -4.00000000 	11.9572187987
-6.00000000 -3.50000000 	11.9572187987
-6.00000000 -3.00000000 	11.9572187987
-6.00000000 -2.50000000 	11.9572187987
-6.00000000 -2.00000000 	11.9572187987
-6.00000000 -1.50000000 	11.9572187987
-6.00000000 -1.00000000 	11.9572187987
-6.00000000 -0.50000000 	11.9572187987
-6.00000000 0.00000000 	11.9572187987
-6.00000000 0.50000000 	11.9572187987
-6.00000000 1.00000000 	11.9572187987
-6.00000000 1.50000000 	11.9572187987
-6.00000000 2.00000000 	11.9572187987
-6.00000000 2.50000000 	11.9572187987
-6.00000000 3.00000000 	11.9572187987
-6.00000000 3.50000000 	11.9572187987
-6.00000000 4.00000000 	11.9572187987
-6.00000000 4.50000000 	11.9572187987
-6.00000000 5.00000000 	11.9572187987
-6.00000000 5.50000000 	11.9572187987
-6.00000000 6.00000000 	11.9572187987
-6.00000000 6.50000000 	11.9572187987
-6.00000000 7.00000000 	11.9572187987
-6.00000000 7.50000000 	11.9572187987
-6.00000000 8.00000000 	11.9572187987
-5.50000000 -12.00000000 	18.2884144491
-5.50000000 -11.50000000 	18.2884144491
-5.50000000 -11.00000000 	18.2884144491
-5.50000000 -10.50000000 	18.2884144491
-5.50000000 -10.00000000 	18.2884144491
-5.50000000 -9.50000000 	18.2884144491
-5.50000000 -9.00000000 	18.2884144491
-5.50000000 -8.50000000 	18.2884144491
-5.50000000 -8.00000000 	18.2884144491
-5.50000000 -7.50000000 	18.2884144491
-5.50000000 -7.00000000 	18.2884144491
-5.50000000 -6.50000000 	18.2884144491
-5.50000000 -6.00000000 	18.2884144491
-5.50000000 -5.50000000 	18.2884144491
-5.50000000 -5.00000000 	18.2884144491
-5.50000000 -4.50000000 	18.2884144491
-5.50000000 -4.00000000 	18.2884144491
-5.50000000 -3.50000000 	18.2884144491
-5.50000000 -3.00000000 	18.2884144491
-5.50000000 -2.50000000 	18.2884144491
-5.50000000 -2.00000000 	18.2884144491
-5.50000000 -1.50000000 	18.2884144491
-5.50000000 -1.00000000 	18.2884144491
-5.50000000 -0.50000000 	18.2884144491
-5.50000000 0.00000000 	18.2884144491
-5.50000000 0.50000000 	18.2884144491
-5.50000000 1.00000000 	18.2884144491
-5.50000000 1.50000000 	18.2884144491
-5.50000000 2.00000000 	18.2884144491
-5.50000000 2.50000000 	18.2884144491
-5.50000000 3.00000000 	18.2884144491
-5.50000000 3.50000000 	18.2884144491
-5.50000000 4.00000000 	18.2884144491
-5.50000000 4.50000000 	18.2884144491
-5.50000000 5.00000000 	18.2884144491
-5.50000000 5.50000000 	18.2884144491
-5.50000000 6.00000000 	18.2884144491
-5.50000000 6.50000000 	18.2884144491
-5.50000000 7.00000000 	18.2884144491
-5.50000000 7.50000000 	18.2884144491
-5.50000000 8.00000000 	18.2884144491
-5.00000000 -12.00000000 	18.1928350323
-5.00000000 -11.50000000 	18.1928350323
-5.00000000 -11.00000000 	18.1928350323
-5.00000000 -10.50000000 	18.1928350323
-5.00000000 -10.00000000 	18.1928350323
-5.00000000 -9.50000000 	18.1928350323
-5.00000000 -9.00000000 	18.1928350323
-5.00000000 -8.50000000 	18.1928350323
-5.00000000 -8.00000000 	18.1928350323
-5.00000000 -7.50000000 	18.1928350323
-5.00000000 -7.00000000 	18.1928350323
-5.00000000 -6.50000000 	18.1928350323
-5.00000000 -6.00000000 	18.1928350323
-5.00000000 -5.50000000 	18.1928350323
-5.00000000 -5.00000000 	18.1928350323
-5.00000000 -4.50000000 	18.1928350323
-5.00000000 -4.00000000 	18.1928350323
-5.00000000 -3.50000000 	18.1928350323
-5.00000000 -3.00000000 	18.1928350323
-5.00000000 -2.50000000 	18.1928350323
-5.00000000 -2.00000000 	18.1928350323
-5.00000000 -1.50000000 	18.1928350323
-5.00000000 -1.00000000 	18.1928350323
-5.00000000 -0.50000000 	18.1928350323
-5.00000000 0.00000000 	18.1928350323
-5.00000000 0.50000000 	18.1928350323
-5.00000000 1.00000000 	18.1928350323
-5.00000000 1.50000000 	18.1928350323
-5.00000000 2.00000000 	18.1928350323
-5.00000000 2.50000000 	18.1928350323
-5.00000000 3.00000000 	18.1928350323
-5.00000000 3.50000000 	18.1928350323
-5.00000000 4.00000000 	18.1928350323
-5.00000000 4.50000000 	18.1928350323
-5.00000000 5.00000000 	18.1928350323
-5.00000000 5.50000000 	18.1928350323
-5.00000000 6.00000000 	18.1928350323
-5.00000000 6.50000000 	18.1928350323
-5.00000000 7.00000000 	18.1928350323
-5.00000000 7.50000000 	18.1928350323
-5.00000000 8.00000000 	18.1928350323
-4.50000000 -12.00000000 	13.2155613493
-4.50000000 -11.50000000 	13.2155613493
-4.50000000 -11.00000000 	13.2155613493
-4.50000000 -10.50000000 	13.2155613493
-4.50000000 -10.00000000 	13.2155613493
-4.50000000 -9.50000000 	13.2155613493
-4.50000000 -9.00000000 	13.2155613493
-4.50000000 -8.50000000 	13.2155613493
-4.50000000 -8.00000000 	13.2155613493
-4.50000000 -7.50000000 	13.2155613493
-4.50000000 -7.00000000 	13.2155613493
-4.50000000 -6.50000000 	13.2155613493
-4.50000000 -6.00000000 	13.2155613493
-4.50000000 -5.50000000 	13.2155613493
-4.50000000 -5.00000000 	13.2155613493
-4.50000000 -4.50000000 	13.2155613493
-4.50000000 -4.00000000 	13.2155613493
-4.50000000 -3.50000000 	13.2155613493
-4.50000000 -3.00000000 	13.2155613493
-4.50000000 -2.50000000 	13.2155613493
-4.50000000 -2.00000000 	13.2155613493
-4.50000000 -1.50000000 	13.2155613493
-4.50000000 -1.00000000 	13.2155613493
-4.50000000 -0.50000000 	13.2155613493
-4.50000000 0.00000000 	13.2155613493
-4.50000000 0.50000000 	13.2155613493
-4.50000000 1.00000000 	13.2155613493
-4.50000000 1.50000000 	13.2155613493
-4.50000000 2.00000000 	13.2155613493
-4.50000000 2.50000000 	13.2155613493
-4.50000000 3.00000000 	13.2155613493
-4.50000000 3.50000000 	13.2155613493
-4.50000000 4.00000000 	13.2155613493
-4.50000000 4.50000000 	13.2155613493
-4.50000000 5.00000000 	13.2155613493
-4.50000000 5.50000000 	13.2155613493
-4.50000000 6.00000000 	13.2155613493
-4.50000000 6.50000000 	13.2155613493
-4.50000000 7.00000000 	13.2155613493
-4.50000000 7.50000000 	13.2155613493
-4.50000000 8.00000000 	13.2155613493
-4.00000000 -12.00000000 	10.5000181878
-4.00000000 -11.50000000 	10.5000181878
-4.00000000 -11.00000000 	10.5000181878
-4.00000000 -10.50000000 	10.5000181878
-4.00000000 -10.00000000 	10.5000181878
-4.00000000 -9.50000000 	10.5000181878
-4.00000000 -9.00000000 	10.5000181878
-4.00000000 -8.50000000 	10.5000181878
-4.00000000 -8.00000000 	10.5000181878
-4.00000000 -7.50000000 	10.5000181878
-4.00000000 -7.00000000 	10.5000181878
-4.00000000 -6.50000000 	10.5000181878
-4.00000000 -6.00000000 	10.5000181878
-4.00000000 -5.50000000 	10.5000181878
-4.00000000 -5.00000000 	10.5000181878
-4.00000000 -4.50000000 	10.5000181878
-4.00000000 -4.00000000 	10.5000181878
-4.00000000 -3.50000000 	10.5000181878
-4.00000000 -3.00000000 	10.5000181878
-4.00000000 -2.50000000 	10.5000181878
-4.00000000 -2.00000000 	10.5000181878
-4.00000000 -1.50000000 	10.5000181878
-4.00000000 -1.00000000 	10.5000181878
-4.00000000 -0.50000000 	10.5000181878
-4.00000000 0.00000000 	10.5000181878
-4.00000000 0.50000000 	10.5000181878
-4.00000000 1.00000000 	10.5000181878
-4.00000000 1.50000000 	10.5000181878
-4.00000000 2.00000000 	10.5000181878
-4.00000000 2.50000000 	10.5000181878
-4.00000000 3.00000000 	10.5000181878
-4.00000000 3.50000000 	10.5000181878
-4.00000000 4.00000000 	10.5000181878
-4.00000000 4.50000000 	10.5000181878
-4.00000000 5.00000000 	10.5000181878
-4.00000000 5.50000000 	10.5000181878
-4.00000000 6.00000000 	10.5000181878
-4.00000000 6.50000000 	10.5000181878
-4.00000000 7.00000000 	10.5000181878
-4.00000000 7.50000000 	10.5000181878
-4.00000000 8.00000000 	10.5000181878
-3.50000000 -12.00000000 	10.0257387872
-3.50000000 -11.50000000 	10.0257387872
-3.50000000 -11.00000000 	10.0257387872
-3.50000000 -10.50000000 	10.0257387872
-3.50000000 -10.00000000 	10.0257387872
-3.50000000 -9.50000000 	10.0257387872
-3.50000000 -9.00000000 	10.0257387872
-3.50000000 -8.50000000 	10.0257387872
-3.50000000 -8.00000000 	10.0257387872
-3.50000000 -7.50000000 	10.0257387872
-3.50000000 -7.00000000 	10.0257387872
-3.50000000 -6.50000000 	10.0257387872
-3.50000000 -6.00000000 	10.0257387872
-3.50000000 -5.50000000 	10.0257387872
-3.50000000 -5.00000000 	10.0257387872
-3.50000000 -4.50000000 	10.0257387872
-3.50000000 -4.00000000 	10.0257387872
-3.50000000 -3.50000000 	10.0257387872
-3.50000000 -3.00000000 	10.0257387872
-3.50000000 -2.50000000 	10.0257387872
-3.50000000 -2.00000000 	10.0257387872
-3.50000000 -1.50000000 	10.0257387872
-3.50000000 -1.00000000 	10.0257387872
-3.50000000 -0.50000000 	10.0257387872
-3.50000000 0.00000000 	10.0257387872
-3.50000000 0.50000000 	10.0257387872
-3.50000000 1.00000000 	10.0257387872
-3.50000000 1.50000000 	10.0257387872
-3.50000000 2.00000000 	10.0257387872
-3.50000000 2.50000000 	10.0257387872
-3.50000000 3.00000000 	10.0257387872
-3.50000000 3.50000000 	10.0257387872
-3.50000000 4.00000000 	10.0257387872
-3.50000000 4.50000000 	10.0257387872
-3.50000000 5.00000000 	10.0257387872
-3.50000000 5.50000000 	10.0257387872
-3.50000000 6.00000000 	10.0257387872
-3.50000000 6.50000000 	10.0257387872
-3.50000000 7.00000000 	10.0257387872
-3.50000000 7.50000000 	10.0257387872
-3.50000000 8.00000000 	10.0257387872
-3.00000000 -12.00000000 	10.0000000000
-3.00000000 -11.50000000 	10.0000000000
-3.00000000 -11.00000000 	10.0000000000
-3.00000000 -10.50000000 	10.0000000000
-3.00000000 -10.00000000 	10.0000000000
-3.00000000 -9.50000000 	10.0000000000
-3.00000000 -9.00000000 	10.0000000000
-3.00000000 -8.50000000 	10.0000000000
-3.00000000 -8.00000000 	10.0000000000
-3.00000000 -7.50000000 	10.0000000000
-3.00000000 -7.00000000 	10.0000000000
-3.00000000 -6.50000000 	10.0000000000
-3.00000000 -6.00000000 	10.0000000000
-3.00000000 -5.50000000 	10.0000000000
-3.00000000 -5.00000000 	10.0000000000
-3.00000000 -4.50000000 	10.0000000000
-3.00000000 -4.00000000 	10.0000000000
-3.00000000 -3.50000000 	10.0000000000
-3.00000000 -3.00000000 	10.0000000000
-3.00000000 -2.50000000 	10.0000000000
-3.00000000 -2.00000000 	10.0000000000
-3.00000000 -1.50000000 	10.0000000000
-3.00000000 -1.00000000 	10.0000000000
-3.00000000 -0.50000000 	10.0000000000
-3.00000000 0.00000000 	9.9995092548
-3.00000000 0.50000000 	9.9995092548
-3.00000000 1.00000000 	9.9995092548
-3.00000000 1.50000000 	9.9995092548
-3.00000000 2.00000000 	9.9995092548
-3.00000000 2.50000000 	9.9995092548
-3.00000000 3.00000000 	10.0000000000
-3.00000000 3.50000000 	10.0000000000
-3.00000000 4.00000000 	10.0000000000
-3.00000000 4.50000000 	10.0000000000
-3.00000000 5.00000000 	10.0000000000
-3.00000000 5.50000000 	10.0000000000
-3.00000000 6.00000000 	10.0000000000
-3.00000000 6.50000000 	10.0000000000
-3.00000000 7.00000000 	10.0000000000
-3.00000000 7.50000000 	10.0000000000
-3.00000000 8.00000000 	10.0000000000
-2.50000000 -12.00000000 	10.0000000000
-2.50000000 -11.50000000 	10.0000000000
-2.50000000 -11.00000000 	10.0000000000
-2.50000000 -10.50000000 	10.0000000000
-2.50000000 -10.00000000 	10.0000000000
-2.50000000 -9.50000000 	10.0000000000
-2.50000000 -9.00000000 	10.0000000000
-2.50000000 -8.50000000 	10.0000000000
-2.50000000 -8.00000000 	10.0000000000
-2.50000000 -7.50000000 	10.0000000000
-2.50000000 -7.00000000 	10.0000000000
-2.50000000 -6.50000000 	10.0000000000
-2.50000000 -6.00000000 	10.0000000000
-2.50000000 -5.50000000 	10.0000000000
-2.50000000 -5.00000000 	10.0000000000
-2.50000000 -4.50000000 	10.0000000000
-2.50000000 -4.00000000 	10.0000000000
-2.50000000 -3.50000000 	10.0000000000
-2.50000000 -3.00000000 	10.0000000000
-2.50000000 -2.50000000 	10.0000000000
-2.50000000 -2.00000000 	10.0000000000
-2.50000000 -1.50000000 	10.0000000000
-2.50000000 -1.00000000 	10.0000000000
-2.50000000 -0.50000000 	9.9975511088
-2.50000000 0.00000000 	9.9897190553
-2.50000000 0.50000000 	9.9877609544
-2.50000000 1.00000000 	9.9877609544
-2.50000000 1.50000000 	9.9877609544
-2.50000000 2.00000000 	9.9877609544
-2.50000000 2.50000000 	9.9897190553
-2.50000000 3.00000000 	9.9975511088
-2.50000000 3.50000000 	10.0000000000
-2.50000000 4.00000000 	10.0000000000
-2.50000000 4.50000000 	10.0000000000
-2.50000000 5.00000000 	10.0000000000
-2.50000000 5.50000000 	10.0000000000
-2.50000000 6.00000000 	10.0000000000
-2.50000000 6.50000000 	10.0000000000
-2.50000000 7.00000000 	10.0000000000
-2.50000000 7.50000000 	10.0000000000
-2.50000000 8.00000000 	10.0000000000
-2.00000000 -12.00000000 	10.0000000000
-2.00000000 -11.50000000 	10.0000000000
-2.00000000 -11.00000000 	10.0000000000
-2.00000000 -10.50000000 	10.0000000000
-2.00000000 -10.00000000 	10.0000000000
-2.00000000 -9.50000000 	10.0000000000
-2.00000000 -9.00000000 	10.0000000000
-2.00000000 -8.50000000 	10.0000000000
-2.00000000 -8.00000000 	10.0000000000
-2.00000000 -7.50000000 	10.0000000000
-2.00000000 -7.00000000 	10.0000000000
-2.00000000 -6.50000000 	10.0000000000
-2.00000000 -6.00000000 	10.0000000000
-2.00000000 -5.50000000 	10.0000000000
-2.00000000 -5.00000000 	10.0000000000
-2.00000000 -4.50000000 	10.0000000000
-2.00000000 -4.00000000 	10.0000000000
-2.00000000 -3.50000000 	10.0000000000
-2.00000000 -3.00000000 	10.0000000000
-2.00000000 -2.50000000 	10.0000000000
-2.00000000 -2.00000000 	10.0000000000
-2.00000000 -1.50000000 	10.0000000000
-2.00000000 -1.00000000 	9.9946162987
-2.00000000 -0.50000000 	9.9633265190
-2.00000000 0.00000000 	9.9066425910
-2.00000000 0.50000000 	9.8831850871
-2.00000000 1.00000000 	9.8802503664
-2.00000000 1.50000000 	9.8802503664
-2.00000000 2.00000000 	9.8831850871
-2.00000000 2.50000000 	9.9066425910
-2.00000000 3.00000000 	9.9633265190
-2.00000000 3.50000000 	9.9946162987
-2.00000000 4.00000000 	10.0000000000
-2.00000000 4.50000000 	10.0000000000
-2.00000000 5.00000000 	10.0000000000
-2.00000000 5.50000000 	10.0000000000
-2.00000000 6.00000000 	10.0000000000
-2.00000000 6.50000000 	10.0000000000
-2.00000000 7.00000000 	10.0000000000
-2.00000000 7.50000000 	10.0000000000
-2.00000000 8.00000000 	10.0000000000
-1.50000000 -12.00000000 	10.0000000000
-1.50000000 -11.50000000 	10.0000000000
-1.50000000 -11.00000000 	10.0000000000
-1.50000000 -10.50000000 	10.0000000000
-1.50000000 -10.00000000 	10.0000000000
-1.50000000 -9.50000000 	10.0000000000
-1.50000000 -9.00000000 	10.0000000000
-1.50000000 -8.50000000 	10.0000000000
-1.50000000 -8.00000000 	10.0000000000
-1.50000000 -7.50000000 	10.0000000000
-1.50000000 -7.00000000 	10.0000000000
-1.50000000 -6.50000000 	10.0000000000
-1.50000000 -6.00000000 	10.0000000000
-1.50000000 -5.50000000 	10.0000000000
-1.50000000 -5.00000000 	10.0000000000
-1.50000000 -4.50000000 	10.0000000000
-1.50000000 -4.00000000 	10.0000000000
-1.50000000 -3.50000000 	10.0000000000
-1.50000000 -3.00000000 	10.0000000000
-1.50000000 -2.50000000 	10.0000000000
-1.50000000 -2.00000000 	10.0000000000
-1.50000000 -1.50000000 	9.9931488907
-1.50000000 -1.00000000 	9.9379106024
-1.50000000 -0.50000000 	9.7757670473
-1.50000000 0.00000000 	9.5570582304
-1.50000000 0.50000000 	9.4486632602
-1.50000000 1.00000000 	9.4252056592
-1.50000000 1.50000000 	9.4252056592
-1.50000000 2.00000000 	9.4486632602
-1.50000000 2.50000000 	9.5570582304
-1.50000000 3.00000000 	9.7757670473
-1.50000000 3.50000000 	9.9379106024
-1.50000000 4.00000000 	9.9926581532
-1.50000000 4.50000000 	10.0000000000
-1.50000000 5.00000000 	10.0000000000
-1.50000000 5.50000000 	10.0000000000
-1.50000000 6.00000000 	10.0000000000
-1.50000000 6.50000000 	10.0000000000
-1.50000000 7.00000000 	10.0000000000
-1.50000000 7.50000000 	10.0000000000
-1.50000000 8.00000000 	10.0000000000
-1.00000000 -12.00000000 	10.0000000000
-1.00000000 -11.50000000 	10.0000000000
-1.00000000 -11.00000000 	10.0000000000
-1.00000000 -10.50000000 	10.0000000000
-1.00000000 -10.00000000 	10.0000000000
-1.00000000 -9.50000000 	10.0000000000
-1.00000000 -9.00000000 	10.0000000000
-1.00000000 -8.50000000 	10.0000000000
-1.00000000 -8.00000000 	10.0000000000
-1.00000000 -7.50000000 	10.0000000000
-1.00000000 -7.00000000 	10.0000000000
-1.00000000 -6.50000000 	10.0000000000
-1.00000000 -6.00000000 	10.0000000000
-1.00000000 -5.50000000 	10.0000000000
-1.00000000 -5.00000000 	10.0000000000
-1.00000000 -4.50000000 	10.0000000000
-1.00000000 -4.00000000 	10.0000000000
-1.00000000 -3.50000000 	10.0000000000
-1.00000000 -3.00000000 	10.0000000000
-1.00000000 -2.50000000 	10.0000000000
-1.00000000 -2.00000000 	9.9946162987
-1.00000000 -1.50000000 	9.9374198711
-1.00000000 -1.00000000 	9.7146765762
-1.00000000 -0.50000000 	9.2987577982
-1.00000000 0.00000000 	8.8604740522
-1.00000000 0.50000000 	8.6417617366
-1.00000000 1.00000000 	8.5855684452
-1.00000000 1.50000000 	8.5855684452
-1.00000000 2.00000000 	8.6417617366
-1.00000000 2.50000000 	8.8604740522
-1.00000000 3.00000000 	9.2987577982
-1.00000000 3.50000000 	9.7127185354
-1.00000000 4.00000000 	9.9295878897
-1.00000000 4.50000000 	9.9926581532
-1.00000000 5.00000000 	10.0000000000
-1.00000000 5.50000000 	10.0000000000
-1.00000000 6.00000000 	10.0000000000
-1.00000000 6.50000000 	10.0000000000
-1.00000000 7.00000000 	10.0000000000
-1.00000000 7.50000000 	10.0000000000
-1.00000000 8.00000000 	10.0000000000
-0.50000000 -12.00000000 	10.0000000000
-0.50000000 -11.50000000 	10.0000000000
-0.50000000 -11.00000000 	10.0000000000
-0.50000000 -10.50000000 	10.0000000000
-0.50000000 -10.00000000 	10.0000000000
-0.50000000 -9.50000000 	10.0000000000
-0.50000000 -9.00000000 	10.0000000000
-0.50000000 -8.50000000 	10.0000000000
-0.50000000 -8.00000000 	10.0000000000
-0.50000000 -7.50000000 	10.0000000000
-0.50000000 -7.00000000 	10.0000000000
-0.50000000 -6.50000000 	10.0000000000
-0.50000000 -6.00000000 	10.0000000000
-0.50000000 -5.50000000 	10.0000000000
-0.50000000 -5.00000000 	10.0000000000
-0.50000000 -4.50000000 	10.0000000000
-0.50000000 -4.00000000 	10.0000000000
-0.50000000 -3.50000000 	10.0000000000
-0.50000000 -3.00000000 	10.0000000000
-0.50000000 -2.50000000 	9.9975511088
-0.50000000 -2.00000000 	9.9613683763
-0.50000000 -1.50000000 	9.7674443605
-0.50000000 -1.00000000 	9.2967997773
-0.50000000 -0.50000000 	8.7325326599
-0.50000000 0.00000000 	8.3156302470
-0.50000000 0.50000000 	8.1534847811
-0.50000000 1.00000000 	8.1221961745
-0.50000000 1.50000000 	8.1221961745
-0.50000000 2.00000000 	8.1534847811
-0.50000000 2.50000000 	8.3156302470
-0.50000000 3.00000000 	8.7295979985
-0.50000000 3.50000000 	9.2733424161
-0.50000000 4.00000000 	9.7127185354
-0.50000000 4.50000000 	9.9379106024
-0.50000000 5.00000000 	9.9946162987
-0.50000000 5.50000000 	10.0000000000
-0.50000000 6.00000000 	10.0000000000
-0.50000000 6.50000000 	10.0000000000
-0.50000000 7.00000000 	10.0000000000
-0.50000000 7.50000000 	10.0000000000
-0.50000000 8.00000000 	10.0000000000
0.00000000 -12.00000000 	10.0000000000
0.00000000 -11.50000000 	10.0000000000
0.00000000 -11.00000000 	10.0000000000
0.00000000 -10.50000000 	10.0000000000
0.00000000 -10.00000000 	10.0000000000
0.00000000 -9.50000000 	10.0000000000
0.00000000 -9.00000000 	10.0000000000
0.00000000 -8.50000000 	10.0000000000
0.00000000 -8.00000000 	10.0000000000
0.00000000 -7.50000000 	10.0000000000
0.00000000 -7.00000000 	10.0000000000
0.00000000 -6.50000000 	10.0000000000
0.00000000 -6.00000000 	10.0000000000
0.00000000 -5.50000000 	10.0000000000
0.00000000 -5.00000000 	10.0000000000
0.00000000 -4.50000000 	10.0000000000
0.00000000 -4.00000000 	10.0000000000
0.00000000 -3.50000000 	10.0000000000
0.00000000 -3.00000000 	9.9995092548
0.00000000 -2.50000000 	9.9867842489
0.00000000 -2.00000000 	9.8812266797
0.00000000 -1.50000000 	9.4940096877
0.00000000 -1.00000000 	8.8350586831
0.00000000 -0.50000000 	8.3126955991
0.00000000 0.00000000 	8.0743246613
0.00000000 0.50000000 	8.0176208603
0.00000000 1.00000000 	8.0122377825
0.00000000 1.50000000 	8.0122377825
0.00000000 2.00000000 	8.0176208603
0.00000000 2.50000000 	8.0723667071
0.00000000 3.00000000 	8.2892381111
0.00000000 3.50000000 	8.7295979985
0.00000000 4.00000000 	9.2987577982
0.00000000 4.50000000 	9.7757670473
0.00000000 5.00000000 	9.9633265190
0.00000000 5.50000000 	9.9975511088
0.00000000 6.00000000 	10.0000000000
0.00000000 6.50000000 	10.0000000000
0.00000000 7.00000000 	10.0000000000
0.00000000 7.50000000 	10.0000000000
0.00000000 8.00000000 	10.0000000000
0.50000000 -12.00000000 	10.0000000000
0.50000000 -11.50000000 	10.0000000000
0.50000000 -11.00000000 	10.0000000000
0.50000000 -10.50000000 	10.0000000000
0.50000000 -10.00000000 	10.0000000000
0.50000000 -9.50000000 	10.0000000000
0.50000000 -9.00000000 	10.0000000000
0.50000000 -8.50000000 	10.0000000000
0.50000000 -8.00000000 	10.0000000000
0.50000000 -7.50000000 	10.0000000000
0.50000000 -7.00000000 	10.0000000000
0.50000000 -6.50000000 	10.0000000000
0.50000000 -6.00000000 	10.0000000000
0.50000000 -5.50000000 	10.0000000000
0.50000000 -5.00000000 	10.0000000000
0.50000000 -4.50000000 	10.0000000000
0.50000000 -4.00000000 	10.0000000000
0.50000000 -3.50000000 	10.0000000000
0.50000000 -3.00000000 	9.9975511088
0.50000000 -2.50000000 	9.9613684291
0.50000000 -2.00000000 	9.7523095694
0.50000000 -1.50000000 	9.1903627364
0.50000000 -1.00000000 	8.5108855928
0.50000000 -0.50000000 	8.1270926708
0.50000000 0.00000000 	8.0156629172
0.50000000 0.50000000 	8.0009812296
0.50000000 1.00000000 	8.0004906148
0.50000000 1.50000000 	8.0004906148
0.50000000 2.00000000 	8.0004906148
0.50000000 2.50000000 	8.0078315825
0.50000000 3.00000000 	8.0723667071
0.50000000 3.50000000 	8.3156302470
0.50000000 4.00000000 	8.8604740522
0.50000000 4.50000000 	9.5570582304
0.50000000 5.00000000 	9.9066425910
0.50000000 5.50000000 	9.9897190553
0.50000000 6.00000000 	9.9995092548
0.50000000 6.50000000 	10.0000000000
0.50000000 7.00000000 	10.0000000000
0.50000000 7.50000000 	10.0000000000
0.50000000 8.00000000 	10.0000000000
1.00000000 -12.00000000 	10.0000000000
1.00000000 -11.50000000 	10.0000000000
1.00000000 -11.00000000 	10.0000000000
1.00000000 -10.50000000 	10.0000000000
1.00000000 -10.00000000 	10.0000000000
1.00000000 -9.50000000 	10.0000000000
1.00000000 -9.00000000 	10.0000000000
1.00000000 -8.50000000 	10.0000000000
1.00000000 -8.00000000 	10.0000000000
1.00000000 -7.50000000 	10.0000000000
1.00000000 -7.00000000 	10.0000000000
1.00000000 -6.50000000 	10.0000000000
1.00000000 -6.00000000 	10.0000000000
1.00000000 -5.50000000 	10.0000000000
1.00000000 -5.00000000 	10.0000000000
1.00000000 -4.50000000 	10.0000000000
1.00000000 -4.00000000 	10.0000000000
1.00000000 -3.50000000 	9.9995092548
1.00000000 -3.00000000 	9.9897190553
1.00000000 -2.50000000 	9.9066425910
1.00000000 -2.00000000 	9.5541235256
1.00000000 -1.50000000 	8.8370164562
1.00000000 -1.00000000 	8.2589462759
1.00000000 -0.50000000 	8.0410781070
1.00000000 0.00000000 	8.0024485099
1.00000000 0.50000000 	8.0000000000
1.00000000 1.00000000 	8.0000000000
1.00000000 1.50000000 	8.0000000000
1.00000000 2.00000000 	8.0000000000
1.00000000 2.50000000 	8.0004906148
1.00000000 3.00000000 	8.0176208603
1.00000000 3.50000000 	8.1534847811
1.00000000 4.00000000 	8.6417617366
1.00000000 4.50000000 	9.4486632602
1.00000000 5.00000000 	9.8831850871
1.00000000 5.50000000 	9.9877609544
1.00000000 6.00000000 	9.9995092548
1.00000000 6.50000000 	10.0000000000
1.00000000 7.00000000 	10.0000000000
1.00000000 7.50000000 	10.0000000000
1.00000000 8.00000000 	10.0000000000
1.50000000 -12.00000000 	10.0000000000
1.50000000 -11.50000000 	10.0000000000
1.50000000 -11.00000000 	10.0000000000
1.50000000 -10.50000000 	10.0000000000
1.50000000 -10.00000000 	10.0000000000
1.50000000 -9.50000000 	10.0000000000
1.50000000 -9.00000000 	10.0000000000
1.50000000 -8.50000000 	10.0000000000
1.50000000 -8.00000000 	10.0000000000
1.50000000 -7.50000000 	10.0000000000
1.50000000 -7.00000000 	10.0000000000
1.50000000 -6.50000000 	10.0000000000
1.50000000 -6.00000000 	10.0000000000
1.50000000 -5.50000000 	10.0000000000
1.50000000 -5.00000000 	10.0000000000
1.50000000 -4.50000000 	10.0000000000
1.50000000 -4.00000000 	10.0000000000
1.50000000 -3.50000000 	9.9995092548
1.50000000 -3.00000000 	9.9877609544
1.50000000 -2.50000000 	9.8831850871
1.50000000 -2.00000000 	9.4486632602
1.50000000 -1.50000000 	8.6398037327
1.50000000 -1.00000000 	8.1456533717
1.50000000 -0.50000000 	8.0151723411
1.50000000 0.00000000 	8.0004906148
1.50000000 0.50000000 	8.0000000000
1.50000000 1.00000000 	8.0000000000
1.50000000 1.50000000 	8.0000000000
1.50000000 2.00000000 	8.0000000000
1.50000000 2.50000000 	8.0004906148
1.50000000 3.00000000 	8.0122377825
1.50000000 3.50000000 	8.1221961745
1.50000000 4.00000000 	8.5850778121
1.50000000 4.50000000 	9.4252056592
1.50000000 5.00000000 	9.8802503664
1.50000000 5.50000000 	9.9877609544
1.50000000 6.00000000 	9.9995092548
1.50000000 6.50000000 	10.0000000000
1.50000000 7.00000000 	10.0000000000
1.50000000 7.50000000 	10.0000000000
1.50000000 8.00000000 	10.0000000000
2.00000000 -12.00000000 	10.0000000000
2.00000000 -11.50000000 	10.0000000000
2.00000000 -11.00000000 	10.0000000000
2.00000000 -10.50000000 	10.0000000000
2.00000000 -10.00000000 	10.0000000000
2.00000000 -9.50000000 	10.0000000000
2.00000000 -9.00000000 	10.0000000000
2.00000000 -8.50000000 	10.0000000000
2.00000000 -8.00000000 	10.0000000000
2.00000000 -7.50000000 	10.0000000000
2.00000000 -7.00000000 	10.0000000000
2.00000000 -6.50000000 	10.0000000000
2.00000000 -6.00000000 	10.0000000000
2.00000000 -5.50000000 	10.0000000000
2.00000000 -5.00000000 	10.0000000000
2.00000000 -4.50000000 	10.0000000000
2.00000000 -4.00000000 	10.0000000000
2.00000000 -3.50000000 	9.9995092548
2.00000000 -3.00000000 	9.9877609544
2.00000000 -2.50000000 	9.8802503664
2.00000000 -2.00000000 	9.4252056592
2.00000000 -1.50000000 	8.5855660493
2.00000000 -1.00000000 	8.1217055508
2.00000000 -0.50000000 	8.0122377825
2.00000000 0.00000000 	8.0004906148
2.00000000 0.50000000 	8.0000000000
2.00000000 1.00000000 	8.0000000000
2.00000000 1.50000000 	8.0000000000
2.00000000 2.00000000 	8.0000000000
2.00000000 2.50000000 	8.0004906148
2.00000000 3.00000000 	8.0122377825
2.00000000 3.50000000 	8.1197476517
2.00000000 4.00000000 	8.5772463759
2.00000000 4.50000000 	9.4232476326
2.00000000 5.00000000 	9.8802503664
2.00000000 5.50000000 	9.9877609544
2.00000000 6.00000000 	9.9995092548
2.00000000 6.50000000 	10.0000000000
2.00000000 7.00000000 	10.0000000000
2.00000000 7.50000000 	10.0000000000
2.00000000 8.00000000 	10.0000000000
