-8.00000000 -12.00000000 	800.0000000000
-8.00000000 -11.50000000 	800.0000000000
-8.00000000 -11.00000000 	800.0000000000
-8.00000000 -10.50000000 	800.0000000000
-8.00000000 -10.00000000 	800.0000000000
-8.00000000 -9.50000000 	800.0000000000
-8.00000000 -9.00000000 	800.0000000000
-8.00000000 -8.50000000 	800.0000000000
-8.00000000 -8.00000000 	800.0000000000
-8.00000000 -7.50000000 	800.0000000000
-8.00000000 -7.00000000 	800.0000000000
-8.00000000 -6.50000000 	800.0000000000
-8.00000000 -6.00000000 	800.0000000000
-8.00000000 -5.50000000 	800.0000000000
-8.00000000 -5.00000000 	800.0000000000
-8.00000000 -4.50000000 	800.0000000000
-8.00000000 -4.00000000 	800.0000000000
-8.00000000 -3.50000000 	800.0000000000
-8.00000000 -3.00000000 	800.0000000000
-8.00000000 -2.50000000 	800.0000000000
-8.00000000 -2.00000000 	800.0000000000
-8.00000000 -1.50000000 	800.0000000000
-8.00000000 -1.00000000 	800.0000000000
-8.00000000 -0.50000000 	800.0000000000
-8.00000000 0.00000000 	800.0000000000
-8.00000000 0.50000000 	800.0000000000
-8.00000000 1.00000000 	800.0000000000
-8.00000000 1.50000000 	800.0000000000
-8.00000000 2.00000000 	800.0000000000
-8.00000000 2.50000000 	800.0000000000
-8.00000000 3.00000000 	800.0000000000
-8.00000000 3.50000000 	800.0000000000
-8.00000000 4.00000000 	800.0000000000
-8.00000000 4.50000000 	800.0000000000
-8.00000000 5.00000000 	800.0000000000
-8.00000000 5.50000000 	800.0000000000
-8.00000000 6.00000000 	800.0000000000
-8.00000000 6.50000000 	800.0000000000
-8.00000000 7.00000000 	800.0000000000
-8.00000000 7.50000000 	800.0000000000
-8.00000000 8.00000000 	800.0000000000
-7.50000000 -12.00000000 	800.0000000000
-7.50000000 -11.50000000 	800.0000000000
-7.50000000 -11.00000000 	800.0000000000
-7.50000000 -10.50000000 	800.0000000000
-7.50000000 -10.00000000 	800.0000000000
-7.50000000 -9.50000000 	800.0000000000
-7.50000000 -9.00000000 	800.0000000000
-7.50000000 -8.50000000 	800.0000000000
-7.50000000 -8.00000000 	800.0000000000
-7.50000000 -7.50000000 	800.0000000000
-7.50000000 -7.00000000 	800.0000000000
-7.50000000 -6.50000000 	800.0000000000
-7.50000000 -6.00000000 	800.0000000000
-7.50000000 -5.50000000 	800.0000000000
-7.50000000 -5.00000000 	800.0000000000
-7.50000000 -4.50000000 	800.0000000000
-7.50000000 -4.00000000 	800.0000000000
-7.50000000 -3.50000000 	800.0000000000
-7.50000000 -3.00000000 	800.0000000000
-7.50000000 -2.50000000 	800.0000000000
-7.50000000 -2.00000000 	800.0000000000
-7.50000000 -1.50000000 	800.0000000000
-7.50000000 -1.00000000 	800.0000000000
-7.50000000 -0.50000000 	800.0000000000
-7.50000000 0.00000000 	800.0000000000
-7.50000000 0.50000000 	800.0000000000
-7.50000000 1.00000000 	800.0000000000
-7.50000000 1.50000000 	800.0000000000
-7.50000000 2.00000000 	800.0000000000
-7.50000000 2.50000000 	800.0000000000
-7.50000000 3.00000000 	800.0000000000
-7.50000000 3.50000000 	800.0000000000
-7.50000000 4.00000000 	800.0000000000
-7.50000000 4.50000000 	800.0000000000
-7.50000000 5.00000000 	800.0000000000
-7.50000000 5.50000000 	800.0000000000
-7.50000000 6.00000000 	800.0000000000
-7.50000000 6.50000000 	800.0000000000
-7.50000000 7.00000000 	800.0000000000
-7.50000000 7.50000000 	800.0000000000
-7.50000000 8.00000000 	800.0000000000
-7.00000000 -12.00000000 	799.8655181248
-7.00000000 -11.50000000 	799.8913799525
-7.00000000 -11.00000000 	799.9498914136
-7.00000000 -10.50000000 	799.9875849905
-7.00000000 -10.00000000 	799.9984311776
-7.00000000 -9.50000000 	799.9999200243
-7.00000000 -9.00000000 	800.0000000000
-7.00000000 -8.50000000 	800.0000000000
-7.00000000 -8.00000000 	800.0000000000
-7.00000000 -7.50000000 	800.0000000000
-7.00000000 -7.00000000 	800.0000000000
-7.00000000 -6.50000000 	800.0000000000
-7.00000000 -6.00000000 	800.0000000000
-7.00000000 -5.50000000 	800.0000000000
-7.00000000 -5.00000000 	800.0000000000
-7.00000000 -4.50000000 	800.0000000000
-7.00000000 -4.00000000 	800.0000000000
-7.00000000 -3.50000000 	800.0000000000
-7.00000000 -3.00000000 	800.0000000000
-7.00000000 -2.50000000 	800.0000000000
-7.00000000 -2.00000000 	800.0000000000
-7.00000000 -1.50000000 	800.0000000000
-7.00000000 -1.00000000 	800.0000000000
-7.00000000 -0.50000000 	800.0000000000
-7.00000000 0.00000000 	800.0000000000
-7.00000000 0.50000000 	800.0000000000
-7.00000000 1.00000000 	800.0000000000
-7.00000000 1.50000000 	800.0000000000
-7.00000000 2.00000000 	800.0000000000
-7.00000000 2.50000000 	800.0000000000
-7.00000000 3.00000000 	800.0000000000
-7.00000000 3.50000000 	800.0000000000
-7.00000000 4.00000000 	800.0000000000
-7.00000000 4.50000000 	800.0000000000
-7.00000000 5.00000000 	800.0000000000
-7.00000000 5.50000000 	800.0000000000
-7.00000000 6.00000000 	800.0000000000
-7.00000000 6.50000000 	800.0000000000
-7.00000000 7.00000000 	800.0000000000
-7.00000000 7.50000000 	800.0000000000
-7.00000000 8.00000000 	800.0000000000
-6.50000000 -12.00000000 	797.9879715062
-6.50000000 -11.50000000 	798.3213831124
-6.50000000 -11.00000000 	799.1283194399
-6.50000000 -10.50000000 	799.7001818831
-6.50000000 -10.00000000 	799.9244337070
-6.50000000 -9.50000000 	799.9862122469
-6.50000000 -9.00000000 	799.9984311776
-6.50000000 -8.50000000 	799.9999200243
-6.50000000 -8.00000000 	800.0000000000
-6.50000000 -7.50000000 	800.0000000000
-6.50000000 -7.00000000 	800.0000000000
-6.50000000 -6.50000000 	800.0000000000
-6.50000000 -6.00000000 	800.0000000000
-6.50000000 -5.50000000 	800.0000000000
-6.50000000 -5.00000000 	800.0000000000
-6.50000000 -4.50000000 	800.0000000000
-6.50000000 -4.00000000 	800.0000000000
-6.50000000 -3.50000000 	800.0000000000
-6.50000000 -3.00000000 	800.0000000000
-6.50000000 -2.50000000 	800.0000000000
-6.50000000 -2.00000000 	800.0000000000
-6.50000000 -1.50000000 	800.0000000000
-6.50000000 -1.00000000 	800.0000000000
-6.50000000 -0.50000000 	800.0000000000
-6.50000000 0.00000000 	800.0000000000
-6.50000000 0.50000000 	800.0000000000
-6.50000000 1.00000000 	800.0000000000
-6.50000000 1.50000000 	800.0000000000
-6.50000000 2.00000000 	800.0000000000
-6.50000000 2.50000000 	800.0000000000
-6.50000000 3.00000000 	800.0000000000
-6.50000000 3.50000000 	800.0000000000
-6.50000000 4.00000000 	800.0000000000
-6.50000000 4.50000000 	800.0000000000
-6.50000000 5.00000000 	800.0000000000
-6.50000000 5.50000000 	800.0000000000
-6.50000000 6.00000000 	800.0000000000
-6.50000000 6.50000000 	800.0000000000
-6.50000000 7.00000000 	800.0000000000
-6.50000000 7.50000000 	800.0000000000
-6.50000000 8.00000000 	800.0000000000
-6.00000000 -12.00000000 	788.2704449699
-6.00000000 -11.50000000 	789.7535130614
-6.00000000 -11.00000000 	793.8594962990
-6.00000000 -10.50000000 	797.1912890734
-6.00000000 -10.00000000 	798.9691226905
-6.00000000 -9.50000000 	799.6910865952
-6.00000000 -9.00000000 	799.9244337070
-6.00000000 -8.50000000 	799.9862122469
-6.00000000 -8.00000000 	799.9984311776
-6.00000000 -7.50000000 	799.9999200243
-6.00000000 -7.00000000 	800.0000000000
-6.00000000 -6.50000000 	800.0000000000
-6.00000000 -6.00000000 	800.0000000000
-6.00000000 -5.50000000 	800.0000000000
-6.00000000 -5.00000000 	800.0000000000
-6.00000000 -4.50000000 	800.0000000000
-6.00000000 -4.00000000 	800.0000000000
-6.00000000 -3.50000000 	800.0000000000
-6.00000000 -3.00000000 	800.0000000000
-6.00000000 -2.50000000 	800.0000000000
-6.00000000 -2.00000000 	800.0000000000
-6.00000000 -1.50000000 	800.0000000000
-6.00000000 -1.00000000 	800.0000000000
-6.00000000 -0.50000000 	800.0000000000
-6.00000000 0.00000000 	800.0000000000
-6.00000000 0.50000000 	800.0000000000
-6.00000000 1.00000000 	800.0000000000
-6.00000000 1.50000000 	800.0000000000
-6.00000000 2.00000000 	800.0000000000
-6.00000000 2.50000000 	800.0000000000
-6.00000000 3.00000000 	800.0000000000
-6.00000000 3.50000000 	800.0000000000
-6.00000000 4.00000000 	800.0000000000
-6.00000000 4.50000000 	800.0000000000
-6.00000000 5.00000000 	800.0000000000
-6.00000000 5.50000000 	800.0000000000
-6.00000000 6.00000000 	800.0000000000
-6.00000000 6.50000000 	800.0000000000
-6.00000000 7.00000000 	800.0000000000
-6.00000000 7.50000000 	800.0000000000
-6.00000000 8.00000000 	800.0000000000
-5.50000000 -12.00000000 	768.0199344508
-5.50000000 -11.50000000 	769.8390044484
-5.50000000 -11.00000000 	778.1023965258
-5.50000000 -10.50000000 	786.7560364375
-5.50000000 -10.00000000 	793.4090513981
-5.50000000 -9.50000000 	797.1639220121
-5.50000000 -9.00000000 	798.9691226905
-5.50000000 -8.50000000 	799.6910865952
-5.50000000 -8.00000000 	799.9244337070
-5.50000000 -7.50000000 	799.9862122469
-5.50000000 -7.00000000 	799.9984311776
-5.50000000 -6.50000000 	799.9999200243
-5.50000000 -6.00000000 	800.0000000000
-5.50000000 -5.50000000 	800.0000000000
-5.50000000 -5.00000000 	800.0000000000
-5.50000000 -4.50000000 	800.0000000000
-5.50000000 -4.00000000 	800.0000000000
-5.50000000 -3.50000000 	800.0000000000
-5.50000000 -3.00000000 	800.0000000000
-5.50000000 -2.50000000 	800.0000000000
-5.50000000 -2.00000000 	800.0000000000
-5.50000000 -1.50000000 	800.0000000000
-5.50000000 -1.00000000 	800.0000000000
-5.50000000 -0.50000000 	800.0000000000
-5.50000000 0.00000000 	800.0000000000
-5.50000000 0.50000000 	800.0000000000
-5.50000000 1.00000000 	800.0000000000
-5.50000000 1.50000000 	800.0000000000
-5.50000000 2.00000000 	800.0000000000
-5.50000000 2.50000000 	800.0000000000
-5.50000000 3.00000000 	800.0000000000
-5.50000000 3.50000000 	800.0000000000
-5.50000000 4.00000000 	800.0000000000
-5.50000000 4.50000000 	800.0000000000
-5.50000000 5.00000000 	800.0000000000
-5.50000000 5.50000000 	800.0000000000
-5.50000000 6.00000000 	800.0000000000
-5.50000000 6.50000000 	800.0000000000
-5.50000000 7.00000000 	800.0000000000
-5.50000000 7.50000000 	800.0000000000
-5.50000000 8.00000000 	800.0000000000
-5.00000000 -12.00000000 	765.2581157210
-5.00000000 -11.50000000 	760.6117063244
-5.00000000 -11.00000000 	760.5582327917
-5.00000000 -10.50000000 	767.0653590386
-5.00000000 -10.00000000 	777.6254462784
-5.00000000 -9.50000000 	786.7240697787
-5.00000000 -9.00000000 	793.4090513981
-5.00000000 -8.50000000 	797.1639220121
-5.00000000 -8.00000000 	798.9691226905
-5.00000000 -7.50000000 	799.6910865952
-5.00000000 -7.00000000 	799.9244337070
-5.00000000 -6.50000000 	799.9862122469
-5.00000000 -6.00000000 	799.9984311776
-5.00000000 -5.50000000 	799.9999200243
-5.00000000 -5.00000000 	800.0000000000
-5.00000000 -4.50000000 	800.0000000000
-5.00000000 -4.00000000 	800.0000000000
-5.00000000 -3.50000000 	800.0000000000
-5.00000000 -3.00000000 	800.0000000000
-5.00000000 -2.50000000 	800.0000000000
-5.00000000 -2.00000000 	800.0000000000
-5.00000000 -1.50000000 	800.0000000000
-5.00000000 -1.00000000 	800.0000000000
-5.00000000 -0.50000000 	800.0000000000
-5.00000000 0.00000000 	800.0000000000
-5.00000000 0.50000000 	800.0000000000
-5.00000000 1.00000000 	800.0000000000
-5.00000000 1.50000000 	800.0000000000
-5.00000000 2.00000000 	800.0000000000
-5.00000000 2.50000000 	800.0000000000
-5.00000000 3.00000000 	800.0000000000
-5.00000000 3.50000000 	800.0000000000
-5.00000000 4.00000000 	800.0000000000
-5.00000000 4.50000000 	800.0000000000
-5.00000000 5.00000000 	800.0000000000
-5.00000000 5.50000000 	800.0000000000
-5.00000000 6.00000000 	800.0000000000
-5.00000000 6.50000000 	800.0000000000
-5.00000000 7.00000000 	800.0000000000
-5.00000000 7.50000000 	800.0000000000
-5.00000000 8.00000000 	800.0000000000
-4.50000000 -12.00000000 	784.8087757035
-4.50000000 -11.50000000 	777.3563828608
-4.50000000 -11.00000000 	767.0414603292
-4.50000000 -10.50000000 	760.4784813347
-4.50000000 -10.00000000 	760.4785865670
-4.50000000 -9.50000000 	767.0579966303
-4.50000000 -9.00000000 	777.6254462784
-4.50000000 -8.50000000 	786.7240697787
-4.50000000 -8.00000000 	793.4090513981
-4.50000000 -7.50000000 	797.1639220121
-4.50000000 -7.00000000 	798.9691226905
-4.50000000 -6.50000000 	799.6910865952
-4.50000000 -6.00000000 	799.9244337070
-4.50000000 -5.50000000 	799.9862122469
-4.50000000 -5.00000000 	799.9984311776
-4.50000000 -4.50000000 	799.9999200243
-4.50000000 -4.00000000 	800.0000000000
-4.50000000 -3.50000000 	800.0000000000
-4.50000000 -3.00000000 	800.0000000000
-4.50000000 -2.50000000 	800.0000000000
-4.50000000 -2.00000000 	800.0000000000
-4.50000000 -1.50000000 	800.0000000000
-4.50000000 -1.00000000 	800.0000000000
-4.50000000 -0.50000000 	800.0000000000
-4.50000000 0.00000000 	800.0000000000
-4.50000000 0.50000000 	800.0000000000
-4.50000000 1.00000000 	800.0000000000
-4.50000000 1.50000000 	800.0000000000
-4.50000000 2.00000000 	800.0000000000
-4.50000000 2.50000000 	800.0000000000
-4.50000000 3.00000000 	800.0000000000
-4.50000000 3.50000000 	800.0000000000
-4.50000000 4.00000000 	800.0000000000
-4.50000000 4.50000000 	800.0000000000
-4.50000000 5.00000000 	800.0000000000
-4.50000000 5.50000000 	800.0000000000
-4.50000000 6.00000000 	800.0000000000
-4.50000000 6.50000000 	800.0000000000
-4.50000000 7.00000000 	800.0000000000
-4.50000000 7.50000000 	800.0000000000
-4.50000000 8.00000000 	800.0000000000
-4.00000000 -12.00000000 	796.6855341154
-4.00000000 -11.50000000 	793.3336243073
-4.00000000 -11.00000000 	786.7175587604
-4.00000000 -10.50000000 	777.6252205043
-4.00000000 -10.00000000 	767.0579966303
-4.00000000 -9.50000000 	760.4785865670
-4.00000000 -9.00000000 	760.4785865670
-4.00000000 -8.50000000 	767.0579966303
-4.00000000 -8.00000000 	777.6254462784
-4.00000000 -7.50000000 	786.7240697787
-4.00000000 -7.00000000 	793.4090513981
-4.00000000 -6.50000000 	797.1639220121
-4.00000000 -6.00000000 	798.9691226905
-4.00000000 -5.50000000 	799.6910865952
-4.00000000 -5.00000000 	799.9244337070
-4.00000000 -4.50000000 	799.9862122469
-4.00000000 -4.00000000 	799.9984311776
-4.00000000 -3.50000000 	799.9999200243
-4.00000000 -3.00000000 	800.0000000000
-4.00000000 -2.50000000 	800.0000000000
-4.00000000 -2.00000000 	800.0000000000
-4.00000000 -1.50000000 	800.0000000000
-4.00000000 -1.00000000 	800.0000000000
-4.00000000 -0.50000000 	800.0000000000
-4.00000000 0.00000000 	800.0000000000
-4.00000000 0.50000000 	800.0000000000
-4.00000000 1.00000000 	800.0000000000
-4.00000000 1.50000000 	800.0000000000
-4.00000000 2.00000000 	800.0000000000
-4.00000000 2.50000000 	800.0000000000
-4.00000000 3.00000000 	800.0000000000
-4.00000000 3.50000000 	800.0000000000
-4.00000000 4.00000000 	800.0000000000
-4.00000000 4.50000000 	800.0000000000
-4.00000000 5.00000000 	800.0000000000
-4.00000000 5.50000000 	800.0000000000
-4.00000000 6.00000000 	800.0000000000
-4.00000000 6.50000000 	800.0000000000
-4.00000000 7.00000000 	800.0000000000
-4.00000000 7.50000000 	800.0000000000
-4.00000000 8.00000000 	800.0000000000
-3.50000000 -12.00000000 	799.6455253882
-3.50000000 -11.50000000 	798.9625919281
-3.50000000 -11.00000000 	797.1633519205
-3.50000000 -10.50000000 	793.4090296164
-3.50000000 -10.00000000 	786.7240697787
-3.50000000 -9.50000000 	777.6254462784
-3.50000000 -9.00000000 	767.0579966303
-3.50000000 -8.50000000 	760.4785865670
-3.50000000 -8.00000000 	760.4785865670
-3.50000000 -7.50000000 	767.0579966303
-3.50000000 -7.00000000 	777.6254462784
-3.50000000 -6.50000000 	786.7240697787
-3.50000000 -6.00000000 	793.4090513981
-3.50000000 -5.50000000 	797.1639220121
-3.50000000 -5.00000000 	798.9691226905
-3.50000000 -4.50000000 	799.6910865952
-3.50000000 -4.00000000 	799.9244337070
-3.50000000 -3.50000000 	799.9862122469
-3.50000000 -3.00000000 	799.9984311776
-3.50000000 -2.50000000 	799.9999200243
-3.50000000 -2.00000000 	800.0000000000
-3.50000000 -1.50000000 	800.0000000000
-3.50000000 -1.00000000 	800.0000000000
-3.50000000 -0.50000000 	800.0000000000
-3.50000000 0.00000000 	800.0000000000
-3.50000000 0.50000000 	800.0000000000
-3.50000000 1.00000000 	800.0000000000
-3.50000000 1.50000000 	800.0000000000
-3.50000000 2.00000000 	800.0000000000
-3.50000000 2.50000000 	800.0000000000
-3.50000000 3.00000000 	800.0000000000
-3.50000000 3.50000000 	800.0000000000
-3.50000000 4.00000000 	800.0000000000
-3.50000000 4.50000000 	800.0000000000
-3.50000000 5.00000000 	800.0000000000
-3.50000000 5.50000000 	800.0000000000
-3.50000000 6.00000000 	800.0000000000
-3.50000000 6.50000000 	800.0000000000
-3.50000000 7.00000000 	800.0000000000
-3.50000000 7.50000000 	800.0000000000
-3.50000000 8.00000000 	800.0000000000
-3.00000000 -12.00000000 	799.9852405774
-3.00000000 -11.50000000 	799.9243956316
-3.00000000 -11.00000000 	799.6910865952
-3.00000000 -10.50000000 	798.9691226905
-3.00000000 -10.00000000 	797.1639220121
-3.00000000 -9.50000000 	793.4090513981
-3.00000000 -9.00000000 	786.7240697787
-3.00000000 -8.50000000 	777.6254462784
-3.00000000 -8.00000000 	767.0579966303
-3.00000000 -7.50000000 	760.4785865670
-3.00000000 -7.00000000 	760.4785865670
-3.00000000 -6.50000000 	767.0579966303
-3.00000000 -6.00000000 	777.6254462784
-3.00000000 -5.50000000 	786.7240697787
-3.00000000 -5.00000000 	793.4090513981
-3.00000000 -4.50000000 	797.1639220121
-3.00000000 -4.00000000 	798.9691226905
-3.00000000 -3.50000000 	799.6910865952
-3.00000000 -3.00000000 	799.9244337070
-3.00000000 -2.50000000 	799.9862122469
-3.00000000 -2.00000000 	799.9984311776
-3.00000000 -1.50000000 	799.9999200243
-3.00000000 -1.00000000 	800.0000000000
-3.00000000 -0.50000000 	800.0000000000
-3.00000000 0.00000000 	800.0000000000
-3.00000000 0.50000000 	800.0000000000
-3.00000000 1.00000000 	800.0000000000
-3.00000000 1.50000000 	800.0000000000
-3.00000000 2.00000000 	800.0000000000
-3.00000000 2.50000000 	800.0000000000
-3.00000000 3.00000000 	800.0000000000
-3.00000000 3.50000000 	800.0000000000
-3.00000000 4.00000000 	800.0000000000
-3.00000000 4.50000000 	800.0000000000
-3.00000000 5.00000000 	800.0000000000
-3.00000000 5.50000000 	800.0000000000
-3.00000000 6.00000000 	800.0000000000
-3.00000000 6.50000000 	800.0000000000
-3.00000000 7.00000000 	800.0000000000
-3.00000000 7.50000000 	800.0000000000
-3.00000000 8.00000000 	800.0000000000
-2.50000000 -12.00000000 	799.9999200243
-2.50000000 -11.50000000 	799.9984311776
-2.50000000 -11.00000000 	799.9862122469
-2.50000000 -10.50000000 	799.9244337070
-2.50000000 -10.00000000 	799.6910865952
-2.50000000 -9.50000000 	798.9691226905
-2.50000000 -9.00000000 	797.1639220121
-2.50000000 -8.50000000 	793.4090513981
-2.50000000 -8.00000000 	786.7240697787
-2.50000000 -7.50000000 	777.6254462784
-2.50000000 -7.00000000 	767.0579966303
-2.50000000 -6.50000000 	760.4785865670
-2.50000000 -6.00000000 	760.4785865670
-2.50000000 -5.50000000 	767.0579966303
-2.50000000 -5.00000000 	777.6254462784
-2.50000000 -4.50000000 	786.7240697787
-2.50000000 -4.00000000 	793.4090513981
-2.50000000 -3.50000000 	797.1639220121
-2.50000000 -3.00000000 	798.9691226905
-2.50000000 -2.50000000 	799.6910865952
-2.50000000 -2.00000000 	799.9244337070
-2.50000000 -1.50000000 	799.9862122469
-2.50000000 -1.00000000 	799.9984311776
-2.50000000 -0.50000000 	799.9999200243
-2.50000000 0.00000000 	800.0000000000
-2.50000000 0.50000000 	800.0000000000
-2.50000000 1.00000000 	800.0000000000
-2.50000000 1.50000000 	800.0000000000
-2.50000000 2.00000000 	800.0000000000
-2.50000000 2.50000000 	800.0000000000
-2.50000000 3.00000000 	800.0000000000
-2.50000000 3.50000000 	800.0000000000
-2.50000000 4.00000000 	800.0000000000
-2.50000000 4.50000000 	800.0000000000
-2.50000000 5.00000000 	800.0000000000
-2.50000000 5.50000000 	800.0000000000
-2.50000000 6.00000000 	800.0000000000
-2.50000000 6.50000000 	800.0000000000
-2.50000000 7.00000000 	800.0000000000
-2.50000000 7.50000000 	800.0000000000
-2.50000000 8.00000000 	800.0000000000
-2.00000000 -12.00000000 	800.0000000000
-2.00000000 -11.50000000 	800.0000000000
-2.00000000 -11.00000000 	799.9999200243
-2.00000000 -10.50000000 	799.9984311776
-2.00000000 -10.00000000 	799.9862122469
-2.00000000 -9.50000000 	799.9244337070
-2.00000000 -9.00000000 	799.6910865952
-2.00000000 -8.50000000 	798.9691226905
-2.00000000 -8.00000000 	797.1639220121
-2.00000000 -7.50000000 	793.4090513981
-2.00000000 -7.00000000 	786.7240697787
-2.00000000 -6.50000000 	777.6254462784
-2.00000000 -6.00000000 	767.0579966303
-2.00000000 -5.50000000 	760.4785865670
-2.00000000 -5.00000000 	760.4785865670
-2.00000000 -4.50000000 	767.0579966303
-2.00000000 -4.00000000 	777.6254462784
-2.00000000 -3.50000000 	786.7240697787
-2.00000000 -3.00000000 	793.4090513981
-2.00000000 -2.50000000 	797.1639220121
-2.00000000 -2.00000000 	798.9691226905
-2.00000000 -1.50000000 	799.6910865952
-2.00000000 -1.00000000 	799.9244337070
-2.00000000 -0.50000000 	799.9862122469
-2.00000000 0.00000000 	799.9984311776
-2.00000000 0.50000000 	799.9999200243
-2.00000000 1.00000000 	800.0000000000
-2.00000000 1.50000000 	800.0000000000
-2.00000000 2.00000000 	800.0000000000
-2.00000000 2.50000000 	800.0000000000
-2.00000000 3.00000000 	800.0000000000
-2.00000000 3.50000000 	800.0000000000
-2.00000000 4.00000000 	800.0000000000
-2.00000000 4.50000000 	800.0000000000
-2.00000000 5.00000000 	800.0000000000
-2.00000000 5.50000000 	800.0000000000
-2.00000000 6.00000000 	800.0000000000
-2.00000000 6.50000000 	800.0000000000
-2.00000000 7.00000000 	800.0000000000
-2.00000000 7.50000000 	800.0000000000
-2.00000000 8.00000000 	800.0000000000
-1.50000000 -12.00000000 	800.0000000000
-1.50000000 -11.50000000 	800.0000000000
-1.50000000 -11.00000000 	800.0000000000
-1.50000000 -10.50000000 	800.0000000000
-1.50000000 -10.00000000 	799.9999200243
-1.50000000 -9.50000000 	799.9984311776
-1.50000000 -9.00000000 	799.9862122469
-1.50000000 -8.50000000 	799.9244337070
-1.50000000 -8.00000000 	799.6910865952
-1.50000000 -7.50000000 	798.9691226905
-1.50000000 -7.00000000 	797.1639220121
-1.50000000 -6.50000000 	793.4090513981
-1.50000000 -6.00000000 	786.7240697787
-1.50000000 -5.50000000 	777.6254462784
-1.50000000 -5.00000000 	767.0579966303
-1.50000000 -4.50000000 	760.4785865670
-1.50000000 -4.00000000 	760.4785865670
-1.50000000 -3.50000000 	767.0579966303
-1.50000000 -3.00000000 	777.6254462784
-1.50000000 -2.50000000 	786.7240697787
-1.50000000 -2.00000000 	793.4090513981
-1.50000000 -1.50000000 	797.1639220121
-1.50000000 -1.00000000 	798.9691226905
-1.50000000 -0.50000000 	799.6910865952
-1.50000000 0.00000000 	799.9244337070
-1.50000000 0.50000000 	799.9862122469
-1.50000000 1.00000000 	799.9984311776
-1.50000000 1.50000000 	799.9999200243
-1.50000000 2.00000000 	800.0000000000
-1.50000000 2.50000000 	800.0000000000
-1.50000000 3.00000000 	800.0000000000
-1.50000000 3.50000000 	800.0000000000
-1.50000000 4.00000000 	800.0000000000
-1.50000000 4.50000000 	800.0000000000
-1.50000000 5.00000000 	800.0000000000
-1.50000000 5.50000000 	800.0000000000
-1.50000000 6.00000000 	800.0000000000
-1.50000000 6.50000000 	800.0000000000
-1.50000000 7.00000000 	800.0000000000
-1.50000000 7.50000000 	800.0000000000
-1.50000000 8.00000000 	800.0000000000
-1.00000000 -12.00000000 	800.0000000000
-1.00000000 -11.50000000 	800.0000000000
-1.00000000 -11.00000000 	800.0000000000
-1.00000000 -10.50000000 	800.0000000000
-1.00000000 -10.00000000 	800.0000000000
-1.00000000 -9.50000000 	800.0000000000
-1.00000000 -9.00000000 	799.9999200243
-1.00000000 -8.50000000 	799.9984311776
-1.00000000 -8.00000000 	799.9862122469
-1.00000000 -7.50000000 	799.9244337070
-1.00000000 -7.00000000 	799.6910865952
-1.00000000 -6.50000000 	798.9691226905
-1.00000000 -6.00000000 	797.1639220121
-1.00000000 -5.50000000 	793.4090513981
-1.00000000 -5.00000000 	786.7240697787
-1.00000000 -4.50000000 	777.6254462784
-1.00000000 -4.00000000 	767.0579966303
-1.00000000 -3.50000000 	760.4785865670
-1.00000000 -3.00000000 	760.4785865670
-1.00000000 -2.50000000 	767.0579966303
-1.00000000 -2.00000000 	777.6254462784
-1.00000000 -1.50000000 	786.7240697787
-1.00000000 -1.00000000 	793.4090513981
-1.00000000 -0.50000000 	797.1639220121
-1.00000000 0.00000000 	798.9691226905
-1.00000000 0.50000000 	799.6910865952
-1.00000000 1.00000000 	799.9244337070
-1.00000000 1.50000000 	799.9862122469
-1.00000000 2.00000000 	799.9984311776
-1.00000000 2.50000000 	799.9999200243
-1.00000000 3.00000000 	800.0000000000
-1.00000000 3.50000000 	800.0000000000
-1.00000000 4.00000000 	800.0000000000
-1.00000000 4.50000000 	800.0000000000
-1.00000000 5.00000000 	800.0000000000
-1.00000000 5.50000000 	800.0000000000
-1.00000000 6.00000000 	800.0000000000
-1.00000000 6.50000000 	800.0000000000
-1.00000000 7.00000000 	800.0000000000
-1.00000000 7.50000000 	800.0000000000
-1.00000000 8.00000000 	800.0000000000
-0.50000000 -12.00000000 	800.0000000000
-0.50000000 -11.50000000 	800.0000000000
-0.50000000 -11.00000000 	800.0000000000
-0.50000000 -10.50000000 	800.0000000000
-0.50000000 -10.00000000 	800.0000000000
-0.50000000 -9.50000000 	800.0000000000
-0.50000000 -9.00000000 	800.0000000000
-0.50000000 -8.50000000 	800.0000000000
-0.50000000 -8.00000000 	799.9999200243
-0.50000000 -7.50000000 	799.9984311776
-0.50000000 -7.00000000 	799.9862122469
-0.50000000 -6.50000000 	799.9244337070
-0.50000000 -6.00000000 	799.6910865952
-0.50000000 -5.50000000 	798.9691226905
-0.50000000 -5.00000000 	797.1639220121
-0.50000000 -4.50000000 	793.4090513981
-0.50000000 -4.00000000 	786.7240697787
-0.50000000 -3.50000000 	777.6254462784
-0.50000000 -3.00000000 	767.0579966303
-0.50000000 -2.50000000 	760.4785865670
-0.50000000 -2.00000000 	760.4785865670
-0.50000000 -1.50000000 	767.0579966303
-0.50000000 -1.00000000 	777.6254462784
-0.50000000 -0.50000000 	786.7240697787
-0.50000000 0.00000000 	793.4090513981
-0.50000000 0.50000000 	797.1639220121
-0.50000000 1.00000000 	798.9691226905
-0.50000000 1.50000000 	799.6910865952
-0.50000000 2.00000000 	799.9244337070
-0.50000000 2.50000000 	799.9862122469
-0.50000000 3.00000000 	799.9984311776
-0.50000000 3.50000000 	799.9999200243
-0.50000000 4.00000000 	800.0000000000
-0.50000000 4.50000000 	800.0000000000
-0.50000000 5.00000000 	800.0000000000
-0.50000000 5.50000000 	800.0000000000
-0.50000000 6.00000000 	800.0000000000
-0.50000000 6.50000000 	800.0000000000
-0.50000000 7.00000000 	800.0000000000
-0.50000000 7.50000000 	800.0000000000
-0.50000000 8.00000000 	800.0000000000
0.00000000 -12.00000000 	800.0000000000
0.00000000 -11.50000000 	800.0000000000
0.00000000 -11.00000000 	800.0000000000
0.00000000 -10.50000000 	800.0000000000
0.00000000 -10.00000000 	800.0000000000
0.00000000 -9.50000000 	800.0000000000
0.00000000 -9.00000000 	800.0000000000
0.00000000 -8.50000000 	800.0000000000
0.00000000 -8.00000000 	800.0000000000
0.00000000 -7.50000000 	800.0000000000
0.00000000 -7.00000000 	799.9999200243
0.00000000 -6.50000000 	799.9984311776
0.00000000 -6.00000000 	799.9862122469
0.00000000 -5.50000000 	799.9244337070
0.00000000 -5.00000000 	799.6910865952
0.00000000 -4.50000000 	798.9691226905
0.00000000 -4.00000000 	797.1639220121
0.00000000 -3.50000000 	793.4090513981
0.00000000 -3.00000000 	786.7240697787
0.00000000 -2.50000000 	777.6254462784
0.00000000 -2.00000000 	767.0579966303
0.00000000 -1.50000000 	760.4785865670
0.00000000 -1.00000000 	760.4785865670
0.00000000 -0.50000000 	767.0579966303
0.00000000 0.00000000 	777.6254462784
0.00000000 0.50000000 	786.7240697787
0.00000000 1.00000000 	793.4090513981
0.00000000 1.50000000 	797.1639220121
0.00000000 2.00000000 	798.9691226905
0.00000000 2.50000000 	799.6910865952
0.00000000 3.00000000 	799.9244337070
0.00000000 3.50000000 	799.9862122469
0.00000000 4.00000000 	799.9984311776
0.00000000 4.50000000 	799.9999200243
0.00000000 5.00000000 	800.0000000000
0.00000000 5.50000000 	800.0000000000
0.00000000 6.00000000 	800.0000000000
0.00000000 6.50000000 	800.0000000000
0.00000000 7.00000000 	800.0000000000
0.00000000 7.50000000 	800.0000000000
0.00000000 8.00000000 	800.0000000000
0.50000000 -12.00000000 	800.0000000000
0.50000000 -11.50000000 	800.0000000000
0.50000000 -11.00000000 	800.0000000000
0.50000000 -10.50000000 	800.0000000000
0.50000000 -10.00000000 	800.0000000000
0.50000000 -9.50000000 	800.0000000000
0.50000000 -9.00000000 	800.0000000000
0.50000000 -8.50000000 	800.0000000000
0.50000000 -8.00000000 	800.0000000000
0.50000000 -7.50000000 	800.0000000000
0.50000000 -7.00000000 	800.0000000000
0.50000000 -6.50000000 	800.0000000000
0.50000000 -6.00000000 	799.9999200243
0.50000000 -5.50000000 	799.9984311776
0.50000000 -5.00000000 	799.9862122469
0.50000000 -4.50000000 	799.9244337070
0.50000000 -4.00000000 	799.6910865952
0.50000000 -3.50000000 	798.9691226905
0.50000000 -3.00000000 	797.1639220121
0.50000000 -2.50000000 	793.4090513981
0.50000000 -2.00000000 	786.7240697787
0.50000000 -1.50000000 	777.6254462784
0.50000000 -1.00000000 	767.0579966303
0.50000000 -0.50000000 	760.4785865670
0.50000000 0.00000000 	760.4785865670
0.50000000 0.50000000 	767.0579966303
0.50000000 1.00000000 	777.6254681404
0.50000000 1.50000000 	786.7246338338
0.50000000 2.00000000 	793.4149579300
0.50000000 2.50000000 	797.1953009804
0.50000000 3.00000000 	799.0532240087
0.50000000 3.50000000 	799.7868758339
0.50000000 4.00000000 	799.9728849671
0.50000000 4.50000000 	799.9985411445
0.50000000 5.00000000 	800.0000000000
0.50000000 5.50000000 	800.0000000000
0.50000000 6.00000000 	800.0000000000
0.50000000 6.50000000 	800.0000000000
0.50000000 7.00000000 	800.0000000000
0.50000000 7.50000000 	800.0000000000
0.50000000 8.00000000 	800.0000000000
1.00000000 -12.00000000 	800.0000000000
1.00000000 -11.50000000 	800.0000000000
1.00000000 -11.00000000 	800.0000000000
1.00000000 -10.50000000 	800.0000000000
1.00000000 -10.00000000 	800.0000000000
1.00000000 -9.50000000 	800.0000000000
1.00000000 -9.00000000 	800.0000000000
1.00000000 -8.50000000 	800.0000000000
1.00000000 -8.00000000 	800.0000000000
1.00000000 -7.50000000 	800.0000000000
1.00000000 -7.00000000 	800.0000000000
1.00000000 -6.50000000 	800.0000000000
1.00000000 -6.00000000 	800.0000000000
1.00000000 -5.50000000 	800.0000000000
1.00000000 -5.00000000 	799.9999200243
1.00000000 -4.50000000 	799.9984311776
1.00000000 -4.00000000 	799.9862122469
1.00000000 -3.50000000 	799.9244337070
1.00000000 -3.00000000 	799.6910865952
1.00000000 -2.50000000 	798.9691226905
1.00000000 -2.00000000 	797.1639220121
1.00000000 -1.50000000 	793.4090513981
1.00000000 -1.00000000 	786.7240697787
1.00000000 -0.50000000 	777.6254462784
1.00000000 0.00000000 	767.0579808185
1.00000000 0.50000000 	760.4783810735
1.00000000 1.00000000 	760.4781787581
1.00000000 1.50000000 	767.0669057256
1.00000000 2.00000000 	777.7174464140
1.00000000 2.50000000 	787.1788639890
1.00000000 3.00000000 	794.6428488108
1.00000000 3.50000000 	798.6357945161
1.00000000 4.00000000 	799.8126937956
1.00000000 4.50000000 	799.9893645788
1.00000000 5.00000000 	800.0000000000
1.00000000 5.50000000 	800.0000000000
1.00000000 6.00000000 	800.0000000000
1.00000000 6.50000000 	800.0000000000
1.00000000 7.00000000 	800.0000000000
1.00000000 7.50000000 	800.0000000000
1.00000000 8.00000000 	800.0000000000
1.50000000 -12.00000000 	800.0000000000
1.50000000 -11.50000000 	800.0000000000
1.50000000 -11.00000000 	800.0000000000
1.50000000 -10.50000000 	800.0000000000
1.50000000 -10.00000000 	800.0000000000
1.50000000 -9.50000000 	800.0000000000
1.50000000 -9.00000000 	800.0000000000
1.50000000 -8.50000000 	800.0000000000
1.50000000 -8.00000000 	800.0000000000
1.50000000 -7.50000000 	800.0000000000
1.50000000 -7.00000000 	800.0000000000
1.50000000 -6.50000000 	800.0000000000
1.50000000 -6.00000000 	800.0000000000
1.50000000 -5.50000000 	800.0000000000
1.50000000 -5.00000000 	800.0000000000
1.50000000 -4.50000000 	800.0000000000
1.50000000 -4.00000000 	799.9999200243
1.50000000 -3.50000000 	799.9984311776
1.50000000 -3.00000000 	799.9862122469
1.50000000 -2.50000000 	799.9244337070
1.50000000 -2.00000000 	799.6910865952
1.50000000 -1.50000000 	798.9691226905
1.50000000 -1.00000000 	797.1638977789
1.50000000 -0.50000000 	793.4086894900
1.50000000 0.00000000 	786.7217149659
1.50000000 0.50000000 	777.6155329608
1.50000000 1.00000000 	767.0315548789
1.50000000 1.50000000 	760.4949011008
1.50000000 2.00000000 	760.9955877875
1.50000000 2.50000000 	769.5716719661
1.50000000 3.00000000 	784.6510385143
1.50000000 3.50000000 	795.6658356809
1.50000000 4.00000000 	799.3628541447
1.50000000 4.50000000 	799.9618459389
1.50000000 5.00000000 	800.0000000000
1.50000000 5.50000000 	800.0000000000
1.50000000 6.00000000 	800.0000000000
1.50000000 6.50000000 	800.0000000000
1.50000000 7.00000000 	800.0000000000
1.50000000 7.50000000 	800.0000000000
1.50000000 8.00000000 	800.0000000000
2.00000000 -12.00000000 	800.0000000000
2.00000000 -11.50000000 	800.0000000000
2.00000000 -11.00000000 	800.0000000000
2.00000000 -10.50000000 	800.0000000000
2.00000000 -10.00000000 	800.0000000000
2.00000000 -9.50000000 	800.0000000000
2.00000000 -9.00000000 	800.0000000000
2.00000000 -8.50000000 	800.0000000000
2.00000000 -8.00000000 	800.0000000000
2.00000000 -7.50000000 	800.0000000000
2.00000000 -7.00000000 	800.0000000000
2.00000000 -6.50000000 	800.0000000000
2.00000000 -6.00000000 	800.0000000000
2.00000000 -5.50000000 	800.0000000000
2.00000000 -5.00000000 	800.0000000000
2.00000000 -4.50000000 	800.0000000000
2.00000000 -4.00000000 	800.0000000000
2.00000000 -3.50000000 	800.0000000000
2.00000000 -3.00000000 	799.9999200243
2.00000000 -2.50000000 	799.9984311776
2.00000000 -2.00000000 	799.9861780219
2.00000000 -1.50000000 	799.9238740598
2.00000000 -1.00000000 	799.6868095500
2.00000000 -0.50000000 	798.9469571429
2.00000000 0.00000000 	797.0764974769
2.00000000 0.50000000 	793.1434683161
2.00000000 1.00000000 	786.0935528806
2.00000000 1.50000000 	776.6422577839
2.00000000 2.00000000 	767.0817994145
2.00000000 2.50000000 	765.5528679739
2.00000000 3.00000000 	778.4681547428
2.00000000 3.50000000 	793.1775903749
2.00000000 4.00000000 	798.9185816312
2.00000000 4.50000000 	799.9314437963
2.00000000 5.00000000 	800.0000000000
2.00000000 5.50000000 	800.0000000000
2.00000000 6.00000000 	800.0000000000
2.00000000 6.50000000 	800.0000000000
2.00000000 7.00000000 	800.0000000000
2.00000000 7.50000000 	800.0000000000
2.00000000 8.00000000 	800.0000000000
