-8.00000000 -12.00000000 	800.0000000000
-8.00000000 -11.50000000 	800.0000000000
-8.00000000 -11.00000000 	800.0000000000
-8.00000000 -10.50000000 	800.0000000000
-8.00000000 -10.00000000 	800.0000000000
-8.00000000 -9.50000000 	800.0000000000
-8.00000000 -9.00000000 	800.0000000000
-8.00000000 -8.50000000 	800.0000000000
-8.00000000 -8.00000000 	800.0000000000
-8.00000000 -7.50000000 	800.0000000000
-8.00000000 -7.00000000 	800.0000000000
-8.00000000 -6.50000000 	800.0000000000
-8.00000000 -6.00000000 	800.0000000000
-8.00000000 -5.50000000 	800.0000000000
-8.00000000 -5.00000000 	800.0000000000
-8.00000000 -4.50000000 	800.0000000000
-8.00000000 -4.00000000 	800.0000000000
-8.00000000 -3.50000000 	800.0000000000
-8.00000000 -3.00000000 	800.0000000000
-8.00000000 -2.50000000 	800.0000000000
-8.00000000 -2.00000000 	800.0000000000
-8.00000000 -1.50000000 	800.0000000000
-8.00000000 -1.00000000 	800.0000000000
-8.00000000 -0.50000000 	800.0000000000
-8.00000000 0.00000000 	800.0000000000
-8.00000000 0.50000000 	800.0000000000
-8.00000000 1.00000000 	800.0000000000
-8.00000000 1.50000000 	800.0000000000
-8.00000000 2.00000000 	800.0000000000
-8.00000000 2.50000000 	800.0000000000
-8.00000000 3.00000000 	800.0000000000
-8.00000000 3.50000000 	800.0000000000
-8.00000000 4.00000000 	800.0000000000
-8.00000000 4.50000000 	800.0000000000
-8.00000000 5.00000000 	800.0000000000
-8.00000000 5.50000000 	800.0000000000
-8.00000000 6.00000000 	800.0000000000
-8.00000000 6.50000000 	800.0000000000
-8.00000000 7.00000000 	800.0000000000
-8.00000000 7.50000000 	800.0000000000
-8.00000000 8.00000000 	800.0000000000
-7.50000000 -12.00000000 	799.9699207118
-7.50000000 -11.50000000 	799.9699207118
-7.50000000 -11.00000000 	800.0000000000
-7.50000000 -10.50000000 	800.0000000000
-7.50000000 -10.00000000 	800.0000000000
-7.50000000 -9.50000000 	800.0000000000
-7.50000000 -9.00000000 	800.0000000000
-7.50000000 -8.50000000 	800.0000000000
-7.50000000 -8.00000000 	800.0000000000
-7.50000000 -7.50000000 	800.0000000000
-7.50000000 -7.00000000 	800.0000000000
-7.50000000 -6.50000000 	800.0000000000
-7.50000000 -6.00000000 	800.0000000000
-7.50000000 -5.50000000 	800.0000000000
-7.50000000 -5.00000000 	800.0000000000
-7.50000000 -4.50000000 	800.0000000000
-7.50000000 -4.00000000 	800.0000000000
-7.50000000 -3.50000000 	800.0000000000
-7.50000000 -3.00000000 	800.0000000000
-7.50000000 -2.50000000 	800.0000000000
-7.50000000 -2.00000000 	800.0000000000
-7.50000000 -1.50000000 	800.0000000000
-7.50000000 -1.00000000 	800.0000000000
-7.50000000 -0.50000000 	800.0000000000
-7.50000000 0.00000000 	800.0000000000
-7.50000000 0.50000000 	800.0000000000
-7.50000000 1.00000000 	800.0000000000
-7.50000000 1.50000000 	800.0000000000
-7.50000000 2.00000000 	800.0000000000
-7.50000000 2.50000000 	800.0000000000
-7.50000000 3.00000000 	800.0000000000
-7.50000000 3.50000000 	800.0000000000
-7.50000000 4.00000000 	800.0000000000
-7.50000000 4.50000000 	800.0000000000
-7.50000000 5.00000000 	800.0000000000
-7.50000000 5.50000000 	800.0000000000
-7.50000000 6.00000000 	800.0000000000
-7.50000000 6.50000000 	800.0000000000
-7.50000000 7.00000000 	800.0000000000
-7.50000000 7.50000000 	800.0000000000
-7.50000000 8.00000000 	800.0000000000
-7.00000000 -12.00000000 	799.4460692325
-7.00000000 -11.50000000 	799.5154295655
-7.00000000 -11.00000000 	799.8615098932
-7.00000000 -10.50000000 	799.9699207118
-7.00000000 -10.00000000 	800.0000000000
-7.00000000 -9.50000000 	800.0000000000
-7.00000000 -9.00000000 	800.0000000000
-7.00000000 -8.50000000 	800.0000000000
-7.00000000 -8.00000000 	800.0000000000
-7.00000000 -7.50000000 	800.0000000000
-7.00000000 -7.00000000 	800.0000000000
-7.00000000 -6.50000000 	800.0000000000
-7.00000000 -6.00000000 	800.0000000000
-7.00000000 -5.50000000 	800.0000000000
-7.00000000 -5.00000000 	800.0000000000
-7.00000000 -4.50000000 	800.0000000000
-7.00000000 -4.00000000 	800.0000000000
-7.00000000 -3.50000000 	800.0000000000
-7.00000000 -3.00000000 	800.0000000000
-7.00000000 -2.50000000 	800.0000000000
-7.00000000 -2.00000000 	800.0000000000
-7.00000000 -1.50000000 	800.0000000000
-7.00000000 -1.00000000 	800.0000000000
-7.00000000 -0.50000000 	800.0000000000
-7.00000000 0.00000000 	800.0000000000
-7.00000000 0.50000000 	800.0000000000
-7.00000000 1.00000000 	800.0000000000
-7.00000000 1.50000000 	800.0000000000
-7.00000000 2.00000000 	800.0000000000
-7.00000000 2.50000000 	800.0000000000
-7.00000000 3.00000000 	800.0000000000
-7.00000000 3.50000000 	800.0000000000
-7.00000000 4.00000000 	800.0000000000
-7.00000000 4.50000000 	800.0000000000
-7.00000000 5.00000000 	800.0000000000
-7.00000000 5.50000000 	800.0000000000
-7.00000000 6.00000000 	800.0000000000
-7.00000000 6.50000000 	800.0000000000
-7.00000000 7.00000000 	800.0000000000
-7.00000000 7.50000000 	800.0000000000
-7.00000000 8.00000000 	800.0000000000
-6.50000000 -12.00000000 	795.8582156384
-6.50000000 -11.50000000 	796.4550256767
-6.50000000 -11.00000000 	798.2422597899
-6.50000000 -10.50000000 	799.3402797350
-6.50000000 -10.00000000 	799.8615098932
-6.50000000 -9.50000000 	799.9699207118
-6.50000000 -9.00000000 	800.0000000000
-6.50000000 -8.50000000 	800.0000000000
-6.50000000 -8.00000000 	800.0000000000
-6.50000000 -7.50000000 	800.0000000000
-6.50000000 -7.00000000 	800.0000000000
-6.50000000 -6.50000000 	800.0000000000
-6.50000000 -6.00000000 	800.0000000000
-6.50000000 -5.50000000 	800.0000000000
-6.50000000 -5.00000000 	800.0000000000
-6.50000000 -4.50000000 	800.0000000000
-6.50000000 -4.00000000 	800.0000000000
-6.50000000 -3.50000000 	800.0000000000
-6.50000000 -3.00000000 	800.0000000000
-6.50000000 -2.50000000 	800.0000000000
-6.50000000 -2.00000000 	800.0000000000
-6.50000000 -1.50000000 	800.0000000000
-6.50000000 -1.00000000 	800.0000000000
-6.50000000 -0.50000000 	800.0000000000
-6.50000000 0.00000000 	800.0000000000
-6.50000000 0.50000000 	800.0000000000
-6.50000000 1.00000000 	800.0000000000
-6.50000000 1.50000000 	800.0000000000
-6.50000000 2.00000000 	800.0000000000
-6.50000000 2.50000000 	800.0000000000
-6.50000000 3.00000000 	800.0000000000
-6.50000000 3.50000000 	800.0000000000
-6.50000000 4.00000000 	800.0000000000
-6.50000000 4.50000000 	800.0000000000
-6.50000000 5.00000000 	800.0000000000
-6.50000000 5.50000000 	800.0000000000
-6.50000000 6.00000000 	800.0000000000
-6.50000000 6.50000000 	800.0000000000
-6.50000000 7.00000000 	800.0000000000
-6.50000000 7.50000000 	800.0000000000
-6.50000000 8.00000000 	800.0000000000
-6.00000000 -12.00000000 	783.5854324190
-6.00000000 -11.50000000 	785.4654471420
-6.00000000 -11.00000000 	790.4695768849
-6.00000000 -10.50000000 	795.0051007305
-6.00000000 -10.00000000 	798.0837425611
-6.00000000 -9.50000000 	799.3402797350
-6.00000000 -9.00000000 	799.8615098932
-6.00000000 -8.50000000 	799.9699207118
-6.00000000 -8.00000000 	800.0000000000
-6.00000000 -7.50000000 	800.0000000000
-6.00000000 -7.00000000 	800.0000000000
-6.00000000 -6.50000000 	800.0000000000
-6.00000000 -6.00000000 	800.0000000000
-6.00000000 -5.50000000 	800.0000000000
-6.00000000 -5.00000000 	800.0000000000
-6.00000000 -4.50000000 	800.0000000000
-6.00000000 -4.00000000 	800.0000000000
-6.00000000 -3.50000000 	800.0000000000
-6.00000000 -3.00000000 	800.0000000000
-6.00000000 -2.50000000 	800.0000000000
-6.00000000 -2.00000000 	800.0000000000
-6.00000000 -1.50000000 	800.0000000000
-6.00000000 -1.00000000 	800.0000000000
-6.00000000 -0.50000000 	800.0000000000
-6.00000000 0.00000000 	800.0000000000
-6.00000000 0.50000000 	800.0000000000
-6.00000000 1.00000000 	800.0000000000
-6.00000000 1.50000000 	800.0000000000
-6.00000000 2.00000000 	800.0000000000
-6.00000000 2.50000000 	800.0000000000
-6.00000000 3.00000000 	800.0000000000
-6.00000000 3.50000000 	800.0000000000
-6.00000000 4.00000000 	800.0000000000
-6.00000000 4.50000000 	800.0000000000
-6.00000000 5.00000000 	800.0000000000
-6.00000000 5.50000000 	800.0000000000
-6.00000000 6.00000000 	800.0000000000
-6.00000000 6.50000000 	800.0000000000
-6.00000000 7.00000000 	800.0000000000
-6.00000000 7.50000000 	800.0000000000
-6.00000000 8.00000000 	800.0000000000
-5.50000000 -12.00000000 	763.8071555823
-5.50000000 -11.50000000 	765.5595684783
-5.50000000 -11.00000000 	772.3525726159
-5.50000000 -10.50000000 	781.2461489916
-5.50000000 -10.00000000 	789.5943742483
-5.50000000 -9.50000000 	794.9264519488
-5.50000000 -9.00000000 	798.0837425611
-5.50000000 -8.50000000 	799.3402797350
-5.50000000 -8.00000000 	799.8615098932
-5.50000000 -7.50000000 	799.9699207118
-5.50000000 -7.00000000 	800.0000000000
-5.50000000 -6.50000000 	800.0000000000
-5.50000000 -6.00000000 	800.0000000000
-5.50000000 -5.50000000 	800.0000000000
-5.50000000 -5.00000000 	800.0000000000
-5.50000000 -4.50000000 	800.0000000000
-5.50000000 -4.00000000 	800.0000000000
-5.50000000 -3.50000000 	800.0000000000
-5.50000000 -3.00000000 	800.0000000000
-5.50000000 -2.50000000 	800.0000000000
-5.50000000 -2.00000000 	800.0000000000
-5.50000000 -1.50000000 	800.0000000000
-5.50000000 -1.00000000 	800.0000000000
-5.50000000 -0.50000000 	800.0000000000
-5.50000000 0.00000000 	800.0000000000
-5.50000000 0.50000000 	800.0000000000
-5.50000000 1.00000000 	800.0000000000
-5.50000000 1.50000000 	800.0000000000
-5.50000000 2.00000000 	800.0000000000
-5.50000000 2.50000000 	800.0000000000
-5.50000000 3.00000000 	800.0000000000
-5.50000000 3.50000000 	800.0000000000
-5.50000000 4.00000000 	800.0000000000
-5.50000000 4.50000000 	800.0000000000
-5.50000000 5.00000000 	800.0000000000
-5.50000000 5.50000000 	800.0000000000
-5.50000000 6.00000000 	800.0000000000
-5.50000000 6.50000000 	800.0000000000
-5.50000000 7.00000000 	800.0000000000
-5.50000000 7.50000000 	800.0000000000
-5.50000000 8.00000000 	800.0000000000
-5.00000000 -12.00000000 	759.6754767241
-5.00000000 -11.50000000 	755.9958516181
-5.00000000 -11.00000000 	755.9628553037
-5.00000000 -10.50000000 	761.5370882011
-5.00000000 -10.00000000 	771.1490312202
-5.00000000 -9.50000000 	781.0403640939
-5.00000000 -9.00000000 	789.5781772978
-5.00000000 -8.50000000 	794.9264519488
-5.00000000 -8.00000000 	798.0837425611
-5.00000000 -7.50000000 	799.3402797350
-5.00000000 -7.00000000 	799.8615098932
-5.00000000 -6.50000000 	799.9699207118
-5.00000000 -6.00000000 	800.0000000000
-5.00000000 -5.50000000 	800.0000000000
-5.00000000 -5.00000000 	800.0000000000
-5.00000000 -4.50000000 	800.0000000000
-5.00000000 -4.00000000 	800.0000000000
-5.00000000 -3.50000000 	800.0000000000
-5.00000000 -3.00000000 	800.0000000000
-5.00000000 -2.50000000 	800.0000000000
-5.00000000 -2.00000000 	800.0000000000
-5.00000000 -1.50000000 	800.0000000000
-5.00000000 -1.00000000 	800.0000000000
-5.00000000 -0.50000000 	800.0000000000
-5.00000000 0.00000000 	800.0000000000
-5.00000000 0.50000000 	800.0000000000
-5.00000000 1.00000000 	800.0000000000
-5.00000000 1.50000000 	800.0000000000
-5.00000000 2.00000000 	800.0000000000
-5.00000000 2.50000000 	800.0000000000
-5.00000000 3.00000000 	800.0000000000
-5.00000000 3.50000000 	800.0000000000
-5.00000000 4.00000000 	800.0000000000
-5.00000000 4.50000000 	800.0000000000
-5.00000000 5.00000000 	800.0000000000
-5.00000000 5.50000000 	800.0000000000
-5.00000000 6.00000000 	800.0000000000
-5.00000000 6.50000000 	800.0000000000
-5.00000000 7.00000000 	800.0000000000
-5.00000000 7.50000000 	800.0000000000
-5.00000000 8.00000000 	800.0000000000
-4.50000000 -12.00000000 	778.5225631896
-4.50000000 -11.50000000 	770.8042363922
-4.50000000 -11.00000000 	761.5009735314
-4.50000000 -10.50000000 	755.8186469850
-4.50000000 -10.00000000 	755.8186469850
-4.50000000 -9.50000000 	761.5172244361
-4.50000000 -9.00000000 	771.1490312202
-4.50000000 -8.50000000 	781.0403640939
-4.50000000 -8.00000000 	789.5781772978
-4.50000000 -7.50000000 	794.9264519488
-4.50000000 -7.00000000 	798.0837425611
-4.50000000 -6.50000000 	799.3402797350
-4.50000000 -6.00000000 	799.8615098932
-4.50000000 -5.50000000 	799.9699207118
-4.50000000 -5.00000000 	800.0000000000
-4.50000000 -4.50000000 	800.0000000000
-4.50000000 -4.00000000 	800.0000000000
-4.50000000 -3.50000000 	800.0000000000
-4.50000000 -3.00000000 	800.0000000000
-4.50000000 -2.50000000 	800.0000000000
-4.50000000 -2.00000000 	800.0000000000
-4.50000000 -1.50000000 	800.0000000000
-4.50000000 -1.00000000 	800.0000000000
-4.50000000 -0.50000000 	800.0000000000
-4.50000000 0.00000000 	800.0000000000
-4.50000000 0.50000000 	800.0000000000
-4.50000000 1.00000000 	800.0000000000
-4.50000000 1.50000000 	800.0000000000
-4.50000000 2.00000000 	800.0000000000
-4.50000000 2.50000000 	800.0000000000
-4.50000000 3.00000000 	800.0000000000
-4.50000000 3.50000000 	800.0000000000
-4.50000000 4.00000000 	800.0000000000
-4.50000000 4.50000000 	800.0000000000
-4.50000000 5.00000000 	800.0000000000
-4.50000000 5.50000000 	800.0000000000
-4.50000000 6.00000000 	800.0000000000
-4.50000000 6.50000000 	800.0000000000
-4.50000000 7.00000000 	800.0000000000
-4.50000000 7.50000000 	800.0000000000
-4.50000000 8.00000000 	800.0000000000
-4.00000000 -12.00000000 	794.2033163233
-4.00000000 -11.50000000 	789.5144085867
-4.00000000 -11.00000000 	781.0403640939
-4.00000000 -10.50000000 	771.1490312202
-4.00000000 -10.00000000 	761.5172244361
-4.00000000 -9.50000000 	755.8186469850
-4.00000000 -9.00000000 	755.8186469850
-4.00000000 -8.50000000 	761.5172244361
-4.00000000 -8.00000000 	771.1490312202
-4.00000000 -7.50000000 	781.0403640939
-4.00000000 -7.00000000 	789.5781772978
-4.00000000 -6.50000000 	794.9264519488
-4.00000000 -6.00000000 	798.0837425611
-4.00000000 -5.50000000 	799.3402797350
-4.00000000 -5.00000000 	799.8615098932
-4.00000000 -4.50000000 	799.9699207118
-4.00000000 -4.00000000 	800.0000000000
-4.00000000 -3.50000000 	800.0000000000
-4.00000000 -3.00000000 	800.0000000000
-4.00000000 -2.50000000 	800.0000000000
-4.00000000 -2.00000000 	800.0000000000
-4.00000000 -1.50000000 	800.0000000000
-4.00000000 -1.00000000 	800.0000000000
-4.00000000 -0.50000000 	800.0000000000
-4.00000000 0.00000000 	800.0000000000
-4.00000000 0.50000000 	800.0000000000
-4.00000000 1.00000000 	800.0000000000
-4.00000000 1.50000000 	800.0000000000
-4.00000000 2.00000000 	800.0000000000
-4.00000000 2.50000000 	800.0000000000
-4.00000000 3.00000000 	800.0000000000
-4.00000000 3.50000000 	800.0000000000
-4.00000000 4.00000000 	800.0000000000
-4.00000000 4.50000000 	800.0000000000
-4.00000000 5.00000000 	800.0000000000
-4.00000000 5.50000000 	800.0000000000
-4.00000000 6.00000000 	800.0000000000
-4.00000000 6.50000000 	800.0000000000
-4.00000000 7.00000000 	800.0000000000
-4.00000000 7.50000000 	800.0000000000
-4.00000000 8.00000000 	800.0000000000
-3.50000000 -12.00000000 	799.2709683868
-3.50000000 -11.50000000 	798.0837425611
-3.50000000 -11.00000000 	794.9264519488
-3.50000000 -10.50000000 	789.5781772978
-3.50000000 -10.00000000 	781.0403640939
-3.50000000 -9.50000000 	771.1490312202
-3.50000000 -9.00000000 	761.5172244361
-3.50000000 -8.50000000 	755.8186469850
-3.50000000 -8.00000000 	755.8186469850
-3.50000000 -7.50000000 	761.5172244361
-3.50000000 -7.00000000 	771.1490312202
-3.50000000 -6.50000000 	781.0403640939
-3.50000000 -6.00000000 	789.5781772978
-3.50000000 -5.50000000 	794.9264519488
-3.50000000 -5.00000000 	798.0837425611
-3.50000000 -4.50000000 	799.3402797350
-3.50000000 -4.00000000 	799.8615098932
-3.50000000 -3.50000000 	799.9699207118
-3.50000000 -3.00000000 	800.0000000000
-3.50000000 -2.50000000 	800.0000000000
-3.50000000 -2.00000000 	800.0000000000
-3.50000000 -1.50000000 	800.0000000000
-3.50000000 -1.00000000 	800.0000000000
-3.50000000 -0.50000000 	800.0000000000
-3.50000000 0.00000000 	800.0000000000
-3.50000000 0.50000000 	800.0000000000
-3.50000000 1.00000000 	800.0000000000
-3.50000000 1.50000000 	800.0000000000
-3.50000000 2.00000000 	800.0000000000
-3.50000000 2.50000000 	800.0000000000
-3.50000000 3.00000000 	800.0000000000
-3.50000000 3.50000000 	800.0000000000
-3.50000000 4.00000000 	800.0000000000
-3.50000000 4.50000000 	800.0000000000
-3.50000000 5.00000000 	800.0000000000
-3.50000000 5.50000000 	800.0000000000
-3.50000000 6.00000000 	800.0000000000
-3.50000000 6.50000000 	800.0000000000
-3.50000000 7.00000000 	800.0000000000
-3.50000000 7.50000000 	800.0000000000
-3.50000000 8.00000000 	800.0000000000
-3.00000000 -12.00000000 	799.9699207118
-3.00000000 -11.50000000 	799.8615098932
-3.00000000 -11.00000000 	799.3402797350
-3.00000000 -10.50000000 	798.0837425611
-3.00000000 -10.00000000 	794.9264519488
-3.00000000 -9.50000000 	789.5781772978
-3.00000000 -9.00000000 	781.0403640939
-3.00000000 -8.50000000 	771.1490312202
-3.00000000 -8.00000000 	761.5172244361
-3.00000000 -7.50000000 	755.8186469850
-3.00000000 -7.00000000 	755.8186469850
-3.00000000 -6.50000000 	761.5172244361
-3.00000000 -6.00000000 	771.1490312202
-3.00000000 -5.50000000 	781.0403640939
-3.00000000 -5.00000000 	789.5781772978
-3.00000000 -4.50000000 	794.9264519488
-3.00000000 -4.00000000 	798.0837425611
-3.00000000 -3.50000000 	799.3402797350
-3.00000000 -3.00000000 	799.8615098932
-3.00000000 -2.50000000 	799.9699207118
-3.00000000 -2.00000000 	800.0000000000
-3.00000000 -1.50000000 	800.0000000000
-3.00000000 -1.00000000 	800.0000000000
-3.00000000 -0.50000000 	800.0000000000
-3.00000000 0.00000000 	800.0000000000
-3.00000000 0.50000000 	800.0000000000
-3.00000000 1.00000000 	800.0000000000
-3.00000000 1.50000000 	800.0000000000
-3.00000000 2.00000000 	800.0000000000
-3.00000000 2.50000000 	800.0000000000
-3.00000000 3.00000000 	800.0000000000
-3.00000000 3.50000000 	800.0000000000
-3.00000000 4.00000000 	800.0000000000
-3.00000000 4.50000000 	800.0000000000
-3.00000000 5.00000000 	800.0000000000
-3.00000000 5.50000000 	800.0000000000
-3.00000000 6.00000000 	800.0000000000
-3.00000000 6.50000000 	800.0000000000
-3.00000000 7.00000000 	800.0000000000
-3.00000000 7.50000000 	800.0000000000
-3.00000000 8.00000000 	800.0000000000
-2.50000000 -12.00000000 	800.0000000000
-2.50000000 -11.50000000 	800.0000000000
-2.50000000 -11.00000000 	799.9699207118
-2.50000000 -10.50000000 	799.8615098932
-2.50000000 -10.00000000 	799.3402797350
-2.50000000 -9.50000000 	798.0837425611
-2.50000000 -9.00000000 	794.9264519488
-2.50000000 -8.50000000 	789.5781772978
-2.50000000 -8.00000000 	781.0403640939
-2.50000000 -7.50000000 	771.1490312202
-2.50000000 -7.00000000 	761.5172244361
-2.50000000 -6.50000000 	755.8186469850
-2.50000000 -6.00000000 	755.8186469850
-2.50000000 -5.50000000 	761.5172244361
-2.50000000 -5.00000000 	771.1490312202
-2.50000000 -4.50000000 	781.0403640939
-2.50000000 -4.00000000 	789.5781772978
-2.50000000 -3.50000000 	794.9264519488
-2.50000000 -3.00000000 	798.0837425611
-2.50000000 -2.50000000 	799.3402797350
-2.50000000 -2.00000000 	799.8615098932
-2.50000000 -1.50000000 	799.9699207118
-2.50000000 -1.00000000 	800.0000000000
-2.50000000 -0.50000000 	800.0000000000
-2.50000000 0.00000000 	800.0000000000
-2.50000000 0.50000000 	800.0000000000
-2.50000000 1.00000000 	800.0000000000
-2.50000000 1.50000000 	800.0000000000
-2.50000000 2.00000000 	800.0000000000
-2.50000000 2.50000000 	800.0000000000
-2.50000000 3.00000000 	800.0000000000
-2.50000000 3.50000000 	800.0000000000
-2.50000000 4.00000000 	800.0000000000
-2.50000000 4.50000000 	800.0000000000
-2.50000000 5.00000000 	800.0000000000
-2.50000000 5.50000000 	800.0000000000
-2.50000000 6.00000000 	800.0000000000
-2.50000000 6.50000000 	800.0000000000
-2.50000000 7.00000000 	800.0000000000
-2.50000000 7.50000000 	800.0000000000
-2.50000000 8.00000000 	800.0000000000
-2.00000000 -12.00000000 	800.0000000000
-2.00000000 -11.50000000 	800.0000000000
-2.00000000 -11.00000000 	800.0000000000
-2.00000000 -10.50000000 	800.0000000000
-2.00000000 -10.00000000 	799.9699207118
-2.00000000 -9.50000000 	799.8615098932
-2.00000000 -9.00000000 	799.3402797350
-2.00000000 -8.50000000 	798.0837425611
-2.00000000 -8.00000000 	794.9264519488
-2.00000000 -7.50000000 	789.5781772978
-2.00000000 -7.00000000 	781.0403640939
-2.00000000 -6.50000000 	771.1490312202
-2.00000000 -6.00000000 	761.5172244361
-2.00000000 -5.50000000 	755.8186469850
-2.00000000 -5.00000000 	755.8186469850
-2.00000000 -4.50000000 	761.5172244361
-2.00000000 -4.00000000 	771.1490312202
-2.00000000 -3.50000000 	781.0403640939
-2.00000000 -3.00000000 	789.5781772978
-2.00000000 -2.50000000 	794.9264519488
-2.00000000 -2.00000000 	798.0837425611
-2.00000000 -1.50000000 	799.3402797350
-2.00000000 -1.00000000 	799.8615098932
-2.00000000 -0.50000000 	799.9699207118
-2.00000000 0.00000000 	800.0000000000
-2.00000000 0.50000000 	800.0000000000
-2.00000000 1.00000000 	800.0000000000
-2.00000000 1.50000000 	800.0000000000
-2.00000000 2.00000000 	800.0000000000
-2.00000000 2.50000000 	800.0000000000
-2.00000000 3.00000000 	800.0000000000
-2.00000000 3.50000000 	800.0000000000
-2.00000000 4.00000000 	800.0000000000
-2.00000000 4.50000000 	800.0000000000
-2.00000000 5.00000000 	800.0000000000
-2.00000000 5.50000000 	800.0000000000
-2.00000000 6.00000000 	800.0000000000
-2.00000000 6.50000000 	800.0000000000
-2.00000000 7.00000000 	800.0000000000
-2.00000000 7.50000000 	800.0000000000
-2.00000000 8.00000000 	800.0000000000
-1.50000000 -12.00000000 	800.0000000000
-1.50000000 -11.50000000 	800.0000000000
-1.50000000 -11.00000000 	800.0000000000
-1.50000000 -10.50000000 	800.0000000000
-1.50000000 -10.00000000 	800.0000000000
-1.50000000 -9.50000000 	800.0000000000
-1.50000000 -9.00000000 	799.9699207118
-1.50000000 -8.50000000 	799.8615098932
-1.50000000 -8.00000000 	799.3402797350
-1.50000000 -7.50000000 	798.0837425611
-1.50000000 -7.00000000 	794.9264519488
-1.50000000 -6.50000000 	789.5781772978
-1.50000000 -6.00000000 	781.0403640939
-1.50000000 -5.50000000 	771.1490312202
-1.50000000 -5.00000000 	761.5172244361
-1.50000000 -4.50000000 	755.8186469850
-1.50000000 -4.00000000 	755.8186469850
-1.50000000 -3.50000000 	761.5172244361
-1.50000000 -3.00000000 	771.1490312202
-1.50000000 -2.50000000 	781.0403640939
-1.50000000 -2.00000000 	789.5781772978
-1.50000000 -1.50000000 	794.9264519488
-1.50000000 -1.00000000 	798.0837425611
-1.50000000 -0.50000000 	799.3402797350
-1.50000000 0.00000000 	799.8615098932
-1.50000000 0.50000000 	799.9699207118
-1.50000000 1.00000000 	800.0000000000
-1.50000000 1.50000000 	800.0000000000
-1.50000000 2.00000000 	800.0000000000
-1.50000000 2.50000000 	800.0000000000
-1.50000000 3.00000000 	800.0000000000
-1.50000000 3.50000000 	800.0000000000
-1.50000000 4.00000000 	800.0000000000
-1.50000000 4.50000000 	800.0000000000
-1.50000000 5.00000000 	800.0000000000
-1.50000000 5.50000000 	800.0000000000
-1.50000000 6.00000000 	800.0000000000
-1.50000000 6.50000000 	800.0000000000
-1.50000000 7.00000000 	800.0000000000
-1.50000000 7.50000000 	800.0000000000
-1.50000000 8.00000000 	800.0000000000
-1.00000000 -12.00000000 	800.0000000000
-1.00000000 -11.50000000 	800.0000000000
-1.00000000 -11.00000000 	800.0000000000
-1.00000000 -10.50000000 	800.0000000000
-1.00000000 -10.00000000 	800.0000000000
-1.00000000 -9.50000000 	800.0000000000
-1.00000000 -9.00000000 	800.0000000000
-1.00000000 -8.50000000 	800.0000000000
-1.00000000 -8.00000000 	799.9699207118
-1.00000000 -7.50000000 	799.8615098932
-1.00000000 -7.00000000 	799.3402797350
-1.00000000 -6.50000000 	798.0837425611
-1.00000000 -6.00000000 	794.9264519488
-1.00000000 -5.50000000 	789.5781772978
-1.00000000 -5.00000000 	781.0403640939
-1.00000000 -4.50000000 	771.1490312202
-1.00000000 -4.00000000 	761.5172244361
-1.00000000 -3.50000000 	755.8186469850
-1.00000000 -3.00000000 	755.8186469850
-1.00000000 -2.50000000 	761.5172244361
-1.00000000 -2.00000000 	771.1490312202
-1.00000000 -1.50000000 	781.0403640939
-1.00000000 -1.00000000 	789.5781772978
-1.00000000 -0.50000000 	794.9264519488
-1.00000000 0.00000000 	798.0837425611
-1.00000000 0.50000000 	799.3402797350
-1.00000000 1.00000000 	799.8615098932
-1.00000000 1.50000000 	799.9699207118
-1.00000000 2.00000000 	800.0000000000
-1.00000000 2.50000000 	800.0000000000
-1.00000000 3.00000000 	800.0000000000
-1.00000000 3.50000000 	800.0000000000
-1.00000000 4.00000000 	800.0000000000
-1.00000000 4.50000000 	800.0000000000
-1.00000000 5.00000000 	800.0000000000
-1.00000000 5.50000000 	800.0000000000
-1.00000000 6.00000000 	800.0000000000
-1.00000000 6.50000000 	800.0000000000
-1.00000000 7.00000000 	800.0000000000
-1.00000000 7.50000000 	800.0000000000
-1.00000000 8.00000000 	800.0000000000
-0.50000000 -12.00000000 	800.0000000000
-0.50000000 -11.50000000 	800.0000000000
-0.50000000 -11.00000000 	800.0000000000
-0.50000000 -10.50000000 	800.0000000000
-0.50000000 -10.00000000 	800.0000000000
-0.50000000 -9.50000000 	800.0000000000
-0.50000000 -9.00000000 	800.0000000000
-0.50000000 -8.50000000 	800.0000000000
-0.50000000 -8.00000000 	800.0000000000
-0.50000000 -7.50000000 	800.0000000000
-0.50000000 -7.00000000 	799.9699207118
-0.50000000 -6.50000000 	799.8615098932
-0.50000000 -6.00000000 	799.3402797350
-0.50000000 -5.50000000 	798.0837425611
-0.50000000 -5.00000000 	794.9264519488
-0.50000000 -4.50000000 	789.5781772978
-0.50000000 -4.00000000 	781.0403640939
-0.50000000 -3.50000000 	771.1490312202
-0.50000000 -3.00000000 	761.5172244361
-0.50000000 -2.50000000 	755.8186469850
-0.50000000 -2.00000000 	755.8186469850
-0.50000000 -1.50000000 	761.5172244361
-0.50000000 -1.00000000 	771.1490312202
-0.50000000 -0.50000000 	781.0403640939
-0.50000000 0.00000000 	789.5781772978
-0.50000000 0.50000000 	794.9264519488
-0.50000000 1.00000000 	798.0837425611
-0.50000000 1.50000000 	799.3402797350
-0.50000000 2.00000000 	799.8615098932
-0.50000000 2.50000000 	799.9699207118
-0.50000000 3.00000000 	800.0000000000
-0.50000000 3.50000000 	800.0000000000
-0.50000000 4.00000000 	800.0000000000
-0.50000000 4.50000000 	800.0000000000
-0.50000000 5.00000000 	800.0000000000
-0.50000000 5.50000000 	800.0000000000
-0.50000000 6.00000000 	800.0000000000
-0.50000000 6.50000000 	800.0000000000
-0.50000000 7.00000000 	800.0000000000
-0.50000000 7.50000000 	800.0000000000
-0.50000000 8.00000000 	800.0000000000
0.00000000 -12.00000000 	800.0000000000
0.00000000 -11.50000000 	800.0000000000
0.00000000 -11.00000000 	800.0000000000
0.00000000 -10.50000000 	800.0000000000
0.00000000 -10.00000000 	800.0000000000
0.00000000 -9.50000000 	800.0000000000
0.00000000 -9.00000000 	800.0000000000
0.00000000 -8.50000000 	800.0000000000
0.00000000 -8.00000000 	800.0000000000
0.00000000 -7.50000000 	800.0000000000
0.00000000 -7.00000000 	800.0000000000
0.00000000 -6.50000000 	800.0000000000
0.00000000 -6.00000000 	799.9699207118
0.00000000 -5.50000000 	799.8615098932
0.00000000 -5.00000000 	799.3402797350
0.00000000 -4.50000000 	798.0837425611
0.00000000 -4.00000000 	794.9264519488
0.00000000 -3.50000000 	789.5781772978
0.00000000 -3.00000000 	781.0403640939
0.00000000 -2.50000000 	771.1490312202
0.00000000 -2.00000000 	761.5172244361
0.00000000 -1.50000000 	755.8186469850
0.00000000 -1.00000000 	755.8186469850
0.00000000 -0.50000000 	761.5172244361
0.00000000 0.00000000 	771.1490312202
0.00000000 0.50000000 	781.0403640939
0.00000000 1.00000000 	789.5781772978
0.00000000 1.50000000 	794.9264519488
0.00000000 2.00000000 	798.0837425611
0.00000000 2.50000000 	799.3402797350
0.00000000 3.00000000 	799.8912526749
0.00000000 3.50000000 	800.0000000000
0.00000000 4.00000000 	800.0000000000
0.00000000 4.50000000 	800.0000000000
0.00000000 5.00000000 	800.0000000000
0.00000000 5.50000000 	800.0000000000
0.00000000 6.00000000 	800.0000000000
0.00000000 6.50000000 	800.0000000000
0.00000000 7.00000000 	800.0000000000
0.00000000 7.50000000 	800.0000000000
0.00000000 8.00000000 	800.0000000000
0.50000000 -12.00000000 	800.0000000000
0.50000000 -11.50000000 	800.0000000000
0.50000000 -11.00000000 	800.0000000000
0.50000000 -10.50000000 	800.0000000000
0.50000000 -10.00000000 	800.0000000000
0.50000000 -9.50000000 	800.0000000000
0.50000000 -9.00000000 	800.0000000000
0.50000000 -8.50000000 	800.0000000000
0.50000000 -8.00000000 	800.0000000000
0.50000000 -7.50000000 	800.0000000000
0.50000000 -7.00000000 	800.0000000000
0.50000000 -6.50000000 	800.0000000000
0.50000000 -6.00000000 	800.0000000000
0.50000000 -5.50000000 	800.0000000000
0.50000000 -5.00000000 	799.9699207118
0.50000000 -4.50000000 	799.8615098932
0.50000000 -4.00000000 	799.3402797350
0.50000000 -3.50000000 	798.0837425611
0.50000000 -3.00000000 	794.9264519488
0.50000000 -2.50000000 	789.5781772978
0.50000000 -2.00000000 	781.0403640939
0.50000000 -1.50000000 	771.1490312202
0.50000000 -1.00000000 	761.5172244361
0.50000000 -0.50000000 	755.8186469850
0.50000000 0.00000000 	755.8186469850
0.50000000 0.50000000 	761.5172244361
0.50000000 1.00000000 	771.1490312202
0.50000000 1.50000000 	781.0403640939
0.50000000 2.00000000 	789.5837509282
0.50000000 2.50000000 	795.0000307941
0.50000000 3.00000000 	798.5234033258
0.50000000 3.50000000 	799.8235796887
0.50000000 4.00000000 	800.0000000000
0.50000000 4.50000000 	800.0000000000
0.50000000 5.00000000 	800.0000000000
0.50000000 5.50000000 	800.0000000000
0.50000000 6.00000000 	800.0000000000
0.50000000 6.50000000 	800.0000000000
0.50000000 7.00000000 	800.0000000000
0.50000000 7.50000000 	800.0000000000
0.50000000 8.00000000 	800.0000000000
1.00000000 -12.00000000 	800.0000000000
1.00000000 -11.50000000 	800.0000000000
1.00000000 -11.00000000 	800.0000000000
1.00000000 -10.50000000 	800.0000000000
1.00000000 -10.00000000 	800.0000000000
1.00000000 -9.50000000 	800.0000000000
1.00000000 -9.00000000 	800.0000000000
1.00000000 -8.50000000 	800.0000000000
1.00000000 -8.00000000 	800.0000000000
1.00000000 -7.50000000 	800.0000000000
1.00000000 -7.00000000 	800.0000000000
1.00000000 -6.50000000 	800.0000000000
1.00000000 -6.00000000 	800.0000000000
1.00000000 -5.50000000 	800.0000000000
1.00000000 -5.00000000 	800.0000000000
1.00000000 -4.50000000 	800.0000000000
1.00000000 -4.00000000 	799.9699207118
1.00000000 -3.50000000 	799.8615098932
1.00000000 -3.00000000 	799.3402797350
1.00000000 -2.50000000 	798.0837425611
1.00000000 -2.00000000 	794.9264519488
1.00000000 -1.50000000 	789.5781772978
1.00000000 -1.00000000 	781.0403640939
1.00000000 -0.50000000 	771.1490312202
1.00000000 0.00000000 	761.5172244361
1.00000000 0.50000000 	755.8186469850
1.00000000 1.00000000 	755.8197814164
1.00000000 1.50000000 	761.5252181020
1.00000000 2.00000000 	771.2891768514
1.00000000 2.50000000 	781.8572444797
1.00000000 3.00000000 	792.4011965767
1.00000000 3.50000000 	798.2811645784
1.00000000 4.00000000 	799.8396949192
1.00000000 4.50000000 	800.0000000000
1.00000000 5.00000000 	800.0000000000
1.00000000 5.50000000 	800.0000000000
1.00000000 6.00000000 	800.0000000000
1.00000000 6.50000000 	800.0000000000
1.00000000 7.00000000 	800.0000000000
1.00000000 7.50000000 	800.0000000000
1.00000000 8.00000000 	800.0000000000
1.50000000 -12.00000000 	800.0000000000
1.50000000 -11.50000000 	800.0000000000
1.50000000 -11.00000000 	800.0000000000
1.50000000 -10.50000000 	800.0000000000
1.50000000 -10.00000000 	800.0000000000
1.50000000 -9.50000000 	800.0000000000
1.50000000 -9.00000000 	800.0000000000
1.50000000 -8.50000000 	800.0000000000
1.50000000 -8.00000000 	800.0000000000
1.50000000 -7.50000000 	800.0000000000
1.50000000 -7.00000000 	800.0000000000
1.50000000 -6.50000000 	800.0000000000
1.50000000 -6.00000000 	800.0000000000
1.50000000 -5.50000000 	800.0000000000
1.50000000 -5.00000000 	800.0000000000
1.50000000 -4.50000000 	800.0000000000
1.50000000 -4.00000000 	800.0000000000
1.50000000 -3.50000000 	800.0000000000
1.50000000 -3.00000000 	799.9699207118
1.50000000 -2.50000000 	799.8615098932
1.50000000 -2.00000000 	799.3402797350
1.50000000 -1.50000000 	798.0837425611
1.50000000 -1.00000000 	794.9264519488
1.50000000 -0.50000000 	789.5781772978
1.50000000 0.00000000 	781.0395865000
1.50000000 0.50000000 	771.1422451218
1.50000000 1.00000000 	761.4991908836
1.50000000 1.50000000 	755.8537840536
1.50000000 2.00000000 	756.6264303919
1.50000000 2.50000000 	765.1291473719
1.50000000 3.00000000 	781.1626912931
1.50000000 3.50000000 	793.9455841487
1.50000000 4.00000000 	798.9364460143
1.50000000 4.50000000 	799.9201761696
1.50000000 5.00000000 	800.0000000000
1.50000000 5.50000000 	800.0000000000
1.50000000 6.00000000 	800.0000000000
1.50000000 6.50000000 	800.0000000000
1.50000000 7.00000000 	800.0000000000
1.50000000 7.50000000 	800.0000000000
1.50000000 8.00000000 	800.0000000000
2.00000000 -12.00000000 	800.0000000000
2.00000000 -11.50000000 	800.0000000000
2.00000000 -11.00000000 	800.0000000000
2.00000000 -10.50000000 	800.0000000000
2.00000000 -10.00000000 	800.0000000000
2.00000000 -9.50000000 	800.0000000000
2.00000000 -9.00000000 	800.0000000000
2.00000000 -8.50000000 	800.0000000000
2.00000000 -8.00000000 	800.0000000000
2.00000000 -7.50000000 	800.0000000000
2.00000000 -7.00000000 	800.0000000000
2.00000000 -6.50000000 	800.0000000000
2.00000000 -6.00000000 	800.0000000000
2.00000000 -5.50000000 	800.0000000000
2.00000000 -5.00000000 	800.0000000000
2.00000000 -4.50000000 	800.0000000000
2.00000000 -4.00000000 	800.0000000000
2.00000000 -3.50000000 	800.0000000000
2.00000000 -3.00000000 	800.0000000000
2.00000000 -2.50000000 	800.0000000000
2.00000000 -2.00000000 	799.9699207118
2.00000000 -1.50000000 	799.8615098932
2.00000000 -1.00000000 	799.3345645710
2.00000000 -0.50000000 	798.0545852813
2.00000000 0.00000000 	794.7882802772
2.00000000 0.50000000 	789.1650043843
2.00000000 1.00000000 	780.0957730686
2.00000000 1.50000000 	769.7830353955
2.00000000 2.00000000 	761.6802229648
2.00000000 2.50000000 	762.1355130482
2.00000000 3.00000000 	775.5145467485
2.00000000 3.50000000 	790.4367431397
2.00000000 4.00000000 	797.7734669419
2.00000000 4.50000000 	799.7106911608
2.00000000 5.00000000 	799.9834878857
2.00000000 5.50000000 	800.0000000000
2.00000000 6.00000000 	800.0000000000
2.00000000 6.50000000 	800.0000000000
2.00000000 7.00000000 	800.0000000000
2.00000000 7.50000000 	800.0000000000
2.00000000 8.00000000 	800.0000000000
