-8.00000000 -12.00000000 	800.0000000000
-8.00000000 -11.50000000 	800.0000000000
-8.00000000 -11.00000000 	800.0000000000
-8.00000000 -10.50000000 	800.0000000000
-8.00000000 -10.00000000 	800.0000000000
-8.00000000 -9.50000000 	800.0000000000
-8.00000000 -9.00000000 	797.8205515322
-8.00000000 -8.50000000 	783.6597483913
-8.00000000 -8.00000000 	773.8793032352
-8.00000000 -7.50000000 	789.9981029377
-8.00000000 -7.00000000 	798.4684225140
-8.00000000 -6.50000000 	799.9155969005
-8.00000000 -6.00000000 	800.0000000000
-8.00000000 -5.50000000 	800.0000000000
-8.00000000 -5.00000000 	800.0000000000
-8.00000000 -4.50000000 	800.0000000000
-8.00000000 -4.00000000 	800.0000000000
-8.00000000 -3.50000000 	800.0000000000
-8.00000000 -3.00000000 	800.0000000000
-8.00000000 -2.50000000 	800.0000000000
-8.00000000 -2.00000000 	800.0000000000
-8.00000000 -1.50000000 	800.0000000000
-8.00000000 -1.00000000 	800.0000000000
-8.00000000 -0.50000000 	800.0000000000
-8.00000000 0.00000000 	800.0000000000
-8.00000000 0.50000000 	800.0000000000
-8.00000000 1.00000000 	800.0000000000
-8.00000000 1.50000000 	800.0000000000
-8.00000000 2.00000000 	800.0000000000
-8.00000000 2.50000000 	800.0000000000
-8.00000000 3.00000000 	800.0000000000
-8.00000000 3.50000000 	800.0000000000
-8.00000000 4.00000000 	800.0000000000
-8.00000000 4.50000000 	800.0000000000
-8.00000000 5.00000000 	800.0000000000
-8.00000000 5.50000000 	800.0000000000
-8.00000000 6.00000000 	800.0000000000
-8.00000000 6.50000000 	800.0000000000
-8.00000000 7.00000000 	800.0000000000
-8.00000000 7.50000000 	800.0000000000
-8.00000000 8.00000000 	800.0000000000
-7.50000000 -12.00000000 	800.0000000000
-7.50000000 -11.50000000 	800.0000000000
-7.50000000 -11.00000000 	800.0000000000
-7.50000000 -10.50000000 	800.0000000000
-7.50000000 -10.00000000 	800.0000000000
-7.50000000 -9.50000000 	800.0000000000
-7.50000000 -9.00000000 	799.2006542120
-7.50000000 -8.50000000 	791.8035953469
-7.50000000 -8.00000000 	773.8729156898
-7.50000000 -7.50000000 	773.6644648834
-7.50000000 -7.00000000 	790.3932435341
-7.50000000 -6.50000000 	798.5077497384
-7.50000000 -6.00000000 	799.9155969005
-7.50000000 -5.50000000 	800.0000000000
-7.50000000 -5.00000000 	800.0000000000
-7.50000000 -4.50000000 	800.0000000000
-7.50000000 -4.00000000 	800.0000000000
-7.50000000 -3.50000000 	800.0000000000
-7.50000000 -3.00000000 	800.0000000000
-7.50000000 -2.50000000 	800.0000000000
-7.50000000 -2.00000000 	800.0000000000
-7.50000000 -1.50000000 	800.0000000000
-7.50000000 -1.00000000 	800.0000000000
-7.50000000 -0.50000000 	800.0000000000
-7.50000000 0.00000000 	800.0000000000
-7.50000000 0.50000000 	800.0000000000
-7.50000000 1.00000000 	800.0000000000
-7.50000000 1.50000000 	800.0000000000
-7.50000000 2.00000000 	800.0000000000
-7.50000000 2.50000000 	800.0000000000
-7.50000000 3.00000000 	800.0000000000
-7.50000000 3.50000000 	800.0000000000
-7.50000000 4.00000000 	800.0000000000
-7.50000000 4.50000000 	800.0000000000
-7.50000000 5.00000000 	800.0000000000
-7.50000000 5.50000000 	800.0000000000
-7.50000000 6.00000000 	800.0000000000
-7.50000000 6.50000000 	800.0000000000
-7.50000000 7.00000000 	800.0000000000
-7.50000000 7.50000000 	800.0000000000
-7.50000000 8.00000000 	800.0000000000
-7.00000000 -12.00000000 	800.0000000000
-7.00000000 -11.50000000 	800.0000000000
-7.00000000 -11.00000000 	800.0000000000
-7.00000000 -10.50000000 	800.0000000000
-7.00000000 -10.00000000 	800.0000000000
-7.00000000 -9.50000000 	800.0000000000
-7.00000000 -9.00000000 	799.9155969005
-7.00000000 -8.50000000 	798.5077497384
-7.00000000 -8.00000000 	790.3932435341
-7.00000000 -7.50000000 	773.6608579896
-7.00000000 -7.00000000 	773.6608579896
-7.00000000 -6.50000000 	790.3932435341
-7.00000000 -6.00000000 	798.5077497384
-7.00000000 -5.50000000 	799.9155969005
-7.00000000 -5.00000000 	800.0000000000
-7.00000000 -4.50000000 	800.0000000000
-7.00000000 -4.00000000 	800.0000000000
-7.00000000 -3.50000000 	800.0000000000
-7.00000000 -3.00000000 	800.0000000000
-7.00000000 -2.50000000 	800.0000000000
-7.00000000 -2.00000000 	800.0000000000
-7.00000000 -1.50000000 	800.0000000000
-7.00000000 -1.00000000 	800.0000000000
-7.00000000 -0.50000000 	800.0000000000
-7.00000000 0.00000000 	800.0000000000
-7.00000000 0.50000000 	800.0000000000
-7.00000000 1.00000000 	800.0000000000
-7.00000000 1.50000000 	800.0000000000
-7.00000000 2.00000000 	800.0000000000
-7.00000000 2.50000000 	800.0000000000
-7.00000000 3.00000000 	800.0000000000
-7.00000000 3.50000000 	800.0000000000
-7.00000000 4.00000000 	800.0000000000
-7.00000000 4.50000000 	800.0000000000
-7.00000000 5.00000000 	800.0000000000
-7.00000000 5.50000000 	800.0000000000
-7.00000000 6.00000000 	800.0000000000
-7.00000000 6.50000000 	800.0000000000
-7.00000000 7.00000000 	800.0000000000
-7.00000000 7.50000000 	800.0000000000
-7.00000000 8.00000000 	800.0000000000
-6.50000000 -12.00000000 	800.0000000000
-6.50000000 -11.50000000 	800.0000000000
-6.50000000 -11.00000000 	800.0000000000
-6.50000000 -10.50000000 	800.0000000000
-6.50000000 -10.00000000 	800.0000000000
-6.50000000 -9.50000000 	800.0000000000
-6.50000000 -9.00000000 	800.0000000000
-6.50000000 -8.50000000 	799.9155969005
-6.50000000 -8.00000000 	798.5077497384
-6.50000000 -7.50000000 	790.3932435341
-6.50000000 -7.00000000 	773.6608579896
-6.50000000 -6.50000000 	773.6608579896
-6.50000000 -6.00000000 	790.3932435341
-6.50000000 -5.50000000 	798.5077497384
-6.50000000 -5.00000000 	799.9155969005
-6.50000000 -4.50000000 	800.0000000000
-6.50000000 -4.00000000 	800.0000000000
-6.50000000 -3.50000000 	800.0000000000
-6.50000000 -3.00000000 	800.0000000000
-6.50000000 -2.50000000 	800.0000000000
-6.50000000 -2.00000000 	800.0000000000
-6.50000000 -1.50000000 	800.0000000000
-6.50000000 -1.00000000 	800.0000000000
-6.50000000 -0.50000000 	800.0000000000
-6.50000000 0.00000000 	800.0000000000
-6.50000000 0.50000000 	800.0000000000
-6.50000000 1.00000000 	800.0000000000
-6.50000000 1.50000000 	800.0000000000
-6.50000000 2.00000000 	800.0000000000
-6.50000000 2.50000000 	800.0000000000
-6.50000000 3.00000000 	800.0000000000
-6.50000000 3.50000000 	800.0000000000
-6.50000000 4.00000000 	800.0000000000
-6.50000000 4.50000000 	800.0000000000
-6.50000000 5.00000000 	800.0000000000
-6.50000000 5.50000000 	800.0000000000
-6.50000000 6.00000000 	800.0000000000
-6.50000000 6.50000000 	800.0000000000
-6.50000000 7.00000000 	800.0000000000
-6.50000000 7.50000000 	800.0000000000
-6.50000000 8.00000000 	800.0000000000
-6.00000000 -12.00000000 	800.0000000000
-6.00000000 -11.50000000 	800.0000000000
-6.00000000 -11.00000000 	800.0000000000
-6.00000000 -10.50000000 	800.0000000000
-6.00000000 -10.00000000 	800.0000000000
-6.00000000 -9.50000000 	800.0000000000
-6.00000000 -9.00000000 	800.0000000000
-6.00000000 -8.50000000 	800.0000000000
-6.00000000 -8.00000000 	799.9155969005
-6.00000000 -7.50000000 	798.5077497384
-6.00000000 -7.00000000 	790.3932435341
-6.00000000 -6.50000000 	773.6608579896
-6.00000000 -6.00000000 	773.6608579896
-6.00000000 -5.50000000 	790.3932435341
-6.00000000 -5.00000000 	798.5077497384
-6.00000000 -4.50000000 	799.9155969005
-6.00000000 -4.00000000 	800.0000000000
-6.00000000 -3.50000000 	800.0000000000
-6.00000000 -3.00000000 	800.0000000000
-6.00000000 -2.50000000 	800.0000000000
-6.00000000 -2.00000000 	800.0000000000
-6.00000000 -1.50000000 	800.0000000000
-6.00000000 -1.00000000 	800.0000000000
-6.00000000 -0.50000000 	800.0000000000
-6.00000000 0.00000000 	800.0000000000
-6.00000000 0.50000000 	800.0000000000
-6.00000000 1.00000000 	800.0000000000
-6.00000000 1.50000000 	800.0000000000
-6.00000000 2.00000000 	800.0000000000
-6.00000000 2.50000000 	800.0000000000
-6.00000000 3.00000000 	800.0000000000
-6.00000000 3.50000000 	800.0000000000
-6.00000000 4.00000000 	800.0000000000
-6.00000000 4.50000000 	800.0000000000
-6.00000000 5.00000000 	800.0000000000
-6.00000000 5.50000000 	800.0000000000
-6.00000000 6.00000000 	800.0000000000
-6.00000000 6.50000000 	800.0000000000
-6.00000000 7.00000000 	800.0000000000
-6.00000000 7.50000000 	800.0000000000
-6.00000000 8.00000000 	800.0000000000
-5.50000000 -12.00000000 	800.0000000000
-5.50000000 -11.50000000 	800.0000000000
-5.50000000 -11.00000000 	800.0000000000
-5.50000000 -10.50000000 	800.0000000000
-5.50000000 -10.00000000 	800.0000000000
-5.50000000 -9.50000000 	800.0000000000
-5.50000000 -9.00000000 	800.0000000000
-5.50000000 -8.50000000 	800.0000000000
-5.50000000 -8.00000000 	800.0000000000
-5.50000000 -7.50000000 	799.9155969005
-5.50000000 -7.00000000 	798.5077497384
-5.50000000 -6.50000000 	790.3932435341
-5.50000000 -6.00000000 	773.6608579896
-5.50000000 -5.50000000 	773.6608579896
-5.50000000 -5.00000000 	790.3932435341
-5.50000000 -4.50000000 	798.5077497384
-5.50000000 -4.00000000 	799.9155969005
-5.50000000 -3.50000000 	800.0000000000
-5.50000000 -3.00000000 	800.0000000000
-5.50000000 -2.50000000 	800.0000000000
-5.50000000 -2.00000000 	800.0000000000
-5.50000000 -1.50000000 	800.0000000000
-5.50000000 -1.00000000 	800.0000000000
-5.50000000 -0.50000000 	800.0000000000
-5.50000000 0.00000000 	800.0000000000
-5.50000000 0.50000000 	800.0000000000
-5.50000000 1.00000000 	800.0000000000
-5.50000000 1.50000000 	800.0000000000
-5.50000000 2.00000000 	800.0000000000
-5.50000000 2.50000000 	800.0000000000
-5.50000000 3.00000000 	800.0000000000
-5.50000000 3.50000000 	800.0000000000
-5.50000000 4.00000000 	800.0000000000
-5.50000000 4.50000000 	800.0000000000
-5.50000000 5.00000000 	800.0000000000
-5.50000000 5.50000000 	800.0000000000
-5.50000000 6.00000000 	800.0000000000
-5.50000000 6.50000000 	800.0000000000
-5.50000000 7.00000000 	800.0000000000
-5.50000000 7.50000000 	800.0000000000
-5.50000000 8.00000000 	800.0000000000
-5.00000000 -12.00000000 	800.0000000000
-5.00000000 -11.50000000 	800.0000000000
-5.00000000 -11.00000000 	800.0000000000
-5.00000000 -10.50000000 	800.0000000000
-5.00000000 -10.00000000 	800.0000000000
-5.00000000 -9.50000000 	800.0000000000
-5.00000000 -9.00000000 	800.0000000000
-5.00000000 -8.50000000 	800.0000000000
-5.00000000 -8.00000000 	800.0000000000
-5.00000000 -7.50000000 	800.0000000000
-5.00000000 -7.00000000 	799.9155969005
-5.00000000 -6.50000000 	798.5077497384
-5.00000000 -6.00000000 	790.3932435341
-5.00000000 -5.50000000 	773.6608579896
-5.00000000 -5.00000000 	773.6608579896
-5.00000000 -4.50000000 	790.3932435341
-5.00000000 -4.00000000 	798.5077497384
-5.00000000 -3.50000000 	799.9155969005
-5.00000000 -3.00000000 	800.0000000000
-5.00000000 -2.50000000 	800.0000000000
-5.00000000 -2.00000000 	800.0000000000
-5.00000000 -1.50000000 	800.0000000000
-5.00000000 -1.00000000 	800.0000000000
-5.00000000 -0.50000000 	800.0000000000
-5.00000000 0.00000000 	800.0000000000
-5.00000000 0.50000000 	800.0000000000
-5.00000000 1.00000000 	800.0000000000
-5.00000000 1.50000000 	800.0000000000
-5.00000000 2.00000000 	800.0000000000
-5.00000000 2.50000000 	800.0000000000
-5.00000000 3.00000000 	800.0000000000
-5.00000000 3.50000000 	800.0000000000
-5.00000000 4.00000000 	800.0000000000
-5.00000000 4.50000000 	800.0000000000
-5.00000000 5.00000000 	800.0000000000
-5.00000000 5.50000000 	800.0000000000
-5.00000000 6.00000000 	800.0000000000
-5.00000000 6.50000000 	800.0000000000
-5.00000000 7.00000000 	800.0000000000
-5.00000000 7.50000000 	800.0000000000
-5.00000000 8.00000000 	800.0000000000
-4.50000000 -12.00000000 	800.0000000000
-4.50000000 -11.50000000 	800.0000000000
-4.50000000 -11.00000000 	800.0000000000
-4.50000000 -10.50000000 	800.0000000000
-4.50000000 -10.00000000 	800.0000000000
-4.50000000 -9.50000000 	800.0000000000
-4.50000000 -9.00000000 	800.0000000000
-4.50000000 -8.50000000 	800.0000000000
-4.50000000 -8.00000000 	800.0000000000
-4.50000000 -7.50000000 	800.0000000000
-4.50000000 -7.00000000 	800.0000000000
-4.50000000 -6.50000000 	799.9155969005
-4.50000000 -6.00000000 	798.5077497384
-4.50000000 -5.50000000 	790.3932435341
-4.50000000 -5.00000000 	773.6608579896
-4.50000000 -4.50000000 	773.6608579896
-4.50000000 -4.00000000 	790.3932435341
-4.50000000 -3.50000000 	798.5077497384
-4.50000000 -3.00000000 	799.9155969005
-4.50000000 -2.50000000 	800.0000000000
-4.50000000 -2.00000000 	800.0000000000
-4.50000000 -1.50000000 	800.0000000000
-4.50000000 -1.00000000 	800.0000000000
-4.50000000 -0.50000000 	800.0000000000
-4.50000000 0.00000000 	800.0000000000
-4.50000000 0.50000000 	800.0000000000
-4.50000000 1.00000000 	800.0000000000
-4.50000000 1.50000000 	800.0000000000
-4.50000000 2.00000000 	800.0000000000
-4.50000000 2.50000000 	800.0000000000
-4.50000000 3.00000000 	800.0000000000
-4.50000000 3.50000000 	800.0000000000
-4.50000000 4.00000000 	800.0000000000
-4.50000000 4.50000000 	800.0000000000
-4.50000000 5.00000000 	800.0000000000
-4.50000000 5.50000000 	800.0000000000
-4.50000000 6.00000000 	800.0000000000
-4.50000000 6.50000000 	800.0000000000
-4.50000000 7.00000000 	800.0000000000
-4.50000000 7.50000000 	800.0000000000
-4.50000000 8.00000000 	800.0000000000
-4.00000000 -12.00000000 	800.0000000000
-4.00000000 -11.50000000 	800.0000000000
-4.00000000 -11.00000000 	800.0000000000
-4.00000000 -10.50000000 	800.0000000000
-4.00000000 -10.00000000 	800.0000000000
-4.00000000 -9.50000000 	800.0000000000
-4.00000000 -9.00000000 	800.0000000000
-4.00000000 -8.50000000 	800.0000000000
-4.00000000 -8.00000000 	800.0000000000
-4.00000000 -7.50000000 	800.0000000000
-4.00000000 -7.00000000 	800.0000000000
-4.00000000 -6.50000000 	800.0000000000
-4.00000000 -6.00000000 	799.9155969005
-4.00000000 -5.50000000 	798.5077497384
-4.00000000 -5.00000000 	790.3932435341
-4.00000000 -4.50000000 	773.6608579896
-4.00000000 -4.00000000 	773.6608579896
-4.00000000 -3.50000000 	790.3932435341
-4.00000000 -3.00000000 	798.5077497384
-4.00000000 -2.50000000 	799.9155969005
-4.00000000 -2.00000000 	800.0000000000
-4.00000000 -1.50000000 	800.0000000000
-4.00000000 -1.00000000 	800.0000000000
-4.00000000 -0.50000000 	800.0000000000
-4.00000000 0.00000000 	800.0000000000
-4.00000000 0.50000000 	800.0000000000
-4.00000000 1.00000000 	800.0000000000
-4.00000000 1.50000000 	800.0000000000
-4.00000000 2.00000000 	800.0000000000
-4.00000000 2.50000000 	800.0000000000
-4.00000000 3.00000000 	800.0000000000
-4.00000000 3.50000000 	800.0000000000
-4.00000000 4.00000000 	800.0000000000
-4.00000000 4.50000000 	800.0000000000
-4.00000000 5.00000000 	800.0000000000
-4.00000000 5.50000000 	800.0000000000
-4.00000000 6.00000000 	800.0000000000
-4.00000000 6.50000000 	800.0000000000
-4.00000000 7.00000000 	800.0000000000
-4.00000000 7.50000000 	800.0000000000
-4.00000000 8.00000000 	800.0000000000
-3.50000000 -12.00000000 	800.0000000000
-3.50000000 -11.50000000 	800.0000000000
-3.50000000 -11.00000000 	800.0000000000
-3.50000000 -10.50000000 	800.0000000000
-3.50000000 -10.00000000 	800.0000000000
-3.50000000 -9.50000000 	800.0000000000
-3.50000000 -9.00000000 	800.0000000000
-3.50000000 -8.50000000 	800.0000000000
-3.50000000 -8.00000000 	800.0000000000
-3.50000000 -7.50000000 	800.0000000000
-3.50000000 -7.00000000 	800.0000000000
-3.50000000 -6.50000000 	800.0000000000
-3.50000000 -6.00000000 	800.0000000000
-3.50000000 -5.50000000 	799.9155969005
-3.50000000 -5.00000000 	798.5077497384
-3.50000000 -4.50000000 	790.3932435341
-3.50000000 -4.00000000 	773.6608579896
-3.50000000 -3.50000000 	773.6608579896
-3.50000000 -3.00000000 	790.3932435341
-3.50000000 -2.50000000 	798.5077497384
-3.50000000 -2.00000000 	799.9155969005
-3.50000000 -1.50000000 	800.0000000000
-3.50000000 -1.00000000 	800.0000000000
-3.50000000 -0.50000000 	800.0000000000
-3.50000000 0.00000000 	800.0000000000
-3.50000000 0.50000000 	800.0000000000
-3.50000000 1.00000000 	800.0000000000
-3.50000000 1.50000000 	800.0000000000
-3.50000000 2.00000000 	800.0000000000
-3.50000000 2.50000000 	800.0000000000
-3.50000000 3.00000000 	800.0000000000
-3.50000000 3.50000000 	800.0000000000
-3.50000000 4.00000000 	800.0000000000
-3.50000000 4.50000000 	800.0000000000
-3.50000000 5.00000000 	800.0000000000
-3.50000000 5.50000000 	800.0000000000
-3.50000000 6.00000000 	800.0000000000
-3.50000000 6.50000000 	800.0000000000
-3.50000000 7.00000000 	800.0000000000
-3.50000000 7.50000000 	800.0000000000
-3.50000000 8.00000000 	800.0000000000
-3.00000000 -12.00000000 	800.0000000000
-3.00000000 -11.50000000 	800.0000000000
-3.00000000 -11.00000000 	800.0000000000
-3.00000000 -10.50000000 	800.0000000000
-3.00000000 -10.00000000 	800.0000000000
-3.00000000 -9.50000000 	800.0000000000
-3.00000000 -9.00000000 	800.0000000000
-3.00000000 -8.50000000 	800.0000000000
-3.00000000 -8.00000000 	800.0000000000
-3.00000000 -7.50000000 	800.0000000000
-3.00000000 -7.00000000 	800.0000000000
-3.00000000 -6.50000000 	800.0000000000
-3.00000000 -6.00000000 	800.0000000000
-3.00000000 -5.50000000 	800.0000000000
-3.00000000 -5.00000000 	799.9155969005
-3.00000000 -4.50000000 	798.5077497384
-3.00000000 -4.00000000 	790.3932435341
-3.00000000 -3.50000000 	773.6608579896
-3.00000000 -3.00000000 	773.6608579896
-3.00000000 -2.50000000 	790.3932435341
-3.00000000 -2.00000000 	798.5077497384
-3.00000000 -1.50000000 	799.9155969005
-3.00000000 -1.00000000 	800.0000000000
-3.00000000 -0.50000000 	800.0000000000
-3.00000000 0.00000000 	800.0000000000
-3.00000000 0.50000000 	800.0000000000
-3.00000000 1.00000000 	800.0000000000
-3.00000000 1.50000000 	800.0000000000
-3.00000000 2.00000000 	800.0000000000
-3.00000000 2.50000000 	800.0000000000
-3.00000000 3.00000000 	800.0000000000
-3.00000000 3.50000000 	800.0000000000
-3.00000000 4.00000000 	800.0000000000
-3.00000000 4.50000000 	800.0000000000
-3.00000000 5.00000000 	800.0000000000
-3.00000000 5.50000000 	800.0000000000
-3.00000000 6.00000000 	800.0000000000
-3.00000000 6.50000000 	800.0000000000
-3.00000000 7.00000000 	800.0000000000
-3.00000000 7.50000000 	800.0000000000
-3.00000000 8.00000000 	800.0000000000
-2.50000000 -12.00000000 	800.0000000000
-2.50000000 -11.50000000 	800.0000000000
-2.50000000 -11.00000000 	800.0000000000
-2.50000000 -10.50000000 	800.0000000000
-2.50000000 -10.00000000 	800.0000000000
-2.50000000 -9.50000000 	800.0000000000
-2.50000000 -9.00000000 	800.0000000000
-2.50000000 -8.50000000 	800.0000000000
-2.50000000 -8.00000000 	800.0000000000
-2.50000000 -7.50000000 	800.0000000000
-2.50000000 -7.00000000 	800.0000000000
-2.50000000 -6.50000000 	800.0000000000
-2.50000000 -6.00000000 	800.0000000000
-2.50000000 -5.50000000 	800.0000000000
-2.50000000 -5.00000000 	800.0000000000
-2.50000000 -4.50000000 	799.9155969005
-2.50000000 -4.00000000 	798.5077497384
-2.50000000 -3.50000000 	790.3932435341
-2.50000000 -3.00000000 	773.6608579896
-2.50000000 -2.50000000 	773.6608579896
-2.50000000 -2.00000000 	790.3932435341
-2.50000000 -1.50000000 	798.5077497384
-2.50000000 -1.00000000 	799.9155969005
-2.50000000 -0.50000000 	800.0000000000
-2.50000000 0.00000000 	800.0000000000
-2.50000000 0.50000000 	800.0000000000
-2.50000000 1.00000000 	800.0000000000
-2.50000000 1.50000000 	800.0000000000
-2.50000000 2.00000000 	800.0000000000
-2.50000000 2.50000000 	800.0000000000
-2.50000000 3.00000000 	800.0000000000
-2.50000000 3.50000000 	800.0000000000
-2.50000000 4.00000000 	800.0000000000
-2.50000000 4.50000000 	800.0000000000
-2.50000000 5.00000000 	800.0000000000
-2.50000000 5.50000000 	800.0000000000
-2.50000000 6.00000000 	800.0000000000
-2.50000000 6.50000000 	800.0000000000
-2.50000000 7.00000000 	800.0000000000
-2.50000000 7.50000000 	800.0000000000
-2.50000000 8.00000000 	800.0000000000
-2.00000000 -12.00000000 	800.0000000000
-2.00000000 -11.50000000 	800.0000000000
-2.00000000 -11.00000000 	800.0000000000
-2.00000000 -10.50000000 	800.0000000000
-2.00000000 -10.00000000 	800.0000000000
-2.00000000 -9.50000000 	800.0000000000
-2.00000000 -9.00000000 	800.0000000000
-2.00000000 -8.50000000 	800.0000000000
-2.00000000 -8.00000000 	800.0000000000
-2.00000000 -7.50000000 	800.0000000000
-2.00000000 -7.00000000 	800.0000000000
-2.00000000 -6.50000000 	800.0000000000
-2.00000000 -6.00000000 	800.0000000000
-2.00000000 -5.50000000 	800.0000000000
-2.00000000 -5.00000000 	800.0000000000
-2.00000000 -4.50000000 	800.0000000000
-2.00000000 -4.00000000 	799.9155969005
-2.00000000 -3.50000000 	798.5077497384
-2.00000000 -3.00000000 	790.3932435341
-2.00000000 -2.50000000 	773.6608579896
-2.00000000 -2.00000000 	773.6608579896
-2.00000000 -1.50000000 	790.3932435341
-2.00000000 -1.00000000 	798.5077497384
-2.00000000 -0.50000000 	799.9155969005
-2.00000000 0.00000000 	800.0000000000
-2.00000000 0.50000000 	800.0000000000
-2.00000000 1.00000000 	800.0000000000
-2.00000000 1.50000000 	800.0000000000
-2.00000000 2.00000000 	800.0000000000
-2.00000000 2.50000000 	800.0000000000
-2.00000000 3.00000000 	800.0000000000
-2.00000000 3.50000000 	800.0000000000
-2.00000000 4.00000000 	800.0000000000
-2.00000000 4.50000000 	800.0000000000
-2.00000000 5.00000000 	800.0000000000
-2.00000000 5.50000000 	800.0000000000
-2.00000000 6.00000000 	800.0000000000
-2.00000000 6.50000000 	800.0000000000
-2.00000000 7.00000000 	800.0000000000
-2.00000000 7.50000000 	800.0000000000
-2.00000000 8.00000000 	800.0000000000
-1.50000000 -12.00000000 	800.0000000000
-1.50000000 -11.50000000 	800.0000000000
-1.50000000 -11.00000000 	800.0000000000
-1.50000000 -10.50000000 	800.0000000000
-1.50000000 -10.00000000 	800.0000000000
-1.50000000 -9.50000000 	800.0000000000
-1.50000000 -9.00000000 	800.0000000000
-1.50000000 -8.50000000 	800.0000000000
-1.50000000 -8.00000000 	800.0000000000
-1.50000000 -7.50000000 	800.0000000000
-1.50000000 -7.00000000 	800.0000000000
-1.50000000 -6.50000000 	800.0000000000
-1.50000000 -6.00000000 	800.0000000000
-1.50000000 -5.50000000 	800.0000000000
-1.50000000 -5.00000000 	800.0000000000
-1.50000000 -4.50000000 	800.0000000000
-1.50000000 -4.00000000 	800.0000000000
-1.50000000 -3.50000000 	799.9155969005
-1.50000000 -3.00000000 	798.5077497384
-1.50000000 -2.50000000 	790.3932435341
-1.50000000 -2.00000000 	773.6608579896
-1.50000000 -1.50000000 	773.6608579896
-1.50000000 -1.00000000 	790.3932435341
-1.50000000 -0.50000000 	798.5077497384
-1.50000000 0.00000000 	799.9155969005
-1.50000000 0.50000000 	800.0000000000
-1.50000000 1.00000000 	800.0000000000
-1.50000000 1.50000000 	800.0000000000
-1.50000000 2.00000000 	800.0000000000
-1.50000000 2.50000000 	800.0000000000
-1.50000000 3.00000000 	800.0000000000
-1.50000000 3.50000000 	800.0000000000
-1.50000000 4.00000000 	800.0000000000
-1.50000000 4.50000000 	800.0000000000
-1.50000000 5.00000000 	800.0000000000
-1.50000000 5.50000000 	800.0000000000
-1.50000000 6.00000000 	800.0000000000
-1.50000000 6.50000000 	800.0000000000
-1.50000000 7.00000000 	800.0000000000
-1.50000000 7.50000000 	800.0000000000
-1.50000000 8.00000000 	800.0000000000
-1.00000000 -12.00000000 	800.0000000000
-1.00000000 -11.50000000 	800.0000000000
-1.00000000 -11.00000000 	800.0000000000
-1.00000000 -10.50000000 	800.0000000000
-1.00000000 -10.00000000 	800.0000000000
-1.00000000 -9.50000000 	800.0000000000
-1.00000000 -9.00000000 	800.0000000000
-1.00000000 -8.50000000 	800.0000000000
-1.00000000 -8.00000000 	800.0000000000
-1.00000000 -7.50000000 	800.0000000000
-1.00000000 -7.00000000 	800.0000000000
-1.00000000 -6.50000000 	800.0000000000
-1.00000000 -6.00000000 	800.0000000000
-1.00000000 -5.50000000 	800.0000000000
-1.00000000 -5.00000000 	800.0000000000
-1.00000000 -4.50000000 	800.0000000000
-1.00000000 -4.00000000 	800.0000000000
-1.00000000 -3.50000000 	800.0000000000
-1.00000000 -3.00000000 	799.9155969005
-1.00000000 -2.50000000 	798.5077497384
-1.00000000 -2.00000000 	790.3932435341
-1.00000000 -1.50000000 	773.6608579896
-1.00000000 -1.00000000 	773.6608579896
-1.00000000 -0.50000000 	790.3932435341
-1.00000000 0.00000000 	798.5077497384
-1.00000000 0.50000000 	799.9155969005
-1.00000000 1.00000000 	800.0000000000
-1.00000000 1.50000000 	800.0000000000
-1.00000000 2.00000000 	800.0000000000
-1.00000000 2.50000000 	800.0000000000
-1.00000000 3.00000000 	800.0000000000
-1.00000000 3.50000000 	800.0000000000
-1.00000000 4.00000000 	800.0000000000
-1.00000000 4.50000000 	800.0000000000
-1.00000000 5.00000000 	800.0000000000
-1.00000000 5.50000000 	800.0000000000
-1.00000000 6.00000000 	800.0000000000
-1.00000000 6.50000000 	800.0000000000
-1.00000000 7.00000000 	800.0000000000
-1.00000000 7.50000000 	800.0000000000
-1.00000000 8.00000000 	800.0000000000
-0.50000000 -12.00000000 	800.0000000000
-0.50000000 -11.50000000 	800.0000000000
-0.50000000 -11.00000000 	800.0000000000
-0.50000000 -10.50000000 	800.0000000000
-0.50000000 -10.00000000 	800.0000000000
-0.50000000 -9.50000000 	800.0000000000
-0.50000000 -9.00000000 	800.0000000000
-0.50000000 -8.50000000 	800.0000000000
-0.50000000 -8.00000000 	800.0000000000
-0.50000000 -7.50000000 	800.0000000000
-0.50000000 -7.00000000 	800.0000000000
-0.50000000 -6.50000000 	800.0000000000
-0.50000000 -6.00000000 	800.0000000000
-0.50000000 -5.50000000 	800.0000000000
-0.50000000 -5.00000000 	800.0000000000
-0.50000000 -4.50000000 	800.0000000000
-0.50000000 -4.00000000 	800.0000000000
-0.50000000 -3.50000000 	800.0000000000
-0.50000000 -3.00000000 	800.0000000000
-0.50000000 -2.50000000 	799.9155969005
-0.50000000 -2.00000000 	798.5077497384
-0.50000000 -1.50000000 	790.3932435341
-0.50000000 -1.00000000 	773.6608579896
-0.50000000 -0.50000000 	773.6608579896
-0.50000000 0.00000000 	790.3932435341
-0.50000000 0.50000000 	798.5077497384
-0.50000000 1.00000000 	799.9155969005
-0.50000000 1.50000000 	800.0000000000
-0.50000000 2.00000000 	800.0000000000
-0.50000000 2.50000000 	800.0000000000
-0.50000000 3.00000000 	800.0000000000
-0.50000000 3.50000000 	800.0000000000
-0.50000000 4.00000000 	800.0000000000
-0.50000000 4.50000000 	800.0000000000
-0.50000000 5.00000000 	800.0000000000
-0.50000000 5.50000000 	800.0000000000
-0.50000000 6.00000000 	800.0000000000
-0.50000000 6.50000000 	800.0000000000
-0.50000000 7.00000000 	800.0000000000
-0.50000000 7.50000000 	800.0000000000
-0.50000000 8.00000000 	800.0000000000
0.00000000 -12.00000000 	800.0000000000
0.00000000 -11.50000000 	800.0000000000
0.00000000 -11.00000000 	800.0000000000
0.00000000 -10.50000000 	800.0000000000
0.00000000 -10.00000000 	800.0000000000
0.00000000 -9.50000000 	800.0000000000
0.00000000 -9.00000000 	800.0000000000
0.00000000 -8.50000000 	800.0000000000
0.00000000 -8.00000000 	800.0000000000
0.00000000 -7.50000000 	800.0000000000
0.00000000 -7.00000000 	800.0000000000
0.00000000 -6.50000000 	800.0000000000
0.00000000 -6.00000000 	800.0000000000
0.00000000 -5.50000000 	800.0000000000
0.00000000 -5.00000000 	800.0000000000
0.00000000 -4.50000000 	800.0000000000
0.00000000 -4.00000000 	800.0000000000
0.00000000 -3.50000000 	800.0000000000
0.00000000 -3.00000000 	800.0000000000
0.00000000 -2.50000000 	800.0000000000
0.00000000 -2.00000000 	799.9155969005
0.00000000 -1.50000000 	798.5077497384
0.00000000 -1.00000000 	790.3932435341
0.00000000 -0.50000000 	773.6608579896
0.00000000 0.00000000 	773.6608579896
0.00000000 0.50000000 	790.3932435341
0.00000000 1.00000000 	798.5077497384
0.00000000 1.50000000 	799.9155969005
0.00000000 2.00000000 	800.0000000000
0.00000000 2.50000000 	800.0000000000
0.00000000 3.00000000 	800.0000000000
0.00000000 3.50000000 	800.0000000000
0.00000000 4.00000000 	800.0000000000
0.00000000 4.50000000 	800.0000000000
0.00000000 5.00000000 	800.0000000000
0.00000000 5.50000000 	800.0000000000
0.00000000 6.00000000 	800.0000000000
0.00000000 6.50000000 	800.0000000000
0.00000000 7.00000000 	800.0000000000
0.00000000 7.50000000 	800.0000000000
0.00000000 8.00000000 	800.0000000000
0.50000000 -12.00000000 	800.0000000000
0.50000000 -11.50000000 	800.0000000000
0.50000000 -11.00000000 	800.0000000000
0.50000000 -10.50000000 	800.0000000000
0.50000000 -10.00000000 	800.0000000000
0.50000000 -9.50000000 	800.0000000000
0.50000000 -9.00000000 	800.0000000000
0.50000000 -8.50000000 	800.0000000000
0.50000000 -8.00000000 	800.0000000000
0.50000000 -7.50000000 	800.0000000000
0.50000000 -7.00000000 	800.0000000000
0.50000000 -6.50000000 	800.0000000000
0.50000000 -6.00000000 	800.0000000000
0.50000000 -5.50000000 	800.0000000000
0.50000000 -5.00000000 	800.0000000000
0.50000000 -4.50000000 	800.0000000000
0.50000000 -4.00000000 	800.0000000000
0.50000000 -3.50000000 	800.0000000000
0.50000000 -3.00000000 	800.0000000000
0.50000000 -2.50000000 	800.0000000000
0.50000000 -2.00000000 	800.0000000000
0.50000000 -1.50000000 	799.9155969005
0.50000000 -1.00000000 	798.5077497384
0.50000000 -0.50000000 	790.3932435341
0.50000000 0.00000000 	773.6608579896
0.50000000 0.50000000 	773.6608579896
0.50000000 1.00000000 	790.3932435341
0.50000000 1.50000000 	798.5077497384
0.50000000 2.00000000 	799.9155969005
0.50000000 2.50000000 	800.0000000000
0.50000000 3.00000000 	800.0000000000
0.50000000 3.50000000 	800.0000000000
0.50000000 4.00000000 	800.0000000000
0.50000000 4.50000000 	800.0000000000
0.50000000 5.00000000 	800.0000000000
0.50000000 5.50000000 	800.0000000000
0.50000000 6.00000000 	800.0000000000
0.50000000 6.50000000 	800.0000000000
0.50000000 7.00000000 	800.0000000000
0.50000000 7.50000000 	800.0000000000
0.50000000 8.00000000 	800.0000000000
1.00000000 -12.00000000 	800.0000000000
1.00000000 -11.50000000 	800.0000000000
1.00000000 -11.00000000 	800.0000000000
1.00000000 -10.50000000 	800.0000000000
1.00000000 -10.00000000 	800.0000000000
1.00000000 -9.50000000 	800.0000000000
1.00000000 -9.00000000 	800.0000000000
1.00000000 -8.50000000 	800.0000000000
1.00000000 -8.00000000 	800.0000000000
1.00000000 -7.50000000 	800.0000000000
1.00000000 -7.00000000 	800.0000000000
1.00000000 -6.50000000 	800.0000000000
1.00000000 -6.00000000 	800.0000000000
1.00000000 -5.50000000 	800.0000000000
1.00000000 -5.00000000 	800.0000000000
1.00000000 -4.50000000 	800.0000000000
1.00000000 -4.00000000 	800.0000000000
1.00000000 -3.50000000 	800.0000000000
1.00000000 -3.00000000 	800.0000000000
1.00000000 -2.50000000 	800.0000000000
1.00000000 -2.00000000 	800.0000000000
1.00000000 -1.50000000 	800.0000000000
1.00000000 -1.00000000 	799.9155969005
1.00000000 -0.50000000 	798.5077497384
1.00000000 0.00000000 	790.3932435341
1.00000000 0.50000000 	773.6608579896
1.00000000 1.00000000 	773.6608579896
1.00000000 1.50000000 	790.3932435341
1.00000000 2.00000000 	798.5077497384
1.00000000 2.50000000 	799.9155969005
1.00000000 3.00000000 	800.0000000000
1.00000000 3.50000000 	800.0000000000
1.00000000 4.00000000 	800.0000000000
1.00000000 4.50000000 	800.0000000000
1.00000000 5.00000000 	800.0000000000
1.00000000 5.50000000 	800.0000000000
1.00000000 6.00000000 	800.0000000000
1.00000000 6.50000000 	800.0000000000
1.00000000 7.00000000 	800.0000000000
1.00000000 7.50000000 	800.0000000000
1.00000000 8.00000000 	800.0000000000
1.50000000 -12.00000000 	800.0000000000
1.50000000 -11.50000000 	800.0000000000
1.50000000 -11.00000000 	800.0000000000
1.50000000 -10.50000000 	800.0000000000
1.50000000 -10.00000000 	800.0000000000
1.50000000 -9.50000000 	800.0000000000
1.50000000 -9.00000000 	800.0000000000
1.50000000 -8.50000000 	800.0000000000
1.50000000 -8.00000000 	800.0000000000
1.50000000 -7.50000000 	800.0000000000
1.50000000 -7.00000000 	800.0000000000
1.50000000 -6.50000000 	800.0000000000
1.50000000 -6.00000000 	800.0000000000
1.50000000 -5.50000000 	800.0000000000
1.50000000 -5.00000000 	800.0000000000
1.50000000 -4.50000000 	800.0000000000
1.50000000 -4.00000000 	800.0000000000
1.50000000 -3.50000000 	800.0000000000
1.50000000 -3.00000000 	800.0000000000
1.50000000 -2.50000000 	800.0000000000
1.50000000 -2.00000000 	800.0000000000
1.50000000 -1.50000000 	800.0000000000
1.50000000 -1.00000000 	800.0000000000
1.50000000 -0.50000000 	799.9155969005
1.50000000 0.00000000 	798.5077497384
1.50000000 0.50000000 	790.3932435341
1.50000000 1.00000000 	773.6644648834
1.50000000 1.50000000 	773.8729156898
1.50000000 2.00000000 	791.8035953469
1.50000000 2.50000000 	799.2006542120
1.50000000 3.00000000 	800.0000000000
1.50000000 3.50000000 	800.0000000000
1.50000000 4.00000000 	800.0000000000
1.50000000 4.50000000 	800.0000000000
1.50000000 5.00000000 	800.0000000000
1.50000000 5.50000000 	800.0000000000
1.50000000 6.00000000 	800.0000000000
1.50000000 6.50000000 	800.0000000000
1.50000000 7.00000000 	800.0000000000
1.50000000 7.50000000 	800.0000000000
1.50000000 8.00000000 	800.0000000000
2.00000000 -12.00000000 	800.0000000000
2.00000000 -11.50000000 	800.0000000000
2.00000000 -11.00000000 	800.0000000000
2.00000000 -10.50000000 	800.0000000000
2.00000000 -10.00000000 	800.0000000000
2.00000000 -9.50000000 	800.0000000000
2.00000000 -9.00000000 	800.0000000000
2.00000000 -8.50000000 	800.0000000000
2.00000000 -8.00000000 	800.0000000000
2.00000000 -7.50000000 	800.0000000000
2.00000000 -7.00000000 	800.0000000000
2.00000000 -6.50000000 	800.0000000000
2.00000000 -6.00000000 	800.0000000000
2.00000000 -5.50000000 	800.0000000000
2.00000000 -5.00000000 	800.0000000000
2.00000000 -4.50000000 	800.0000000000
2.00000000 -4.00000000 	800.0000000000
2.00000000 -3.50000000 	800.0000000000
2.00000000 -3.00000000 	800.0000000000
2.00000000 -2.50000000 	800.0000000000
2.00000000 -2.00000000 	800.0000000000
2.00000000 -1.50000000 	800.0000000000
2.00000000 -1.00000000 	800.0000000000
2.00000000 -0.50000000 	800.0000000000
2.00000000 0.00000000 	799.9155969005
2.00000000 0.50000000 	798.4684225140
2.00000000 1.00000000 	789.9981029377
2.00000000 1.50000000 	773.8793032352
2.00000000 2.00000000 	783.6597483913
2.00000000 2.50000000 	797.8205515322
2.00000000 3.00000000 	800.0000000000
2.00000000 3.50000000 	800.0000000000
2.00000000 4.00000000 	800.0000000000
2.00000000 4.50000000 	800.0000000000
2.00000000 5.00000000 	800.0000000000
2.00000000 5.50000000 	800.0000000000
2.00000000 6.00000000 	800.0000000000
2.00000000 6.50000000 	800.0000000000
2.00000000 7.00000000 	800.0000000000
2.00000000 7.50000000 	800.0000000000
2.00000000 8.00000000 	800.0000000000
