-8.00000000 -12.00000000 	800.0000000000
-8.00000000 -11.50000000 	800.0000000000
-8.00000000 -11.00000000 	800.0000000000
-8.00000000 -10.50000000 	800.0000000000
-8.00000000 -10.00000000 	800.0000000000
-8.00000000 -9.50000000 	800.0000000000
-8.00000000 -9.00000000 	800.0000000000
-8.00000000 -8.50000000 	800.0000000000
-8.00000000 -8.00000000 	800.0000000000
-8.00000000 -7.50000000 	800.0000000000
-8.00000000 -7.00000000 	800.0000000000
-8.00000000 -6.50000000 	800.0000000000
-8.00000000 -6.00000000 	800.0000000000
-8.00000000 -5.50000000 	800.0000000000
-8.00000000 -5.00000000 	800.0000000000
-8.00000000 -4.50000000 	800.0000000000
-8.00000000 -4.00000000 	800.0000000000
-8.00000000 -3.50000000 	800.0000000000
-8.00000000 -3.00000000 	800.0000000000
-8.00000000 -2.50000000 	800.0000000000
-8.00000000 -2.00000000 	800.0000000000
-8.00000000 -1.50000000 	800.0000000000
-8.00000000 -1.00000000 	800.0000000000
-8.00000000 -0.50000000 	800.0000000000
-8.00000000 0.00000000 	800.0000000000
-8.00000000 0.50000000 	800.0000000000
-8.00000000 1.00000000 	800.0000000000
-8.00000000 1.50000000 	800.0000000000
-8.00000000 2.00000000 	800.0000000000
-8.00000000 2.50000000 	800.0000000000
-8.00000000 3.00000000 	800.0000000000
-8.00000000 3.50000000 	800.0000000000
-8.00000000 4.00000000 	800.0000000000
-8.00000000 4.50000000 	800.0000000000
-8.00000000 5.00000000 	800.0000000000
-8.00000000 5.50000000 	800.0000000000
-8.00000000 6.00000000 	800.0000000000
-8.00000000 6.50000000 	800.0000000000
-8.00000000 7.00000000 	800.0000000000
-8.00000000 7.50000000 	800.0000000000
-8.00000000 8.00000000 	800.0000000000
-7.50000000 -12.00000000 	800.0000000000
-7.50000000 -11.50000000 	800.0000000000
-7.50000000 -11.00000000 	800.0000000000
-7.50000000 -10.50000000 	800.0000000000
-7.50000000 -10.00000000 	800.0000000000
-7.50000000 -9.50000000 	800.0000000000
-7.50000000 -9.00000000 	800.0000000000
-7.50000000 -8.50000000 	800.0000000000
-7.50000000 -8.00000000 	800.0000000000
-7.50000000 -7.50000000 	800.0000000000
-7.50000000 -7.00000000 	800.0000000000
-7.50000000 -6.50000000 	800.0000000000
-7.50000000 -6.00000000 	800.0000000000
-7.50000000 -5.50000000 	800.0000000000
-7.50000000 -5.00000000 	800.0000000000
-7.50000000 -4.50000000 	800.0000000000
-7.50000000 -4.00000000 	800.0000000000
-7.50000000 -3.50000000 	800.0000000000
-7.50000000 -3.00000000 	800.0000000000
-7.50000000 -2.50000000 	800.0000000000
-7.50000000 -2.00000000 	800.0000000000
-7.50000000 -1.50000000 	800.0000000000
-7.50000000 -1.00000000 	800.0000000000
-7.50000000 -0.50000000 	800.0000000000
-7.50000000 0.00000000 	800.0000000000
-7.50000000 0.50000000 	800.0000000000
-7.50000000 1.00000000 	800.0000000000
-7.50000000 1.50000000 	800.0000000000
-7.50000000 2.00000000 	800.0000000000
-7.50000000 2.50000000 	800.0000000000
-7.50000000 3.00000000 	800.0000000000
-7.50000000 3.50000000 	800.0000000000
-7.50000000 4.00000000 	800.0000000000
-7.50000000 4.50000000 	800.0000000000
-7.50000000 5.00000000 	800.0000000000
-7.50000000 5.50000000 	800.0000000000
-7.50000000 6.00000000 	800.0000000000
-7.50000000 6.50000000 	800.0000000000
-7.50000000 7.00000000 	800.0000000000
-7.50000000 7.50000000 	800.0000000000
-7.50000000 8.00000000 	800.0000000000
-7.00000000 -12.00000000 	800.0000000000
-7.00000000 -11.50000000 	800.0000000000
-7.00000000 -11.00000000 	800.0000000000
-7.00000000 -10.50000000 	800.0000000000
-7.00000000 -10.00000000 	800.0000000000
-7.00000000 -9.50000000 	800.0000000000
-7.00000000 -9.00000000 	800.0000000000
-7.00000000 -8.50000000 	800.0000000000
-7.00000000 -8.00000000 	800.0000000000
-7.00000000 -7.50000000 	800.0000000000
-7.00000000 -7.00000000 	800.0000000000
-7.00000000 -6.50000000 	800.0000000000
-7.00000000 -6.00000000 	800.0000000000
-7.00000000 -5.50000000 	800.0000000000
-7.00000000 -5.00000000 	800.0000000000
-7.00000000 -4.50000000 	800.0000000000
-7.00000000 -4.00000000 	800.0000000000
-7.00000000 -3.50000000 	800.0000000000
-7.00000000 -3.00000000 	800.0000000000
-7.00000000 -2.50000000 	800.0000000000
-7.00000000 -2.00000000 	800.0000000000
-7.00000000 -1.50000000 	800.0000000000
-7.00000000 -1.00000000 	800.0000000000
-7.00000000 -0.50000000 	800.0000000000
-7.00000000 0.00000000 	800.0000000000
-7.00000000 0.50000000 	800.0000000000
-7.00000000 1.00000000 	800.0000000000
-7.00000000 1.50000000 	800.0000000000
-7.00000000 2.00000000 	800.0000000000
-7.00000000 2.50000000 	800.0000000000
-7.00000000 3.00000000 	800.0000000000
-7.00000000 3.50000000 	800.0000000000
-7.00000000 4.00000000 	800.0000000000
-7.00000000 4.50000000 	800.0000000000
-7.00000000 5.00000000 	800.0000000000
-7.00000000 5.50000000 	800.0000000000
-7.00000000 6.00000000 	800.0000000000
-7.00000000 6.50000000 	800.0000000000
-7.00000000 7.00000000 	800.0000000000
-7.00000000 7.50000000 	800.0000000000
-7.00000000 8.00000000 	800.0000000000
-6.50000000 -12.00000000 	799.3429429558
-6.50000000 -11.50000000 	799.3429429558
-6.50000000 -11.00000000 	800.0000000000
-6.50000000 -10.50000000 	800.0000000000
-6.50000000 -10.00000000 	800.0000000000
-6.50000000 -9.50000000 	800.0000000000
-6.50000000 -9.00000000 	800.0000000000
-6.50000000 -8.50000000 	800.0000000000
-6.50000000 -8.00000000 	800.0000000000
-6.50000000 -7.50000000 	800.0000000000
-6.50000000 -7.00000000 	800.0000000000
-6.50000000 -6.50000000 	800.0000000000
-6.50000000 -6.00000000 	800.0000000000
-6.50000000 -5.50000000 	800.0000000000
-6.50000000 -5.00000000 	800.0000000000
-6.50000000 -4.50000000 	800.0000000000
-6.50000000 -4.00000000 	800.0000000000
-6.50000000 -3.50000000 	800.0000000000
-6.50000000 -3.00000000 	800.0000000000
-6.50000000 -2.50000000 	800.0000000000
-6.50000000 -2.00000000 	800.0000000000
-6.50000000 -1.50000000 	800.0000000000
-6.50000000 -1.00000000 	800.0000000000
-6.50000000 -0.50000000 	800.0000000000
-6.50000000 0.00000000 	800.0000000000
-6.50000000 0.50000000 	800.0000000000
-6.50000000 1.00000000 	800.0000000000
-6.50000000 1.50000000 	800.0000000000
-6.50000000 2.00000000 	800.0000000000
-6.50000000 2.50000000 	800.0000000000
-6.50000000 3.00000000 	800.0000000000
-6.50000000 3.50000000 	800.0000000000
-6.50000000 4.00000000 	800.0000000000
-6.50000000 4.50000000 	800.0000000000
-6.50000000 5.00000000 	800.0000000000
-6.50000000 5.50000000 	800.0000000000
-6.50000000 6.00000000 	800.0000000000
-6.50000000 6.50000000 	800.0000000000
-6.50000000 7.00000000 	800.0000000000
-6.50000000 7.50000000 	800.0000000000
-6.50000000 8.00000000 	800.0000000000
-6.00000000 -12.00000000 	792.7300134565
-6.00000000 -11.50000000 	793.4596239367
-6.00000000 -11.00000000 	797.8210643506
-6.00000000 -10.50000000 	799.3429429558
-6.00000000 -10.00000000 	800.0000000000
-6.00000000 -9.50000000 	800.0000000000
-6.00000000 -9.00000000 	800.0000000000
-6.00000000 -8.50000000 	800.0000000000
-6.00000000 -8.00000000 	800.0000000000
-6.00000000 -7.50000000 	800.0000000000
-6.00000000 -7.00000000 	800.0000000000
-6.00000000 -6.50000000 	800.0000000000
-6.00000000 -6.00000000 	800.0000000000
-6.00000000 -5.50000000 	800.0000000000
-6.00000000 -5.00000000 	800.0000000000
-6.00000000 -4.50000000 	800.0000000000
-6.00000000 -4.00000000 	800.0000000000
-6.00000000 -3.50000000 	800.0000000000
-6.00000000 -3.00000000 	800.0000000000
-6.00000000 -2.50000000 	800.0000000000
-6.00000000 -2.00000000 	800.0000000000
-6.00000000 -1.50000000 	800.0000000000
-6.00000000 -1.00000000 	800.0000000000
-6.00000000 -0.50000000 	800.0000000000
-6.00000000 0.00000000 	800.0000000000
-6.00000000 0.50000000 	800.0000000000
-6.00000000 1.00000000 	800.0000000000
-6.00000000 1.50000000 	800.0000000000
-6.00000000 2.00000000 	800.0000000000
-6.00000000 2.50000000 	800.0000000000
-6.00000000 3.00000000 	800.0000000000
-6.00000000 3.50000000 	800.0000000000
-6.00000000 4.00000000 	800.0000000000
-6.00000000 4.50000000 	800.0000000000
-6.00000000 5.00000000 	800.0000000000
-6.00000000 5.50000000 	800.0000000000
-6.00000000 6.00000000 	800.0000000000
-6.00000000 6.50000000 	800.0000000000
-6.00000000 7.00000000 	800.0000000000
-6.00000000 7.50000000 	800.0000000000
-6.00000000 8.00000000 	800.0000000000
-5.50000000 -12.00000000 	773.3022968203
-5.50000000 -11.50000000 	775.0970930438
-5.50000000 -11.00000000 	784.6333853988
-5.50000000 -10.50000000 	792.1639976664
-5.50000000 -10.00000000 	797.8210643506
-5.50000000 -9.50000000 	799.3429429558
-5.50000000 -9.00000000 	800.0000000000
-5.50000000 -8.50000000 	800.0000000000
-5.50000000 -8.00000000 	800.0000000000
-5.50000000 -7.50000000 	800.0000000000
-5.50000000 -7.00000000 	800.0000000000
-5.50000000 -6.50000000 	800.0000000000
-5.50000000 -6.00000000 	800.0000000000
-5.50000000 -5.50000000 	800.0000000000
-5.50000000 -5.00000000 	800.0000000000
-5.50000000 -4.50000000 	800.0000000000
-5.50000000 -4.00000000 	800.0000000000
-5.50000000 -3.50000000 	800.0000000000
-5.50000000 -3.00000000 	800.0000000000
-5.50000000 -2.50000000 	800.0000000000
-5.50000000 -2.00000000 	800.0000000000
-5.50000000 -1.50000000 	800.0000000000
-5.50000000 -1.00000000 	800.0000000000
-5.50000000 -0.50000000 	800.0000000000
-5.50000000 0.00000000 	800.0000000000
-5.50000000 0.50000000 	800.0000000000
-5.50000000 1.00000000 	800.0000000000
-5.50000000 1.50000000 	800.0000000000
-5.50000000 2.00000000 	800.0000000000
-5.50000000 2.50000000 	800.0000000000
-5.50000000 3.00000000 	800.0000000000
-5.50000000 3.50000000 	800.0000000000
-5.50000000 4.00000000 	800.0000000000
-5.50000000 4.50000000 	800.0000000000
-5.50000000 5.00000000 	800.0000000000
-5.50000000 5.50000000 	800.0000000000
-5.50000000 6.00000000 	800.0000000000
-5.50000000 6.50000000 	800.0000000000
-5.50000000 7.00000000 	800.0000000000
-5.50000000 7.50000000 	800.0000000000
-5.50000000 8.00000000 	800.0000000000
-5.00000000 -12.00000000 	770.3789416623
-5.00000000 -11.50000000 	764.9528916112
-5.00000000 -11.00000000 	764.9484510704
-5.00000000 -10.50000000 	772.2308462764
-5.00000000 -10.00000000 	784.2639070101
-5.00000000 -9.50000000 	792.1639976664
-5.00000000 -9.00000000 	797.8210643506
-5.00000000 -8.50000000 	799.3429429558
-5.00000000 -8.00000000 	800.0000000000
-5.00000000 -7.50000000 	800.0000000000
-5.00000000 -7.00000000 	800.0000000000
-5.00000000 -6.50000000 	800.0000000000
-5.00000000 -6.00000000 	800.0000000000
-5.00000000 -5.50000000 	800.0000000000
-5.00000000 -5.00000000 	800.0000000000
-5.00000000 -4.50000000 	800.0000000000
-5.00000000 -4.00000000 	800.0000000000
-5.00000000 -3.50000000 	800.0000000000
-5.00000000 -3.00000000 	800.0000000000
-5.00000000 -2.50000000 	800.0000000000
-5.00000000 -2.00000000 	800.0000000000
-5.00000000 -1.50000000 	800.0000000000
-5.00000000 -1.00000000 	800.0000000000
-5.00000000 -0.50000000 	800.0000000000
-5.00000000 0.00000000 	800.0000000000
-5.00000000 0.50000000 	800.0000000000
-5.00000000 1.00000000 	800.0000000000
-5.00000000 1.50000000 	800.0000000000
-5.00000000 2.00000000 	800.0000000000
-5.00000000 2.50000000 	800.0000000000
-5.00000000 3.00000000 	800.0000000000
-5.00000000 3.50000000 	800.0000000000
-5.00000000 4.00000000 	800.0000000000
-5.00000000 4.50000000 	800.0000000000
-5.00000000 5.00000000 	800.0000000000
-5.00000000 5.50000000 	800.0000000000
-5.00000000 6.00000000 	800.0000000000
-5.00000000 6.50000000 	800.0000000000
-5.00000000 7.00000000 	800.0000000000
-5.00000000 7.50000000 	800.0000000000
-5.00000000 8.00000000 	800.0000000000
-4.50000000 -12.00000000 	791.4344255621
-4.50000000 -11.50000000 	784.2639070101
-4.50000000 -11.00000000 	772.2308462764
-4.50000000 -10.50000000 	764.9484510704
-4.50000000 -10.00000000 	764.9484510704
-4.50000000 -9.50000000 	772.2308462764
-4.50000000 -9.00000000 	784.2639070101
-4.50000000 -8.50000000 	792.1639976664
-4.50000000 -8.00000000 	797.8210643506
-4.50000000 -7.50000000 	799.3429429558
-4.50000000 -7.00000000 	800.0000000000
-4.50000000 -6.50000000 	800.0000000000
-4.50000000 -6.00000000 	800.0000000000
-4.50000000 -5.50000000 	800.0000000000
-4.50000000 -5.00000000 	800.0000000000
-4.50000000 -4.50000000 	800.0000000000
-4.50000000 -4.00000000 	800.0000000000
-4.50000000 -3.50000000 	800.0000000000
-4.50000000 -3.00000000 	800.0000000000
-4.50000000 -2.50000000 	800.0000000000
-4.50000000 -2.00000000 	800.0000000000
-4.50000000 -1.50000000 	800.0000000000
-4.50000000 -1.00000000 	800.0000000000
-4.50000000 -0.50000000 	800.0000000000
-4.50000000 0.00000000 	800.0000000000
-4.50000000 0.50000000 	800.0000000000
-4.50000000 1.00000000 	800.0000000000
-4.50000000 1.50000000 	800.0000000000
-4.50000000 2.00000000 	800.0000000000
-4.50000000 2.50000000 	800.0000000000
-4.50000000 3.00000000 	800.0000000000
-4.50000000 3.50000000 	800.0000000000
-4.50000000 4.00000000 	800.0000000000
-4.50000000 4.50000000 	800.0000000000
-4.50000000 5.00000000 	800.0000000000
-4.50000000 5.50000000 	800.0000000000
-4.50000000 6.00000000 	800.0000000000
-4.50000000 6.50000000 	800.0000000000
-4.50000000 7.00000000 	800.0000000000
-4.50000000 7.50000000 	800.0000000000
-4.50000000 8.00000000 	800.0000000000
-4.00000000 -12.00000000 	799.3429429558
-4.00000000 -11.50000000 	797.8210643506
-4.00000000 -11.00000000 	792.1639976664
-4.00000000 -10.50000000 	784.2639070101
-4.00000000 -10.00000000 	772.2308462764
-4.00000000 -9.50000000 	764.9484510704
-4.00000000 -9.00000000 	764.9484510704
-4.00000000 -8.50000000 	772.2308462764
-4.00000000 -8.00000000 	784.2639070101
-4.00000000 -7.50000000 	792.1639976664
-4.00000000 -7.00000000 	797.8210643506
-4.00000000 -6.50000000 	799.3429429558
-4.00000000 -6.00000000 	800.0000000000
-4.00000000 -5.50000000 	800.0000000000
-4.00000000 -5.00000000 	800.0000000000
-4.00000000 -4.50000000 	800.0000000000
-4.00000000 -4.00000000 	800.0000000000
-4.00000000 -3.50000000 	800.0000000000
-4.00000000 -3.00000000 	800.0000000000
-4.00000000 -2.50000000 	800.0000000000
-4.00000000 -2.00000000 	800.0000000000
-4.00000000 -1.50000000 	800.0000000000
-4.00000000 -1.00000000 	800.0000000000
-4.00000000 -0.50000000 	800.0000000000
-4.00000000 0.00000000 	800.0000000000
-4.00000000 0.50000000 	800.0000000000
-4.00000000 1.00000000 	800.0000000000
-4.00000000 1.50000000 	800.0000000000
-4.00000000 2.00000000 	800.0000000000
-4.00000000 2.50000000 	800.0000000000
-4.00000000 3.00000000 	800.0000000000
-4.00000000 3.50000000 	800.0000000000
-4.00000000 4.00000000 	800.0000000000
-4.00000000 4.50000000 	800.0000000000
-4.00000000 5.00000000 	800.0000000000
-4.00000000 5.50000000 	800.0000000000
-4.00000000 6.00000000 	800.0000000000
-4.00000000 6.50000000 	800.0000000000
-4.00000000 7.00000000 	800.0000000000
-4.00000000 7.50000000 	800.0000000000
-4.00000000 8.00000000 	800.0000000000
-3.50000000 -12.00000000 	800.0000000000
-3.50000000 -11.50000000 	800.0000000000
-3.50000000 -11.00000000 	799.3429429558
-3.50000000 -10.50000000 	797.8210643506
-3.50000000 -10.00000000 	792.1639976664
-3.50000000 -9.50000000 	784.2639070101
-3.50000000 -9.00000000 	772.2308462764
-3.50000000 -8.50000000 	764.9484510704
-3.50000000 -8.00000000 	764.9484510704
-3.50000000 -7.50000000 	772.2308462764
-3.50000000 -7.00000000 	784.2639070101
-3.50000000 -6.50000000 	792.1639976664
-3.50000000 -6.00000000 	797.8210643506
-3.50000000 -5.50000000 	799.3429429558
-3.50000000 -5.00000000 	800.0000000000
-3.50000000 -4.50000000 	800.0000000000
-3.50000000 -4.00000000 	800.0000000000
-3.50000000 -3.50000000 	800.0000000000
-3.50000000 -3.00000000 	800.0000000000
-3.50000000 -2.50000000 	800.0000000000
-3.50000000 -2.00000000 	800.0000000000
-3.50000000 -1.50000000 	800.0000000000
-3.50000000 -1.00000000 	800.0000000000
-3.50000000 -0.50000000 	800.0000000000
-3.50000000 0.00000000 	800.0000000000
-3.50000000 0.50000000 	800.0000000000
-3.50000000 1.00000000 	800.0000000000
-3.50000000 1.50000000 	800.0000000000
-3.50000000 2.00000000 	800.0000000000
-3.50000000 2.50000000 	800.0000000000
-3.50000000 3.00000000 	800.0000000000
-3.50000000 3.50000000 	800.0000000000
-3.50000000 4.00000000 	800.0000000000
-3.50000000 4.50000000 	800.0000000000
-3.50000000 5.00000000 	800.0000000000
-3.50000000 5.50000000 	800.0000000000
-3.50000000 6.00000000 	800.0000000000
-3.50000000 6.50000000 	800.0000000000
-3.50000000 7.00000000 	800.0000000000
-3.50000000 7.50000000 	800.0000000000
-3.50000000 8.00000000 	800.0000000000
-3.00000000 -12.00000000 	800.0000000000
-3.00000000 -11.50000000 	800.0000000000
-3.00000000 -11.00000000 	800.0000000000
-3.00000000 -10.50000000 	800.0000000000
-3.00000000 -10.00000000 	799.3429429558
-3.00000000 -9.50000000 	797.8210643506
-3.00000000 -9.00000000 	792.1639976664
-3.00000000 -8.50000000 	784.2639070101
-3.00000000 -8.00000000 	772.2308462764
-3.00000000 -7.50000000 	764.9484510704
-3.00000000 -7.00000000 	764.9484510704
-3.00000000 -6.50000000 	772.2308462764
-3.00000000 -6.00000000 	784.2639070101
-3.00000000 -5.50000000 	792.1639976664
-3.00000000 -5.00000000 	797.8210643506
-3.00000000 -4.50000000 	799.3429429558
-3.00000000 -4.00000000 	800.0000000000
-3.00000000 -3.50000000 	800.0000000000
-3.00000000 -3.00000000 	800.0000000000
-3.00000000 -2.50000000 	800.0000000000
-3.00000000 -2.00000000 	800.0000000000
-3.00000000 -1.50000000 	800.0000000000
-3.00000000 -1.00000000 	800.0000000000
-3.00000000 -0.50000000 	800.0000000000
-3.00000000 0.00000000 	800.0000000000
-3.00000000 0.50000000 	800.0000000000
-3.00000000 1.00000000 	800.0000000000
-3.00000000 1.50000000 	800.0000000000
-3.00000000 2.00000000 	800.0000000000
-3.00000000 2.50000000 	800.0000000000
-3.00000000 3.00000000 	800.0000000000
-3.00000000 3.50000000 	800.0000000000
-3.00000000 4.00000000 	800.0000000000
-3.00000000 4.50000000 	800.0000000000
-3.00000000 5.00000000 	800.0000000000
-3.00000000 5.50000000 	800.0000000000
-3.00000000 6.00000000 	800.0000000000
-3.00000000 6.50000000 	800.0000000000
-3.00000000 7.00000000 	800.0000000000
-3.00000000 7.50000000 	800.0000000000
-3.00000000 8.00000000 	800.0000000000
-2.50000000 -12.00000000 	800.0000000000
-2.50000000 -11.50000000 	800.0000000000
-2.50000000 -11.00000000 	800.0000000000
-2.50000000 -10.50000000 	800.0000000000
-2.50000000 -10.00000000 	800.0000000000
-2.50000000 -9.50000000 	800.0000000000
-2.50000000 -9.00000000 	799.3429429558
-2.50000000 -8.50000000 	797.8210643506
-2.50000000 -8.00000000 	792.1639976664
-2.50000000 -7.50000000 	784.2639070101
-2.50000000 -7.00000000 	772.2308462764
-2.50000000 -6.50000000 	764.9484510704
-2.50000000 -6.00000000 	764.9484510704
-2.50000000 -5.50000000 	772.2308462764
-2.50000000 -5.00000000 	784.2639070101
-2.50000000 -4.50000000 	792.1639976664
-2.50000000 -4.00000000 	797.8210643506
-2.50000000 -3.50000000 	799.3429429558
-2.50000000 -3.00000000 	800.0000000000
-2.50000000 -2.50000000 	800.0000000000
-2.50000000 -2.00000000 	800.0000000000
-2.50000000 -1.50000000 	800.0000000000
-2.50000000 -1.00000000 	800.0000000000
-2.50000000 -0.50000000 	800.0000000000
-2.50000000 0.00000000 	800.0000000000
-2.50000000 0.50000000 	800.0000000000
-2.50000000 1.00000000 	800.0000000000
-2.50000000 1.50000000 	800.0000000000
-2.50000000 2.00000000 	800.0000000000
-2.50000000 2.50000000 	800.0000000000
-2.50000000 3.00000000 	800.0000000000
-2.50000000 3.50000000 	800.0000000000
-2.50000000 4.00000000 	800.0000000000
-2.50000000 4.50000000 	800.0000000000
-2.50000000 5.00000000 	800.0000000000
-2.50000000 5.50000000 	800.0000000000
-2.50000000 6.00000000 	800.0000000000
-2.50000000 6.50000000 	800.0000000000
-2.50000000 7.00000000 	800.0000000000
-2.50000000 7.50000000 	800.0000000000
-2.50000000 8.00000000 	800.0000000000
-2.00000000 -12.00000000 	800.0000000000
-2.00000000 -11.50000000 	800.0000000000
-2.00000000 -11.00000000 	800.0000000000
-2.00000000 -10.50000000 	800.0000000000
-2.00000000 -10.00000000 	800.0000000000
-2.00000000 -9.50000000 	800.0000000000
-2.00000000 -9.00000000 	800.0000000000
-2.00000000 -8.50000000 	800.0000000000
-2.00000000 -8.00000000 	799.3429429558
-2.00000000 -7.50000000 	797.8210643506
-2.00000000 -7.00000000 	792.1639976664
-2.00000000 -6.50000000 	784.2639070101
-2.00000000 -6.00000000 	772.2308462764
-2.00000000 -5.50000000 	764.9484510704
-2.00000000 -5.00000000 	764.9484510704
-2.00000000 -4.50000000 	772.2308462764
-2.00000000 -4.00000000 	784.2639070101
-2.00000000 -3.50000000 	792.1639976664
-2.00000000 -3.00000000 	797.8210643506
-2.00000000 -2.50000000 	799.3429429558
-2.00000000 -2.00000000 	800.0000000000
-2.00000000 -1.50000000 	800.0000000000
-2.00000000 -1.00000000 	800.0000000000
-2.00000000 -0.50000000 	800.0000000000
-2.00000000 0.00000000 	800.0000000000
-2.00000000 0.50000000 	800.0000000000
-2.00000000 1.00000000 	800.0000000000
-2.00000000 1.50000000 	800.0000000000
-2.00000000 2.00000000 	800.0000000000
-2.00000000 2.50000000 	800.0000000000
-2.00000000 3.00000000 	800.0000000000
-2.00000000 3.50000000 	800.0000000000
-2.00000000 4.00000000 	800.0000000000
-2.00000000 4.50000000 	800.0000000000
-2.00000000 5.00000000 	800.0000000000
-2.00000000 5.50000000 	800.0000000000
-2.00000000 6.00000000 	800.0000000000
-2.00000000 6.50000000 	800.0000000000
-2.00000000 7.00000000 	800.0000000000
-2.00000000 7.50000000 	800.0000000000
-2.00000000 8.00000000 	800.0000000000
-1.50000000 -12.00000000 	800.0000000000
-1.50000000 -11.50000000 	800.0000000000
-1.50000000 -11.00000000 	800.0000000000
-1.50000000 -10.50000000 	800.0000000000
-1.50000000 -10.00000000 	800.0000000000
-1.50000000 -9.50000000 	800.0000000000
-1.50000000 -9.00000000 	800.0000000000
-1.50000000 -8.50000000 	800.0000000000
-1.50000000 -8.00000000 	800.0000000000
-1.50000000 -7.50000000 	800.0000000000
-1.50000000 -7.00000000 	799.3429429558
-1.50000000 -6.50000000 	797.8210643506
-1.50000000 -6.00000000 	792.1639976664
-1.50000000 -5.50000000 	784.2639070101
-1.50000000 -5.00000000 	772.2308462764
-1.50000000 -4.50000000 	764.9484510704
-1.50000000 -4.00000000 	764.9484510704
-1.50000000 -3.50000000 	772.2308462764
-1.50000000 -3.00000000 	784.2639070101
-1.50000000 -2.50000000 	792.1639976664
-1.50000000 -2.00000000 	797.8210643506
-1.50000000 -1.50000000 	799.3429429558
-1.50000000 -1.00000000 	800.0000000000
-1.50000000 -0.50000000 	800.0000000000
-1.50000000 0.00000000 	800.0000000000
-1.50000000 0.50000000 	800.0000000000
-1.50000000 1.00000000 	800.0000000000
-1.50000000 1.50000000 	800.0000000000
-1.50000000 2.00000000 	800.0000000000
-1.50000000 2.50000000 	800.0000000000
-1.50000000 3.00000000 	800.0000000000
-1.50000000 3.50000000 	800.0000000000
-1.50000000 4.00000000 	800.0000000000
-1.50000000 4.50000000 	800.0000000000
-1.50000000 5.00000000 	800.0000000000
-1.50000000 5.50000000 	800.0000000000
-1.50000000 6.00000000 	800.0000000000
-1.50000000 6.50000000 	800.0000000000
-1.50000000 7.00000000 	800.0000000000
-1.50000000 7.50000000 	800.0000000000
-1.50000000 8.00000000 	800.0000000000
-1.00000000 -12.00000000 	800.0000000000
-1.00000000 -11.50000000 	800.0000000000
-1.00000000 -11.00000000 	800.0000000000
-1.00000000 -10.50000000 	800.0000000000
-1.00000000 -10.00000000 	800.0000000000
-1.00000000 -9.50000000 	800.0000000000
-1.00000000 -9.00000000 	800.0000000000
-1.00000000 -8.50000000 	800.0000000000
-1.00000000 -8.00000000 	800.0000000000
-1.00000000 -7.50000000 	800.0000000000
-1.00000000 -7.00000000 	800.0000000000
-1.00000000 -6.50000000 	800.0000000000
-1.00000000 -6.00000000 	799.3429429558
-1.00000000 -5.50000000 	797.8210643506
-1.00000000 -5.00000000 	792.1639976664
-1.00000000 -4.50000000 	784.2639070101
-1.00000000 -4.00000000 	772.2308462764
-1.00000000 -3.50000000 	764.9484510704
-1.00000000 -3.00000000 	764.9484510704
-1.00000000 -2.50000000 	772.2308462764
-1.00000000 -2.00000000 	784.2639070101
-1.00000000 -1.50000000 	792.1639976664
-1.00000000 -1.00000000 	797.8210643506
-1.00000000 -0.50000000 	799.3429429558
-1.00000000 0.00000000 	800.0000000000
-1.00000000 0.50000000 	800.0000000000
-1.00000000 1.00000000 	800.0000000000
-1.00000000 1.50000000 	800.0000000000
-1.00000000 2.00000000 	800.0000000000
-1.00000000 2.50000000 	800.0000000000
-1.00000000 3.00000000 	800.0000000000
-1.00000000 3.50000000 	800.0000000000
-1.00000000 4.00000000 	800.0000000000
-1.00000000 4.50000000 	800.0000000000
-1.00000000 5.00000000 	800.0000000000
-1.00000000 5.50000000 	800.0000000000
-1.00000000 6.00000000 	800.0000000000
-1.00000000 6.50000000 	800.0000000000
-1.00000000 7.00000000 	800.0000000000
-1.00000000 7.50000000 	800.0000000000
-1.00000000 8.00000000 	800.0000000000
-0.50000000 -12.00000000 	800.0000000000
-0.50000000 -11.50000000 	800.0000000000
-0.50000000 -11.00000000 	800.0000000000
-0.50000000 -10.50000000 	800.0000000000
-0.50000000 -10.00000000 	800.0000000000
-0.50000000 -9.50000000 	800.0000000000
-0.50000000 -9.00000000 	800.0000000000
-0.50000000 -8.50000000 	800.0000000000
-0.50000000 -8.00000000 	800.0000000000
-0.50000000 -7.50000000 	800.0000000000
-0.50000000 -7.00000000 	800.0000000000
-0.50000000 -6.50000000 	800.0000000000
-0.50000000 -6.00000000 	800.0000000000
-0.50000000 -5.50000000 	800.0000000000
-0.50000000 -5.00000000 	799.3429429558
-0.50000000 -4.50000000 	797.8210643506
-0.50000000 -4.00000000 	792.1639976664
-0.50000000 -3.50000000 	784.2639070101
-0.50000000 -3.00000000 	772.2308462764
-0.50000000 -2.50000000 	764.9484510704
-0.50000000 -2.00000000 	764.9484510704
-0.50000000 -1.50000000 	772.2308462764
-0.50000000 -1.00000000 	784.2639070101
-0.50000000 -0.50000000 	792.1639976664
-0.50000000 0.00000000 	797.8210643506
-0.50000000 0.50000000 	799.3429429558
-0.50000000 1.00000000 	800.0000000000
-0.50000000 1.50000000 	800.0000000000
-0.50000000 2.00000000 	800.0000000000
-0.50000000 2.50000000 	800.0000000000
-0.50000000 3.00000000 	800.0000000000
-0.50000000 3.50000000 	800.0000000000
-0.50000000 4.00000000 	800.0000000000
-0.50000000 4.50000000 	800.0000000000
-0.50000000 5.00000000 	800.0000000000
-0.50000000 5.50000000 	800.0000000000
-0.50000000 6.00000000 	800.0000000000
-0.50000000 6.50000000 	800.0000000000
-0.50000000 7.00000000 	800.0000000000
-0.50000000 7.50000000 	800.0000000000
-0.50000000 8.00000000 	800.0000000000
0.00000000 -12.00000000 	800.0000000000
0.00000000 -11.50000000 	800.0000000000
0.00000000 -11.00000000 	800.0000000000
0.00000000 -10.50000000 	800.0000000000
0.00000000 -10.00000000 	800.0000000000
0.00000000 -9.50000000 	800.0000000000
0.00000000 -9.00000000 	800.0000000000
0.00000000 -8.50000000 	800.0000000000
0.00000000 -8.00000000 	800.0000000000
0.00000000 -7.50000000 	800.0000000000
0.00000000 -7.00000000 	800.0000000000
0.00000000 -6.50000000 	800.0000000000
0.00000000 -6.00000000 	800.0000000000
0.00000000 -5.50000000 	800.0000000000
0.00000000 -5.00000000 	800.0000000000
0.00000000 -4.50000000 	800.0000000000
0.00000000 -4.00000000 	799.3429429558
0.00000000 -3.50000000 	797.8210643506
0.00000000 -3.00000000 	792.1639976664
0.00000000 -2.50000000 	784.2639070101
0.00000000 -2.00000000 	772.2308462764
0.00000000 -1.50000000 	764.9484510704
0.00000000 -1.00000000 	764.9484510704
0.00000000 -0.50000000 	772.2308462764
0.00000000 0.00000000 	784.2639070101
0.00000000 0.50000000 	792.1639976664
0.00000000 1.00000000 	797.8210643506
0.00000000 1.50000000 	799.3429429558
0.00000000 2.00000000 	800.0000000000
0.00000000 2.50000000 	800.0000000000
0.00000000 3.00000000 	800.0000000000
0.00000000 3.50000000 	800.0000000000
0.00000000 4.00000000 	800.0000000000
0.00000000 4.50000000 	800.0000000000
0.00000000 5.00000000 	800.0000000000
0.00000000 5.50000000 	800.0000000000
0.00000000 6.00000000 	800.0000000000
0.00000000 6.50000000 	800.0000000000
0.00000000 7.00000000 	800.0000000000
0.00000000 7.50000000 	800.0000000000
0.00000000 8.00000000 	800.0000000000
0.50000000 -12.00000000 	800.0000000000
0.50000000 -11.50000000 	800.0000000000
0.50000000 -11.00000000 	800.0000000000
0.50000000 -10.50000000 	800.0000000000
0.50000000 -10.00000000 	800.0000000000
0.50000000 -9.50000000 	800.0000000000
0.50000000 -9.00000000 	800.0000000000
0.50000000 -8.50000000 	800.0000000000
0.50000000 -8.00000000 	800.0000000000
0.50000000 -7.50000000 	800.0000000000
0.50000000 -7.00000000 	800.0000000000
0.50000000 -6.50000000 	800.0000000000
0.50000000 -6.00000000 	800.0000000000
0.50000000 -5.50000000 	800.0000000000
0.50000000 -5.00000000 	800.0000000000
0.50000000 -4.50000000 	800.0000000000
0.50000000 -4.00000000 	800.0000000000
0.50000000 -3.50000000 	800.0000000000
0.50000000 -3.00000000 	799.3429429558
0.50000000 -2.50000000 	797.8210643506
0.50000000 -2.00000000 	792.1639976664
0.50000000 -1.50000000 	784.2639070101
0.50000000 -1.00000000 	772.2308462764
0.50000000 -0.50000000 	764.9484510704
0.50000000 0.00000000 	764.9484510704
0.50000000 0.50000000 	772.2308462764
0.50000000 1.00000000 	784.2639070101
0.50000000 1.50000000 	792.1639976664
0.50000000 2.00000000 	797.8210643506
0.50000000 2.50000000 	799.3429429558
0.50000000 3.00000000 	800.0000000000
0.50000000 3.50000000 	800.0000000000
0.50000000 4.00000000 	800.0000000000
0.50000000 4.50000000 	800.0000000000
0.50000000 5.00000000 	800.0000000000
0.50000000 5.50000000 	800.0000000000
0.50000000 6.00000000 	800.0000000000
0.50000000 6.50000000 	800.0000000000
0.50000000 7.00000000 	800.0000000000
0.50000000 7.50000000 	800.0000000000
0.50000000 8.00000000 	800.0000000000
1.00000000 -12.00000000 	800.0000000000
1.00000000 -11.50000000 	800.0000000000
1.00000000 -11.00000000 	800.0000000000
1.00000000 -10.50000000 	800.0000000000
1.00000000 -10.00000000 	800.0000000000
1.00000000 -9.50000000 	800.0000000000
1.00000000 -9.00000000 	800.0000000000
1.00000000 -8.50000000 	800.0000000000
1.00000000 -8.00000000 	800.0000000000
1.00000000 -7.50000000 	800.0000000000
1.00000000 -7.00000000 	800.0000000000
1.00000000 -6.50000000 	800.0000000000
1.00000000 -6.00000000 	800.0000000000
1.00000000 -5.50000000 	800.0000000000
1.00000000 -5.00000000 	800.0000000000
1.00000000 -4.50000000 	800.0000000000
1.00000000 -4.00000000 	800.0000000000
1.00000000 -3.50000000 	800.0000000000
1.00000000 -3.00000000 	800.0000000000
1.00000000 -2.50000000 	800.0000000000
1.00000000 -2.00000000 	799.3429429558
1.00000000 -1.50000000 	797.8210643506
1.00000000 -1.00000000 	792.1639976664
1.00000000 -0.50000000 	784.2639070101
1.00000000 0.00000000 	772.2308462764
1.00000000 0.50000000 	764.9484510704
1.00000000 1.00000000 	764.9484510704
1.00000000 1.50000000 	772.2308462764
1.00000000 2.00000000 	784.2639070101
1.00000000 2.50000000 	792.1639976664
1.00000000 3.00000000 	798.4737091231
1.00000000 3.50000000 	800.0000000000
1.00000000 4.00000000 	800.0000000000
1.00000000 4.50000000 	800.0000000000
1.00000000 5.00000000 	800.0000000000
1.00000000 5.50000000 	800.0000000000
1.00000000 6.00000000 	800.0000000000
1.00000000 6.50000000 	800.0000000000
1.00000000 7.00000000 	800.0000000000
1.00000000 7.50000000 	800.0000000000
1.00000000 8.00000000 	800.0000000000
1.50000000 -12.00000000 	800.0000000000
1.50000000 -11.50000000 	800.0000000000
1.50000000 -11.00000000 	800.0000000000
1.50000000 -10.50000000 	800.0000000000
1.50000000 -10.00000000 	800.0000000000
1.50000000 -9.50000000 	800.0000000000
1.50000000 -9.00000000 	800.0000000000
1.50000000 -8.50000000 	800.0000000000
1.50000000 -8.00000000 	800.0000000000
1.50000000 -7.50000000 	800.0000000000
1.50000000 -7.00000000 	800.0000000000
1.50000000 -6.50000000 	800.0000000000
1.50000000 -6.00000000 	800.0000000000
1.50000000 -5.50000000 	800.0000000000
1.50000000 -5.00000000 	800.0000000000
1.50000000 -4.50000000 	800.0000000000
1.50000000 -4.00000000 	800.0000000000
1.50000000 -3.50000000 	800.0000000000
1.50000000 -3.00000000 	800.0000000000
1.50000000 -2.50000000 	800.0000000000
1.50000000 -2.00000000 	800.0000000000
1.50000000 -1.50000000 	800.0000000000
1.50000000 -1.00000000 	799.3429429558
1.50000000 -0.50000000 	797.8210643506
1.50000000 0.00000000 	792.1639976664
1.50000000 0.50000000 	784.2639070101
1.50000000 1.00000000 	772.2308462764
1.50000000 1.50000000 	764.9484510704
1.50000000 2.00000000 	765.0542956662
1.50000000 2.50000000 	773.0683103232
1.50000000 3.00000000 	789.9949495942
1.50000000 3.50000000 	798.6985395426
1.50000000 4.00000000 	800.0000000000
1.50000000 4.50000000 	800.0000000000
1.50000000 5.00000000 	800.0000000000
1.50000000 5.50000000 	800.0000000000
1.50000000 6.00000000 	800.0000000000
1.50000000 6.50000000 	800.0000000000
1.50000000 7.00000000 	800.0000000000
1.50000000 7.50000000 	800.0000000000
1.50000000 8.00000000 	800.0000000000
2.00000000 -12.00000000 	800.0000000000
2.00000000 -11.50000000 	800.0000000000
2.00000000 -11.00000000 	800.0000000000
2.00000000 -10.50000000 	800.0000000000
2.00000000 -10.00000000 	800.0000000000
2.00000000 -9.50000000 	800.0000000000
2.00000000 -9.00000000 	800.0000000000
2.00000000 -8.50000000 	800.0000000000
2.00000000 -8.00000000 	800.0000000000
2.00000000 -7.50000000 	800.0000000000
2.00000000 -7.00000000 	800.0000000000
2.00000000 -6.50000000 	800.0000000000
2.00000000 -6.00000000 	800.0000000000
2.00000000 -5.50000000 	800.0000000000
2.00000000 -5.00000000 	800.0000000000
2.00000000 -4.50000000 	800.0000000000
2.00000000 -4.00000000 	800.0000000000
2.00000000 -3.50000000 	800.0000000000
2.00000000 -3.00000000 	800.0000000000
2.00000000 -2.50000000 	800.0000000000
2.00000000 -2.00000000 	800.0000000000
2.00000000 -1.50000000 	800.0000000000
2.00000000 -1.00000000 	800.0000000000
2.00000000 -0.50000000 	800.0000000000
2.00000000 0.00000000 	799.3429429558
2.00000000 0.50000000 	797.8210643506
2.00000000 1.00000000 	792.0682673683
2.00000000 1.50000000 	783.9288403836
2.00000000 2.00000000 	772.1447653351
2.00000000 2.50000000 	767.8989145413
2.00000000 3.00000000 	782.2864551063
2.00000000 3.50000000 	795.8264949721
2.00000000 4.00000000 	799.6283163006
2.00000000 4.50000000 	800.0000000000
2.00000000 5.00000000 	800.0000000000
2.00000000 5.50000000 	800.0000000000
2.00000000 6.00000000 	800.0000000000
2.00000000 6.50000000 	800.0000000000
2.00000000 7.00000000 	800.0000000000
2.00000000 7.50000000 	800.0000000000
2.00000000 8.00000000 	800.0000000000
