-8.00000000 -12.00000000 	5.0926575632e+08
-8.00000000 -11.50000000 	5.0926575632e+08
-8.00000000 -11.00000000 	5.0926575632e+08
-8.00000000 -10.50000000 	5.0926575632e+08
-8.00000000 -10.00000000 	5.0867671597e+08
-8.00000000 -9.50000000 	5.0643467232e+08
-8.00000000 -9.00000000 	4.9970486899e+08
-8.00000000 -8.50000000 	4.9132521886e+08
-8.00000000 -8.00000000 	4.8627822807e+08
-8.00000000 -7.50000000 	4.8490218264e+08
-8.00000000 -7.00000000 	4.9664458932e+08
-8.00000000 -6.50000000 	5.0034578978e+08
-8.00000000 -6.00000000 	5.0926575632e+08
-8.00000000 -5.50000000 	5.0926575632e+08
-8.00000000 -5.00000000 	5.0926575632e+08
-8.00000000 -4.50000000 	5.0926575632e+08
-8.00000000 -4.00000000 	5.0926575632e+08
-8.00000000 -3.50000000 	5.0926575632e+08
-8.00000000 -3.00000000 	5.0926575632e+08
-8.00000000 -2.50000000 	5.0926575632e+08
-8.00000000 -2.00000000 	5.0926575632e+08
-8.00000000 -1.50000000 	5.0926575632e+08
-8.00000000 -1.00000000 	5.0926575632e+08
-8.00000000 -0.50000000 	5.0926575632e+08
-8.00000000 0.00000000 	5.0926575632e+08
-8.00000000 0.50000000 	5.0926575632e+08
-8.00000000 1.00000000 	5.0926575632e+08
-8.00000000 1.50000000 	5.0926575632e+08
-8.00000000 2.00000000 	5.0926575632e+08
-8.00000000 2.50000000 	5.0926575632e+08
-8.00000000 3.00000000 	5.0926575632e+08
-8.00000000 3.50000000 	5.0926575632e+08
-8.00000000 4.00000000 	5.0926575632e+08
-8.00000000 4.50000000 	5.0926575632e+08
-8.00000000 5.00000000 	5.0926575632e+08
-8.00000000 5.50000000 	5.0926575632e+08
-8.00000000 6.00000000 	5.0926575632e+08
-8.00000000 6.50000000 	5.0926575632e+08
-8.00000000 7.00000000 	5.0926575632e+08
-8.00000000 7.50000000 	5.0926575632e+08
-8.00000000 8.00000000 	5.0926575632e+08
-7.50000000 -12.00000000 	5.0926575632e+08
-7.50000000 -11.50000000 	5.0926575632e+08
-7.50000000 -11.00000000 	5.0926575632e+08
-7.50000000 -10.50000000 	5.0926575632e+08
-7.50000000 -10.00000000 	5.0926575632e+08
-7.50000000 -9.50000000 	5.0643467232e+08
-7.50000000 -9.00000000 	5.0314100003e+08
-7.50000000 -8.50000000 	4.9132521886e+08
-7.50000000 -8.00000000 	4.8617350795e+08
-7.50000000 -7.50000000 	4.8490218264e+08
-7.50000000 -7.00000000 	4.8493707598e+08
-7.50000000 -6.50000000 	5.0034578978e+08
-7.50000000 -6.00000000 	5.0034578978e+08
-7.50000000 -5.50000000 	5.0926575632e+08
-7.50000000 -5.00000000 	5.0926575632e+08
-7.50000000 -4.50000000 	5.0926575632e+08
-7.50000000 -4.00000000 	5.0926575632e+08
-7.50000000 -3.50000000 	5.0926575632e+08
-7.50000000 -3.00000000 	5.0926575632e+08
-7.50000000 -2.50000000 	5.0926575632e+08
-7.50000000 -2.00000000 	5.0926575632e+08
-7.50000000 -1.50000000 	5.0926575632e+08
-7.50000000 -1.00000000 	5.0926575632e+08
-7.50000000 -0.50000000 	5.0926575632e+08
-7.50000000 0.00000000 	5.0926575632e+08
-7.50000000 0.50000000 	5.0926575632e+08
-7.50000000 1.00000000 	5.0926575632e+08
-7.50000000 1.50000000 	5.0926575632e+08
-7.50000000 2.00000000 	5.0926575632e+08
-7.50000000 2.50000000 	5.0926575632e+08
-7.50000000 3.00000000 	5.0926575632e+08
-7.50000000 3.50000000 	5.0926575632e+08
-7.50000000 4.00000000 	5.0926575632e+08
-7.50000000 4.50000000 	5.0926575632e+08
-7.50000000 5.00000000 	5.0926575632e+08
-7.50000000 5.50000000 	5.0926575632e+08
-7.50000000 6.00000000 	5.0926575632e+08
-7.50000000 6.50000000 	5.0926575632e+08
-7.50000000 7.00000000 	5.0926575632e+08
-7.50000000 7.50000000 	5.0926575632e+08
-7.50000000 8.00000000 	5.0926575632e+08
-7.00000000 -12.00000000 	5.0926575632e+08
-7.00000000 -11.50000000 	5.0926575632e+08
-7.00000000 -11.00000000 	5.0926575632e+08
-7.00000000 -10.50000000 	5.0926575632e+08
-7.00000000 -10.00000000 	5.0926575632e+08
-7.00000000 -9.50000000 	5.0926575632e+08
-7.00000000 -9.00000000 	5.0314100003e+08
-7.00000000 -8.50000000 	5.0092305693e+08
-7.00000000 -8.00000000 	4.8617350795e+08
-7.00000000 -7.50000000 	4.8493707598e+08
-7.00000000 -7.00000000 	4.8493707598e+08
-7.00000000 -6.50000000 	4.8493707598e+08
-7.00000000 -6.00000000 	5.0034578978e+08
-7.00000000 -5.50000000 	5.0034578978e+08
-7.00000000 -5.00000000 	5.0926575632e+08
-7.00000000 -4.50000000 	5.0926575632e+08
-7.00000000 -4.00000000 	5.0926575632e+08
-7.00000000 -3.50000000 	5.0926575632e+08
-7.00000000 -3.00000000 	5.0926575632e+08
-7.00000000 -2.50000000 	5.0926575632e+08
-7.00000000 -2.00000000 	5.0926575632e+08
-7.00000000 -1.50000000 	5.0926575632e+08
-7.00000000 -1.00000000 	5.0926575632e+08
-7.00000000 -0.50000000 	5.0926575632e+08
-7.00000000 0.00000000 	5.0926575632e+08
-7.00000000 0.50000000 	5.0926575632e+08
-7.00000000 1.00000000 	5.0926575632e+08
-7.00000000 1.50000000 	5.0926575632e+08
-7.00000000 2.00000000 	5.0926575632e+08
-7.00000000 2.50000000 	5.0926575632e+08
-7.00000000 3.00000000 	5.0926575632e+08
-7.00000000 3.50000000 	5.0926575632e+08
-7.00000000 4.00000000 	5.0926575632e+08
-7.00000000 4.50000000 	5.0926575632e+08
-7.00000000 5.00000000 	5.0926575632e+08
-7.00000000 5.50000000 	5.0926575632e+08
-7.00000000 6.00000000 	5.0926575632e+08
-7.00000000 6.50000000 	5.0926575632e+08
-7.00000000 7.00000000 	5.0926575632e+08
-7.00000000 7.50000000 	5.0926575632e+08
-7.00000000 8.00000000 	5.0926575632e+08
-6.50000000 -12.00000000 	5.0926575632e+08
-6.50000000 -11.50000000 	5.0926575632e+08
-6.50000000 -11.00000000 	5.0926575632e+08
-6.50000000 -10.50000000 	5.0926575632e+08
-6.50000000 -10.00000000 	5.0926575632e+08
-6.50000000 -9.50000000 	5.0926575632e+08
-6.50000000 -9.00000000 	5.0926575632e+08
-6.50000000 -8.50000000 	5.0092305693e+08
-6.50000000 -8.00000000 	5.0034578978e+08
-6.50000000 -7.50000000 	4.8493707598e+08
-6.50000000 -7.00000000 	4.8493707598e+08
-6.50000000 -6.50000000 	4.8493707598e+08
-6.50000000 -6.00000000 	4.8493707598e+08
-6.50000000 -5.50000000 	5.0034578978e+08
-6.50000000 -5.00000000 	5.0034578978e+08
-6.50000000 -4.50000000 	5.0926575632e+08
-6.50000000 -4.00000000 	5.0926575632e+08
-6.50000000 -3.50000000 	5.0926575632e+08
-6.50000000 -3.00000000 	5.0926575632e+08
-6.50000000 -2.50000000 	5.0926575632e+08
-6.50000000 -2.00000000 	5.0926575632e+08
-6.50000000 -1.50000000 	5.0926575632e+08
-6.50000000 -1.00000000 	5.0926575632e+08
-6.50000000 -0.50000000 	5.0926575632e+08
-6.50000000 0.00000000 	5.0926575632e+08
-6.50000000 0.50000000 	5.0926575632e+08
-6.50000000 1.00000000 	5.0926575632e+08
-6.50000000 1.50000000 	5.0926575632e+08
-6.50000000 2.00000000 	5.0926575632e+08
-6.50000000 2.50000000 	5.0926575632e+08
-6.50000000 3.00000000 	5.0926575632e+08
-6.50000000 3.50000000 	5.0926575632e+08
-6.50000000 4.00000000 	5.0926575632e+08
-6.50000000 4.50000000 	5.0926575632e+08
-6.50000000 5.00000000 	5.0926575632e+08
-6.50000000 5.50000000 	5.0926575632e+08
-6.50000000 6.00000000 	5.0926575632e+08
-6.50000000 6.50000000 	5.0926575632e+08
-6.50000000 7.00000000 	5.0926575632e+08
-6.50000000 7.50000000 	5.0926575632e+08
-6.50000000 8.00000000 	5.0926575632e+08
-6.00000000 -12.00000000 	5.0926575632e+08
-6.00000000 -11.50000000 	5.0926575632e+08
-6.00000000 -11.00000000 	5.0926575632e+08
-6.00000000 -10.50000000 	5.0926575632e+08
-6.00000000 -10.00000000 	5.0926575632e+08
-6.00000000 -9.50000000 	5.0926575632e+08
-6.00000000 -9.00000000 	5.0926575632e+08
-6.00000000 -8.50000000 	5.0926575632e+08
-6.00000000 -8.00000000 	5.0034578978e+08
-6.00000000 -7.50000000 	5.0034578978e+08
-6.00000000 -7.00000000 	4.8493707598e+08
-6.00000000 -6.50000000 	4.8493707598e+08
-6.00000000 -6.00000000 	4.8493707598e+08
-6.00000000 -5.50000000 	4.8493707598e+08
-6.00000000 -5.00000000 	5.0034578978e+08
-6.00000000 -4.50000000 	5.0034578978e+08
-6.00000000 -4.00000000 	5.0926575632e+08
-6.00000000 -3.50000000 	5.0926575632e+08
-6.00000000 -3.00000000 	5.0926575632e+08
-6.00000000 -2.50000000 	5.0926575632e+08
-6.00000000 -2.00000000 	5.0926575632e+08
-6.00000000 -1.50000000 	5.0926575632e+08
-6.00000000 -1.00000000 	5.0926575632e+08
-6.00000000 -0.50000000 	5.0926575632e+08
-6.00000000 0.00000000 	5.0926575632e+08
-6.00000000 0.50000000 	5.0926575632e+08
-6.00000000 1.00000000 	5.0926575632e+08
-6.00000000 1.50000000 	5.0926575632e+08
-6.00000000 2.00000000 	5.0926575632e+08
-6.00000000 2.50000000 	5.0926575632e+08
-6.00000000 3.00000000 	5.0926575632e+08
-6.00000000 3.50000000 	5.0926575632e+08
-6.00000000 4.00000000 	5.0926575632e+08
-6.00000000 4.50000000 	5.0926575632e+08
-6.00000000 5.00000000 	5.0926575632e+08
-6.00000000 5.50000000 	5.0926575632e+08
-6.00000000 6.00000000 	5.0926575632e+08
-6.00000000 6.50000000 	5.0926575632e+08
-6.00000000 7.00000000 	5.0926575632e+08
-6.00000000 7.50000000 	5.0926575632e+08
-6.00000000 8.00000000 	5.0926575632e+08
-5.50000000 -12.00000000 	5.0926575632e+08
-5.50000000 -11.50000000 	5.0926575632e+08
-5.50000000 -11.00000000 	5.0926575632e+08
-5.50000000 -10.50000000 	5.0926575632e+08
-5.50000000 -10.00000000 	5.0926575632e+08
-5.50000000 -9.50000000 	5.0926575632e+08
-5.50000000 -9.00000000 	5.0926575632e+08
-5.50000000 -8.50000000 	5.0926575632e+08
-5.50000000 -8.00000000 	5.0926575632e+08
-5.50000000 -7.50000000 	5.0034578978e+08
-5.50000000 -7.00000000 	5.0034578978e+08
-5.50000000 -6.50000000 	4.8493707598e+08
-5.50000000 -6.00000000 	4.8493707598e+08
-5.50000000 -5.50000000 	4.8493707598e+08
-5.50000000 -5.00000000 	4.8493707598e+08
-5.50000000 -4.50000000 	5.0034578978e+08
-5.50000000 -4.00000000 	5.0034578978e+08
-5.50000000 -3.50000000 	5.0926575632e+08
-5.50000000 -3.00000000 	5.0926575632e+08
-5.50000000 -2.50000000 	5.0926575632e+08
-5.50000000 -2.00000000 	5.0926575632e+08
-5.50000000 -1.50000000 	5.0926575632e+08
-5.50000000 -1.00000000 	5.0926575632e+08
-5.50000000 -0.50000000 	5.0926575632e+08
-5.50000000 0.00000000 	5.0926575632e+08
-5.50000000 0.50000000 	5.0926575632e+08
-5.50000000 1.00000000 	5.0926575632e+08
-5.50000000 1.50000000 	5.0926575632e+08
-5.50000000 2.00000000 	5.0926575632e+08
-5.50000000 2.50000000 	5.0926575632e+08
-5.50000000 3.00000000 	5.0926575632e+08
-5.50000000 3.50000000 	5.0926575632e+08
-5.50000000 4.00000000 	5.0926575632e+08
-5.50000000 4.50000000 	5.0926575632e+08
-5.50000000 5.00000000 	5.0926575632e+08
-5.50000000 5.50000000 	5.0926575632e+08
-5.50000000 6.00000000 	5.0926575632e+08
-5.50000000 6.50000000 	5.0926575632e+08
-5.50000000 7.00000000 	5.0926575632e+08
-5.50000000 7.50000000 	5.0926575632e+08
-5.50000000 8.00000000 	5.0926575632e+08
-5.00000000 -12.00000000 	5.0926575632e+08
-5.00000000 -11.50000000 	5.0926575632e+08
-5.00000000 -11.00000000 	5.0926575632e+08
-5.00000000 -10.50000000 	5.0926575632e+08
-5.00000000 -10.00000000 	5.0926575632e+08
-5.00000000 -9.50000000 	5.0926575632e+08
-5.00000000 -9.00000000 	5.0926575632e+08
-5.00000000 -8.50000000 	5.0926575632e+08
-5.00000000 -8.00000000 	5.0926575632e+08
-5.00000000 -7.50000000 	5.0926575632e+08
-5.00000000 -7.00000000 	5.0034578978e+08
-5.00000000 -6.50000000 	5.0034578978e+08
-5.00000000 -6.00000000 	4.8493707598e+08
-5.00000000 -5.50000000 	4.8493707598e+08
-5.00000000 -5.00000000 	4.8493707598e+08
-5.00000000 -4.50000000 	4.8493707598e+08
-5.00000000 -4.00000000 	5.0034578978e+08
-5.00000000 -3.50000000 	5.0034578978e+08
-5.00000000 -3.00000000 	5.0926575632e+08
-5.00000000 -2.50000000 	5.0926575632e+08
-5.00000000 -2.00000000 	5.0926575632e+08
-5.00000000 -1.50000000 	5.0926575632e+08
-5.00000000 -1.00000000 	5.0926575632e+08
-5.00000000 -0.50000000 	5.0926575632e+08
-5.00000000 0.00000000 	5.0926575632e+08
-5.00000000 0.50000000 	5.0926575632e+08
-5.00000000 1.00000000 	5.0926575632e+08
-5.00000000 1.50000000 	5.0926575632e+08
-5.00000000 2.00000000 	5.0926575632e+08
-5.00000000 2.50000000 	5.0926575632e+08
-5.00000000 3.00000000 	5.0926575632e+08
-5.00000000 3.50000000 	5.0926575632e+08
-5.00000000 4.00000000 	5.0926575632e+08
-5.00000000 4.50000000 	5.0926575632e+08
-5.00000000 5.00000000 	5.0926575632e+08
-5.00000000 5.50000000 	5.0926575632e+08
-5.00000000 6.00000000 	5.0926575632e+08
-5.00000000 6.50000000 	5.0926575632e+08
-5.00000000 7.00000000 	5.0926575632e+08
-5.00000000 7.50000000 	5.0926575632e+08
-5.00000000 8.00000000 	5.0926575632e+08
-4.50000000 -12.00000000 	5.0926575632e+08
-4.50000000 -11.50000000 	5.0926575632e+08
-4.50000000 -11.00000000 	5.0926575632e+08
-4.50000000 -10.50000000 	5.0926575632e+08
-4.50000000 -10.00000000 	5.0926575632e+08
-4.50000000 -9.50000000 	5.0926575632e+08
-4.50000000 -9.00000000 	5.0926575632e+08
-4.50000000 -8.50000000 	5.0926575632e+08
-4.50000000 -8.00000000 	5.0926575632e+08
-4.50000000 -7.50000000 	5.0926575632e+08
-4.50000000 -7.00000000 	5.0926575632e+08
-4.50000000 -6.50000000 	5.0034578978e+08
-4.50000000 -6.00000000 	5.0034578978e+08
-4.50000000 -5.50000000 	4.8493707598e+08
-4.50000000 -5.00000000 	4.8493707598e+08
-4.50000000 -4.50000000 	4.8493707598e+08
-4.50000000 -4.00000000 	4.8493707598e+08
-4.50000000 -3.50000000 	5.0034578978e+08
-4.50000000 -3.00000000 	5.0034578978e+08
-4.50000000 -2.50000000 	5.0926575632e+08
-4.50000000 -2.00000000 	5.0926575632e+08
-4.50000000 -1.50000000 	5.0926575632e+08
-4.50000000 -1.00000000 	5.0926575632e+08
-4.50000000 -0.50000000 	5.0926575632e+08
-4.50000000 0.00000000 	5.0926575632e+08
-4.50000000 0.50000000 	5.0926575632e+08
-4.50000000 1.00000000 	5.0926575632e+08
-4.50000000 1.50000000 	5.0926575632e+08
-4.50000000 2.00000000 	5.0926575632e+08
-4.50000000 2.50000000 	5.0926575632e+08
-4.50000000 3.00000000 	5.0926575632e+08
-4.50000000 3.50000000 	5.0926575632e+08
-4.50000000 4.00000000 	5.0926575632e+08
-4.50000000 4.50000000 	5.0926575632e+08
-4.50000000 5.00000000 	5.0926575632e+08
-4.50000000 5.50000000 	5.0926575632e+08
-4.50000000 6.00000000 	5.0926575632e+08
-4.50000000 6.50000000 	5.0926575632e+08
-4.50000000 7.00000000 	5.0926575632e+08
-4.50000000 7.50000000 	5.0926575632e+08
-4.50000000 8.00000000 	5.0926575632e+08
-4.00000000 -12.00000000 	5.0926575632e+08
-4.00000000 -11.50000000 	5.0926575632e+08
-4.00000000 -11.00000000 	5.0926575632e+08
-4.00000000 -10.50000000 	5.0926575632e+08
-4.00000000 -10.00000000 	5.0926575632e+08
-4.00000000 -9.50000000 	5.0926575632e+08
-4.00000000 -9.00000000 	5.0926575632e+08
-4.00000000 -8.50000000 	5.0926575632e+08
-4.00000000 -8.00000000 	5.0926575632e+08
-4.00000000 -7.50000000 	5.0926575632e+08
-4.00000000 -7.00000000 	5.0926575632e+08
-4.00000000 -6.50000000 	5.0926575632e+08
-4.00000000 -6.00000000 	5.0034578978e+08
-4.00000000 -5.50000000 	5.0034578978e+08
-4.00000000 -5.00000000 	4.8493707598e+08
-4.00000000 -4.50000000 	4.8493707598e+08
-4.00000000 -4.00000000 	4.8493707598e+08
-4.00000000 -3.50000000 	4.8493707598e+08
-4.00000000 -3.00000000 	5.0034578978e+08
-4.00000000 -2.50000000 	5.0034578978e+08
-4.00000000 -2.00000000 	5.0926575632e+08
-4.00000000 -1.50000000 	5.0926575632e+08
-4.00000000 -1.00000000 	5.0926575632e+08
-4.00000000 -0.50000000 	5.0926575632e+08
-4.00000000 0.00000000 	5.0926575632e+08
-4.00000000 0.50000000 	5.0926575632e+08
-4.00000000 1.00000000 	5.0926575632e+08
-4.00000000 1.50000000 	5.0926575632e+08
-4.00000000 2.00000000 	5.0926575632e+08
-4.00000000 2.50000000 	5.0926575632e+08
-4.00000000 3.00000000 	5.0926575632e+08
-4.00000000 3.50000000 	5.0926575632e+08
-4.00000000 4.00000000 	5.0926575632e+08
-4.00000000 4.50000000 	5.0926575632e+08
-4.00000000 5.00000000 	5.0926575632e+08
-4.00000000 5.50000000 	5.0926575632e+08
-4.00000000 6.00000000 	5.0926575632e+08
-4.00000000 6.50000000 	5.0926575632e+08
-4.00000000 7.00000000 	5.0926575632e+08
-4.00000000 7.50000000 	5.0926575632e+08
-4.00000000 8.00000000 	5.0926575632e+08
-3.50000000 -12.00000000 	5.0926575632e+08
-3.50000000 -11.50000000 	5.0926575632e+08
-3.50000000 -11.00000000 	5.0926575632e+08
-3.50000000 -10.50000000 	5.0926575632e+08
-3.50000000 -10.00000000 	5.0926575632e+08
-3.50000000 -9.50000000 	5.0926575632e+08
-3.50000000 -9.00000000 	5.0926575632e+08
-3.50000000 -8.50000000 	5.0926575632e+08
-3.50000000 -8.00000000 	5.0926575632e+08
-3.50000000 -7.50000000 	5.0926575632e+08
-3.50000000 -7.00000000 	5.0926575632e+08
-3.50000000 -6.50000000 	5.0926575632e+08
-3.50000000 -6.00000000 	5.0926575632e+08
-3.50000000 -5.50000000 	5.0034578978e+08
-3.50000000 -5.00000000 	5.0034578978e+08
-3.50000000 -4.50000000 	4.8493707598e+08
-3.50000000 -4.00000000 	4.8493707598e+08
-3.50000000 -3.50000000 	4.8493707598e+08
-3.50000000 -3.00000000 	4.8493707598e+08
-3.50000000 -2.50000000 	5.0034578978e+08
-3.50000000 -2.00000000 	5.0034578978e+08
-3.50000000 -1.50000000 	5.0926575632e+08
-3.50000000 -1.00000000 	5.0926575632e+08
-3.50000000 -0.50000000 	5.0926575632e+08
-3.50000000 0.00000000 	5.0926575632e+08
-3.50000000 0.50000000 	5.0926575632e+08
-3.50000000 1.00000000 	5.0926575632e+08
-3.50000000 1.50000000 	5.0926575632e+08
-3.50000000 2.00000000 	5.0926575632e+08
-3.50000000 2.50000000 	5.0926575632e+08
-3.50000000 3.00000000 	5.0926575632e+08
-3.50000000 3.50000000 	5.0926575632e+08
-3.50000000 4.00000000 	5.0926575632e+08
-3.50000000 4.50000000 	5.0926575632e+08
-3.50000000 5.00000000 	5.0926575632e+08
-3.50000000 5.50000000 	5.0926575632e+08
-3.50000000 6.00000000 	5.0926575632e+08
-3.50000000 6.50000000 	5.0926575632e+08
-3.50000000 7.00000000 	5.0926575632e+08
-3.50000000 7.50000000 	5.0926575632e+08
-3.50000000 8.00000000 	5.0926575632e+08
-3.00000000 -12.00000000 	5.0926575632e+08
-3.00000000 -11.50000000 	5.0926575632e+08
-3.00000000 -11.00000000 	5.0926575632e+08
-3.00000000 -10.50000000 	5.0926575632e+08
-3.00000000 -10.00000000 	5.0926575632e+08
-3.00000000 -9.50000000 	5.0926575632e+08
-3.00000000 -9.00000000 	5.0926575632e+08
-3.00000000 -8.50000000 	5.0926575632e+08
-3.00000000 -8.00000000 	5.0926575632e+08
-3.00000000 -7.50000000 	5.0926575632e+08
-3.00000000 -7.00000000 	5.0926575632e+08
-3.00000000 -6.50000000 	5.0926575632e+08
-3.00000000 -6.00000000 	5.0926575632e+08
-3.00000000 -5.50000000 	5.0926575632e+08
-3.00000000 -5.00000000 	5.0034578978e+08
-3.00000000 -4.50000000 	5.0034578978e+08
-3.00000000 -4.00000000 	4.8493707598e+08
-3.00000000 -3.50000000 	4.8493707598e+08
-3.00000000 -3.00000000 	4.8493707598e+08
-3.00000000 -2.50000000 	4.8493707598e+08
-3.00000000 -2.00000000 	5.0034578978e+08
-3.00000000 -1.50000000 	5.0034578978e+08
-3.00000000 -1.00000000 	5.0926575632e+08
-3.00000000 -0.50000000 	5.0926575632e+08
-3.00000000 0.00000000 	5.0926575632e+08
-3.00000000 0.50000000 	5.0926575632e+08
-3.00000000 1.00000000 	5.0926575632e+08
-3.00000000 1.50000000 	5.0926575632e+08
-3.00000000 2.00000000 	5.0926575632e+08
-3.00000000 2.50000000 	5.0926575632e+08
-3.00000000 3.00000000 	5.0926575632e+08
-3.00000000 3.50000000 	5.0926575632e+08
-3.00000000 4.00000000 	5.0926575632e+08
-3.00000000 4.50000000 	5.0926575632e+08
-3.00000000 5.00000000 	5.0926575632e+08
-3.00000000 5.50000000 	5.0926575632e+08
-3.00000000 6.00000000 	5.0926575632e+08
-3.00000000 6.50000000 	5.0926575632e+08
-3.00000000 7.00000000 	5.0926575632e+08
-3.00000000 7.50000000 	5.0926575632e+08
-3.00000000 8.00000000 	5.0926575632e+08
-2.50000000 -12.00000000 	5.0926575632e+08
-2.50000000 -11.50000000 	5.0926575632e+08
-2.50000000 -11.00000000 	5.0926575632e+08
-2.50000000 -10.50000000 	5.0926575632e+08
-2.50000000 -10.00000000 	5.0926575632e+08
-2.50000000 -9.50000000 	5.0926575632e+08
-2.50000000 -9.00000000 	5.0926575632e+08
-2.50000000 -8.50000000 	5.0926575632e+08
-2.50000000 -8.00000000 	5.0926575632e+08
-2.50000000 -7.50000000 	5.0926575632e+08
-2.50000000 -7.00000000 	5.0926575632e+08
-2.50000000 -6.50000000 	5.0926575632e+08
-2.50000000 -6.00000000 	5.0926575632e+08
-2.50000000 -5.50000000 	5.0926575632e+08
-2.50000000 -5.00000000 	5.0926575632e+08
-2.50000000 -4.50000000 	5.0034578978e+08
-2.50000000 -4.00000000 	5.0034578978e+08
-2.50000000 -3.50000000 	4.8493707598e+08
-2.50000000 -3.00000000 	4.8493707598e+08
-2.50000000 -2.50000000 	4.8493707598e+08
-2.50000000 -2.00000000 	4.8493707598e+08
-2.50000000 -1.50000000 	5.0034578978e+08
-2.50000000 -1.00000000 	5.0034578978e+08
-2.50000000 -0.50000000 	5.0926575632e+08
-2.50000000 0.00000000 	5.0926575632e+08
-2.50000000 0.50000000 	5.0926575632e+08
-2.50000000 1.00000000 	5.0926575632e+08
-2.50000000 1.50000000 	5.0926575632e+08
-2.50000000 2.00000000 	5.0926575632e+08
-2.50000000 2.50000000 	5.0926575632e+08
-2.50000000 3.00000000 	5.0926575632e+08
-2.50000000 3.50000000 	5.0926575632e+08
-2.50000000 4.00000000 	5.0926575632e+08
-2.50000000 4.50000000 	5.0926575632e+08
-2.50000000 5.00000000 	5.0926575632e+08
-2.50000000 5.50000000 	5.0926575632e+08
-2.50000000 6.00000000 	5.0926575632e+08
-2.50000000 6.50000000 	5.0926575632e+08
-2.50000000 7.00000000 	5.0926575632e+08
-2.50000000 7.50000000 	5.0926575632e+08
-2.50000000 8.00000000 	5.0926575632e+08
-2.00000000 -12.00000000 	5.0926575632e+08
-2.00000000 -11.50000000 	5.0926575632e+08
-2.00000000 -11.00000000 	5.0926575632e+08
-2.00000000 -10.50000000 	5.0926575632e+08
-2.00000000 -10.00000000 	5.0926575632e+08
-2.00000000 -9.50000000 	5.0926575632e+08
-2.00000000 -9.00000000 	5.0926575632e+08
-2.00000000 -8.50000000 	5.0926575632e+08
-2.00000000 -8.00000000 	5.0926575632e+08
-2.00000000 -7.50000000 	5.0926575632e+08
-2.00000000 -7.00000000 	5.0926575632e+08
-2.00000000 -6.50000000 	5.0926575632e+08
-2.00000000 -6.00000000 	5.0926575632e+08
-2.00000000 -5.50000000 	5.0926575632e+08
-2.00000000 -5.00000000 	5.0926575632e+08
-2.00000000 -4.50000000 	5.0926575632e+08
-2.00000000 -4.00000000 	5.0034578978e+08
-2.00000000 -3.50000000 	5.0034578978e+08
-2.00000000 -3.00000000 	4.8493707598e+08
-2.00000000 -2.50000000 	4.8493707598e+08
-2.00000000 -2.00000000 	4.8493707598e+08
-2.00000000 -1.50000000 	4.8493707598e+08
-2.00000000 -1.00000000 	5.0034578978e+08
-2.00000000 -0.50000000 	5.0034578978e+08
-2.00000000 0.00000000 	5.0926575632e+08
-2.00000000 0.50000000 	5.0926575632e+08
-2.00000000 1.00000000 	5.0926575632e+08
-2.00000000 1.50000000 	5.0926575632e+08
-2.00000000 2.00000000 	5.0926575632e+08
-2.00000000 2.50000000 	5.0926575632e+08
-2.00000000 3.00000000 	5.0926575632e+08
-2.00000000 3.50000000 	5.0926575632e+08
-2.00000000 4.00000000 	5.0926575632e+08
-2.00000000 4.50000000 	5.0926575632e+08
-2.00000000 5.00000000 	5.0926575632e+08
-2.00000000 5.50000000 	5.0926575632e+08
-2.00000000 6.00000000 	5.0926575632e+08
-2.00000000 6.50000000 	5.0926575632e+08
-2.00000000 7.00000000 	5.0926575632e+08
-2.00000000 7.50000000 	5.0926575632e+08
-2.00000000 8.00000000 	5.0926575632e+08
-1.50000000 -12.00000000 	5.0926575632e+08
-1.50000000 -11.50000000 	5.0926575632e+08
-1.50000000 -11.00000000 	5.0926575632e+08
-1.50000000 -10.50000000 	5.0926575632e+08
-1.50000000 -10.00000000 	5.0926575632e+08
-1.50000000 -9.50000000 	5.0926575632e+08
-1.50000000 -9.00000000 	5.0926575632e+08
-1.50000000 -8.50000000 	5.0926575632e+08
-1.50000000 -8.00000000 	5.0926575632e+08
-1.50000000 -7.50000000 	5.0926575632e+08
-1.50000000 -7.00000000 	5.0926575632e+08
-1.50000000 -6.50000000 	5.0926575632e+08
-1.50000000 -6.00000000 	5.0926575632e+08
-1.50000000 -5.50000000 	5.0926575632e+08
-1.50000000 -5.00000000 	5.0926575632e+08
-1.50000000 -4.50000000 	5.0926575632e+08
-1.50000000 -4.00000000 	5.0926575632e+08
-1.50000000 -3.50000000 	5.0034578978e+08
-1.50000000 -3.00000000 	5.0034578978e+08
-1.50000000 -2.50000000 	4.8493707598e+08
-1.50000000 -2.00000000 	4.8493707598e+08
-1.50000000 -1.50000000 	4.8493707598e+08
-1.50000000 -1.00000000 	4.8493707598e+08
-1.50000000 -0.50000000 	5.0034578978e+08
-1.50000000 0.00000000 	5.0034578978e+08
-1.50000000 0.50000000 	5.0926575632e+08
-1.50000000 1.00000000 	5.0926575632e+08
-1.50000000 1.50000000 	5.0926575632e+08
-1.50000000 2.00000000 	5.0926575632e+08
-1.50000000 2.50000000 	5.0926575632e+08
-1.50000000 3.00000000 	5.0926575632e+08
-1.50000000 3.50000000 	5.0926575632e+08
-1.50000000 4.00000000 	5.0926575632e+08
-1.50000000 4.50000000 	5.0926575632e+08
-1.50000000 5.00000000 	5.0926575632e+08
-1.50000000 5.50000000 	5.0926575632e+08
-1.50000000 6.00000000 	5.0926575632e+08
-1.50000000 6.50000000 	5.0926575632e+08
-1.50000000 7.00000000 	5.0926575632e+08
-1.50000000 7.50000000 	5.0926575632e+08
-1.50000000 8.00000000 	5.0926575632e+08
-1.00000000 -12.00000000 	5.0926575632e+08
-1.00000000 -11.50000000 	5.0926575632e+08
-1.00000000 -11.00000000 	5.0926575632e+08
-1.00000000 -10.50000000 	5.0926575632e+08
-1.00000000 -10.00000000 	5.0926575632e+08
-1.00000000 -9.50000000 	5.0926575632e+08
-1.00000000 -9.00000000 	5.0926575632e+08
-1.00000000 -8.50000000 	5.0926575632e+08
-1.00000000 -8.00000000 	5.0926575632e+08
-1.00000000 -7.50000000 	5.0926575632e+08
-1.00000000 -7.00000000 	5.0926575632e+08
-1.00000000 -6.50000000 	5.0926575632e+08
-1.00000000 -6.00000000 	5.0926575632e+08
-1.00000000 -5.50000000 	5.0926575632e+08
-1.00000000 -5.00000000 	5.0926575632e+08
-1.00000000 -4.50000000 	5.0926575632e+08
-1.00000000 -4.00000000 	5.0926575632e+08
-1.00000000 -3.50000000 	5.0926575632e+08
-1.00000000 -3.00000000 	5.0034578978e+08
-1.00000000 -2.50000000 	5.0034578978e+08
-1.00000000 -2.00000000 	4.8493707598e+08
-1.00000000 -1.50000000 	4.8493707598e+08
-1.00000000 -1.00000000 	4.8493707598e+08
-1.00000000 -0.50000000 	4.8493707598e+08
-1.00000000 0.00000000 	5.0034578978e+08
-1.00000000 0.50000000 	5.0034578978e+08
-1.00000000 1.00000000 	5.0926575632e+08
-1.00000000 1.50000000 	5.0926575632e+08
-1.00000000 2.00000000 	5.0926575632e+08
-1.00000000 2.50000000 	5.0926575632e+08
-1.00000000 3.00000000 	5.0926575632e+08
-1.00000000 3.50000000 	5.0926575632e+08
-1.00000000 4.00000000 	5.0926575632e+08
-1.00000000 4.50000000 	5.0926575632e+08
-1.00000000 5.00000000 	5.0926575632e+08
-1.00000000 5.50000000 	5.0926575632e+08
-1.00000000 6.00000000 	5.0926575632e+08
-1.00000000 6.50000000 	5.0926575632e+08
-1.00000000 7.00000000 	5.0926575632e+08
-1.00000000 7.50000000 	5.0926575632e+08
-1.00000000 8.00000000 	5.0926575632e+08
-0.50000000 -12.00000000 	5.0926575632e+08
-0.50000000 -11.50000000 	5.0926575632e+08
-0.50000000 -11.00000000 	5.0926575632e+08
-0.50000000 -10.50000000 	5.0926575632e+08
-0.50000000 -10.00000000 	5.0926575632e+08
-0.50000000 -9.50000000 	5.0926575632e+08
-0.50000000 -9.00000000 	5.0926575632e+08
-0.50000000 -8.50000000 	5.0926575632e+08
-0.50000000 -8.00000000 	5.0926575632e+08
-0.50000000 -7.50000000 	5.0926575632e+08
-0.50000000 -7.00000000 	5.0926575632e+08
-0.50000000 -6.50000000 	5.0926575632e+08
-0.50000000 -6.00000000 	5.0926575632e+08
-0.50000000 -5.50000000 	5.0926575632e+08
-0.50000000 -5.00000000 	5.0926575632e+08
-0.50000000 -4.50000000 	5.0926575632e+08
-0.50000000 -4.00000000 	5.0926575632e+08
-0.50000000 -3.50000000 	5.0926575632e+08
-0.50000000 -3.00000000 	5.0926575632e+08
-0.50000000 -2.50000000 	5.0034578978e+08
-0.50000000 -2.00000000 	5.0034578978e+08
-0.50000000 -1.50000000 	4.8493707598e+08
-0.50000000 -1.00000000 	4.8493707598e+08
-0.50000000 -0.50000000 	4.8493707598e+08
-0.50000000 0.00000000 	4.8493707598e+08
-0.50000000 0.50000000 	5.0034578978e+08
-0.50000000 1.00000000 	5.0034578978e+08
-0.50000000 1.50000000 	5.0926575632e+08
-0.50000000 2.00000000 	5.0926575632e+08
-0.50000000 2.50000000 	5.0926575632e+08
-0.50000000 3.00000000 	5.0926575632e+08
-0.50000000 3.50000000 	5.0926575632e+08
-0.50000000 4.00000000 	5.0926575632e+08
-0.50000000 4.50000000 	5.0926575632e+08
-0.50000000 5.00000000 	5.0926575632e+08
-0.50000000 5.50000000 	5.0926575632e+08
-0.50000000 6.00000000 	5.0926575632e+08
-0.50000000 6.50000000 	5.0926575632e+08
-0.50000000 7.00000000 	5.0926575632e+08
-0.50000000 7.50000000 	5.0926575632e+08
-0.50000000 8.00000000 	5.0926575632e+08
0.00000000 -12.00000000 	5.0926575632e+08
0.00000000 -11.50000000 	5.0926575632e+08
0.00000000 -11.00000000 	5.0926575632e+08
0.00000000 -10.50000000 	5.0926575632e+08
0.00000000 -10.00000000 	5.0926575632e+08
0.00000000 -9.50000000 	5.0926575632e+08
0.00000000 -9.00000000 	5.0926575632e+08
0.00000000 -8.50000000 	5.0926575632e+08
0.00000000 -8.00000000 	5.0926575632e+08
0.00000000 -7.50000000 	5.0926575632e+08
0.00000000 -7.00000000 	5.0926575632e+08
0.00000000 -6.50000000 	5.0926575632e+08
0.00000000 -6.00000000 	5.0926575632e+08
0.00000000 -5.50000000 	5.0926575632e+08
0.00000000 -5.00000000 	5.0926575632e+08
0.00000000 -4.50000000 	5.0926575632e+08
0.00000000 -4.00000000 	5.0926575632e+08
0.00000000 -3.50000000 	5.0926575632e+08
0.00000000 -3.00000000 	5.0926575632e+08
0.00000000 -2.50000000 	5.0926575632e+08
0.00000000 -2.00000000 	5.0034578978e+08
0.00000000 -1.50000000 	5.0034578978e+08
0.00000000 -1.00000000 	4.8493707598e+08
0.00000000 -0.50000000 	4.8493707598e+08
0.00000000 0.00000000 	4.8493707598e+08
0.00000000 0.50000000 	4.8493707598e+08
0.00000000 1.00000000 	5.0034578978e+08
0.00000000 1.50000000 	5.0034578978e+08
0.00000000 2.00000000 	5.0926575632e+08
0.00000000 2.50000000 	5.0926575632e+08
0.00000000 3.00000000 	5.0926575632e+08
0.00000000 3.50000000 	5.0926575632e+08
0.00000000 4.00000000 	5.0926575632e+08
0.00000000 4.50000000 	5.0926575632e+08
0.00000000 5.00000000 	5.0926575632e+08
0.00000000 5.50000000 	5.0926575632e+08
0.00000000 6.00000000 	5.0926575632e+08
0.00000000 6.50000000 	5.0926575632e+08
0.00000000 7.00000000 	5.0926575632e+08
0.00000000 7.50000000 	5.0926575632e+08
0.00000000 8.00000000 	5.0926575632e+08
0.50000000 -12.00000000 	5.0926575632e+08
0.50000000 -11.50000000 	5.0926575632e+08
0.50000000 -11.00000000 	5.0926575632e+08
0.50000000 -10.50000000 	5.0926575632e+08
0.50000000 -10.00000000 	5.0926575632e+08
0.50000000 -9.50000000 	5.0926575632e+08
0.50000000 -9.00000000 	5.0926575632e+08
0.50000000 -8.50000000 	5.0926575632e+08
0.50000000 -8.00000000 	5.0926575632e+08
0.50000000 -7.50000000 	5.0926575632e+08
0.50000000 -7.00000000 	5.0926575632e+08
0.50000000 -6.50000000 	5.0926575632e+08
0.50000000 -6.00000000 	5.0926575632e+08
0.50000000 -5.50000000 	5.0926575632e+08
0.50000000 -5.00000000 	5.0926575632e+08
0.50000000 -4.50000000 	5.0926575632e+08
0.50000000 -4.00000000 	5.0926575632e+08
0.50000000 -3.50000000 	5.0926575632e+08
0.50000000 -3.00000000 	5.0926575632e+08
0.50000000 -2.50000000 	5.0926575632e+08
0.50000000 -2.00000000 	5.0926575632e+08
0.50000000 -1.50000000 	5.0034578978e+08
0.50000000 -1.00000000 	5.0034578978e+08
0.50000000 -0.50000000 	4.8493707598e+08
0.50000000 0.00000000 	4.8493707598e+08
0.50000000 0.50000000 	4.8493707598e+08
0.50000000 1.00000000 	4.8493707598e+08
0.50000000 1.50000000 	5.0034578978e+08
0.50000000 2.00000000 	5.0092305693e+08
0.50000000 2.50000000 	5.0926575632e+08
0.50000000 3.00000000 	5.0926575632e+08
0.50000000 3.50000000 	5.0926575632e+08
0.50000000 4.00000000 	5.0926575632e+08
0.50000000 4.50000000 	5.0926575632e+08
0.50000000 5.00000000 	5.0926575632e+08
0.50000000 5.50000000 	5.0926575632e+08
0.50000000 6.00000000 	5.0926575632e+08
0.50000000 6.50000000 	5.0926575632e+08
0.50000000 7.00000000 	5.0926575632e+08
0.50000000 7.50000000 	5.0926575632e+08
0.50000000 8.00000000 	5.0926575632e+08
1.00000000 -12.00000000 	5.0926575632e+08
1.00000000 -11.50000000 	5.0926575632e+08
1.00000000 -11.00000000 	5.0926575632e+08
1.00000000 -10.50000000 	5.0926575632e+08
1.00000000 -10.00000000 	5.0926575632e+08
1.00000000 -9.50000000 	5.0926575632e+08
1.00000000 -9.00000000 	5.0926575632e+08
1.00000000 -8.50000000 	5.0926575632e+08
1.00000000 -8.00000000 	5.0926575632e+08
1.00000000 -7.50000000 	5.0926575632e+08
1.00000000 -7.00000000 	5.0926575632e+08
1.00000000 -6.50000000 	5.0926575632e+08
1.00000000 -6.00000000 	5.0926575632e+08
1.00000000 -5.50000000 	5.0926575632e+08
1.00000000 -5.00000000 	5.0926575632e+08
1.00000000 -4.50000000 	5.0926575632e+08
1.00000000 -4.00000000 	5.0926575632e+08
1.00000000 -3.50000000 	5.0926575632e+08
1.00000000 -3.00000000 	5.0926575632e+08
1.00000000 -2.50000000 	5.0926575632e+08
1.00000000 -2.00000000 	5.0926575632e+08
1.00000000 -1.50000000 	5.0926575632e+08
1.00000000 -1.00000000 	5.0034578978e+08
1.00000000 -0.50000000 	5.0034578978e+08
1.00000000 0.00000000 	4.8493707598e+08
1.00000000 0.50000000 	4.8493707598e+08
1.00000000 1.00000000 	4.8493707598e+08
1.00000000 1.50000000 	4.8617350795e+08
1.00000000 2.00000000 	5.0092305693e+08
1.00000000 2.50000000 	5.0314100003e+08
1.00000000 3.00000000 	5.0926575632e+08
1.00000000 3.50000000 	5.0926575632e+08
1.00000000 4.00000000 	5.0926575632e+08
1.00000000 4.50000000 	5.0926575632e+08
1.00000000 5.00000000 	5.0926575632e+08
1.00000000 5.50000000 	5.0926575632e+08
1.00000000 6.00000000 	5.0926575632e+08
1.00000000 6.50000000 	5.0926575632e+08
1.00000000 7.00000000 	5.0926575632e+08
1.00000000 7.50000000 	5.0926575632e+08
1.00000000 8.00000000 	5.0926575632e+08
1.50000000 -12.00000000 	5.0926575632e+08
1.50000000 -11.50000000 	5.0926575632e+08
1.50000000 -11.00000000 	5.0926575632e+08
1.50000000 -10.50000000 	5.0926575632e+08
1.50000000 -10.00000000 	5.0926575632e+08
1.50000000 -9.50000000 	5.0926575632e+08
1.50000000 -9.00000000 	5.0926575632e+08
1.50000000 -8.50000000 	5.0926575632e+08
1.50000000 -8.00000000 	5.0926575632e+08
1.50000000 -7.50000000 	5.0926575632e+08
1.50000000 -7.00000000 	5.0926575632e+08
1.50000000 -6.50000000 	5.0926575632e+08
1.50000000 -6.00000000 	5.0926575632e+08
1.50000000 -5.50000000 	5.0926575632e+08
1.50000000 -5.00000000 	5.0926575632e+08
1.50000000 -4.50000000 	5.0926575632e+08
1.50000000 -4.00000000 	5.0926575632e+08
1.50000000 -3.50000000 	5.0926575632e+08
1.50000000 -3.00000000 	5.0926575632e+08
1.50000000 -2.50000000 	5.0926575632e+08
1.50000000 -2.00000000 	5.0926575632e+08
1.50000000 -1.50000000 	5.0926575632e+08
1.50000000 -1.00000000 	5.0926575632e+08
1.50000000 -0.50000000 	5.0034578978e+08
1.50000000 0.00000000 	5.0034578978e+08
1.50000000 0.50000000 	4.8493707598e+08
1.50000000 1.00000000 	4.8490218264e+08
1.50000000 1.50000000 	4.8617350795e+08
1.50000000 2.00000000 	4.9132521886e+08
1.50000000 2.50000000 	5.0314100003e+08
1.50000000 3.00000000 	5.0643467232e+08
1.50000000 3.50000000 	5.0926575632e+08
1.50000000 4.00000000 	5.0926575632e+08
1.50000000 4.50000000 	5.0926575632e+08
1.50000000 5.00000000 	5.0926575632e+08
1.50000000 5.50000000 	5.0926575632e+08
1.50000000 6.00000000 	5.0926575632e+08
1.50000000 6.50000000 	5.0926575632e+08
1.50000000 7.00000000 	5.0926575632e+08
1.50000000 7.50000000 	5.0926575632e+08
1.50000000 8.00000000 	5.0926575632e+08
2.00000000 -12.00000000 	5.0926575632e+08
2.00000000 -11.50000000 	5.0926575632e+08
2.00000000 -11.00000000 	5.0926575632e+08
2.00000000 -10.50000000 	5.0926575632e+08
2.00000000 -10.00000000 	5.0926575632e+08
2.00000000 -9.50000000 	5.0926575632e+08
2.00000000 -9.00000000 	5.0926575632e+08
2.00000000 -8.50000000 	5.0926575632e+08
2.00000000 -8.00000000 	5.0926575632e+08
2.00000000 -7.50000000 	5.0926575632e+08
2.00000000 -7.00000000 	5.0926575632e+08
2.00000000 -6.50000000 	5.0926575632e+08
2.00000000 -6.00000000 	5.0926575632e+08
2.00000000 -5.50000000 	5.0926575632e+08
2.00000000 -5.00000000 	5.0926575632e+08
2.00000000 -4.50000000 	5.0926575632e+08
2.00000000 -4.00000000 	5.0926575632e+08
2.00000000 -3.50000000 	5.0926575632e+08
2.00000000 -3.00000000 	5.0926575632e+08
2.00000000 -2.50000000 	5.0926575632e+08
2.00000000 -2.00000000 	5.0926575632e+08
2.00000000 -1.50000000 	5.0926575632e+08
2.00000000 -1.00000000 	5.0926575632e+08
2.00000000 -0.50000000 	5.0926575632e+08
2.00000000 0.00000000 	5.0034578978e+08
2.00000000 0.50000000 	4.9664458932e+08
2.00000000 1.00000000 	4.8490218264e+08
2.00000000 1.50000000 	4.8627822807e+08
2.00000000 2.00000000 	4.9132521886e+08
2.00000000 2.50000000 	4.9970486899e+08
2.00000000 3.00000000 	5.0643467232e+08
2.00000000 3.50000000 	5.0867671597e+08
2.00000000 4.00000000 	5.0926575632e+08
2.00000000 4.50000000 	5.0926575632e+08
2.00000000 5.00000000 	5.0926575632e+08
2.00000000 5.50000000 	5.0926575632e+08
2.00000000 6.00000000 	5.0926575632e+08
2.00000000 6.50000000 	5.0926575632e+08
2.00000000 7.00000000 	5.0926575632e+08
2.00000000 7.50000000 	5.0926575632e+08
2.00000000 8.00000000 	5.0926575632e+08
