-11.31370850 	5.0926575632e+08
-10.60660172 	5.0926575632e+08
-9.89949494 	5.0926575632e+08
-9.19238816 	5.0926575632e+08
-8.48528137 	5.0926575632e+08
-7.77817459 	5.0926575632e+08
-7.07106781 	5.0926575632e+08
-6.36396103 	5.0926575632e+08
-5.65685425 	5.0926575632e+08
-4.94974747 	5.0926575632e+08
-4.24264069 	5.0926575632e+08
-3.53553391 	5.0926575632e+08
-2.82842712 	5.0926575632e+08
-2.12132034 	5.0926575632e+08
-1.41421356 	5.0926575632e+08
-0.70710678 	5.0714823929e+08
0.00000000 	4.8902100357e+08
0.70710678 	4.7388876127e+08
1.41421356 	4.9736177279e+08
2.12132034 	5.0876567446e+08
2.82842712 	5.0926575632e+08
