-8.00000000 -12.00000000 	5.0926575632e+08
-8.00000000 -11.50000000 	5.0926575632e+08
-8.00000000 -11.00000000 	5.0926575632e+08
-8.00000000 -10.50000000 	5.0926575632e+08
-8.00000000 -10.00000000 	5.0926575632e+08
-8.00000000 -9.50000000 	5.0926575632e+08
-8.00000000 -9.00000000 	5.0926575632e+08
-8.00000000 -8.50000000 	5.0926575632e+08
-8.00000000 -8.00000000 	5.0926575632e+08
-8.00000000 -7.50000000 	5.0926575632e+08
-8.00000000 -7.00000000 	5.0926575632e+08
-8.00000000 -6.50000000 	5.0926575632e+08
-8.00000000 -6.00000000 	5.0926575632e+08
-8.00000000 -5.50000000 	5.0926575632e+08
-8.00000000 -5.00000000 	5.0926575632e+08
-8.00000000 -4.50000000 	5.0926575632e+08
-8.00000000 -4.00000000 	5.0926575632e+08
-8.00000000 -3.50000000 	5.0926575632e+08
-8.00000000 -3.00000000 	5.0926575632e+08
-8.00000000 -2.50000000 	5.0926575632e+08
-8.00000000 -2.00000000 	5.0926575632e+08
-8.00000000 -1.50000000 	5.0926575632e+08
-8.00000000 -1.00000000 	5.0926575632e+08
-8.00000000 -0.50000000 	5.0926575632e+08
-8.00000000 0.00000000 	5.0926575632e+08
-8.00000000 0.50000000 	5.0926575632e+08
-8.00000000 1.00000000 	5.0926575632e+08
-8.00000000 1.50000000 	5.0926575632e+08
-8.00000000 2.00000000 	5.0926575632e+08
-8.00000000 2.50000000 	5.0926575632e+08
-8.00000000 3.00000000 	5.0926575632e+08
-8.00000000 3.50000000 	5.0926575632e+08
-8.00000000 4.00000000 	5.0926575632e+08
-8.00000000 4.50000000 	5.0926575632e+08
-8.00000000 5.00000000 	5.0926575632e+08
-8.00000000 5.50000000 	5.0926575632e+08
-8.00000000 6.00000000 	5.0926575632e+08
-8.00000000 6.50000000 	5.0926575632e+08
-8.00000000 7.00000000 	5.0926575632e+08
-8.00000000 7.50000000 	5.0926575632e+08
-8.00000000 8.00000000 	5.0926575632e+08
-7.50000000 -12.00000000 	5.0926575632e+08
-7.50000000 -11.50000000 	5.0926575632e+08
-7.50000000 -11.00000000 	5.0926575632e+08
-7.50000000 -10.50000000 	5.0926575632e+08
-7.50000000 -10.00000000 	5.0926575632e+08
-7.50000000 -9.50000000 	5.0926575632e+08
-7.50000000 -9.00000000 	5.0926575632e+08
-7.50000000 -8.50000000 	5.0926575632e+08
-7.50000000 -8.00000000 	5.0926575632e+08
-7.50000000 -7.50000000 	5.0926575632e+08
-7.50000000 -7.00000000 	5.0926575632e+08
-7.50000000 -6.50000000 	5.0926575632e+08
-7.50000000 -6.00000000 	5.0926575632e+08
-7.50000000 -5.50000000 	5.0926575632e+08
-7.50000000 -5.00000000 	5.0926575632e+08
-7.50000000 -4.50000000 	5.0926575632e+08
-7.50000000 -4.00000000 	5.0926575632e+08
-7.50000000 -3.50000000 	5.0926575632e+08
-7.50000000 -3.00000000 	5.0926575632e+08
-7.50000000 -2.50000000 	5.0926575632e+08
-7.50000000 -2.00000000 	5.0926575632e+08
-7.50000000 -1.50000000 	5.0926575632e+08
-7.50000000 -1.00000000 	5.0926575632e+08
-7.50000000 -0.50000000 	5.0926575632e+08
-7.50000000 0.00000000 	5.0926575632e+08
-7.50000000 0.50000000 	5.0926575632e+08
-7.50000000 1.00000000 	5.0926575632e+08
-7.50000000 1.50000000 	5.0926575632e+08
-7.50000000 2.00000000 	5.0926575632e+08
-7.50000000 2.50000000 	5.0926575632e+08
-7.50000000 3.00000000 	5.0926575632e+08
-7.50000000 3.50000000 	5.0926575632e+08
-7.50000000 4.00000000 	5.0926575632e+08
-7.50000000 4.50000000 	5.0926575632e+08
-7.50000000 5.00000000 	5.0926575632e+08
-7.50000000 5.50000000 	5.0926575632e+08
-7.50000000 6.00000000 	5.0926575632e+08
-7.50000000 6.50000000 	5.0926575632e+08
-7.50000000 7.00000000 	5.0926575632e+08
-7.50000000 7.50000000 	5.0926575632e+08
-7.50000000 8.00000000 	5.0926575632e+08
-7.00000000 -12.00000000 	5.0914001297e+08
-7.00000000 -11.50000000 	5.0914001297e+08
-7.00000000 -11.00000000 	5.0926575632e+08
-7.00000000 -10.50000000 	5.0926575632e+08
-7.00000000 -10.00000000 	5.0926575632e+08
-7.00000000 -9.50000000 	5.0926575632e+08
-7.00000000 -9.00000000 	5.0926575632e+08
-7.00000000 -8.50000000 	5.0926575632e+08
-7.00000000 -8.00000000 	5.0926575632e+08
-7.00000000 -7.50000000 	5.0926575632e+08
-7.00000000 -7.00000000 	5.0926575632e+08
-7.00000000 -6.50000000 	5.0926575632e+08
-7.00000000 -6.00000000 	5.0926575632e+08
-7.00000000 -5.50000000 	5.0926575632e+08
-7.00000000 -5.00000000 	5.0926575632e+08
-7.00000000 -4.50000000 	5.0926575632e+08
-7.00000000 -4.00000000 	5.0926575632e+08
-7.00000000 -3.50000000 	5.0926575632e+08
-7.00000000 -3.00000000 	5.0926575632e+08
-7.00000000 -2.50000000 	5.0926575632e+08
-7.00000000 -2.00000000 	5.0926575632e+08
-7.00000000 -1.50000000 	5.0926575632e+08
-7.00000000 -1.00000000 	5.0926575632e+08
-7.00000000 -0.50000000 	5.0926575632e+08
-7.00000000 0.00000000 	5.0926575632e+08
-7.00000000 0.50000000 	5.0926575632e+08
-7.00000000 1.00000000 	5.0926575632e+08
-7.00000000 1.50000000 	5.0926575632e+08
-7.00000000 2.00000000 	5.0926575632e+08
-7.00000000 2.50000000 	5.0926575632e+08
-7.00000000 3.00000000 	5.0926575632e+08
-7.00000000 3.50000000 	5.0926575632e+08
-7.00000000 4.00000000 	5.0926575632e+08
-7.00000000 4.50000000 	5.0926575632e+08
-7.00000000 5.00000000 	5.0926575632e+08
-7.00000000 5.50000000 	5.0926575632e+08
-7.00000000 6.00000000 	5.0926575632e+08
-7.00000000 6.50000000 	5.0926575632e+08
-7.00000000 7.00000000 	5.0926575632e+08
-7.00000000 7.50000000 	5.0926575632e+08
-7.00000000 8.00000000 	5.0926575632e+08
-6.50000000 -12.00000000 	5.0740191191e+08
-6.50000000 -11.50000000 	5.0761826975e+08
-6.50000000 -11.00000000 	5.0876567446e+08
-6.50000000 -10.50000000 	5.0914001297e+08
-6.50000000 -10.00000000 	5.0926575632e+08
-6.50000000 -9.50000000 	5.0926575632e+08
-6.50000000 -9.00000000 	5.0926575632e+08
-6.50000000 -8.50000000 	5.0926575632e+08
-6.50000000 -8.00000000 	5.0926575632e+08
-6.50000000 -7.50000000 	5.0926575632e+08
-6.50000000 -7.00000000 	5.0926575632e+08
-6.50000000 -6.50000000 	5.0926575632e+08
-6.50000000 -6.00000000 	5.0926575632e+08
-6.50000000 -5.50000000 	5.0926575632e+08
-6.50000000 -5.00000000 	5.0926575632e+08
-6.50000000 -4.50000000 	5.0926575632e+08
-6.50000000 -4.00000000 	5.0926575632e+08
-6.50000000 -3.50000000 	5.0926575632e+08
-6.50000000 -3.00000000 	5.0926575632e+08
-6.50000000 -2.50000000 	5.0926575632e+08
-6.50000000 -2.00000000 	5.0926575632e+08
-6.50000000 -1.50000000 	5.0926575632e+08
-6.50000000 -1.00000000 	5.0926575632e+08
-6.50000000 -0.50000000 	5.0926575632e+08
-6.50000000 0.00000000 	5.0926575632e+08
-6.50000000 0.50000000 	5.0926575632e+08
-6.50000000 1.00000000 	5.0926575632e+08
-6.50000000 1.50000000 	5.0926575632e+08
-6.50000000 2.00000000 	5.0926575632e+08
-6.50000000 2.50000000 	5.0926575632e+08
-6.50000000 3.00000000 	5.0926575632e+08
-6.50000000 3.50000000 	5.0926575632e+08
-6.50000000 4.00000000 	5.0926575632e+08
-6.50000000 4.50000000 	5.0926575632e+08
-6.50000000 5.00000000 	5.0926575632e+08
-6.50000000 5.50000000 	5.0926575632e+08
-6.50000000 6.00000000 	5.0926575632e+08
-6.50000000 6.50000000 	5.0926575632e+08
-6.50000000 7.00000000 	5.0926575632e+08
-6.50000000 7.50000000 	5.0926575632e+08
-6.50000000 8.00000000 	5.0926575632e+08
-6.00000000 -12.00000000 	4.9869319396e+08
-6.00000000 -11.50000000 	4.9996449496e+08
-6.00000000 -11.00000000 	5.0428212374e+08
-6.00000000 -10.50000000 	5.0714823929e+08
-6.00000000 -10.00000000 	5.0876567446e+08
-6.00000000 -9.50000000 	5.0914001297e+08
-6.00000000 -9.00000000 	5.0926575632e+08
-6.00000000 -8.50000000 	5.0926575632e+08
-6.00000000 -8.00000000 	5.0926575632e+08
-6.00000000 -7.50000000 	5.0926575632e+08
-6.00000000 -7.00000000 	5.0926575632e+08
-6.00000000 -6.50000000 	5.0926575632e+08
-6.00000000 -6.00000000 	5.0926575632e+08
-6.00000000 -5.50000000 	5.0926575632e+08
-6.00000000 -5.00000000 	5.0926575632e+08
-6.00000000 -4.50000000 	5.0926575632e+08
-6.00000000 -4.00000000 	5.0926575632e+08
-6.00000000 -3.50000000 	5.0926575632e+08
-6.00000000 -3.00000000 	5.0926575632e+08
-6.00000000 -2.50000000 	5.0926575632e+08
-6.00000000 -2.00000000 	5.0926575632e+08
-6.00000000 -1.50000000 	5.0926575632e+08
-6.00000000 -1.00000000 	5.0926575632e+08
-6.00000000 -0.50000000 	5.0926575632e+08
-6.00000000 0.00000000 	5.0926575632e+08
-6.00000000 0.50000000 	5.0926575632e+08
-6.00000000 1.00000000 	5.0926575632e+08
-6.00000000 1.50000000 	5.0926575632e+08
-6.00000000 2.00000000 	5.0926575632e+08
-6.00000000 2.50000000 	5.0926575632e+08
-6.00000000 3.00000000 	5.0926575632e+08
-6.00000000 3.50000000 	5.0926575632e+08
-6.00000000 4.00000000 	5.0926575632e+08
-6.00000000 4.50000000 	5.0926575632e+08
-6.00000000 5.00000000 	5.0926575632e+08
-6.00000000 5.50000000 	5.0926575632e+08
-6.00000000 6.00000000 	5.0926575632e+08
-6.00000000 6.50000000 	5.0926575632e+08
-6.00000000 7.00000000 	5.0926575632e+08
-6.00000000 7.50000000 	5.0926575632e+08
-6.00000000 8.00000000 	5.0926575632e+08
-5.50000000 -12.00000000 	4.8104574353e+08
-5.50000000 -11.50000000 	4.8269392436e+08
-5.50000000 -11.00000000 	4.8972591492e+08
-5.50000000 -10.50000000 	4.9743045775e+08
-5.50000000 -10.00000000 	5.0399257033e+08
-5.50000000 -9.50000000 	5.0714823929e+08
-5.50000000 -9.00000000 	5.0876567446e+08
-5.50000000 -8.50000000 	5.0914001297e+08
-5.50000000 -8.00000000 	5.0926575632e+08
-5.50000000 -7.50000000 	5.0926575632e+08
-5.50000000 -7.00000000 	5.0926575632e+08
-5.50000000 -6.50000000 	5.0926575632e+08
-5.50000000 -6.00000000 	5.0926575632e+08
-5.50000000 -5.50000000 	5.0926575632e+08
-5.50000000 -5.00000000 	5.0926575632e+08
-5.50000000 -4.50000000 	5.0926575632e+08
-5.50000000 -4.00000000 	5.0926575632e+08
-5.50000000 -3.50000000 	5.0926575632e+08
-5.50000000 -3.00000000 	5.0926575632e+08
-5.50000000 -2.50000000 	5.0926575632e+08
-5.50000000 -2.00000000 	5.0926575632e+08
-5.50000000 -1.50000000 	5.0926575632e+08
-5.50000000 -1.00000000 	5.0926575632e+08
-5.50000000 -0.50000000 	5.0926575632e+08
-5.50000000 0.00000000 	5.0926575632e+08
-5.50000000 0.50000000 	5.0926575632e+08
-5.50000000 1.00000000 	5.0926575632e+08
-5.50000000 1.50000000 	5.0926575632e+08
-5.50000000 2.00000000 	5.0926575632e+08
-5.50000000 2.50000000 	5.0926575632e+08
-5.50000000 3.00000000 	5.0926575632e+08
-5.50000000 3.50000000 	5.0926575632e+08
-5.50000000 4.00000000 	5.0926575632e+08
-5.50000000 4.50000000 	5.0926575632e+08
-5.50000000 5.00000000 	5.0926575632e+08
-5.50000000 5.50000000 	5.0926575632e+08
-5.50000000 6.00000000 	5.0926575632e+08
-5.50000000 6.50000000 	5.0926575632e+08
-5.50000000 7.00000000 	5.0926575632e+08
-5.50000000 7.50000000 	5.0926575632e+08
-5.50000000 8.00000000 	5.0926575632e+08
-5.00000000 -12.00000000 	4.7782801347e+08
-5.00000000 -11.50000000 	4.7394505345e+08
-5.00000000 -11.00000000 	4.7393220638e+08
-5.00000000 -10.50000000 	4.7956080869e+08
-5.00000000 -10.00000000 	4.8902100357e+08
-5.00000000 -9.50000000 	4.9736177279e+08
-5.00000000 -9.00000000 	5.0399257033e+08
-5.00000000 -8.50000000 	5.0714823929e+08
-5.00000000 -8.00000000 	5.0876567446e+08
-5.00000000 -7.50000000 	5.0914001297e+08
-5.00000000 -7.00000000 	5.0926575632e+08
-5.00000000 -6.50000000 	5.0926575632e+08
-5.00000000 -6.00000000 	5.0926575632e+08
-5.00000000 -5.50000000 	5.0926575632e+08
-5.00000000 -5.00000000 	5.0926575632e+08
-5.00000000 -4.50000000 	5.0926575632e+08
-5.00000000 -4.00000000 	5.0926575632e+08
-5.00000000 -3.50000000 	5.0926575632e+08
-5.00000000 -3.00000000 	5.0926575632e+08
-5.00000000 -2.50000000 	5.0926575632e+08
-5.00000000 -2.00000000 	5.0926575632e+08
-5.00000000 -1.50000000 	5.0926575632e+08
-5.00000000 -1.00000000 	5.0926575632e+08
-5.00000000 -0.50000000 	5.0926575632e+08
-5.00000000 0.00000000 	5.0926575632e+08
-5.00000000 0.50000000 	5.0926575632e+08
-5.00000000 1.00000000 	5.0926575632e+08
-5.00000000 1.50000000 	5.0926575632e+08
-5.00000000 2.00000000 	5.0926575632e+08
-5.00000000 2.50000000 	5.0926575632e+08
-5.00000000 3.00000000 	5.0926575632e+08
-5.00000000 3.50000000 	5.0926575632e+08
-5.00000000 4.00000000 	5.0926575632e+08
-5.00000000 4.50000000 	5.0926575632e+08
-5.00000000 5.00000000 	5.0926575632e+08
-5.00000000 5.50000000 	5.0926575632e+08
-5.00000000 6.00000000 	5.0926575632e+08
-5.00000000 6.50000000 	5.0926575632e+08
-5.00000000 7.00000000 	5.0926575632e+08
-5.00000000 7.50000000 	5.0926575632e+08
-5.00000000 8.00000000 	5.0926575632e+08
-4.50000000 -12.00000000 	4.9588565096e+08
-4.50000000 -11.50000000 	4.8890754865e+08
-4.50000000 -11.00000000 	4.7956080869e+08
-4.50000000 -10.50000000 	4.7388876127e+08
-4.50000000 -10.00000000 	4.7388876127e+08
-4.50000000 -9.50000000 	4.7956080869e+08
-4.50000000 -9.00000000 	4.8902100357e+08
-4.50000000 -8.50000000 	4.9736177279e+08
-4.50000000 -8.00000000 	5.0399257033e+08
-4.50000000 -7.50000000 	5.0714823929e+08
-4.50000000 -7.00000000 	5.0876567446e+08
-4.50000000 -6.50000000 	5.0914001297e+08
-4.50000000 -6.00000000 	5.0926575632e+08
-4.50000000 -5.50000000 	5.0926575632e+08
-4.50000000 -5.00000000 	5.0926575632e+08
-4.50000000 -4.50000000 	5.0926575632e+08
-4.50000000 -4.00000000 	5.0926575632e+08
-4.50000000 -3.50000000 	5.0926575632e+08
-4.50000000 -3.00000000 	5.0926575632e+08
-4.50000000 -2.50000000 	5.0926575632e+08
-4.50000000 -2.00000000 	5.0926575632e+08
-4.50000000 -1.50000000 	5.0926575632e+08
-4.50000000 -1.00000000 	5.0926575632e+08
-4.50000000 -0.50000000 	5.0926575632e+08
-4.50000000 0.00000000 	5.0926575632e+08
-4.50000000 0.50000000 	5.0926575632e+08
-4.50000000 1.00000000 	5.0926575632e+08
-4.50000000 1.50000000 	5.0926575632e+08
-4.50000000 2.00000000 	5.0926575632e+08
-4.50000000 2.50000000 	5.0926575632e+08
-4.50000000 3.00000000 	5.0926575632e+08
-4.50000000 3.50000000 	5.0926575632e+08
-4.50000000 4.00000000 	5.0926575632e+08
-4.50000000 4.50000000 	5.0926575632e+08
-4.50000000 5.00000000 	5.0926575632e+08
-4.50000000 5.50000000 	5.0926575632e+08
-4.50000000 6.00000000 	5.0926575632e+08
-4.50000000 6.50000000 	5.0926575632e+08
-4.50000000 7.00000000 	5.0926575632e+08
-4.50000000 7.50000000 	5.0926575632e+08
-4.50000000 8.00000000 	5.0926575632e+08
-4.00000000 -12.00000000 	5.0693205153e+08
-4.00000000 -11.50000000 	5.0399257033e+08
-4.00000000 -11.00000000 	4.9736177279e+08
-4.00000000 -10.50000000 	4.8902100357e+08
-4.00000000 -10.00000000 	4.7956080869e+08
-4.00000000 -9.50000000 	4.7388876127e+08
-4.00000000 -9.00000000 	4.7388876127e+08
-4.00000000 -8.50000000 	4.7956080869e+08
-4.00000000 -8.00000000 	4.8902100357e+08
-4.00000000 -7.50000000 	4.9736177279e+08
-4.00000000 -7.00000000 	5.0399257033e+08
-4.00000000 -6.50000000 	5.0714823929e+08
-4.00000000 -6.00000000 	5.0876567446e+08
-4.00000000 -5.50000000 	5.0914001297e+08
-4.00000000 -5.00000000 	5.0926575632e+08
-4.00000000 -4.50000000 	5.0926575632e+08
-4.00000000 -4.00000000 	5.0926575632e+08
-4.00000000 -3.50000000 	5.0926575632e+08
-4.00000000 -3.00000000 	5.0926575632e+08
-4.00000000 -2.50000000 	5.0926575632e+08
-4.00000000 -2.00000000 	5.0926575632e+08
-4.00000000 -1.50000000 	5.0926575632e+08
-4.00000000 -1.00000000 	5.0926575632e+08
-4.00000000 -0.50000000 	5.0926575632e+08
-4.00000000 0.00000000 	5.0926575632e+08
-4.00000000 0.50000000 	5.0926575632e+08
-4.00000000 1.00000000 	5.0926575632e+08
-4.00000000 1.50000000 	5.0926575632e+08
-4.00000000 2.00000000 	5.0926575632e+08
-4.00000000 2.50000000 	5.0926575632e+08
-4.00000000 3.00000000 	5.0926575632e+08
-4.00000000 3.50000000 	5.0926575632e+08
-4.00000000 4.00000000 	5.0926575632e+08
-4.00000000 4.50000000 	5.0926575632e+08
-4.00000000 5.00000000 	5.0926575632e+08
-4.00000000 5.50000000 	5.0926575632e+08
-4.00000000 6.00000000 	5.0926575632e+08
-4.00000000 6.50000000 	5.0926575632e+08
-4.00000000 7.00000000 	5.0926575632e+08
-4.00000000 7.50000000 	5.0926575632e+08
-4.00000000 8.00000000 	5.0926575632e+08
-3.50000000 -12.00000000 	5.0914001297e+08
-3.50000000 -11.50000000 	5.0876567446e+08
-3.50000000 -11.00000000 	5.0714823929e+08
-3.50000000 -10.50000000 	5.0399257033e+08
-3.50000000 -10.00000000 	4.9736177279e+08
-3.50000000 -9.50000000 	4.8902100357e+08
-3.50000000 -9.00000000 	4.7956080869e+08
-3.50000000 -8.50000000 	4.7388876127e+08
-3.50000000 -8.00000000 	4.7388876127e+08
-3.50000000 -7.50000000 	4.7956080869e+08
-3.50000000 -7.00000000 	4.8902100357e+08
-3.50000000 -6.50000000 	4.9736177279e+08
-3.50000000 -6.00000000 	5.0399257033e+08
-3.50000000 -5.50000000 	5.0714823929e+08
-3.50000000 -5.00000000 	5.0876567446e+08
-3.50000000 -4.50000000 	5.0914001297e+08
-3.50000000 -4.00000000 	5.0926575632e+08
-3.50000000 -3.50000000 	5.0926575632e+08
-3.50000000 -3.00000000 	5.0926575632e+08
-3.50000000 -2.50000000 	5.0926575632e+08
-3.50000000 -2.00000000 	5.0926575632e+08
-3.50000000 -1.50000000 	5.0926575632e+08
-3.50000000 -1.00000000 	5.0926575632e+08
-3.50000000 -0.50000000 	5.0926575632e+08
-3.50000000 0.00000000 	5.0926575632e+08
-3.50000000 0.50000000 	5.0926575632e+08
-3.50000000 1.00000000 	5.0926575632e+08
-3.50000000 1.50000000 	5.0926575632e+08
-3.50000000 2.00000000 	5.0926575632e+08
-3.50000000 2.50000000 	5.0926575632e+08
-3.50000000 3.00000000 	5.0926575632e+08
-3.50000000 3.50000000 	5.0926575632e+08
-3.50000000 4.00000000 	5.0926575632e+08
-3.50000000 4.50000000 	5.0926575632e+08
-3.50000000 5.00000000 	5.0926575632e+08
-3.50000000 5.50000000 	5.0926575632e+08
-3.50000000 6.00000000 	5.0926575632e+08
-3.50000000 6.50000000 	5.0926575632e+08
-3.50000000 7.00000000 	5.0926575632e+08
-3.50000000 7.50000000 	5.0926575632e+08
-3.50000000 8.00000000 	5.0926575632e+08
-3.00000000 -12.00000000 	5.0926575632e+08
-3.00000000 -11.50000000 	5.0926575632e+08
-3.00000000 -11.00000000 	5.0914001297e+08
-3.00000000 -10.50000000 	5.0876567446e+08
-3.00000000 -10.00000000 	5.0714823929e+08
-3.00000000 -9.50000000 	5.0399257033e+08
-3.00000000 -9.00000000 	4.9736177279e+08
-3.00000000 -8.50000000 	4.8902100357e+08
-3.00000000 -8.00000000 	4.7956080869e+08
-3.00000000 -7.50000000 	4.7388876127e+08
-3.00000000 -7.00000000 	4.7388876127e+08
-3.00000000 -6.50000000 	4.7956080869e+08
-3.00000000 -6.00000000 	4.8902100357e+08
-3.00000000 -5.50000000 	4.9736177279e+08
-3.00000000 -5.00000000 	5.0399257033e+08
-3.00000000 -4.50000000 	5.0714823929e+08
-3.00000000 -4.00000000 	5.0876567446e+08
-3.00000000 -3.50000000 	5.0914001297e+08
-3.00000000 -3.00000000 	5.0926575632e+08
-3.00000000 -2.50000000 	5.0926575632e+08
-3.00000000 -2.00000000 	5.0926575632e+08
-3.00000000 -1.50000000 	5.0926575632e+08
-3.00000000 -1.00000000 	5.0926575632e+08
-3.00000000 -0.50000000 	5.0926575632e+08
-3.00000000 0.00000000 	5.0926575632e+08
-3.00000000 0.50000000 	5.0926575632e+08
-3.00000000 1.00000000 	5.0926575632e+08
-3.00000000 1.50000000 	5.0926575632e+08
-3.00000000 2.00000000 	5.0926575632e+08
-3.00000000 2.50000000 	5.0926575632e+08
-3.00000000 3.00000000 	5.0926575632e+08
-3.00000000 3.50000000 	5.0926575632e+08
-3.00000000 4.00000000 	5.0926575632e+08
-3.00000000 4.50000000 	5.0926575632e+08
-3.00000000 5.00000000 	5.0926575632e+08
-3.00000000 5.50000000 	5.0926575632e+08
-3.00000000 6.00000000 	5.0926575632e+08
-3.00000000 6.50000000 	5.0926575632e+08
-3.00000000 7.00000000 	5.0926575632e+08
-3.00000000 7.50000000 	5.0926575632e+08
-3.00000000 8.00000000 	5.0926575632e+08
-2.50000000 -12.00000000 	5.0926575632e+08
-2.50000000 -11.50000000 	5.0926575632e+08
-2.50000000 -11.00000000 	5.0926575632e+08
-2.50000000 -10.50000000 	5.0926575632e+08
-2.50000000 -10.00000000 	5.0914001297e+08
-2.50000000 -9.50000000 	5.0876567446e+08
-2.50000000 -9.00000000 	5.0714823929e+08
-2.50000000 -8.50000000 	5.0399257033e+08
-2.50000000 -8.00000000 	4.9736177279e+08
-2.50000000 -7.50000000 	4.8902100357e+08
-2.50000000 -7.00000000 	4.7956080869e+08
-2.50000000 -6.50000000 	4.7388876127e+08
-2.50000000 -6.00000000 	4.7388876127e+08
-2.50000000 -5.50000000 	4.7956080869e+08
-2.50000000 -5.00000000 	4.8902100357e+08
-2.50000000 -4.50000000 	4.9736177279e+08
-2.50000000 -4.00000000 	5.0399257033e+08
-2.50000000 -3.50000000 	5.0714823929e+08
-2.50000000 -3.00000000 	5.0876567446e+08
-2.50000000 -2.50000000 	5.0914001297e+08
-2.50000000 -2.00000000 	5.0926575632e+08
-2.50000000 -1.50000000 	5.0926575632e+08
-2.50000000 -1.00000000 	5.0926575632e+08
-2.50000000 -0.50000000 	5.0926575632e+08
-2.50000000 0.00000000 	5.0926575632e+08
-2.50000000 0.50000000 	5.0926575632e+08
-2.50000000 1.00000000 	5.0926575632e+08
-2.50000000 1.50000000 	5.0926575632e+08
-2.50000000 2.00000000 	5.0926575632e+08
-2.50000000 2.50000000 	5.0926575632e+08
-2.50000000 3.00000000 	5.0926575632e+08
-2.50000000 3.50000000 	5.0926575632e+08
-2.50000000 4.00000000 	5.0926575632e+08
-2.50000000 4.50000000 	5.0926575632e+08
-2.50000000 5.00000000 	5.0926575632e+08
-2.50000000 5.50000000 	5.0926575632e+08
-2.50000000 6.00000000 	5.0926575632e+08
-2.50000000 6.50000000 	5.0926575632e+08
-2.50000000 7.00000000 	5.0926575632e+08
-2.50000000 7.50000000 	5.0926575632e+08
-2.50000000 8.00000000 	5.0926575632e+08
-2.00000000 -12.00000000 	5.0926575632e+08
-2.00000000 -11.50000000 	5.0926575632e+08
-2.00000000 -11.00000000 	5.0926575632e+08
-2.00000000 -10.50000000 	5.0926575632e+08
-2.00000000 -10.00000000 	5.0926575632e+08
-2.00000000 -9.50000000 	5.0926575632e+08
-2.00000000 -9.00000000 	5.0914001297e+08
-2.00000000 -8.50000000 	5.0876567446e+08
-2.00000000 -8.00000000 	5.0714823929e+08
-2.00000000 -7.50000000 	5.0399257033e+08
-2.00000000 -7.00000000 	4.9736177279e+08
-2.00000000 -6.50000000 	4.8902100357e+08
-2.00000000 -6.00000000 	4.7956080869e+08
-2.00000000 -5.50000000 	4.7388876127e+08
-2.00000000 -5.00000000 	4.7388876127e+08
-2.00000000 -4.50000000 	4.7956080869e+08
-2.00000000 -4.00000000 	4.8902100357e+08
-2.00000000 -3.50000000 	4.9736177279e+08
-2.00000000 -3.00000000 	5.0399257033e+08
-2.00000000 -2.50000000 	5.0714823929e+08
-2.00000000 -2.00000000 	5.0876567446e+08
-2.00000000 -1.50000000 	5.0914001297e+08
-2.00000000 -1.00000000 	5.0926575632e+08
-2.00000000 -0.50000000 	5.0926575632e+08
-2.00000000 0.00000000 	5.0926575632e+08
-2.00000000 0.50000000 	5.0926575632e+08
-2.00000000 1.00000000 	5.0926575632e+08
-2.00000000 1.50000000 	5.0926575632e+08
-2.00000000 2.00000000 	5.0926575632e+08
-2.00000000 2.50000000 	5.0926575632e+08
-2.00000000 3.00000000 	5.0926575632e+08
-2.00000000 3.50000000 	5.0926575632e+08
-2.00000000 4.00000000 	5.0926575632e+08
-2.00000000 4.50000000 	5.0926575632e+08
-2.00000000 5.00000000 	5.0926575632e+08
-2.00000000 5.50000000 	5.0926575632e+08
-2.00000000 6.00000000 	5.0926575632e+08
-2.00000000 6.50000000 	5.0926575632e+08
-2.00000000 7.00000000 	5.0926575632e+08
-2.00000000 7.50000000 	5.0926575632e+08
-2.00000000 8.00000000 	5.0926575632e+08
-1.50000000 -12.00000000 	5.0926575632e+08
-1.50000000 -11.50000000 	5.0926575632e+08
-1.50000000 -11.00000000 	5.0926575632e+08
-1.50000000 -10.50000000 	5.0926575632e+08
-1.50000000 -10.00000000 	5.0926575632e+08
-1.50000000 -9.50000000 	5.0926575632e+08
-1.50000000 -9.00000000 	5.0926575632e+08
-1.50000000 -8.50000000 	5.0926575632e+08
-1.50000000 -8.00000000 	5.0914001297e+08
-1.50000000 -7.50000000 	5.0876567446e+08
-1.50000000 -7.00000000 	5.0714823929e+08
-1.50000000 -6.50000000 	5.0399257033e+08
-1.50000000 -6.00000000 	4.9736177279e+08
-1.50000000 -5.50000000 	4.8902100357e+08
-1.50000000 -5.00000000 	4.7956080869e+08
-1.50000000 -4.50000000 	4.7388876127e+08
-1.50000000 -4.00000000 	4.7388876127e+08
-1.50000000 -3.50000000 	4.7956080869e+08
-1.50000000 -3.00000000 	4.8902100357e+08
-1.50000000 -2.50000000 	4.9736177279e+08
-1.50000000 -2.00000000 	5.0399257033e+08
-1.50000000 -1.50000000 	5.0714823929e+08
-1.50000000 -1.00000000 	5.0876567446e+08
-1.50000000 -0.50000000 	5.0914001297e+08
-1.50000000 0.00000000 	5.0926575632e+08
-1.50000000 0.50000000 	5.0926575632e+08
-1.50000000 1.00000000 	5.0926575632e+08
-1.50000000 1.50000000 	5.0926575632e+08
-1.50000000 2.00000000 	5.0926575632e+08
-1.50000000 2.50000000 	5.0926575632e+08
-1.50000000 3.00000000 	5.0926575632e+08
-1.50000000 3.50000000 	5.0926575632e+08
-1.50000000 4.00000000 	5.0926575632e+08
-1.50000000 4.50000000 	5.0926575632e+08
-1.50000000 5.00000000 	5.0926575632e+08
-1.50000000 5.50000000 	5.0926575632e+08
-1.50000000 6.00000000 	5.0926575632e+08
-1.50000000 6.50000000 	5.0926575632e+08
-1.50000000 7.00000000 	5.0926575632e+08
-1.50000000 7.50000000 	5.0926575632e+08
-1.50000000 8.00000000 	5.0926575632e+08
-1.00000000 -12.00000000 	5.0926575632e+08
-1.00000000 -11.50000000 	5.0926575632e+08
-1.00000000 -11.00000000 	5.0926575632e+08
-1.00000000 -10.50000000 	5.0926575632e+08
-1.00000000 -10.00000000 	5.0926575632e+08
-1.00000000 -9.50000000 	5.0926575632e+08
-1.00000000 -9.00000000 	5.0926575632e+08
-1.00000000 -8.50000000 	5.0926575632e+08
-1.00000000 -8.00000000 	5.0926575632e+08
-1.00000000 -7.50000000 	5.0926575632e+08
-1.00000000 -7.00000000 	5.0914001297e+08
-1.00000000 -6.50000000 	5.0876567446e+08
-1.00000000 -6.00000000 	5.0714823929e+08
-1.00000000 -5.50000000 	5.0399257033e+08
-1.00000000 -5.00000000 	4.9736177279e+08
-1.00000000 -4.50000000 	4.8902100357e+08
-1.00000000 -4.00000000 	4.7956080869e+08
-1.00000000 -3.50000000 	4.7388876127e+08
-1.00000000 -3.00000000 	4.7388876127e+08
-1.00000000 -2.50000000 	4.7956080869e+08
-1.00000000 -2.00000000 	4.8902100357e+08
-1.00000000 -1.50000000 	4.9736177279e+08
-1.00000000 -1.00000000 	5.0399257033e+08
-1.00000000 -0.50000000 	5.0714823929e+08
-1.00000000 0.00000000 	5.0876567446e+08
-1.00000000 0.50000000 	5.0914001297e+08
-1.00000000 1.00000000 	5.0926575632e+08
-1.00000000 1.50000000 	5.0926575632e+08
-1.00000000 2.00000000 	5.0926575632e+08
-1.00000000 2.50000000 	5.0926575632e+08
-1.00000000 3.00000000 	5.0926575632e+08
-1.00000000 3.50000000 	5.0926575632e+08
-1.00000000 4.00000000 	5.0926575632e+08
-1.00000000 4.50000000 	5.0926575632e+08
-1.00000000 5.00000000 	5.0926575632e+08
-1.00000000 5.50000000 	5.0926575632e+08
-1.00000000 6.00000000 	5.0926575632e+08
-1.00000000 6.50000000 	5.0926575632e+08
-1.00000000 7.00000000 	5.0926575632e+08
-1.00000000 7.50000000 	5.0926575632e+08
-1.00000000 8.00000000 	5.0926575632e+08
-0.50000000 -12.00000000 	5.0926575632e+08
-0.50000000 -11.50000000 	5.0926575632e+08
-0.50000000 -11.00000000 	5.0926575632e+08
-0.50000000 -10.50000000 	5.0926575632e+08
-0.50000000 -10.00000000 	5.0926575632e+08
-0.50000000 -9.50000000 	5.0926575632e+08
-0.50000000 -9.00000000 	5.0926575632e+08
-0.50000000 -8.50000000 	5.0926575632e+08
-0.50000000 -8.00000000 	5.0926575632e+08
-0.50000000 -7.50000000 	5.0926575632e+08
-0.50000000 -7.00000000 	5.0926575632e+08
-0.50000000 -6.50000000 	5.0926575632e+08
-0.50000000 -6.00000000 	5.0914001297e+08
-0.50000000 -5.50000000 	5.0876567446e+08
-0.50000000 -5.00000000 	5.0714823929e+08
-0.50000000 -4.50000000 	5.0399257033e+08
-0.50000000 -4.00000000 	4.9736177279e+08
-0.50000000 -3.50000000 	4.8902100357e+08
-0.50000000 -3.00000000 	4.7956080869e+08
-0.50000000 -2.50000000 	4.7388876127e+08
-0.50000000 -2.00000000 	4.7388876127e+08
-0.50000000 -1.50000000 	4.7956080869e+08
-0.50000000 -1.00000000 	4.8902100357e+08
-0.50000000 -0.50000000 	4.9736177279e+08
-0.50000000 0.00000000 	5.0399257033e+08
-0.50000000 0.50000000 	5.0714823929e+08
-0.50000000 1.00000000 	5.0876567446e+08
-0.50000000 1.50000000 	5.0914001297e+08
-0.50000000 2.00000000 	5.0926575632e+08
-0.50000000 2.50000000 	5.0926575632e+08
-0.50000000 3.00000000 	5.0926575632e+08
-0.50000000 3.50000000 	5.0926575632e+08
-0.50000000 4.00000000 	5.0926575632e+08
-0.50000000 4.50000000 	5.0926575632e+08
-0.50000000 5.00000000 	5.0926575632e+08
-0.50000000 5.50000000 	5.0926575632e+08
-0.50000000 6.00000000 	5.0926575632e+08
-0.50000000 6.50000000 	5.0926575632e+08
-0.50000000 7.00000000 	5.0926575632e+08
-0.50000000 7.50000000 	5.0926575632e+08
-0.50000000 8.00000000 	5.0926575632e+08
0.00000000 -12.00000000 	5.0926575632e+08
0.00000000 -11.50000000 	5.0926575632e+08
0.00000000 -11.00000000 	5.0926575632e+08
0.00000000 -10.50000000 	5.0926575632e+08
0.00000000 -10.00000000 	5.0926575632e+08
0.00000000 -9.50000000 	5.0926575632e+08
0.00000000 -9.00000000 	5.0926575632e+08
0.00000000 -8.50000000 	5.0926575632e+08
0.00000000 -8.00000000 	5.0926575632e+08
0.00000000 -7.50000000 	5.0926575632e+08
0.00000000 -7.00000000 	5.0926575632e+08
0.00000000 -6.50000000 	5.0926575632e+08
0.00000000 -6.00000000 	5.0926575632e+08
0.00000000 -5.50000000 	5.0926575632e+08
0.00000000 -5.00000000 	5.0914001297e+08
0.00000000 -4.50000000 	5.0876567446e+08
0.00000000 -4.00000000 	5.0714823929e+08
0.00000000 -3.50000000 	5.0399257033e+08
0.00000000 -3.00000000 	4.9736177279e+08
0.00000000 -2.50000000 	4.8902100357e+08
0.00000000 -2.00000000 	4.7956080869e+08
0.00000000 -1.50000000 	4.7388876127e+08
0.00000000 -1.00000000 	4.7388876127e+08
0.00000000 -0.50000000 	4.7956080869e+08
0.00000000 0.00000000 	4.8902100357e+08
0.00000000 0.50000000 	4.9736177279e+08
0.00000000 1.00000000 	5.0399257033e+08
0.00000000 1.50000000 	5.0714823929e+08
0.00000000 2.00000000 	5.0876567446e+08
0.00000000 2.50000000 	5.0914001297e+08
0.00000000 3.00000000 	5.0926575632e+08
0.00000000 3.50000000 	5.0926575632e+08
0.00000000 4.00000000 	5.0926575632e+08
0.00000000 4.50000000 	5.0926575632e+08
0.00000000 5.00000000 	5.0926575632e+08
0.00000000 5.50000000 	5.0926575632e+08
0.00000000 6.00000000 	5.0926575632e+08
0.00000000 6.50000000 	5.0926575632e+08
0.00000000 7.00000000 	5.0926575632e+08
0.00000000 7.50000000 	5.0926575632e+08
0.00000000 8.00000000 	5.0926575632e+08
0.50000000 -12.00000000 	5.0926575632e+08
0.50000000 -11.50000000 	5.0926575632e+08
0.50000000 -11.00000000 	5.0926575632e+08
0.50000000 -10.50000000 	5.0926575632e+08
0.50000000 -10.00000000 	5.0926575632e+08
0.50000000 -9.50000000 	5.0926575632e+08
0.50000000 -9.00000000 	5.0926575632e+08
0.50000000 -8.50000000 	5.0926575632e+08
0.50000000 -8.00000000 	5.0926575632e+08
0.50000000 -7.50000000 	5.0926575632e+08
0.50000000 -7.00000000 	5.0926575632e+08
0.50000000 -6.50000000 	5.0926575632e+08
0.50000000 -6.00000000 	5.0926575632e+08
0.50000000 -5.50000000 	5.0926575632e+08
0.50000000 -5.00000000 	5.0926575632e+08
0.50000000 -4.50000000 	5.0926575632e+08
0.50000000 -4.00000000 	5.0914001297e+08
0.50000000 -3.50000000 	5.0876567446e+08
0.50000000 -3.00000000 	5.0714823929e+08
0.50000000 -2.50000000 	5.0399257033e+08
0.50000000 -2.00000000 	4.9736177279e+08
0.50000000 -1.50000000 	4.8902100357e+08
0.50000000 -1.00000000 	4.7956080869e+08
0.50000000 -0.50000000 	4.7388876127e+08
0.50000000 0.00000000 	4.7388876127e+08
0.50000000 0.50000000 	4.7956080869e+08
0.50000000 1.00000000 	4.8902100357e+08
0.50000000 1.50000000 	4.9736177279e+08
0.50000000 2.00000000 	5.0399257033e+08
0.50000000 2.50000000 	5.0714823929e+08
0.50000000 3.00000000 	5.0889014678e+08
0.50000000 3.50000000 	5.0926575632e+08
0.50000000 4.00000000 	5.0926575632e+08
0.50000000 4.50000000 	5.0926575632e+08
0.50000000 5.00000000 	5.0926575632e+08
0.50000000 5.50000000 	5.0926575632e+08
0.50000000 6.00000000 	5.0926575632e+08
0.50000000 6.50000000 	5.0926575632e+08
0.50000000 7.00000000 	5.0926575632e+08
0.50000000 7.50000000 	5.0926575632e+08
0.50000000 8.00000000 	5.0926575632e+08
1.00000000 -12.00000000 	5.0926575632e+08
1.00000000 -11.50000000 	5.0926575632e+08
1.00000000 -11.00000000 	5.0926575632e+08
1.00000000 -10.50000000 	5.0926575632e+08
1.00000000 -10.00000000 	5.0926575632e+08
1.00000000 -9.50000000 	5.0926575632e+08
1.00000000 -9.00000000 	5.0926575632e+08
1.00000000 -8.50000000 	5.0926575632e+08
1.00000000 -8.00000000 	5.0926575632e+08
1.00000000 -7.50000000 	5.0926575632e+08
1.00000000 -7.00000000 	5.0926575632e+08
1.00000000 -6.50000000 	5.0926575632e+08
1.00000000 -6.00000000 	5.0926575632e+08
1.00000000 -5.50000000 	5.0926575632e+08
1.00000000 -5.00000000 	5.0926575632e+08
1.00000000 -4.50000000 	5.0926575632e+08
1.00000000 -4.00000000 	5.0926575632e+08
1.00000000 -3.50000000 	5.0926575632e+08
1.00000000 -3.00000000 	5.0914001297e+08
1.00000000 -2.50000000 	5.0876567446e+08
1.00000000 -2.00000000 	5.0714823929e+08
1.00000000 -1.50000000 	5.0399257033e+08
1.00000000 -1.00000000 	4.9736177279e+08
1.00000000 -0.50000000 	4.8902100357e+08
1.00000000 0.00000000 	4.7956080869e+08
1.00000000 0.50000000 	4.7388876127e+08
1.00000000 1.00000000 	4.7388876127e+08
1.00000000 1.50000000 	4.7956080869e+08
1.00000000 2.00000000 	4.8904382801e+08
1.00000000 2.50000000 	4.9759716279e+08
1.00000000 3.00000000 	5.0546469368e+08
1.00000000 3.50000000 	5.0879195518e+08
1.00000000 4.00000000 	5.0926575632e+08
1.00000000 4.50000000 	5.0926575632e+08
1.00000000 5.00000000 	5.0926575632e+08
1.00000000 5.50000000 	5.0926575632e+08
1.00000000 6.00000000 	5.0926575632e+08
1.00000000 6.50000000 	5.0926575632e+08
1.00000000 7.00000000 	5.0926575632e+08
1.00000000 7.50000000 	5.0926575632e+08
1.00000000 8.00000000 	5.0926575632e+08
1.50000000 -12.00000000 	5.0926575632e+08
1.50000000 -11.50000000 	5.0926575632e+08
1.50000000 -11.00000000 	5.0926575632e+08
1.50000000 -10.50000000 	5.0926575632e+08
1.50000000 -10.00000000 	5.0926575632e+08
1.50000000 -9.50000000 	5.0926575632e+08
1.50000000 -9.00000000 	5.0926575632e+08
1.50000000 -8.50000000 	5.0926575632e+08
1.50000000 -8.00000000 	5.0926575632e+08
1.50000000 -7.50000000 	5.0926575632e+08
1.50000000 -7.00000000 	5.0926575632e+08
1.50000000 -6.50000000 	5.0926575632e+08
1.50000000 -6.00000000 	5.0926575632e+08
1.50000000 -5.50000000 	5.0926575632e+08
1.50000000 -5.00000000 	5.0926575632e+08
1.50000000 -4.50000000 	5.0926575632e+08
1.50000000 -4.00000000 	5.0926575632e+08
1.50000000 -3.50000000 	5.0926575632e+08
1.50000000 -3.00000000 	5.0926575632e+08
1.50000000 -2.50000000 	5.0926575632e+08
1.50000000 -2.00000000 	5.0914001297e+08
1.50000000 -1.50000000 	5.0876567446e+08
1.50000000 -1.00000000 	5.0714823929e+08
1.50000000 -0.50000000 	5.0399257033e+08
1.50000000 0.00000000 	4.9736177279e+08
1.50000000 0.50000000 	4.8902100357e+08
1.50000000 1.00000000 	4.7956196886e+08
1.50000000 1.50000000 	4.7389562318e+08
1.50000000 2.00000000 	4.7421505702e+08
1.50000000 2.50000000 	4.8144205444e+08
1.50000000 3.00000000 	4.9611470794e+08
1.50000000 3.50000000 	5.0615828718e+08
1.50000000 4.00000000 	5.0897247964e+08
1.50000000 4.50000000 	5.0926575632e+08
1.50000000 5.00000000 	5.0926575632e+08
1.50000000 5.50000000 	5.0926575632e+08
1.50000000 6.00000000 	5.0926575632e+08
1.50000000 6.50000000 	5.0926575632e+08
1.50000000 7.00000000 	5.0926575632e+08
1.50000000 7.50000000 	5.0926575632e+08
1.50000000 8.00000000 	5.0926575632e+08
2.00000000 -12.00000000 	5.0926575632e+08
2.00000000 -11.50000000 	5.0926575632e+08
2.00000000 -11.00000000 	5.0926575632e+08
2.00000000 -10.50000000 	5.0926575632e+08
2.00000000 -10.00000000 	5.0926575632e+08
2.00000000 -9.50000000 	5.0926575632e+08
2.00000000 -9.00000000 	5.0926575632e+08
2.00000000 -8.50000000 	5.0926575632e+08
2.00000000 -8.00000000 	5.0926575632e+08
2.00000000 -7.50000000 	5.0926575632e+08
2.00000000 -7.00000000 	5.0926575632e+08
2.00000000 -6.50000000 	5.0926575632e+08
2.00000000 -6.00000000 	5.0926575632e+08
2.00000000 -5.50000000 	5.0926575632e+08
2.00000000 -5.00000000 	5.0926575632e+08
2.00000000 -4.50000000 	5.0926575632e+08
2.00000000 -4.00000000 	5.0926575632e+08
2.00000000 -3.50000000 	5.0926575632e+08
2.00000000 -3.00000000 	5.0926575632e+08
2.00000000 -2.50000000 	5.0926575632e+08
2.00000000 -2.00000000 	5.0926575632e+08
2.00000000 -1.50000000 	5.0926575632e+08
2.00000000 -1.00000000 	5.0914001297e+08
2.00000000 -0.50000000 	5.0876567446e+08
2.00000000 0.00000000 	5.0712545561e+08
2.00000000 0.50000000 	5.0388909722e+08
2.00000000 1.00000000 	4.9698554354e+08
2.00000000 1.50000000 	4.8826195155e+08
2.00000000 2.00000000 	4.7949127816e+08
2.00000000 2.50000000 	4.7798487656e+08
2.00000000 3.00000000 	4.9021711469e+08
2.00000000 3.50000000 	5.0314583746e+08
2.00000000 4.00000000 	5.0825306724e+08
2.00000000 4.50000000 	5.0919567961e+08
2.00000000 5.00000000 	5.0926575632e+08
2.00000000 5.50000000 	5.0926575632e+08
2.00000000 6.00000000 	5.0926575632e+08
2.00000000 6.50000000 	5.0926575632e+08
2.00000000 7.00000000 	5.0926575632e+08
2.00000000 7.50000000 	5.0926575632e+08
2.00000000 8.00000000 	5.0926575632e+08
