-8.00000000 -12.00000000 	1.1022646650e+06
-8.00000000 -11.50000000 	1.1022646650e+06
-8.00000000 -11.00000000 	1.1022646650e+06
-8.00000000 -10.50000000 	1.1022646650e+06
-8.00000000 -10.00000000 	1.1022646650e+06
-8.00000000 -9.50000000 	1.1022646650e+06
-8.00000000 -9.00000000 	1.1022646650e+06
-8.00000000 -8.50000000 	1.1022646650e+06
-8.00000000 -8.00000000 	1.1022646650e+06
-8.00000000 -7.50000000 	1.1022646650e+06
-8.00000000 -7.00000000 	1.1022646650e+06
-8.00000000 -6.50000000 	1.1022646650e+06
-8.00000000 -6.00000000 	1.1022646650e+06
-8.00000000 -5.50000000 	1.1022646650e+06
-8.00000000 -5.00000000 	1.1022646650e+06
-8.00000000 -4.50000000 	1.1022646650e+06
-8.00000000 -4.00000000 	1.1022646650e+06
-8.00000000 -3.50000000 	1.1022646650e+06
-8.00000000 -3.00000000 	1.1022646650e+06
-8.00000000 -2.50000000 	1.1022646650e+06
-8.00000000 -2.00000000 	1.1022646650e+06
-8.00000000 -1.50000000 	1.1022646650e+06
-8.00000000 -1.00000000 	1.1022646650e+06
-8.00000000 -0.50000000 	1.1022646650e+06
-8.00000000 0.00000000 	1.1022646650e+06
-8.00000000 0.50000000 	1.1022646650e+06
-8.00000000 1.00000000 	1.1022646650e+06
-8.00000000 1.50000000 	1.1022646650e+06
-8.00000000 2.00000000 	1.1022646650e+06
-8.00000000 2.50000000 	1.1022646650e+06
-8.00000000 3.00000000 	1.1022646650e+06
-8.00000000 3.50000000 	1.1022646650e+06
-8.00000000 4.00000000 	1.1022646650e+06
-8.00000000 4.50000000 	1.1022646650e+06
-8.00000000 5.00000000 	1.1022646650e+06
-8.00000000 5.50000000 	1.1022646650e+06
-8.00000000 6.00000000 	1.1022646650e+06
-8.00000000 6.50000000 	1.1022646650e+06
-8.00000000 7.00000000 	1.1022646650e+06
-8.00000000 7.50000000 	1.1022646650e+06
-8.00000000 8.00000000 	1.1022646650e+06
-7.50000000 -12.00000000 	1.0879967672e+06
-7.50000000 -11.50000000 	1.0879967672e+06
-7.50000000 -11.00000000 	1.0879967672e+06
-7.50000000 -10.50000000 	1.0879967672e+06
-7.50000000 -10.00000000 	1.0879967672e+06
-7.50000000 -9.50000000 	1.0879967672e+06
-7.50000000 -9.00000000 	1.0879967672e+06
-7.50000000 -8.50000000 	1.0879967672e+06
-7.50000000 -8.00000000 	1.0879967672e+06
-7.50000000 -7.50000000 	1.0879967672e+06
-7.50000000 -7.00000000 	1.0879967672e+06
-7.50000000 -6.50000000 	1.0879967672e+06
-7.50000000 -6.00000000 	1.0879967672e+06
-7.50000000 -5.50000000 	1.0879967672e+06
-7.50000000 -5.00000000 	1.0879967672e+06
-7.50000000 -4.50000000 	1.0879967672e+06
-7.50000000 -4.00000000 	1.0879967672e+06
-7.50000000 -3.50000000 	1.0879967672e+06
-7.50000000 -3.00000000 	1.0879967672e+06
-7.50000000 -2.50000000 	1.0879967672e+06
-7.50000000 -2.00000000 	1.0879967672e+06
-7.50000000 -1.50000000 	1.0879967672e+06
-7.50000000 -1.00000000 	1.0879967672e+06
-7.50000000 -0.50000000 	1.0879967672e+06
-7.50000000 0.00000000 	1.0879967672e+06
-7.50000000 0.50000000 	1.0879967672e+06
-7.50000000 1.00000000 	1.0879967672e+06
-7.50000000 1.50000000 	1.0879967672e+06
-7.50000000 2.00000000 	1.0879967672e+06
-7.50000000 2.50000000 	1.0879967672e+06
-7.50000000 3.00000000 	1.0879967672e+06
-7.50000000 3.50000000 	1.0879967672e+06
-7.50000000 4.00000000 	1.0879967672e+06
-7.50000000 4.50000000 	1.0879967672e+06
-7.50000000 5.00000000 	1.0879967672e+06
-7.50000000 5.50000000 	1.0879967672e+06
-7.50000000 6.00000000 	1.0879967672e+06
-7.50000000 6.50000000 	1.0879967672e+06
-7.50000000 7.00000000 	1.0879967672e+06
-7.50000000 7.50000000 	1.0879967672e+06
-7.50000000 8.00000000 	1.0879967672e+06
-7.00000000 -12.00000000 	1.0085549583e+06
-7.00000000 -11.50000000 	1.0085549583e+06
-7.00000000 -11.00000000 	1.0085549583e+06
-7.00000000 -10.50000000 	1.0085549583e+06
-7.00000000 -10.00000000 	1.0085549583e+06
-7.00000000 -9.50000000 	1.0085549583e+06
-7.00000000 -9.00000000 	1.0085549583e+06
-7.00000000 -8.50000000 	1.0085549583e+06
-7.00000000 -8.00000000 	1.0085549583e+06
-7.00000000 -7.50000000 	1.0085549583e+06
-7.00000000 -7.00000000 	1.0085549583e+06
-7.00000000 -6.50000000 	1.0085549583e+06
-7.00000000 -6.00000000 	1.0085549583e+06
-7.00000000 -5.50000000 	1.0085549583e+06
-7.00000000 -5.00000000 	1.0085549583e+06
-7.00000000 -4.50000000 	1.0085549583e+06
-7.00000000 -4.00000000 	1.0085549583e+06
-7.00000000 -3.50000000 	1.0085549583e+06
-7.00000000 -3.00000000 	1.0085549583e+06
-7.00000000 -2.50000000 	1.0085549583e+06
-7.00000000 -2.00000000 	1.0085549583e+06
-7.00000000 -1.50000000 	1.0085549583e+06
-7.00000000 -1.00000000 	1.0085549583e+06
-7.00000000 -0.50000000 	1.0085549583e+06
-7.00000000 0.00000000 	1.0085549583e+06
-7.00000000 0.50000000 	1.0085549583e+06
-7.00000000 1.00000000 	1.0085549583e+06
-7.00000000 1.50000000 	1.0085549583e+06
-7.00000000 2.00000000 	1.0085549583e+06
-7.00000000 2.50000000 	1.0085549583e+06
-7.00000000 3.00000000 	1.0085549583e+06
-7.00000000 3.50000000 	1.0085549583e+06
-7.00000000 4.00000000 	1.0085549583e+06
-7.00000000 4.50000000 	1.0085549583e+06
-7.00000000 5.00000000 	1.0085549583e+06
-7.00000000 5.50000000 	1.0085549583e+06
-7.00000000 6.00000000 	1.0085549583e+06
-7.00000000 6.50000000 	1.0085549583e+06
-7.00000000 7.00000000 	1.0085549583e+06
-7.00000000 7.50000000 	1.0085549583e+06
-7.00000000 8.00000000 	1.0085549583e+06
-6.50000000 -12.00000000 	8.8496939888e+05
-6.50000000 -11.50000000 	8.8496939888e+05
-6.50000000 -11.00000000 	8.8496939888e+05
-6.50000000 -10.50000000 	8.8496939888e+05
-6.50000000 -10.00000000 	8.8496939888e+05
-6.50000000 -9.50000000 	8.8496939888e+05
-6.50000000 -9.00000000 	8.8496939888e+05
-6.50000000 -8.50000000 	8.8496939888e+05
-6.50000000 -8.00000000 	8.8496939888e+05
-6.50000000 -7.50000000 	8.8496939888e+05
-6.50000000 -7.00000000 	8.8496939888e+05
-6.50000000 -6.50000000 	8.8496939888e+05
-6.50000000 -6.00000000 	8.8496939888e+05
-6.50000000 -5.50000000 	8.8496939888e+05
-6.50000000 -5.00000000 	8.8496939888e+05
-6.50000000 -4.50000000 	8.8496939888e+05
-6.50000000 -4.00000000 	8.8496939888e+05
-6.50000000 -3.50000000 	8.8496939888e+05
-6.50000000 -3.00000000 	8.8496939888e+05
-6.50000000 -2.50000000 	8.8496939888e+05
-6.50000000 -2.00000000 	8.8496939888e+05
-6.50000000 -1.50000000 	8.8496939888e+05
-6.50000000 -1.00000000 	8.8496939888e+05
-6.50000000 -0.50000000 	8.8496939888e+05
-6.50000000 0.00000000 	8.8496939888e+05
-6.50000000 0.50000000 	8.8496939888e+05
-6.50000000 1.00000000 	8.8496939888e+05
-6.50000000 1.50000000 	8.8496939888e+05
-6.50000000 2.00000000 	8.8496939888e+05
-6.50000000 2.50000000 	8.8496939888e+05
-6.50000000 3.00000000 	8.8496939888e+05
-6.50000000 3.50000000 	8.8496939888e+05
-6.50000000 4.00000000 	8.8496939888e+05
-6.50000000 4.50000000 	8.8496939888e+05
-6.50000000 5.00000000 	8.8496939888e+05
-6.50000000 5.50000000 	8.8496939888e+05
-6.50000000 6.00000000 	8.8496939888e+05
-6.50000000 6.50000000 	8.8496939888e+05
-6.50000000 7.00000000 	8.8496939888e+05
-6.50000000 7.50000000 	8.8496939888e+05
-6.50000000 8.00000000 	8.8496939888e+05
-6.00000000 -12.00000000 	1.4167745262e+06
-6.00000000 -11.50000000 	1.4167745262e+06
-6.00000000 -11.00000000 	1.4167745262e+06
-6.00000000 -10.50000000 	1.4167745262e+06
-6.00000000 -10.00000000 	1.4167745262e+06
-6.00000000 -9.50000000 	1.4167745262e+06
-6.00000000 -9.00000000 	1.4167745262e+06
-6.00000000 -8.50000000 	1.4167745262e+06
-6.00000000 -8.00000000 	1.4167745262e+06
-6.00000000 -7.50000000 	1.4167745262e+06
-6.00000000 -7.00000000 	1.4167745262e+06
-6.00000000 -6.50000000 	1.4167745262e+06
-6.00000000 -6.00000000 	1.4167745262e+06
-6.00000000 -5.50000000 	1.4167745262e+06
-6.00000000 -5.00000000 	1.4167745262e+06
-6.00000000 -4.50000000 	1.4167745262e+06
-6.00000000 -4.00000000 	1.4167745262e+06
-6.00000000 -3.50000000 	1.4167745262e+06
-6.00000000 -3.00000000 	1.4167745262e+06
-6.00000000 -2.50000000 	1.4167745262e+06
-6.00000000 -2.00000000 	1.4167745262e+06
-6.00000000 -1.50000000 	1.4167745262e+06
-6.00000000 -1.00000000 	1.4167745262e+06
-6.00000000 -0.50000000 	1.4167745262e+06
-6.00000000 0.00000000 	1.4167745262e+06
-6.00000000 0.50000000 	1.4167745262e+06
-6.00000000 1.00000000 	1.4167745262e+06
-6.00000000 1.50000000 	1.4167745262e+06
-6.00000000 2.00000000 	1.4167745262e+06
-6.00000000 2.50000000 	1.4167745262e+06
-6.00000000 3.00000000 	1.4167745262e+06
-6.00000000 3.50000000 	1.4167745262e+06
-6.00000000 4.00000000 	1.4167745262e+06
-6.00000000 4.50000000 	1.4167745262e+06
-6.00000000 5.00000000 	1.4167745262e+06
-6.00000000 5.50000000 	1.4167745262e+06
-6.00000000 6.00000000 	1.4167745262e+06
-6.00000000 6.50000000 	1.4167745262e+06
-6.00000000 7.00000000 	1.4167745262e+06
-6.00000000 7.50000000 	1.4167745262e+06
-6.00000000 8.00000000 	1.4167745262e+06
-5.50000000 -12.00000000 	2.5684136537e+06
-5.50000000 -11.50000000 	2.5684136537e+06
-5.50000000 -11.00000000 	2.5684136537e+06
-5.50000000 -10.50000000 	2.5684136537e+06
-5.50000000 -10.00000000 	2.5684136537e+06
-5.50000000 -9.50000000 	2.5684136537e+06
-5.50000000 -9.00000000 	2.5684136537e+06
-5.50000000 -8.50000000 	2.5684136537e+06
-5.50000000 -8.00000000 	2.5684136537e+06
-5.50000000 -7.50000000 	2.5684136537e+06
-5.50000000 -7.00000000 	2.5684136537e+06
-5.50000000 -6.50000000 	2.5684136537e+06
-5.50000000 -6.00000000 	2.5684136537e+06
-5.50000000 -5.50000000 	2.5684136537e+06
-5.50000000 -5.00000000 	2.5684136537e+06
-5.50000000 -4.50000000 	2.5684136537e+06
-5.50000000 -4.00000000 	2.5684136537e+06
-5.50000000 -3.50000000 	2.5684136537e+06
-5.50000000 -3.00000000 	2.5684136537e+06
-5.50000000 -2.50000000 	2.5684136537e+06
-5.50000000 -2.00000000 	2.5684136537e+06
-5.50000000 -1.50000000 	2.5684136537e+06
-5.50000000 -1.00000000 	2.5684136537e+06
-5.50000000 -0.50000000 	2.5684136537e+06
-5.50000000 0.00000000 	2.5684136537e+06
-5.50000000 0.50000000 	2.5684136537e+06
-5.50000000 1.00000000 	2.5684136537e+06
-5.50000000 1.50000000 	2.5684136537e+06
-5.50000000 2.00000000 	2.5684136537e+06
-5.50000000 2.50000000 	2.5684136537e+06
-5.50000000 3.00000000 	2.5684136537e+06
-5.50000000 3.50000000 	2.5684136537e+06
-5.50000000 4.00000000 	2.5684136537e+06
-5.50000000 4.50000000 	2.5684136537e+06
-5.50000000 5.00000000 	2.5684136537e+06
-5.50000000 5.50000000 	2.5684136537e+06
-5.50000000 6.00000000 	2.5684136537e+06
-5.50000000 6.50000000 	2.5684136537e+06
-5.50000000 7.00000000 	2.5684136537e+06
-5.50000000 7.50000000 	2.5684136537e+06
-5.50000000 8.00000000 	2.5684136537e+06
-5.00000000 -12.00000000 	2.5496409567e+06
-5.00000000 -11.50000000 	2.5496409567e+06
-5.00000000 -11.00000000 	2.5496409567e+06
-5.00000000 -10.50000000 	2.5496409567e+06
-5.00000000 -10.00000000 	2.5496409567e+06
-5.00000000 -9.50000000 	2.5496409567e+06
-5.00000000 -9.00000000 	2.5496409567e+06
-5.00000000 -8.50000000 	2.5496409567e+06
-5.00000000 -8.00000000 	2.5496409567e+06
-5.00000000 -7.50000000 	2.5496409567e+06
-5.00000000 -7.00000000 	2.5496409567e+06
-5.00000000 -6.50000000 	2.5496409567e+06
-5.00000000 -6.00000000 	2.5496409567e+06
-5.00000000 -5.50000000 	2.5496409567e+06
-5.00000000 -5.00000000 	2.5496409567e+06
-5.00000000 -4.50000000 	2.5496409567e+06
-5.00000000 -4.00000000 	2.5496409567e+06
-5.00000000 -3.50000000 	2.5496409567e+06
-5.00000000 -3.00000000 	2.5496409567e+06
-5.00000000 -2.50000000 	2.5496409567e+06
-5.00000000 -2.00000000 	2.5496409567e+06
-5.00000000 -1.50000000 	2.5496409567e+06
-5.00000000 -1.00000000 	2.5496409567e+06
-5.00000000 -0.50000000 	2.5496409567e+06
-5.00000000 0.00000000 	2.5496409567e+06
-5.00000000 0.50000000 	2.5496409567e+06
-5.00000000 1.00000000 	2.5496409567e+06
-5.00000000 1.50000000 	2.5496409567e+06
-5.00000000 2.00000000 	2.5496409567e+06
-5.00000000 2.50000000 	2.5496409567e+06
-5.00000000 3.00000000 	2.5496409567e+06
-5.00000000 3.50000000 	2.5496409567e+06
-5.00000000 4.00000000 	2.5496409567e+06
-5.00000000 4.50000000 	2.5496409567e+06
-5.00000000 5.00000000 	2.5496409567e+06
-5.00000000 5.50000000 	2.5496409567e+06
-5.00000000 6.00000000 	2.5496409567e+06
-5.00000000 6.50000000 	2.5496409567e+06
-5.00000000 7.00000000 	2.5496409567e+06
-5.00000000 7.50000000 	2.5496409567e+06
-5.00000000 8.00000000 	2.5496409567e+06
-4.50000000 -12.00000000 	1.6298151633e+06
-4.50000000 -11.50000000 	1.6298151633e+06
-4.50000000 -11.00000000 	1.6298151633e+06
-4.50000000 -10.50000000 	1.6298151633e+06
-4.50000000 -10.00000000 	1.6298151633e+06
-4.50000000 -9.50000000 	1.6298151633e+06
-4.50000000 -9.00000000 	1.6298151633e+06
-4.50000000 -8.50000000 	1.6298151633e+06
-4.50000000 -8.00000000 	1.6298151633e+06
-4.50000000 -7.50000000 	1.6298151633e+06
-4.50000000 -7.00000000 	1.6298151633e+06
-4.50000000 -6.50000000 	1.6298151633e+06
-4.50000000 -6.00000000 	1.6298151633e+06
-4.50000000 -5.50000000 	1.6298151633e+06
-4.50000000 -5.00000000 	1.6298151633e+06
-4.50000000 -4.50000000 	1.6298151633e+06
-4.50000000 -4.00000000 	1.6298151633e+06
-4.50000000 -3.50000000 	1.6298151633e+06
-4.50000000 -3.00000000 	1.6298151633e+06
-4.50000000 -2.50000000 	1.6298151633e+06
-4.50000000 -2.00000000 	1.6298151633e+06
-4.50000000 -1.50000000 	1.6298151633e+06
-4.50000000 -1.00000000 	1.6298151633e+06
-4.50000000 -0.50000000 	1.6298151633e+06
-4.50000000 0.00000000 	1.6298151633e+06
-4.50000000 0.50000000 	1.6298151633e+06
-4.50000000 1.00000000 	1.6298151633e+06
-4.50000000 1.50000000 	1.6298151633e+06
-4.50000000 2.00000000 	1.6298151633e+06
-4.50000000 2.50000000 	1.6298151633e+06
-4.50000000 3.00000000 	1.6298151633e+06
-4.50000000 3.50000000 	1.6298151633e+06
-4.50000000 4.00000000 	1.6298151633e+06
-4.50000000 4.50000000 	1.6298151633e+06
-4.50000000 5.00000000 	1.6298151633e+06
-4.50000000 5.50000000 	1.6298151633e+06
-4.50000000 6.00000000 	1.6298151633e+06
-4.50000000 6.50000000 	1.6298151633e+06
-4.50000000 7.00000000 	1.6298151633e+06
-4.50000000 7.50000000 	1.6298151633e+06
-4.50000000 8.00000000 	1.6298151633e+06
-4.00000000 -12.00000000 	1.1810942759e+06
-4.00000000 -11.50000000 	1.1810942759e+06
-4.00000000 -11.00000000 	1.1810942759e+06
-4.00000000 -10.50000000 	1.1810942759e+06
-4.00000000 -10.00000000 	1.1810942759e+06
-4.00000000 -9.50000000 	1.1810942759e+06
-4.00000000 -9.00000000 	1.1810942759e+06
-4.00000000 -8.50000000 	1.1810942759e+06
-4.00000000 -8.00000000 	1.1810942759e+06
-4.00000000 -7.50000000 	1.1810942759e+06
-4.00000000 -7.00000000 	1.1810942759e+06
-4.00000000 -6.50000000 	1.1810942759e+06
-4.00000000 -6.00000000 	1.1810942759e+06
-4.00000000 -5.50000000 	1.1810942759e+06
-4.00000000 -5.00000000 	1.1810942759e+06
-4.00000000 -4.50000000 	1.1810942759e+06
-4.00000000 -4.00000000 	1.1810942759e+06
-4.00000000 -3.50000000 	1.1810942759e+06
-4.00000000 -3.00000000 	1.1810942759e+06
-4.00000000 -2.50000000 	1.1810942759e+06
-4.00000000 -2.00000000 	1.1810942759e+06
-4.00000000 -1.50000000 	1.1810942759e+06
-4.00000000 -1.00000000 	1.1810942759e+06
-4.00000000 -0.50000000 	1.1810942759e+06
-4.00000000 0.00000000 	1.1810942759e+06
-4.00000000 0.50000000 	1.1810942759e+06
-4.00000000 1.00000000 	1.1810942759e+06
-4.00000000 1.50000000 	1.1810942759e+06
-4.00000000 2.00000000 	1.1810942759e+06
-4.00000000 2.50000000 	1.1810942759e+06
-4.00000000 3.00000000 	1.1810942759e+06
-4.00000000 3.50000000 	1.1810942759e+06
-4.00000000 4.00000000 	1.1810942759e+06
-4.00000000 4.50000000 	1.1810942759e+06
-4.00000000 5.00000000 	1.1810942759e+06
-4.00000000 5.50000000 	1.1810942759e+06
-4.00000000 6.00000000 	1.1810942759e+06
-4.00000000 6.50000000 	1.1810942759e+06
-4.00000000 7.00000000 	1.1810942759e+06
-4.00000000 7.50000000 	1.1810942759e+06
-4.00000000 8.00000000 	1.1810942759e+06
-3.50000000 -12.00000000 	1.1070861870e+06
-3.50000000 -11.50000000 	1.1070861870e+06
-3.50000000 -11.00000000 	1.1070861870e+06
-3.50000000 -10.50000000 	1.1070861870e+06
-3.50000000 -10.00000000 	1.1070861870e+06
-3.50000000 -9.50000000 	1.1070861870e+06
-3.50000000 -9.00000000 	1.1070861870e+06
-3.50000000 -8.50000000 	1.1070861870e+06
-3.50000000 -8.00000000 	1.1070861870e+06
-3.50000000 -7.50000000 	1.1070861870e+06
-3.50000000 -7.00000000 	1.1070861870e+06
-3.50000000 -6.50000000 	1.1070861870e+06
-3.50000000 -6.00000000 	1.1070861870e+06
-3.50000000 -5.50000000 	1.1070861870e+06
-3.50000000 -5.00000000 	1.1070861870e+06
-3.50000000 -4.50000000 	1.1070861870e+06
-3.50000000 -4.00000000 	1.1070861870e+06
-3.50000000 -3.50000000 	1.1070861870e+06
-3.50000000 -3.00000000 	1.1070861870e+06
-3.50000000 -2.50000000 	1.1070861870e+06
-3.50000000 -2.00000000 	1.1070861870e+06
-3.50000000 -1.50000000 	1.1070861870e+06
-3.50000000 -1.00000000 	1.1070861870e+06
-3.50000000 -0.50000000 	1.1070861870e+06
-3.50000000 0.00000000 	1.1070861870e+06
-3.50000000 0.50000000 	1.1070861870e+06
-3.50000000 1.00000000 	1.1070861870e+06
-3.50000000 1.50000000 	1.1070861870e+06
-3.50000000 2.00000000 	1.1070861870e+06
-3.50000000 2.50000000 	1.1070861870e+06
-3.50000000 3.00000000 	1.1070861870e+06
-3.50000000 3.50000000 	1.1070861870e+06
-3.50000000 4.00000000 	1.1070861870e+06
-3.50000000 4.50000000 	1.1070861870e+06
-3.50000000 5.00000000 	1.1070861870e+06
-3.50000000 5.50000000 	1.1070861870e+06
-3.50000000 6.00000000 	1.1070861870e+06
-3.50000000 6.50000000 	1.1070861870e+06
-3.50000000 7.00000000 	1.1070861870e+06
-3.50000000 7.50000000 	1.1070861870e+06
-3.50000000 8.00000000 	1.1070861870e+06
-3.00000000 -12.00000000 	1.1031091650e+06
-3.00000000 -11.50000000 	1.1031091650e+06
-3.00000000 -11.00000000 	1.1031091650e+06
-3.00000000 -10.50000000 	1.1031091650e+06
-3.00000000 -10.00000000 	1.1031091650e+06
-3.00000000 -9.50000000 	1.1031091650e+06
-3.00000000 -9.00000000 	1.1031091650e+06
-3.00000000 -8.50000000 	1.1031091650e+06
-3.00000000 -8.00000000 	1.1031091650e+06
-3.00000000 -7.50000000 	1.1031091650e+06
-3.00000000 -7.00000000 	1.1031091650e+06
-3.00000000 -6.50000000 	1.1031091650e+06
-3.00000000 -6.00000000 	1.1031091650e+06
-3.00000000 -5.50000000 	1.1031091650e+06
-3.00000000 -5.00000000 	1.1031091650e+06
-3.00000000 -4.50000000 	1.1031091650e+06
-3.00000000 -4.00000000 	1.1031091650e+06
-3.00000000 -3.50000000 	1.1031091650e+06
-3.00000000 -3.00000000 	1.1031091650e+06
-3.00000000 -2.50000000 	1.1031091650e+06
-3.00000000 -2.00000000 	1.1031091650e+06
-3.00000000 -1.50000000 	1.1031091650e+06
-3.00000000 -1.00000000 	1.1031091650e+06
-3.00000000 -0.50000000 	1.1031091650e+06
-3.00000000 0.00000000 	1.1030333773e+06
-3.00000000 0.50000000 	1.1030333773e+06
-3.00000000 1.00000000 	1.1030333773e+06
-3.00000000 1.50000000 	1.1030333773e+06
-3.00000000 2.00000000 	1.1030333773e+06
-3.00000000 2.50000000 	1.1030333773e+06
-3.00000000 3.00000000 	1.1031091650e+06
-3.00000000 3.50000000 	1.1031091650e+06
-3.00000000 4.00000000 	1.1031091650e+06
-3.00000000 4.50000000 	1.1031091650e+06
-3.00000000 5.00000000 	1.1031091650e+06
-3.00000000 5.50000000 	1.1031091650e+06
-3.00000000 6.00000000 	1.1031091650e+06
-3.00000000 6.50000000 	1.1031091650e+06
-3.00000000 7.00000000 	1.1031091650e+06
-3.00000000 7.50000000 	1.1031091650e+06
-3.00000000 8.00000000 	1.1031091650e+06
-2.50000000 -12.00000000 	1.1031091650e+06
-2.50000000 -11.50000000 	1.1031091650e+06
-2.50000000 -11.00000000 	1.1031091650e+06
-2.50000000 -10.50000000 	1.1031091650e+06
-2.50000000 -10.00000000 	1.1031091650e+06
-2.50000000 -9.50000000 	1.1031091650e+06
-2.50000000 -9.00000000 	1.1031091650e+06
-2.50000000 -8.50000000 	1.1031091650e+06
-2.50000000 -8.00000000 	1.1031091650e+06
-2.50000000 -7.50000000 	1.1031091650e+06
-2.50000000 -7.00000000 	1.1031091650e+06
-2.50000000 -6.50000000 	1.1031091650e+06
-2.50000000 -6.00000000 	1.1031091650e+06
-2.50000000 -5.50000000 	1.1031091650e+06
-2.50000000 -5.00000000 	1.1031091650e+06
-2.50000000 -4.50000000 	1.1031091650e+06
-2.50000000 -4.00000000 	1.1031091650e+06
-2.50000000 -3.50000000 	1.1031091650e+06
-2.50000000 -3.00000000 	1.1031091650e+06
-2.50000000 -2.50000000 	1.1031091650e+06
-2.50000000 -2.00000000 	1.1031091650e+06
-2.50000000 -1.50000000 	1.1031091650e+06
-2.50000000 -1.00000000 	1.1031091650e+06
-2.50000000 -0.50000000 	1.1027309883e+06
-2.50000000 0.00000000 	1.1015217509e+06
-2.50000000 0.50000000 	1.1012194873e+06
-2.50000000 1.00000000 	1.1012194873e+06
-2.50000000 1.50000000 	1.1012194873e+06
-2.50000000 2.00000000 	1.1012194873e+06
-2.50000000 2.50000000 	1.1015217509e+06
-2.50000000 3.00000000 	1.1027309883e+06
-2.50000000 3.50000000 	1.1031091650e+06
-2.50000000 4.00000000 	1.1031091650e+06
-2.50000000 4.50000000 	1.1031091650e+06
-2.50000000 5.00000000 	1.1031091650e+06
-2.50000000 5.50000000 	1.1031091650e+06
-2.50000000 6.00000000 	1.1031091650e+06
-2.50000000 6.50000000 	1.1031091650e+06
-2.50000000 7.00000000 	1.1031091650e+06
-2.50000000 7.50000000 	1.1031091650e+06
-2.50000000 8.00000000 	1.1031091650e+06
-2.00000000 -12.00000000 	1.1031091650e+06
-2.00000000 -11.50000000 	1.1031091650e+06
-2.00000000 -11.00000000 	1.1031091650e+06
-2.00000000 -10.50000000 	1.1031091650e+06
-2.00000000 -10.00000000 	1.1031091650e+06
-2.00000000 -9.50000000 	1.1031091650e+06
-2.00000000 -9.00000000 	1.1031091650e+06
-2.00000000 -8.50000000 	1.1031091650e+06
-2.00000000 -8.00000000 	1.1031091650e+06
-2.00000000 -7.50000000 	1.1031091650e+06
-2.00000000 -7.00000000 	1.1031091650e+06
-2.00000000 -6.50000000 	1.1031091650e+06
-2.00000000 -6.00000000 	1.1031091650e+06
-2.00000000 -5.50000000 	1.1031091650e+06
-2.00000000 -5.00000000 	1.1031091650e+06
-2.00000000 -4.50000000 	1.1031091650e+06
-2.00000000 -4.00000000 	1.1031091650e+06
-2.00000000 -3.50000000 	1.1031091650e+06
-2.00000000 -3.00000000 	1.1031091650e+06
-2.00000000 -2.50000000 	1.1031091650e+06
-2.00000000 -2.00000000 	1.1031091650e+06
-2.00000000 -1.50000000 	1.1031091650e+06
-2.00000000 -1.00000000 	1.1022778211e+06
-2.00000000 -0.50000000 	1.0974496427e+06
-2.00000000 0.00000000 	1.0887184575e+06
-2.00000000 0.50000000 	1.0851110674e+06
-2.00000000 1.00000000 	1.0846599950e+06
-2.00000000 1.50000000 	1.0846599950e+06
-2.00000000 2.00000000 	1.0851110674e+06
-2.00000000 2.50000000 	1.0887184575e+06
-2.00000000 3.00000000 	1.0974496427e+06
-2.00000000 3.50000000 	1.1022778211e+06
-2.00000000 4.00000000 	1.1031091650e+06
-2.00000000 4.50000000 	1.1031091650e+06
-2.00000000 5.00000000 	1.1031091650e+06
-2.00000000 5.50000000 	1.1031091650e+06
-2.00000000 6.00000000 	1.1031091650e+06
-2.00000000 6.50000000 	1.1031091650e+06
-2.00000000 7.00000000 	1.1031091650e+06
-2.00000000 7.50000000 	1.1031091650e+06
-2.00000000 8.00000000 	1.1031091650e+06
-1.50000000 -12.00000000 	1.1031091650e+06
-1.50000000 -11.50000000 	1.1031091650e+06
-1.50000000 -11.00000000 	1.1031091650e+06
-1.50000000 -10.50000000 	1.1031091650e+06
-1.50000000 -10.00000000 	1.1031091650e+06
-1.50000000 -9.50000000 	1.1031091650e+06
-1.50000000 -9.00000000 	1.1031091650e+06
-1.50000000 -8.50000000 	1.1031091650e+06
-1.50000000 -8.00000000 	1.1031091650e+06
-1.50000000 -7.50000000 	1.1031091650e+06
-1.50000000 -7.00000000 	1.1031091650e+06
-1.50000000 -6.50000000 	1.1031091650e+06
-1.50000000 -6.00000000 	1.1031091650e+06
-1.50000000 -5.50000000 	1.1031091650e+06
-1.50000000 -5.00000000 	1.1031091650e+06
-1.50000000 -4.50000000 	1.1031091650e+06
-1.50000000 -4.00000000 	1.1031091650e+06
-1.50000000 -3.50000000 	1.1031091650e+06
-1.50000000 -3.00000000 	1.1031091650e+06
-1.50000000 -2.50000000 	1.1031091650e+06
-1.50000000 -2.00000000 	1.1031091650e+06
-1.50000000 -1.50000000 	1.1020512570e+06
-1.50000000 -1.00000000 	1.0935322933e+06
-1.50000000 -0.50000000 	1.0686356896e+06
-1.50000000 0.00000000 	1.0353147892e+06
-1.50000000 0.50000000 	1.0189127880e+06
-1.50000000 1.00000000 	1.0153731205e+06
-1.50000000 1.50000000 	1.0153731205e+06
-1.50000000 2.00000000 	1.0189127880e+06
-1.50000000 2.50000000 	1.0353147892e+06
-1.50000000 3.00000000 	1.0686356896e+06
-1.50000000 3.50000000 	1.0935322933e+06
-1.50000000 4.00000000 	1.1019754913e+06
-1.50000000 4.50000000 	1.1031091650e+06
-1.50000000 5.00000000 	1.1031091650e+06
-1.50000000 5.50000000 	1.1031091650e+06
-1.50000000 6.00000000 	1.1031091650e+06
-1.50000000 6.50000000 	1.1031091650e+06
-1.50000000 7.00000000 	1.1031091650e+06
-1.50000000 7.50000000 	1.1031091650e+06
-1.50000000 8.00000000 	1.1031091650e+06
-1.00000000 -12.00000000 	1.1031091650e+06
-1.00000000 -11.50000000 	1.1031091650e+06
-1.00000000 -11.00000000 	1.1031091650e+06
-1.00000000 -10.50000000 	1.1031091650e+06
-1.00000000 -10.00000000 	1.1031091650e+06
-1.00000000 -9.50000000 	1.1031091650e+06
-1.00000000 -9.00000000 	1.1031091650e+06
-1.00000000 -8.50000000 	1.1031091650e+06
-1.00000000 -8.00000000 	1.1031091650e+06
-1.00000000 -7.50000000 	1.1031091650e+06
-1.00000000 -7.00000000 	1.1031091650e+06
-1.00000000 -6.50000000 	1.1031091650e+06
-1.00000000 -6.00000000 	1.1031091650e+06
-1.00000000 -5.50000000 	1.1031091650e+06
-1.00000000 -5.00000000 	1.1031091650e+06
-1.00000000 -4.50000000 	1.1031091650e+06
-1.00000000 -4.00000000 	1.1031091650e+06
-1.00000000 -3.50000000 	1.1031091650e+06
-1.00000000 -3.00000000 	1.1031091650e+06
-1.00000000 -2.50000000 	1.1031091650e+06
-1.00000000 -2.00000000 	1.1022778211e+06
-1.00000000 -1.50000000 	1.0934566964e+06
-1.00000000 -1.00000000 	1.0592980626e+06
-1.00000000 -0.50000000 	9.9635339084e+05
-1.00000000 0.00000000 	9.3123273531e+05
-1.00000000 0.50000000 	8.9921117659e+05
-1.00000000 1.00000000 	8.9103583313e+05
-1.00000000 1.50000000 	8.9103583313e+05
-1.00000000 2.00000000 	8.9921117659e+05
-1.00000000 2.50000000 	9.3123273531e+05
-1.00000000 3.00000000 	9.9635339084e+05
-1.00000000 3.50000000 	1.0589991652e+06
-1.00000000 4.00000000 	1.0922503858e+06
-1.00000000 4.50000000 	1.1019754913e+06
-1.00000000 5.00000000 	1.1031091650e+06
-1.00000000 5.50000000 	1.1031091650e+06
-1.00000000 6.00000000 	1.1031091650e+06
-1.00000000 6.50000000 	1.1031091650e+06
-1.00000000 7.00000000 	1.1031091650e+06
-1.00000000 7.50000000 	1.1031091650e+06
-1.00000000 8.00000000 	1.1031091650e+06
-0.50000000 -12.00000000 	1.1031091650e+06
-0.50000000 -11.50000000 	1.1031091650e+06
-0.50000000 -11.00000000 	1.1031091650e+06
-0.50000000 -10.50000000 	1.1031091650e+06
-0.50000000 -10.00000000 	1.1031091650e+06
-0.50000000 -9.50000000 	1.1031091650e+06
-0.50000000 -9.00000000 	1.1031091650e+06
-0.50000000 -8.50000000 	1.1031091650e+06
-0.50000000 -8.00000000 	1.1031091650e+06
-0.50000000 -7.50000000 	1.1031091650e+06
-0.50000000 -7.00000000 	1.1031091650e+06
-0.50000000 -6.50000000 	1.1031091650e+06
-0.50000000 -6.00000000 	1.1031091650e+06
-0.50000000 -5.50000000 	1.1031091650e+06
-0.50000000 -5.00000000 	1.1031091650e+06
-0.50000000 -4.50000000 	1.1031091650e+06
-0.50000000 -4.00000000 	1.1031091650e+06
-0.50000000 -3.50000000 	1.1031091650e+06
-0.50000000 -3.00000000 	1.1031091650e+06
-0.50000000 -2.50000000 	1.1027309883e+06
-0.50000000 -2.00000000 	1.0971476924e+06
-0.50000000 -1.50000000 	1.0673621970e+06
-0.50000000 -1.00000000 	9.9605968300e+05
-0.50000000 -0.50000000 	9.1246202482e+05
-0.50000000 0.00000000 	8.5206304771e+05
-0.50000000 0.50000000 	8.2889412929e+05
-0.50000000 1.00000000 	8.2444437166e+05
-0.50000000 1.50000000 	8.2444437166e+05
-0.50000000 2.00000000 	8.2889412929e+05
-0.50000000 2.50000000 	8.5206304771e+05
-0.50000000 3.00000000 	9.1203275395e+05
-0.50000000 3.50000000 	9.9254294716e+05
-0.50000000 4.00000000 	1.0589991652e+06
-0.50000000 4.50000000 	1.0935322933e+06
-0.50000000 5.00000000 	1.1022778211e+06
-0.50000000 5.50000000 	1.1031091650e+06
-0.50000000 6.00000000 	1.1031091650e+06
-0.50000000 6.50000000 	1.1031091650e+06
-0.50000000 7.00000000 	1.1031091650e+06
-0.50000000 7.50000000 	1.1031091650e+06
-0.50000000 8.00000000 	1.1031091650e+06
0.00000000 -12.00000000 	1.1031091650e+06
0.00000000 -11.50000000 	1.1031091650e+06
0.00000000 -11.00000000 	1.1031091650e+06
0.00000000 -10.50000000 	1.1031091650e+06
0.00000000 -10.00000000 	1.1031091650e+06
0.00000000 -9.50000000 	1.1031091650e+06
0.00000000 -9.00000000 	1.1031091650e+06
0.00000000 -8.50000000 	1.1031091650e+06
0.00000000 -8.00000000 	1.1031091650e+06
0.00000000 -7.50000000 	1.1031091650e+06
0.00000000 -7.00000000 	1.1031091650e+06
0.00000000 -6.50000000 	1.1031091650e+06
0.00000000 -6.00000000 	1.1031091650e+06
0.00000000 -5.50000000 	1.1031091650e+06
0.00000000 -5.00000000 	1.1031091650e+06
0.00000000 -4.50000000 	1.1031091650e+06
0.00000000 -4.00000000 	1.1031091650e+06
0.00000000 -3.50000000 	1.1031091650e+06
0.00000000 -3.00000000 	1.1030333773e+06
0.00000000 -2.50000000 	1.1010687263e+06
0.00000000 -2.00000000 	1.0848100503e+06
0.00000000 -1.50000000 	1.0257653664e+06
0.00000000 -1.00000000 	9.2749527687e+05
0.00000000 -0.50000000 	8.5164209827e+05
0.00000000 0.00000000 	8.1764951612e+05
0.00000000 0.50000000 	8.0962183879e+05
0.00000000 1.00000000 	8.0886092219e+05
0.00000000 1.50000000 	8.0886092219e+05
0.00000000 2.00000000 	8.0962183879e+05
0.00000000 2.50000000 	8.1737194744e+05
0.00000000 3.00000000 	8.4827946529e+05
0.00000000 3.50000000 	9.1203275395e+05
0.00000000 4.00000000 	9.9635339084e+05
0.00000000 4.50000000 	1.0686356896e+06
0.00000000 5.00000000 	1.0974496427e+06
0.00000000 5.50000000 	1.1027309883e+06
0.00000000 6.00000000 	1.1031091650e+06
0.00000000 6.50000000 	1.1031091650e+06
0.00000000 7.00000000 	1.1031091650e+06
0.00000000 7.50000000 	1.1031091650e+06
0.00000000 8.00000000 	1.1031091650e+06
0.50000000 -12.00000000 	1.1031091650e+06
0.50000000 -11.50000000 	1.1031091650e+06
0.50000000 -11.00000000 	1.1031091650e+06
0.50000000 -10.50000000 	1.1031091650e+06
0.50000000 -10.00000000 	1.1031091650e+06
0.50000000 -9.50000000 	1.1031091650e+06
0.50000000 -9.00000000 	1.1031091650e+06
0.50000000 -8.50000000 	1.1031091650e+06
0.50000000 -8.00000000 	1.1031091650e+06
0.50000000 -7.50000000 	1.1031091650e+06
0.50000000 -7.00000000 	1.1031091650e+06
0.50000000 -6.50000000 	1.1031091650e+06
0.50000000 -6.00000000 	1.1031091650e+06
0.50000000 -5.50000000 	1.1031091650e+06
0.50000000 -5.00000000 	1.1031091650e+06
0.50000000 -4.50000000 	1.1031091650e+06
0.50000000 -4.00000000 	1.1031091650e+06
0.50000000 -3.50000000 	1.1031091650e+06
0.50000000 -3.00000000 	1.1027309883e+06
0.50000000 -2.50000000 	1.0971477005e+06
0.50000000 -2.00000000 	1.0650474651e+06
0.50000000 -1.50000000 	9.8013118410e+05
0.50000000 -1.00000000 	8.8020361211e+05
0.50000000 -0.50000000 	8.2514028266e+05
0.50000000 0.00000000 	8.0934505314e+05
0.50000000 0.50000000 	8.0727043054e+05
0.50000000 1.00000000 	8.0720112960e+05
0.50000000 1.50000000 	8.0720112960e+05
0.50000000 2.00000000 	8.0720112960e+05
0.50000000 2.50000000 	8.0823824280e+05
0.50000000 3.00000000 	8.1737194744e+05
0.50000000 3.50000000 	8.5206304771e+05
0.50000000 4.00000000 	9.3123273531e+05
0.50000000 4.50000000 	1.0353147892e+06
0.50000000 5.00000000 	1.0887184575e+06
0.50000000 5.50000000 	1.1015217509e+06
0.50000000 6.00000000 	1.1030333773e+06
0.50000000 6.50000000 	1.1031091650e+06
0.50000000 7.00000000 	1.1031091650e+06
0.50000000 7.50000000 	1.1031091650e+06
0.50000000 8.00000000 	1.1031091650e+06
1.00000000 -12.00000000 	1.1031091650e+06
1.00000000 -11.50000000 	1.1031091650e+06
1.00000000 -11.00000000 	1.1031091650e+06
1.00000000 -10.50000000 	1.1031091650e+06
1.00000000 -10.00000000 	1.1031091650e+06
1.00000000 -9.50000000 	1.1031091650e+06
1.00000000 -9.00000000 	1.1031091650e+06
1.00000000 -8.50000000 	1.1031091650e+06
1.00000000 -8.00000000 	1.1031091650e+06
1.00000000 -7.50000000 	1.1031091650e+06
1.00000000 -7.00000000 	1.1031091650e+06
1.00000000 -6.50000000 	1.1031091650e+06
1.00000000 -6.00000000 	1.1031091650e+06
1.00000000 -5.50000000 	1.1031091650e+06
1.00000000 -5.00000000 	1.1031091650e+06
1.00000000 -4.50000000 	1.1031091650e+06
1.00000000 -4.00000000 	1.1031091650e+06
1.00000000 -3.50000000 	1.1030333773e+06
1.00000000 -3.00000000 	1.1015217509e+06
1.00000000 -2.50000000 	1.0887184575e+06
1.00000000 -2.00000000 	1.0348697339e+06
1.00000000 -1.50000000 	9.2778302460e+05
1.00000000 -1.00000000 	8.4394275712e+05
1.00000000 -0.50000000 	8.1293998617e+05
1.00000000 0.00000000 	8.0747769882e+05
1.00000000 0.50000000 	8.0713183035e+05
1.00000000 1.00000000 	8.0713183035e+05
1.00000000 1.50000000 	8.0713183035e+05
1.00000000 2.00000000 	8.0713183035e+05
1.00000000 2.50000000 	8.0720112960e+05
1.00000000 3.00000000 	8.0962183879e+05
1.00000000 3.50000000 	8.2889412929e+05
1.00000000 4.00000000 	8.9921117659e+05
1.00000000 4.50000000 	1.0189127880e+06
1.00000000 5.00000000 	1.0851110674e+06
1.00000000 5.50000000 	1.1012194873e+06
1.00000000 6.00000000 	1.1030333773e+06
1.00000000 6.50000000 	1.1031091650e+06
1.00000000 7.00000000 	1.1031091650e+06
1.00000000 7.50000000 	1.1031091650e+06
1.00000000 8.00000000 	1.1031091650e+06
1.50000000 -12.00000000 	1.1031091650e+06
1.50000000 -11.50000000 	1.1031091650e+06
1.50000000 -11.00000000 	1.1031091650e+06
1.50000000 -10.50000000 	1.1031091650e+06
1.50000000 -10.00000000 	1.1031091650e+06
1.50000000 -9.50000000 	1.1031091650e+06
1.50000000 -9.00000000 	1.1031091650e+06
1.50000000 -8.50000000 	1.1031091650e+06
1.50000000 -8.00000000 	1.1031091650e+06
1.50000000 -7.50000000 	1.1031091650e+06
1.50000000 -7.00000000 	1.1031091650e+06
1.50000000 -6.50000000 	1.1031091650e+06
1.50000000 -6.00000000 	1.1031091650e+06
1.50000000 -5.50000000 	1.1031091650e+06
1.50000000 -5.00000000 	1.1031091650e+06
1.50000000 -4.50000000 	1.1031091650e+06
1.50000000 -4.00000000 	1.1031091650e+06
1.50000000 -3.50000000 	1.1030333773e+06
1.50000000 -3.00000000 	1.1012194873e+06
1.50000000 -2.50000000 	1.0851110674e+06
1.50000000 -2.00000000 	1.0189127880e+06
1.50000000 -1.50000000 	8.9892595571e+05
1.50000000 -1.00000000 	8.2777973132e+05
1.50000000 -0.50000000 	8.0927570683e+05
1.50000000 0.00000000 	8.0720112960e+05
1.50000000 0.50000000 	8.0713183035e+05
1.50000000 1.00000000 	8.0713183035e+05
1.50000000 1.50000000 	8.0713183035e+05
1.50000000 2.00000000 	8.0713183035e+05
1.50000000 2.50000000 	8.0720112960e+05
1.50000000 3.00000000 	8.0886092219e+05
1.50000000 3.50000000 	8.2444437166e+05
1.50000000 4.00000000 	8.9096454684e+05
1.50000000 4.50000000 	1.0153731205e+06
1.50000000 5.00000000 	1.0846599950e+06
1.50000000 5.50000000 	1.1012194873e+06
1.50000000 6.00000000 	1.1030333773e+06
1.50000000 6.50000000 	1.1031091650e+06
1.50000000 7.00000000 	1.1031091650e+06
1.50000000 7.50000000 	1.1031091650e+06
1.50000000 8.00000000 	1.1031091650e+06
2.00000000 -12.00000000 	1.1031091650e+06
2.00000000 -11.50000000 	1.1031091650e+06
2.00000000 -11.00000000 	1.1031091650e+06
2.00000000 -10.50000000 	1.1031091650e+06
2.00000000 -10.00000000 	1.1031091650e+06
2.00000000 -9.50000000 	1.1031091650e+06
2.00000000 -9.00000000 	1.1031091650e+06
2.00000000 -8.50000000 	1.1031091650e+06
2.00000000 -8.00000000 	1.1031091650e+06
2.00000000 -7.50000000 	1.1031091650e+06
2.00000000 -7.00000000 	1.1031091650e+06
2.00000000 -6.50000000 	1.1031091650e+06
2.00000000 -6.00000000 	1.1031091650e+06
2.00000000 -5.50000000 	1.1031091650e+06
2.00000000 -5.00000000 	1.1031091650e+06
2.00000000 -4.50000000 	1.1031091650e+06
2.00000000 -4.00000000 	1.1031091650e+06
2.00000000 -3.50000000 	1.1030333773e+06
2.00000000 -3.00000000 	1.1012194873e+06
2.00000000 -2.50000000 	1.0846599950e+06
2.00000000 -2.00000000 	1.0153731205e+06
2.00000000 -1.50000000 	8.9103548502e+05
2.00000000 -1.00000000 	8.2437465137e+05
2.00000000 -0.50000000 	8.0886092219e+05
2.00000000 0.00000000 	8.0720112960e+05
2.00000000 0.50000000 	8.0713183035e+05
2.00000000 1.00000000 	8.0713183035e+05
2.00000000 1.50000000 	8.0713183035e+05
2.00000000 2.00000000 	8.0713183035e+05
2.00000000 2.50000000 	8.0720112960e+05
2.00000000 3.00000000 	8.0886092219e+05
2.00000000 3.50000000 	8.2409644005e+05
2.00000000 4.00000000 	8.8982690284e+05
2.00000000 4.50000000 	1.0150778205e+06
2.00000000 5.00000000 	1.0846599950e+06
2.00000000 5.50000000 	1.1012194873e+06
2.00000000 6.00000000 	1.1030333773e+06
2.00000000 6.50000000 	1.1031091650e+06
2.00000000 7.00000000 	1.1031091650e+06
2.00000000 7.50000000 	1.1031091650e+06
2.00000000 8.00000000 	1.1031091650e+06
