-11.31370850 	-100.0000000000
-10.60660172 	-100.0000000000
-9.89949494 	-100.0000000000
-9.19238816 	-100.0000000000
-8.48528137 	-100.0000000000
-7.77817459 	-100.0000000000
-7.07106781 	-100.0000000000
-6.36396103 	-100.0000000000
-5.65685425 	-100.0000000000
-4.94974747 	-100.0000000000
-4.24264069 	-100.0000000000
-3.53553391 	-100.0000000000
-2.82842712 	-100.0000000000
-2.12132034 	-100.0000000000
-1.41421356 	-99.8361624049
-0.70710678 	-93.7739965210
0.00000000 	-58.3902499012
0.70710678 	13.0397809096
1.41421356 	74.6904414838
2.12132034 	97.6782859973
2.82842712 	99.9673796220
