-11.31370850 	-100.0000000000
-10.60660172 	-100.0000000000
-9.89949494 	-100.0000000000
-9.19238816 	-100.0000000000
-8.48528137 	-100.0000000000
-7.77817459 	-100.0000000000
-7.07106781 	-100.0000000000
-6.36396103 	-100.0000000000
-5.65685425 	-100.0000000000
-4.94974747 	-100.0000000000
-4.24264069 	-100.0000000000
-3.53553391 	-100.0000000000
-2.82842712 	-100.0000000000
-2.12132034 	-99.9999120997
-1.41421356 	-99.9124376415
-0.70710678 	-96.5544233765
0.00000000 	-67.5366444692
0.70710678 	17.8341842209
1.41421356 	82.3188179487
2.12132034 	98.7686286605
2.82842712 	99.9840377892
