-8.00000000 	-100.0000000000
-7.50000000 	-100.0000000000
-7.00000000 	-100.0000000000
-6.50000000 	-100.0000000000
-6.00000000 	-100.0000000000
-5.50000000 	-100.0000000000
-5.00000000 	-100.0000000000
-4.50000000 	-100.0000000000
-4.00000000 	-100.0000000000
-3.50000000 	-100.0000000000
-3.00000000 	-100.0000000000
-2.50000000 	-100.0000000000
-2.00000000 	-99.9550602920
-1.50000000 	-99.1864071456
-1.00000000 	-93.8519762358
-0.50000000 	-74.2723161978
0.00000000 	-31.2125661365
0.50000000 	31.2125661365
1.00000000 	74.2723161978
1.50000000 	93.8519762358
2.00000000 	99.1786284309
