-8.00000000 -12.00000000 	70.7106781187
-8.00000000 -11.00000000 	70.4178691918
-8.00000000 -10.00000000 	65.9151932388
-8.00000000 -9.00000000 	42.0062290458
-8.00000000 -8.00000000 	-10.2064432431
-8.00000000 -7.00000000 	-49.4316928477
-8.00000000 -6.00000000 	-66.8234709626
-8.00000000 -5.00000000 	-70.7106781187
-8.00000000 -4.00000000 	-70.7106781187
-8.00000000 -3.00000000 	-70.7106781187
-8.00000000 -2.00000000 	-70.7106781187
-8.00000000 -1.00000000 	-70.7106781187
-8.00000000 0.00000000 	-70.7106781187
-8.00000000 1.00000000 	-70.7106781187
-8.00000000 2.00000000 	-70.7106781187
-8.00000000 3.00000000 	-70.7106781187
-8.00000000 4.00000000 	-70.7106781187
-8.00000000 5.00000000 	-70.7106781187
-8.00000000 6.00000000 	-70.7106781187
-8.00000000 7.00000000 	-70.7106781187
-8.00000000 8.00000000 	-70.7106781187
-7.00000000 -12.00000000 	70.7106781187
-7.00000000 -11.00000000 	70.7106781187
-7.00000000 -10.00000000 	69.1542802308
-7.00000000 -9.00000000 	56.1691108754
-7.00000000 -8.00000000 	20.2801251321
-7.00000000 -7.00000000 	-19.1621378312
-7.00000000 -6.00000000 	-50.6197415494
-7.00000000 -5.00000000 	-66.8234709626
-7.00000000 -4.00000000 	-70.7106781187
-7.00000000 -3.00000000 	-70.7106781187
-7.00000000 -2.00000000 	-70.7106781187
-7.00000000 -1.00000000 	-70.7106781187
-7.00000000 0.00000000 	-70.7106781187
-7.00000000 1.00000000 	-70.7106781187
-7.00000000 2.00000000 	-70.7106781187
-7.00000000 3.00000000 	-70.7106781187
-7.00000000 4.00000000 	-70.7106781187
-7.00000000 5.00000000 	-70.7106781187
-7.00000000 6.00000000 	-70.7106781187
-7.00000000 7.00000000 	-70.7106781187
-7.00000000 8.00000000 	-70.7106781187
-6.00000000 -12.00000000 	70.7106781187
-6.00000000 -11.00000000 	70.7106781187
-6.00000000 -10.00000000 	70.7106781187
-6.00000000 -9.00000000 	67.5079934046
-6.00000000 -8.00000000 	50.6197415494
-6.00000000 -7.00000000 	19.1621378312
-6.00000000 -6.00000000 	-19.1621378312
-6.00000000 -5.00000000 	-50.6197415494
-6.00000000 -4.00000000 	-66.8234709626
-6.00000000 -3.00000000 	-70.7106781187
-6.00000000 -2.00000000 	-70.7106781187
-6.00000000 -1.00000000 	-70.7106781187
-6.00000000 0.00000000 	-70.7106781187
-6.00000000 1.00000000 	-70.7106781187
-6.00000000 2.00000000 	-70.7106781187
-6.00000000 3.00000000 	-70.7106781187
-6.00000000 4.00000000 	-70.7106781187
-6.00000000 5.00000000 	-70.7106781187
-6.00000000 6.00000000 	-70.7106781187
-6.00000000 7.00000000 	-70.7106781187
-6.00000000 8.00000000 	-70.7106781187
-5.00000000 -12.00000000 	70.7106781187
-5.00000000 -11.00000000 	70.7106781187
-5.00000000 -10.00000000 	70.7106781187
-5.00000000 -9.00000000 	70.7106781187
-5.00000000 -8.00000000 	66.8234709626
-5.00000000 -7.00000000 	50.6197415494
-5.00000000 -6.00000000 	19.1621378312
-5.00000000 -5.00000000 	-19.1621378312
-5.00000000 -4.00000000 	-50.6197415494
-5.00000000 -3.00000000 	-66.8234709626
-5.00000000 -2.00000000 	-70.7106781187
-5.00000000 -1.00000000 	-70.7106781187
-5.00000000 0.00000000 	-70.7106781187
-5.00000000 1.00000000 	-70.7106781187
-5.00000000 2.00000000 	-70.7106781187
-5.00000000 3.00000000 	-70.7106781187
-5.00000000 4.00000000 	-70.7106781187
-5.00000000 5.00000000 	-70.7106781187
-5.00000000 6.00000000 	-70.7106781187
-5.00000000 7.00000000 	-70.7106781187
-5.00000000 8.00000000 	-70.7106781187
-4.00000000 -12.00000000 	70.7106781187
-4.00000000 -11.00000000 	70.7106781187
-4.00000000 -10.00000000 	70.7106781187
-4.00000000 -9.00000000 	70.7106781187
-4.00000000 -8.00000000 	70.7106781187
-4.00000000 -7.00000000 	66.8234709626
-4.00000000 -6.00000000 	50.6197415494
-4.00000000 -5.00000000 	19.1621378312
-4.00000000 -4.00000000 	-19.1621378312
-4.00000000 -3.00000000 	-50.6197415494
-4.00000000 -2.00000000 	-66.8234709626
-4.00000000 -1.00000000 	-70.7106781187
-4.00000000 0.00000000 	-70.7106781187
-4.00000000 1.00000000 	-70.7106781187
-4.00000000 2.00000000 	-70.7106781187
-4.00000000 3.00000000 	-70.7106781187
-4.00000000 4.00000000 	-70.7106781187
-4.00000000 5.00000000 	-70.7106781187
-4.00000000 6.00000000 	-70.7106781187
-4.00000000 7.00000000 	-70.7106781187
-4.00000000 8.00000000 	-70.7106781187
-3.00000000 -12.00000000 	70.7106781187
-3.00000000 -11.00000000 	70.7106781187
-3.00000000 -10.00000000 	70.7106781187
-3.00000000 -9.00000000 	70.7106781187
-3.00000000 -8.00000000 	70.7106781187
-3.00000000 -7.00000000 	70.7106781187
-3.00000000 -6.00000000 	66.8234709626
-3.00000000 -5.00000000 	50.6197415494
-3.00000000 -4.00000000 	19.1621378312
-3.00000000 -3.00000000 	-19.1621378312
-3.00000000 -2.00000000 	-50.6197415494
-3.00000000 -1.00000000 	-66.8234709626
-3.00000000 0.00000000 	-70.7106781187
-3.00000000 1.00000000 	-70.7106781187
-3.00000000 2.00000000 	-70.7106781187
-3.00000000 3.00000000 	-70.7106781187
-3.00000000 4.00000000 	-70.7106781187
-3.00000000 5.00000000 	-70.7106781187
-3.00000000 6.00000000 	-70.7106781187
-3.00000000 7.00000000 	-70.7106781187
-3.00000000 8.00000000 	-70.7106781187
-2.00000000 -12.00000000 	70.7106781187
-2.00000000 -11.00000000 	70.7106781187
-2.00000000 -10.00000000 	70.7106781187
-2.00000000 -9.00000000 	70.7106781187
-2.00000000 -8.00000000 	70.7106781187
-2.00000000 -7.00000000 	70.7106781187
-2.00000000 -6.00000000 	70.7106781187
-2.00000000 -5.00000000 	66.8234709626
-2.00000000 -4.00000000 	50.6197415494
-2.00000000 -3.00000000 	19.1621378312
-2.00000000 -2.00000000 	-19.1621378312
-2.00000000 -1.00000000 	-50.6197415494
-2.00000000 0.00000000 	-66.8234709626
-2.00000000 1.00000000 	-70.7106781187
-2.00000000 2.00000000 	-70.7106781187
-2.00000000 3.00000000 	-70.7106781187
-2.00000000 4.00000000 	-70.7106781187
-2.00000000 5.00000000 	-70.7106781187
-2.00000000 6.00000000 	-70.7106781187
-2.00000000 7.00000000 	-70.7106781187
-2.00000000 8.00000000 	-70.7106781187
-1.00000000 -12.00000000 	70.7106781187
-1.00000000 -11.00000000 	70.7106781187
-1.00000000 -10.00000000 	70.7106781187
-1.00000000 -9.00000000 	70.7106781187
-1.00000000 -8.00000000 	70.7106781187
-1.00000000 -7.00000000 	70.7106781187
-1.00000000 -6.00000000 	70.7106781187
-1.00000000 -5.00000000 	70.7106781187
-1.00000000 -4.00000000 	66.8234709626
-1.00000000 -3.00000000 	50.6197415494
-1.00000000 -2.00000000 	19.1621378312
-1.00000000 -1.00000000 	-19.1621378312
-1.00000000 0.00000000 	-50.6197415494
-1.00000000 1.00000000 	-66.8234709626
-1.00000000 2.00000000 	-70.7106781187
-1.00000000 3.00000000 	-70.7106781187
-1.00000000 4.00000000 	-70.7106781187
-1.00000000 5.00000000 	-70.7106781187
-1.00000000 6.00000000 	-70.7106781187
-1.00000000 7.00000000 	-70.7106781187
-1.00000000 8.00000000 	-70.7106781187
0.00000000 -12.00000000 	70.7106781187
0.00000000 -11.00000000 	70.7106781187
0.00000000 -10.00000000 	70.7106781187
0.00000000 -9.00000000 	70.7106781187
0.00000000 -8.00000000 	70.7106781187
0.00000000 -7.00000000 	70.7106781187
0.00000000 -6.00000000 	70.7106781187
0.00000000 -5.00000000 	70.7106781187
0.00000000 -4.00000000 	70.7106781187
0.00000000 -3.00000000 	66.8234709626
0.00000000 -2.00000000 	50.6197415494
0.00000000 -1.00000000 	19.1621378312
0.00000000 0.00000000 	-19.1621378312
0.00000000 1.00000000 	-50.6197415494
0.00000000 2.00000000 	-67.5079934046
0.00000000 3.00000000 	-70.7106781187
0.00000000 4.00000000 	-70.7106781187
0.00000000 5.00000000 	-70.7106781187
0.00000000 6.00000000 	-70.7106781187
0.00000000 7.00000000 	-70.7106781187
0.00000000 8.00000000 	-70.7106781187
1.00000000 -12.00000000 	70.7106781187
1.00000000 -11.00000000 	70.7106781187
1.00000000 -10.00000000 	70.7106781187
1.00000000 -9.00000000 	70.7106781187
1.00000000 -8.00000000 	70.7106781187
1.00000000 -7.00000000 	70.7106781187
1.00000000 -6.00000000 	70.7106781187
1.00000000 -5.00000000 	70.7106781187
1.00000000 -4.00000000 	70.7106781187
1.00000000 -3.00000000 	70.7106781187
1.00000000 -2.00000000 	66.8234709626
1.00000000 -1.00000000 	50.6197415494
1.00000000 0.00000000 	19.1621378312
1.00000000 1.00000000 	-20.2801251321
1.00000000 2.00000000 	-56.1691108754
1.00000000 3.00000000 	-69.1542802308
1.00000000 4.00000000 	-70.7106781187
1.00000000 5.00000000 	-70.7106781187
1.00000000 6.00000000 	-70.7106781187
1.00000000 7.00000000 	-70.7106781187
1.00000000 8.00000000 	-70.7106781187
2.00000000 -12.00000000 	70.7106781187
2.00000000 -11.00000000 	70.7106781187
2.00000000 -10.00000000 	70.7106781187
2.00000000 -9.00000000 	70.7106781187
2.00000000 -8.00000000 	70.7106781187
2.00000000 -7.00000000 	70.7106781187
2.00000000 -6.00000000 	70.7106781187
2.00000000 -5.00000000 	70.7106781187
2.00000000 -4.00000000 	70.7106781187
2.00000000 -3.00000000 	70.7106781187
2.00000000 -2.00000000 	70.7106781187
2.00000000 -1.00000000 	66.8234709626
2.00000000 0.00000000 	49.4316928477
2.00000000 1.00000000 	10.2064432431
2.00000000 2.00000000 	-42.0062290458
2.00000000 3.00000000 	-65.9151932388
2.00000000 4.00000000 	-70.4178691918
2.00000000 5.00000000 	-70.7106781187
2.00000000 6.00000000 	-70.7106781187
2.00000000 7.00000000 	-70.7106781187
2.00000000 8.00000000 	-70.7106781187
