-8.00000000 -12.00000000 	70.7106781187
-8.00000000 -11.50000000 	70.7106781187
-8.00000000 -11.00000000 	70.7106781187
-8.00000000 -10.50000000 	70.7106781187
-8.00000000 -10.00000000 	70.7106781187
-8.00000000 -9.50000000 	70.7106781187
-8.00000000 -9.00000000 	68.8683061789
-8.00000000 -8.50000000 	47.5398714131
-8.00000000 -8.00000000 	-23.0353792859
-8.00000000 -7.50000000 	-60.1937250717
-8.00000000 -7.00000000 	-69.4145754191
-8.00000000 -6.50000000 	-70.6426278866
-8.00000000 -6.00000000 	-70.7106781187
-8.00000000 -5.50000000 	-70.7106781187
-8.00000000 -5.00000000 	-70.7106781187
-8.00000000 -4.50000000 	-70.7106781187
-8.00000000 -4.00000000 	-70.7106781187
-8.00000000 -3.50000000 	-70.7106781187
-8.00000000 -3.00000000 	-70.7106781187
-8.00000000 -2.50000000 	-70.7106781187
-8.00000000 -2.00000000 	-70.7106781187
-8.00000000 -1.50000000 	-70.7106781187
-8.00000000 -1.00000000 	-70.7106781187
-8.00000000 -0.50000000 	-70.7106781187
-8.00000000 0.00000000 	-70.7106781187
-8.00000000 0.50000000 	-70.7106781187
-8.00000000 1.00000000 	-70.7106781187
-8.00000000 1.50000000 	-70.7106781187
-8.00000000 2.00000000 	-70.7106781187
-8.00000000 2.50000000 	-70.7106781187
-8.00000000 3.00000000 	-70.7106781187
-8.00000000 3.50000000 	-70.7106781187
-8.00000000 4.00000000 	-70.7106781187
-8.00000000 4.50000000 	-70.7106781187
-8.00000000 5.00000000 	-70.7106781187
-8.00000000 5.50000000 	-70.7106781187
-8.00000000 6.00000000 	-70.7106781187
-8.00000000 6.50000000 	-70.7106781187
-8.00000000 7.00000000 	-70.7106781187
-8.00000000 7.50000000 	-70.7106781187
-8.00000000 8.00000000 	-70.7106781187
-7.50000000 -12.00000000 	70.7106781187
-7.50000000 -11.50000000 	70.7106781187
-7.50000000 -11.00000000 	70.7106781187
-7.50000000 -10.50000000 	70.7106781187
-7.50000000 -10.00000000 	70.7106781187
-7.50000000 -9.50000000 	70.7106781187
-7.50000000 -9.00000000 	70.1175864541
-7.50000000 -8.50000000 	62.6021725002
-7.50000000 -8.00000000 	29.3758503995
-7.50000000 -7.50000000 	-28.8417390785
-7.50000000 -7.00000000 	-60.7236801740
-7.50000000 -6.50000000 	-69.4217718636
-7.50000000 -6.00000000 	-70.6426278866
-7.50000000 -5.50000000 	-70.7106781187
-7.50000000 -5.00000000 	-70.7106781187
-7.50000000 -4.50000000 	-70.7106781187
-7.50000000 -4.00000000 	-70.7106781187
-7.50000000 -3.50000000 	-70.7106781187
-7.50000000 -3.00000000 	-70.7106781187
-7.50000000 -2.50000000 	-70.7106781187
-7.50000000 -2.00000000 	-70.7106781187
-7.50000000 -1.50000000 	-70.7106781187
-7.50000000 -1.00000000 	-70.7106781187
-7.50000000 -0.50000000 	-70.7106781187
-7.50000000 0.00000000 	-70.7106781187
-7.50000000 0.50000000 	-70.7106781187
-7.50000000 1.00000000 	-70.7106781187
-7.50000000 1.50000000 	-70.7106781187
-7.50000000 2.00000000 	-70.7106781187
-7.50000000 2.50000000 	-70.7106781187
-7.50000000 3.00000000 	-70.7106781187
-7.50000000 3.50000000 	-70.7106781187
-7.50000000 4.00000000 	-70.7106781187
-7.50000000 4.50000000 	-70.7106781187
-7.50000000 5.00000000 	-70.7106781187
-7.50000000 5.50000000 	-70.7106781187
-7.50000000 6.00000000 	-70.7106781187
-7.50000000 6.50000000 	-70.7106781187
-7.50000000 7.00000000 	-70.7106781187
-7.50000000 7.50000000 	-70.7106781187
-7.50000000 8.00000000 	-70.7106781187
-7.00000000 -12.00000000 	70.7106781187
-7.00000000 -11.50000000 	70.7106781187
-7.00000000 -11.00000000 	70.7106781187
-7.00000000 -10.50000000 	70.7106781187
-7.00000000 -10.00000000 	70.7106781187
-7.00000000 -9.50000000 	70.7106781187
-7.00000000 -9.00000000 	70.6426278866
-7.00000000 -8.50000000 	69.4217718636
-7.00000000 -8.00000000 	60.7236801740
-7.00000000 -7.50000000 	28.8757547414
-7.00000000 -7.00000000 	-28.8757547414
-7.00000000 -6.50000000 	-60.7236801740
-7.00000000 -6.00000000 	-69.4217718636
-7.00000000 -5.50000000 	-70.6426278866
-7.00000000 -5.00000000 	-70.7106781187
-7.00000000 -4.50000000 	-70.7106781187
-7.00000000 -4.00000000 	-70.7106781187
-7.00000000 -3.50000000 	-70.7106781187
-7.00000000 -3.00000000 	-70.7106781187
-7.00000000 -2.50000000 	-70.7106781187
-7.00000000 -2.00000000 	-70.7106781187
-7.00000000 -1.50000000 	-70.7106781187
-7.00000000 -1.00000000 	-70.7106781187
-7.00000000 -0.50000000 	-70.7106781187
-7.00000000 0.00000000 	-70.7106781187
-7.00000000 0.50000000 	-70.7106781187
-7.00000000 1.00000000 	-70.7106781187
-7.00000000 1.50000000 	-70.7106781187
-7.00000000 2.00000000 	-70.7106781187
-7.00000000 2.50000000 	-70.7106781187
-7.00000000 3.00000000 	-70.7106781187
-7.00000000 3.50000000 	-70.7106781187
-7.00000000 4.00000000 	-70.7106781187
-7.00000000 4.50000000 	-70.7106781187
-7.00000000 5.00000000 	-70.7106781187
-7.00000000 5.50000000 	-70.7106781187
-7.00000000 6.00000000 	-70.7106781187
-7.00000000 6.50000000 	-70.7106781187
-7.00000000 7.00000000 	-70.7106781187
-7.00000000 7.50000000 	-70.7106781187
-7.00000000 8.00000000 	-70.7106781187
-6.50000000 -12.00000000 	70.7106781187
-6.50000000 -11.50000000 	70.7106781187
-6.50000000 -11.00000000 	70.7106781187
-6.50000000 -10.50000000 	70.7106781187
-6.50000000 -10.00000000 	70.7106781187
-6.50000000 -9.50000000 	70.7106781187
-6.50000000 -9.00000000 	70.7106781187
-6.50000000 -8.50000000 	70.6426278866
-6.50000000 -8.00000000 	69.4217718636
-6.50000000 -7.50000000 	60.7236801740
-6.50000000 -7.00000000 	28.8757547414
-6.50000000 -6.50000000 	-28.8757547414
-6.50000000 -6.00000000 	-60.7236801740
-6.50000000 -5.50000000 	-69.4217718636
-6.50000000 -5.00000000 	-70.6426278866
-6.50000000 -4.50000000 	-70.7106781187
-6.50000000 -4.00000000 	-70.7106781187
-6.50000000 -3.50000000 	-70.7106781187
-6.50000000 -3.00000000 	-70.7106781187
-6.50000000 -2.50000000 	-70.7106781187
-6.50000000 -2.00000000 	-70.7106781187
-6.50000000 -1.50000000 	-70.7106781187
-6.50000000 -1.00000000 	-70.7106781187
-6.50000000 -0.50000000 	-70.7106781187
-6.50000000 0.00000000 	-70.7106781187
-6.50000000 0.50000000 	-70.7106781187
-6.50000000 1.00000000 	-70.7106781187
-6.50000000 1.50000000 	-70.7106781187
-6.50000000 2.00000000 	-70.7106781187
-6.50000000 2.50000000 	-70.7106781187
-6.50000000 3.00000000 	-70.7106781187
-6.50000000 3.50000000 	-70.7106781187
-6.50000000 4.00000000 	-70.7106781187
-6.50000000 4.50000000 	-70.7106781187
-6.50000000 5.00000000 	-70.7106781187
-6.50000000 5.50000000 	-70.7106781187
-6.50000000 6.00000000 	-70.7106781187
-6.50000000 6.50000000 	-70.7106781187
-6.50000000 7.00000000 	-70.7106781187
-6.50000000 7.50000000 	-70.7106781187
-6.50000000 8.00000000 	-70.7106781187
-6.00000000 -12.00000000 	70.7106781187
-6.00000000 -11.50000000 	70.7106781187
-6.00000000 -11.00000000 	70.7106781187
-6.00000000 -10.50000000 	70.7106781187
-6.00000000 -10.00000000 	70.7106781187
-6.00000000 -9.50000000 	70.7106781187
-6.00000000 -9.00000000 	70.7106781187
-6.00000000 -8.50000000 	70.7106781187
-6.00000000 -8.00000000 	70.6426278866
-6.00000000 -7.50000000 	69.4217718636
-6.00000000 -7.00000000 	60.7236801740
-6.00000000 -6.50000000 	28.8757547414
-6.00000000 -6.00000000 	-28.8757547414
-6.00000000 -5.50000000 	-60.7236801740
-6.00000000 -5.00000000 	-69.4217718636
-6.00000000 -4.50000000 	-70.6426278866
-6.00000000 -4.00000000 	-70.7106781187
-6.00000000 -3.50000000 	-70.7106781187
-6.00000000 -3.00000000 	-70.7106781187
-6.00000000 -2.50000000 	-70.7106781187
-6.00000000 -2.00000000 	-70.7106781187
-6.00000000 -1.50000000 	-70.7106781187
-6.00000000 -1.00000000 	-70.7106781187
-6.00000000 -0.50000000 	-70.7106781187
-6.00000000 0.00000000 	-70.7106781187
-6.00000000 0.50000000 	-70.7106781187
-6.00000000 1.00000000 	-70.7106781187
-6.00000000 1.50000000 	-70.7106781187
-6.00000000 2.00000000 	-70.7106781187
-6.00000000 2.50000000 	-70.7106781187
-6.00000000 3.00000000 	-70.7106781187
-6.00000000 3.50000000 	-70.7106781187
-6.00000000 4.00000000 	-70.7106781187
-6.00000000 4.50000000 	-70.7106781187
-6.00000000 5.00000000 	-70.7106781187
-6.00000000 5.50000000 	-70.7106781187
-6.00000000 6.00000000 	-70.7106781187
-6.00000000 6.50000000 	-70.7106781187
-6.00000000 7.00000000 	-70.7106781187
-6.00000000 7.50000000 	-70.7106781187
-6.00000000 8.00000000 	-70.7106781187
-5.50000000 -12.00000000 	70.7106781187
-5.50000000 -11.50000000 	70.7106781187
-5.50000000 -11.00000000 	70.7106781187
-5.50000000 -10.50000000 	70.7106781187
-5.50000000 -10.00000000 	70.7106781187
-5.50000000 -9.50000000 	70.7106781187
-5.50000000 -9.00000000 	70.7106781187
-5.50000000 -8.50000000 	70.7106781187
-5.50000000 -8.00000000 	70.7106781187
-5.50000000 -7.50000000 	70.6426278866
-5.50000000 -7.00000000 	69.4217718636
-5.50000000 -6.50000000 	60.7236801740
-5.50000000 -6.00000000 	28.8757547414
-5.50000000 -5.50000000 	-28.8757547414
-5.50000000 -5.00000000 	-60.7236801740
-5.50000000 -4.50000000 	-69.4217718636
-5.50000000 -4.00000000 	-70.6426278866
-5.50000000 -3.50000000 	-70.7106781187
-5.50000000 -3.00000000 	-70.7106781187
-5.50000000 -2.50000000 	-70.7106781187
-5.50000000 -2.00000000 	-70.7106781187
-5.50000000 -1.50000000 	-70.7106781187
-5.50000000 -1.00000000 	-70.7106781187
-5.50000000 -0.50000000 	-70.7106781187
-5.50000000 0.00000000 	-70.7106781187
-5.50000000 0.50000000 	-70.7106781187
-5.50000000 1.00000000 	-70.7106781187
-5.50000000 1.50000000 	-70.7106781187
-5.50000000 2.00000000 	-70.7106781187
-5.50000000 2.50000000 	-70.7106781187
-5.50000000 3.00000000 	-70.7106781187
-5.50000000 3.50000000 	-70.7106781187
-5.50000000 4.00000000 	-70.7106781187
-5.50000000 4.50000000 	-70.7106781187
-5.50000000 5.00000000 	-70.7106781187
-5.50000000 5.50000000 	-70.7106781187
-5.50000000 6.00000000 	-70.7106781187
-5.50000000 6.50000000 	-70.7106781187
-5.50000000 7.00000000 	-70.7106781187
-5.50000000 7.50000000 	-70.7106781187
-5.50000000 8.00000000 	-70.7106781187
-5.00000000 -12.00000000 	70.7106781187
-5.00000000 -11.50000000 	70.7106781187
-5.00000000 -11.00000000 	70.7106781187
-5.00000000 -10.50000000 	70.7106781187
-5.00000000 -10.00000000 	70.7106781187
-5.00000000 -9.50000000 	70.7106781187
-5.00000000 -9.00000000 	70.7106781187
-5.00000000 -8.50000000 	70.7106781187
-5.00000000 -8.00000000 	70.7106781187
-5.00000000 -7.50000000 	70.7106781187
-5.00000000 -7.00000000 	70.6426278866
-5.00000000 -6.50000000 	69.4217718636
-5.00000000 -6.00000000 	60.7236801740
-5.00000000 -5.50000000 	28.8757547414
-5.00000000 -5.00000000 	-28.8757547414
-5.00000000 -4.50000000 	-60.7236801740
-5.00000000 -4.00000000 	-69.4217718636
-5.00000000 -3.50000000 	-70.6426278866
-5.00000000 -3.00000000 	-70.7106781187
-5.00000000 -2.50000000 	-70.7106781187
-5.00000000 -2.00000000 	-70.7106781187
-5.00000000 -1.50000000 	-70.7106781187
-5.00000000 -1.00000000 	-70.7106781187
-5.00000000 -0.50000000 	-70.7106781187
-5.00000000 0.00000000 	-70.7106781187
-5.00000000 0.50000000 	-70.7106781187
-5.00000000 1.00000000 	-70.7106781187
-5.00000000 1.50000000 	-70.7106781187
-5.00000000 2.00000000 	-70.7106781187
-5.00000000 2.50000000 	-70.7106781187
-5.00000000 3.00000000 	-70.7106781187
-5.00000000 3.50000000 	-70.7106781187
-5.00000000 4.00000000 	-70.7106781187
-5.00000000 4.50000000 	-70.7106781187
-5.00000000 5.00000000 	-70.7106781187
-5.00000000 5.50000000 	-70.7106781187
-5.00000000 6.00000000 	-70.7106781187
-5.00000000 6.50000000 	-70.7106781187
-5.00000000 7.00000000 	-70.7106781187
-5.00000000 7.50000000 	-70.7106781187
-5.00000000 8.00000000 	-70.7106781187
-4.50000000 -12.00000000 	70.7106781187
-4.50000000 -11.50000000 	70.7106781187
-4.50000000 -11.00000000 	70.7106781187
-4.50000000 -10.50000000 	70.7106781187
-4.50000000 -10.00000000 	70.7106781187
-4.50000000 -9.50000000 	70.7106781187
-4.50000000 -9.00000000 	70.7106781187
-4.50000000 -8.50000000 	70.7106781187
-4.50000000 -8.00000000 	70.7106781187
-4.50000000 -7.50000000 	70.7106781187
-4.50000000 -7.00000000 	70.7106781187
-4.50000000 -6.50000000 	70.6426278866
-4.50000000 -6.00000000 	69.4217718636
-4.50000000 -5.50000000 	60.7236801740
-4.50000000 -5.00000000 	28.8757547414
-4.50000000 -4.50000000 	-28.8757547414
-4.50000000 -4.00000000 	-60.7236801740
-4.50000000 -3.50000000 	-69.4217718636
-4.50000000 -3.00000000 	-70.6426278866
-4.50000000 -2.50000000 	-70.7106781187
-4.50000000 -2.00000000 	-70.7106781187
-4.50000000 -1.50000000 	-70.7106781187
-4.50000000 -1.00000000 	-70.7106781187
-4.50000000 -0.50000000 	-70.7106781187
-4.50000000 0.00000000 	-70.7106781187
-4.50000000 0.50000000 	-70.7106781187
-4.50000000 1.00000000 	-70.7106781187
-4.50000000 1.50000000 	-70.7106781187
-4.50000000 2.00000000 	-70.7106781187
-4.50000000 2.50000000 	-70.7106781187
-4.50000000 3.00000000 	-70.7106781187
-4.50000000 3.50000000 	-70.7106781187
-4.50000000 4.00000000 	-70.7106781187
-4.50000000 4.50000000 	-70.7106781187
-4.50000000 5.00000000 	-70.7106781187
-4.50000000 5.50000000 	-70.7106781187
-4.50000000 6.00000000 	-70.7106781187
-4.50000000 6.50000000 	-70.7106781187
-4.50000000 7.00000000 	-70.7106781187
-4.50000000 7.50000000 	-70.7106781187
-4.50000000 8.00000000 	-70.7106781187
-4.00000000 -12.00000000 	70.7106781187
-4.00000000 -11.50000000 	70.7106781187
-4.00000000 -11.00000000 	70.7106781187
-4.00000000 -10.50000000 	70.7106781187
-4.00000000 -10.00000000 	70.7106781187
-4.00000000 -9.50000000 	70.7106781187
-4.00000000 -9.00000000 	70.7106781187
-4.00000000 -8.50000000 	70.7106781187
-4.00000000 -8.00000000 	70.7106781187
-4.00000000 -7.50000000 	70.7106781187
-4.00000000 -7.00000000 	70.7106781187
-4.00000000 -6.50000000 	70.7106781187
-4.00000000 -6.00000000 	70.6426278866
-4.00000000 -5.50000000 	69.4217718636
-4.00000000 -5.00000000 	60.7236801740
-4.00000000 -4.50000000 	28.8757547414
-4.00000000 -4.00000000 	-28.8757547414
-4.00000000 -3.50000000 	-60.7236801740
-4.00000000 -3.00000000 	-69.4217718636
-4.00000000 -2.50000000 	-70.6426278866
-4.00000000 -2.00000000 	-70.7106781187
-4.00000000 -1.50000000 	-70.7106781187
-4.00000000 -1.00000000 	-70.7106781187
-4.00000000 -0.50000000 	-70.7106781187
-4.00000000 0.00000000 	-70.7106781187
-4.00000000 0.50000000 	-70.7106781187
-4.00000000 1.00000000 	-70.7106781187
-4.00000000 1.50000000 	-70.7106781187
-4.00000000 2.00000000 	-70.7106781187
-4.00000000 2.50000000 	-70.7106781187
-4.00000000 3.00000000 	-70.7106781187
-4.00000000 3.50000000 	-70.7106781187
-4.00000000 4.00000000 	-70.7106781187
-4.00000000 4.50000000 	-70.7106781187
-4.00000000 5.00000000 	-70.7106781187
-4.00000000 5.50000000 	-70.7106781187
-4.00000000 6.00000000 	-70.7106781187
-4.00000000 6.50000000 	-70.7106781187
-4.00000000 7.00000000 	-70.7106781187
-4.00000000 7.50000000 	-70.7106781187
-4.00000000 8.00000000 	-70.7106781187
-3.50000000 -12.00000000 	70.7106781187
-3.50000000 -11.50000000 	70.7106781187
-3.50000000 -11.00000000 	70.7106781187
-3.50000000 -10.50000000 	70.7106781187
-3.50000000 -10.00000000 	70.7106781187
-3.50000000 -9.50000000 	70.7106781187
-3.50000000 -9.00000000 	70.7106781187
-3.50000000 -8.50000000 	70.7106781187
-3.50000000 -8.00000000 	70.7106781187
-3.50000000 -7.50000000 	70.7106781187
-3.50000000 -7.00000000 	70.7106781187
-3.50000000 -6.50000000 	70.7106781187
-3.50000000 -6.00000000 	70.7106781187
-3.50000000 -5.50000000 	70.6426278866
-3.50000000 -5.00000000 	69.4217718636
-3.50000000 -4.50000000 	60.7236801740
-3.50000000 -4.00000000 	28.8757547414
-3.50000000 -3.50000000 	-28.8757547414
-3.50000000 -3.00000000 	-60.7236801740
-3.50000000 -2.50000000 	-69.4217718636
-3.50000000 -2.00000000 	-70.6426278866
-3.50000000 -1.50000000 	-70.7106781187
-3.50000000 -1.00000000 	-70.7106781187
-3.50000000 -0.50000000 	-70.7106781187
-3.50000000 0.00000000 	-70.7106781187
-3.50000000 0.50000000 	-70.7106781187
-3.50000000 1.00000000 	-70.7106781187
-3.50000000 1.50000000 	-70.7106781187
-3.50000000 2.00000000 	-70.7106781187
-3.50000000 2.50000000 	-70.7106781187
-3.50000000 3.00000000 	-70.7106781187
-3.50000000 3.50000000 	-70.7106781187
-3.50000000 4.00000000 	-70.7106781187
-3.50000000 4.50000000 	-70.7106781187
-3.50000000 5.00000000 	-70.7106781187
-3.50000000 5.50000000 	-70.7106781187
-3.50000000 6.00000000 	-70.7106781187
-3.50000000 6.50000000 	-70.7106781187
-3.50000000 7.00000000 	-70.7106781187
-3.50000000 7.50000000 	-70.7106781187
-3.50000000 8.00000000 	-70.7106781187
-3.00000000 -12.00000000 	70.7106781187
-3.00000000 -11.50000000 	70.7106781187
-3.00000000 -11.00000000 	70.7106781187
-3.00000000 -10.50000000 	70.7106781187
-3.00000000 -10.00000000 	70.7106781187
-3.00000000 -9.50000000 	70.7106781187
-3.00000000 -9.00000000 	70.7106781187
-3.00000000 -8.50000000 	70.7106781187
-3.00000000 -8.00000000 	70.7106781187
-3.00000000 -7.50000000 	70.7106781187
-3.00000000 -7.00000000 	70.7106781187
-3.00000000 -6.50000000 	70.7106781187
-3.00000000 -6.00000000 	70.7106781187
-3.00000000 -5.50000000 	70.7106781187
-3.00000000 -5.00000000 	70.6426278866
-3.00000000 -4.50000000 	69.4217718636
-3.00000000 -4.00000000 	60.7236801740
-3.00000000 -3.50000000 	28.8757547414
-3.00000000 -3.00000000 	-28.8757547414
-3.00000000 -2.50000000 	-60.7236801740
-3.00000000 -2.00000000 	-69.4217718636
-3.00000000 -1.50000000 	-70.6426278866
-3.00000000 -1.00000000 	-70.7106781187
-3.00000000 -0.50000000 	-70.7106781187
-3.00000000 0.00000000 	-70.7106781187
-3.00000000 0.50000000 	-70.7106781187
-3.00000000 1.00000000 	-70.7106781187
-3.00000000 1.50000000 	-70.7106781187
-3.00000000 2.00000000 	-70.7106781187
-3.00000000 2.50000000 	-70.7106781187
-3.00000000 3.00000000 	-70.7106781187
-3.00000000 3.50000000 	-70.7106781187
-3.00000000 4.00000000 	-70.7106781187
-3.00000000 4.50000000 	-70.7106781187
-3.00000000 5.00000000 	-70.7106781187
-3.00000000 5.50000000 	-70.7106781187
-3.00000000 6.00000000 	-70.7106781187
-3.00000000 6.50000000 	-70.7106781187
-3.00000000 7.00000000 	-70.7106781187
-3.00000000 7.50000000 	-70.7106781187
-3.00000000 8.00000000 	-70.7106781187
-2.50000000 -12.00000000 	70.7106781187
-2.50000000 -11.50000000 	70.7106781187
-2.50000000 -11.00000000 	70.7106781187
-2.50000000 -10.50000000 	70.7106781187
-2.50000000 -10.00000000 	70.7106781187
-2.50000000 -9.50000000 	70.7106781187
-2.50000000 -9.00000000 	70.7106781187
-2.50000000 -8.50000000 	70.7106781187
-2.50000000 -8.00000000 	70.7106781187
-2.50000000 -7.50000000 	70.7106781187
-2.50000000 -7.00000000 	70.7106781187
-2.50000000 -6.50000000 	70.7106781187
-2.50000000 -6.00000000 	70.7106781187
-2.50000000 -5.50000000 	70.7106781187
-2.50000000 -5.00000000 	70.7106781187
-2.50000000 -4.50000000 	70.6426278866
-2.50000000 -4.00000000 	69.4217718636
-2.50000000 -3.50000000 	60.7236801740
-2.50000000 -3.00000000 	28.8757547414
-2.50000000 -2.50000000 	-28.8757547414
-2.50000000 -2.00000000 	-60.7236801740
-2.50000000 -1.50000000 	-69.4217718636
-2.50000000 -1.00000000 	-70.6426278866
-2.50000000 -0.50000000 	-70.7106781187
-2.50000000 0.00000000 	-70.7106781187
-2.50000000 0.50000000 	-70.7106781187
-2.50000000 1.00000000 	-70.7106781187
-2.50000000 1.50000000 	-70.7106781187
-2.50000000 2.00000000 	-70.7106781187
-2.50000000 2.50000000 	-70.7106781187
-2.50000000 3.00000000 	-70.7106781187
-2.50000000 3.50000000 	-70.7106781187
-2.50000000 4.00000000 	-70.7106781187
-2.50000000 4.50000000 	-70.7106781187
-2.50000000 5.00000000 	-70.7106781187
-2.50000000 5.50000000 	-70.7106781187
-2.50000000 6.00000000 	-70.7106781187
-2.50000000 6.50000000 	-70.7106781187
-2.50000000 7.00000000 	-70.7106781187
-2.50000000 7.50000000 	-70.7106781187
-2.50000000 8.00000000 	-70.7106781187
-2.00000000 -12.00000000 	70.7106781187
-2.00000000 -11.50000000 	70.7106781187
-2.00000000 -11.00000000 	70.7106781187
-2.00000000 -10.50000000 	70.7106781187
-2.00000000 -10.00000000 	70.7106781187
-2.00000000 -9.50000000 	70.7106781187
-2.00000000 -9.00000000 	70.7106781187
-2.00000000 -8.50000000 	70.7106781187
-2.00000000 -8.00000000 	70.7106781187
-2.00000000 -7.50000000 	70.7106781187
-2.00000000 -7.00000000 	70.7106781187
-2.00000000 -6.50000000 	70.7106781187
-2.00000000 -6.00000000 	70.7106781187
-2.00000000 -5.50000000 	70.7106781187
-2.00000000 -5.00000000 	70.7106781187
-2.00000000 -4.50000000 	70.7106781187
-2.00000000 -4.00000000 	70.6426278866
-2.00000000 -3.50000000 	69.4217718636
-2.00000000 -3.00000000 	60.7236801740
-2.00000000 -2.50000000 	28.8757547414
-2.00000000 -2.00000000 	-28.8757547414
-2.00000000 -1.50000000 	-60.7236801740
-2.00000000 -1.00000000 	-69.4217718636
-2.00000000 -0.50000000 	-70.6426278866
-2.00000000 0.00000000 	-70.7106781187
-2.00000000 0.50000000 	-70.7106781187
-2.00000000 1.00000000 	-70.7106781187
-2.00000000 1.50000000 	-70.7106781187
-2.00000000 2.00000000 	-70.7106781187
-2.00000000 2.50000000 	-70.7106781187
-2.00000000 3.00000000 	-70.7106781187
-2.00000000 3.50000000 	-70.7106781187
-2.00000000 4.00000000 	-70.7106781187
-2.00000000 4.50000000 	-70.7106781187
-2.00000000 5.00000000 	-70.7106781187
-2.00000000 5.50000000 	-70.7106781187
-2.00000000 6.00000000 	-70.7106781187
-2.00000000 6.50000000 	-70.7106781187
-2.00000000 7.00000000 	-70.7106781187
-2.00000000 7.50000000 	-70.7106781187
-2.00000000 8.00000000 	-70.7106781187
-1.50000000 -12.00000000 	70.7106781187
-1.50000000 -11.50000000 	70.7106781187
-1.50000000 -11.00000000 	70.7106781187
-1.50000000 -10.50000000 	70.7106781187
-1.50000000 -10.00000000 	70.7106781187
-1.50000000 -9.50000000 	70.7106781187
-1.50000000 -9.00000000 	70.7106781187
-1.50000000 -8.50000000 	70.7106781187
-1.50000000 -8.00000000 	70.7106781187
-1.50000000 -7.50000000 	70.7106781187
-1.50000000 -7.00000000 	70.7106781187
-1.50000000 -6.50000000 	70.7106781187
-1.50000000 -6.00000000 	70.7106781187
-1.50000000 -5.50000000 	70.7106781187
-1.50000000 -5.00000000 	70.7106781187
-1.50000000 -4.50000000 	70.7106781187
-1.50000000 -4.00000000 	70.7106781187
-1.50000000 -3.50000000 	70.6426278866
-1.50000000 -3.00000000 	69.4217718636
-1.50000000 -2.50000000 	60.7236801740
-1.50000000 -2.00000000 	28.8757547414
-1.50000000 -1.50000000 	-28.8757547414
-1.50000000 -1.00000000 	-60.7236801740
-1.50000000 -0.50000000 	-69.4217718636
-1.50000000 0.00000000 	-70.6426278866
-1.50000000 0.50000000 	-70.7106781187
-1.50000000 1.00000000 	-70.7106781187
-1.50000000 1.50000000 	-70.7106781187
-1.50000000 2.00000000 	-70.7106781187
-1.50000000 2.50000000 	-70.7106781187
-1.50000000 3.00000000 	-70.7106781187
-1.50000000 3.50000000 	-70.7106781187
-1.50000000 4.00000000 	-70.7106781187
-1.50000000 4.50000000 	-70.7106781187
-1.50000000 5.00000000 	-70.7106781187
-1.50000000 5.50000000 	-70.7106781187
-1.50000000 6.00000000 	-70.7106781187
-1.50000000 6.50000000 	-70.7106781187
-1.50000000 7.00000000 	-70.7106781187
-1.50000000 7.50000000 	-70.7106781187
-1.50000000 8.00000000 	-70.7106781187
-1.00000000 -12.00000000 	70.7106781187
-1.00000000 -11.50000000 	70.7106781187
-1.00000000 -11.00000000 	70.7106781187
-1.00000000 -10.50000000 	70.7106781187
-1.00000000 -10.00000000 	70.7106781187
-1.00000000 -9.50000000 	70.7106781187
-1.00000000 -9.00000000 	70.7106781187
-1.00000000 -8.50000000 	70.7106781187
-1.00000000 -8.00000000 	70.7106781187
-1.00000000 -7.50000000 	70.7106781187
-1.00000000 -7.00000000 	70.7106781187
-1.00000000 -6.50000000 	70.7106781187
-1.00000000 -6.00000000 	70.7106781187
-1.00000000 -5.50000000 	70.7106781187
-1.00000000 -5.00000000 	70.7106781187
-1.00000000 -4.50000000 	70.7106781187
-1.00000000 -4.00000000 	70.7106781187
-1.00000000 -3.50000000 	70.7106781187
-1.00000000 -3.00000000 	70.6426278866
-1.00000000 -2.50000000 	69.4217718636
-1.00000000 -2.00000000 	60.7236801740
-1.00000000 -1.50000000 	28.8757547414
-1.00000000 -1.00000000 	-28.8757547414
-1.00000000 -0.50000000 	-60.7236801740
-1.00000000 0.00000000 	-69.4217718636
-1.00000000 0.50000000 	-70.6426278866
-1.00000000 1.00000000 	-70.7106781187
-1.00000000 1.50000000 	-70.7106781187
-1.00000000 2.00000000 	-70.7106781187
-1.00000000 2.50000000 	-70.7106781187
-1.00000000 3.00000000 	-70.7106781187
-1.00000000 3.50000000 	-70.7106781187
-1.00000000 4.00000000 	-70.7106781187
-1.00000000 4.50000000 	-70.7106781187
-1.00000000 5.00000000 	-70.7106781187
-1.00000000 5.50000000 	-70.7106781187
-1.00000000 6.00000000 	-70.7106781187
-1.00000000 6.50000000 	-70.7106781187
-1.00000000 7.00000000 	-70.7106781187
-1.00000000 7.50000000 	-70.7106781187
-1.00000000 8.00000000 	-70.7106781187
-0.50000000 -12.00000000 	70.7106781187
-0.50000000 -11.50000000 	70.7106781187
-0.50000000 -11.00000000 	70.7106781187
-0.50000000 -10.50000000 	70.7106781187
-0.50000000 -10.00000000 	70.7106781187
-0.50000000 -9.50000000 	70.7106781187
-0.50000000 -9.00000000 	70.7106781187
-0.50000000 -8.50000000 	70.7106781187
-0.50000000 -8.00000000 	70.7106781187
-0.50000000 -7.50000000 	70.7106781187
-0.50000000 -7.00000000 	70.7106781187
-0.50000000 -6.50000000 	70.7106781187
-0.50000000 -6.00000000 	70.7106781187
-0.50000000 -5.50000000 	70.7106781187
-0.50000000 -5.00000000 	70.7106781187
-0.50000000 -4.50000000 	70.7106781187
-0.50000000 -4.00000000 	70.7106781187
-0.50000000 -3.50000000 	70.7106781187
-0.50000000 -3.00000000 	70.7106781187
-0.50000000 -2.50000000 	70.6426278866
-0.50000000 -2.00000000 	69.4217718636
-0.50000000 -1.50000000 	60.7236801740
-0.50000000 -1.00000000 	28.8757547414
-0.50000000 -0.50000000 	-28.8757547414
-0.50000000 0.00000000 	-60.7236801740
-0.50000000 0.50000000 	-69.4217718636
-0.50000000 1.00000000 	-70.6426278866
-0.50000000 1.50000000 	-70.7106781187
-0.50000000 2.00000000 	-70.7106781187
-0.50000000 2.50000000 	-70.7106781187
-0.50000000 3.00000000 	-70.7106781187
-0.50000000 3.50000000 	-70.7106781187
-0.50000000 4.00000000 	-70.7106781187
-0.50000000 4.50000000 	-70.7106781187
-0.50000000 5.00000000 	-70.7106781187
-0.50000000 5.50000000 	-70.7106781187
-0.50000000 6.00000000 	-70.7106781187
-0.50000000 6.50000000 	-70.7106781187
-0.50000000 7.00000000 	-70.7106781187
-0.50000000 7.50000000 	-70.7106781187
-0.50000000 8.00000000 	-70.7106781187
0.00000000 -12.00000000 	70.7106781187
0.00000000 -11.50000000 	70.7106781187
0.00000000 -11.00000000 	70.7106781187
0.00000000 -10.50000000 	70.7106781187
0.00000000 -10.00000000 	70.7106781187
0.00000000 -9.50000000 	70.7106781187
0.00000000 -9.00000000 	70.7106781187
0.00000000 -8.50000000 	70.7106781187
0.00000000 -8.00000000 	70.7106781187
0.00000000 -7.50000000 	70.7106781187
0.00000000 -7.00000000 	70.7106781187
0.00000000 -6.50000000 	70.7106781187
0.00000000 -6.00000000 	70.7106781187
0.00000000 -5.50000000 	70.7106781187
0.00000000 -5.00000000 	70.7106781187
0.00000000 -4.50000000 	70.7106781187
0.00000000 -4.00000000 	70.7106781187
0.00000000 -3.50000000 	70.7106781187
0.00000000 -3.00000000 	70.7106781187
0.00000000 -2.50000000 	70.7106781187
0.00000000 -2.00000000 	70.6426278866
0.00000000 -1.50000000 	69.4217718636
0.00000000 -1.00000000 	60.7236801740
0.00000000 -0.50000000 	28.8757547414
0.00000000 0.00000000 	-28.8757547414
0.00000000 0.50000000 	-60.7236801740
0.00000000 1.00000000 	-69.4217718636
0.00000000 1.50000000 	-70.6426278866
0.00000000 2.00000000 	-70.7106781187
0.00000000 2.50000000 	-70.7106781187
0.00000000 3.00000000 	-70.7106781187
0.00000000 3.50000000 	-70.7106781187
0.00000000 4.00000000 	-70.7106781187
0.00000000 4.50000000 	-70.7106781187
0.00000000 5.00000000 	-70.7106781187
0.00000000 5.50000000 	-70.7106781187
0.00000000 6.00000000 	-70.7106781187
0.00000000 6.50000000 	-70.7106781187
0.00000000 7.00000000 	-70.7106781187
0.00000000 7.50000000 	-70.7106781187
0.00000000 8.00000000 	-70.7106781187
0.50000000 -12.00000000 	70.7106781187
0.50000000 -11.50000000 	70.7106781187
0.50000000 -11.00000000 	70.7106781187
0.50000000 -10.50000000 	70.7106781187
0.50000000 -10.00000000 	70.7106781187
0.50000000 -9.50000000 	70.7106781187
0.50000000 -9.00000000 	70.7106781187
0.50000000 -8.50000000 	70.7106781187
0.50000000 -8.00000000 	70.7106781187
0.50000000 -7.50000000 	70.7106781187
0.50000000 -7.00000000 	70.7106781187
0.50000000 -6.50000000 	70.7106781187
0.50000000 -6.00000000 	70.7106781187
0.50000000 -5.50000000 	70.7106781187
0.50000000 -5.00000000 	70.7106781187
0.50000000 -4.50000000 	70.7106781187
0.50000000 -4.00000000 	70.7106781187
0.50000000 -3.50000000 	70.7106781187
0.50000000 -3.00000000 	70.7106781187
0.50000000 -2.50000000 	70.7106781187
0.50000000 -2.00000000 	70.7106781187
0.50000000 -1.50000000 	70.6426278866
0.50000000 -1.00000000 	69.4217718636
0.50000000 -0.50000000 	60.7236801740
0.50000000 0.00000000 	28.8757547414
0.50000000 0.50000000 	-28.8757547414
0.50000000 1.00000000 	-60.7236801740
0.50000000 1.50000000 	-69.4217718636
0.50000000 2.00000000 	-70.6426278866
0.50000000 2.50000000 	-70.7106781187
0.50000000 3.00000000 	-70.7106781187
0.50000000 3.50000000 	-70.7106781187
0.50000000 4.00000000 	-70.7106781187
0.50000000 4.50000000 	-70.7106781187
0.50000000 5.00000000 	-70.7106781187
0.50000000 5.50000000 	-70.7106781187
0.50000000 6.00000000 	-70.7106781187
0.50000000 6.50000000 	-70.7106781187
0.50000000 7.00000000 	-70.7106781187
0.50000000 7.50000000 	-70.7106781187
0.50000000 8.00000000 	-70.7106781187
1.00000000 -12.00000000 	70.7106781187
1.00000000 -11.50000000 	70.7106781187
1.00000000 -11.00000000 	70.7106781187
1.00000000 -10.50000000 	70.7106781187
1.00000000 -10.00000000 	70.7106781187
1.00000000 -9.50000000 	70.7106781187
1.00000000 -9.00000000 	70.7106781187
1.00000000 -8.50000000 	70.7106781187
1.00000000 -8.00000000 	70.7106781187
1.00000000 -7.50000000 	70.7106781187
1.00000000 -7.00000000 	70.7106781187
1.00000000 -6.50000000 	70.7106781187
1.00000000 -6.00000000 	70.7106781187
1.00000000 -5.50000000 	70.7106781187
1.00000000 -5.00000000 	70.7106781187
1.00000000 -4.50000000 	70.7106781187
1.00000000 -4.00000000 	70.7106781187
1.00000000 -3.50000000 	70.7106781187
1.00000000 -3.00000000 	70.7106781187
1.00000000 -2.50000000 	70.7106781187
1.00000000 -2.00000000 	70.7106781187
1.00000000 -1.50000000 	70.7106781187
1.00000000 -1.00000000 	70.6426278866
1.00000000 -0.50000000 	69.4217718636
1.00000000 0.00000000 	60.7236801740
1.00000000 0.50000000 	28.8757547414
1.00000000 1.00000000 	-28.8757547414
1.00000000 1.50000000 	-60.7236801740
1.00000000 2.00000000 	-69.4217718636
1.00000000 2.50000000 	-70.6426278866
1.00000000 3.00000000 	-70.7106781187
1.00000000 3.50000000 	-70.7106781187
1.00000000 4.00000000 	-70.7106781187
1.00000000 4.50000000 	-70.7106781187
1.00000000 5.00000000 	-70.7106781187
1.00000000 5.50000000 	-70.7106781187
1.00000000 6.00000000 	-70.7106781187
1.00000000 6.50000000 	-70.7106781187
1.00000000 7.00000000 	-70.7106781187
1.00000000 7.50000000 	-70.7106781187
1.00000000 8.00000000 	-70.7106781187
1.50000000 -12.00000000 	70.7106781187
1.50000000 -11.50000000 	70.7106781187
1.50000000 -11.00000000 	70.7106781187
1.50000000 -10.50000000 	70.7106781187
1.50000000 -10.00000000 	70.7106781187
1.50000000 -9.50000000 	70.7106781187
1.50000000 -9.00000000 	70.7106781187
1.50000000 -8.50000000 	70.7106781187
1.50000000 -8.00000000 	70.7106781187
1.50000000 -7.50000000 	70.7106781187
1.50000000 -7.00000000 	70.7106781187
1.50000000 -6.50000000 	70.7106781187
1.50000000 -6.00000000 	70.7106781187
1.50000000 -5.50000000 	70.7106781187
1.50000000 -5.00000000 	70.7106781187
1.50000000 -4.50000000 	70.7106781187
1.50000000 -4.00000000 	70.7106781187
1.50000000 -3.50000000 	70.7106781187
1.50000000 -3.00000000 	70.7106781187
1.50000000 -2.50000000 	70.7106781187
1.50000000 -2.00000000 	70.7106781187
1.50000000 -1.50000000 	70.7106781187
1.50000000 -1.00000000 	70.7106781187
1.50000000 -0.50000000 	70.6426278866
1.50000000 0.00000000 	69.4217718636
1.50000000 0.50000000 	60.7236801740
1.50000000 1.00000000 	28.8417390785
1.50000000 1.50000000 	-29.3758503995
1.50000000 2.00000000 	-62.6021725002
1.50000000 2.50000000 	-70.1175864541
1.50000000 3.00000000 	-70.7106781187
1.50000000 3.50000000 	-70.7106781187
1.50000000 4.00000000 	-70.7106781187
1.50000000 4.50000000 	-70.7106781187
1.50000000 5.00000000 	-70.7106781187
1.50000000 5.50000000 	-70.7106781187
1.50000000 6.00000000 	-70.7106781187
1.50000000 6.50000000 	-70.7106781187
1.50000000 7.00000000 	-70.7106781187
1.50000000 7.50000000 	-70.7106781187
1.50000000 8.00000000 	-70.7106781187
2.00000000 -12.00000000 	70.7106781187
2.00000000 -11.50000000 	70.7106781187
2.00000000 -11.00000000 	70.7106781187
2.00000000 -10.50000000 	70.7106781187
2.00000000 -10.00000000 	70.7106781187
2.00000000 -9.50000000 	70.7106781187
2.00000000 -9.00000000 	70.7106781187
2.00000000 -8.50000000 	70.7106781187
2.00000000 -8.00000000 	70.7106781187
2.00000000 -7.50000000 	70.7106781187
2.00000000 -7.00000000 	70.7106781187
2.00000000 -6.50000000 	70.7106781187
2.00000000 -6.00000000 	70.7106781187
2.00000000 -5.50000000 	70.7106781187
2.00000000 -5.00000000 	70.7106781187
2.00000000 -4.50000000 	70.7106781187
2.00000000 -4.00000000 	70.7106781187
2.00000000 -3.50000000 	70.7106781187
2.00000000 -3.00000000 	70.7106781187
2.00000000 -2.50000000 	70.7106781187
2.00000000 -2.00000000 	70.7106781187
2.00000000 -1.50000000 	70.7106781187
2.00000000 -1.00000000 	70.7106781187
2.00000000 -0.50000000 	70.7106781187
2.00000000 0.00000000 	70.6426278866
2.00000000 0.50000000 	69.4145754191
2.00000000 1.00000000 	60.1937250717
2.00000000 1.50000000 	23.0353792859
2.00000000 2.00000000 	-47.5398714131
2.00000000 2.50000000 	-68.8683061789
2.00000000 3.00000000 	-70.7106781187
2.00000000 3.50000000 	-70.7106781187
2.00000000 4.00000000 	-70.7106781187
2.00000000 4.50000000 	-70.7106781187
2.00000000 5.00000000 	-70.7106781187
2.00000000 5.50000000 	-70.7106781187
2.00000000 6.00000000 	-70.7106781187
2.00000000 6.50000000 	-70.7106781187
2.00000000 7.00000000 	-70.7106781187
2.00000000 7.50000000 	-70.7106781187
2.00000000 8.00000000 	-70.7106781187
