-8.00000000 -12.00000000 	7.6350177861
-8.00000000 -11.50000000 	7.6350177861
-8.00000000 -11.00000000 	7.6350177861
-8.00000000 -10.50000000 	7.6350177861
-8.00000000 -10.00000000 	7.6350177861
-8.00000000 -9.50000000 	7.6350177861
-8.00000000 -9.00000000 	7.6350177861
-8.00000000 -8.50000000 	7.6350177861
-8.00000000 -8.00000000 	7.6350177861
-8.00000000 -7.50000000 	7.6350177861
-8.00000000 -7.00000000 	7.6350177861
-8.00000000 -6.50000000 	7.6350177861
-8.00000000 -6.00000000 	7.6350177861
-8.00000000 -5.50000000 	7.6350177861
-8.00000000 -5.00000000 	7.6350177861
-8.00000000 -4.50000000 	7.6350177861
-8.00000000 -4.00000000 	7.6350177861
-8.00000000 -3.50000000 	7.6350177861
-8.00000000 -3.00000000 	7.6350177861
-8.00000000 -2.50000000 	7.6350177861
-8.00000000 -2.00000000 	7.6350177861
-8.00000000 -1.50000000 	7.6350177861
-8.00000000 -1.00000000 	7.6350177861
-8.00000000 -0.50000000 	7.6350177861
-8.00000000 0.00000000 	7.6350177861
-8.00000000 0.50000000 	7.6350177861
-8.00000000 1.00000000 	7.6350177861
-8.00000000 1.50000000 	7.6350177861
-8.00000000 2.00000000 	7.6350177861
-8.00000000 2.50000000 	7.6350177861
-8.00000000 3.00000000 	7.6350177861
-8.00000000 3.50000000 	7.6350177861
-8.00000000 4.00000000 	7.6350177861
-8.00000000 4.50000000 	7.6350177861
-8.00000000 5.00000000 	7.6350177861
-8.00000000 5.50000000 	7.6350177861
-8.00000000 6.00000000 	7.6350177861
-8.00000000 6.50000000 	7.6350177861
-8.00000000 7.00000000 	7.6350177861
-8.00000000 7.50000000 	7.6350177861
-8.00000000 8.00000000 	7.6350177861
-7.50000000 -12.00000000 	89.1856013003
-7.50000000 -11.50000000 	89.1856013003
-7.50000000 -11.00000000 	89.1856013003
-7.50000000 -10.50000000 	89.1856013003
-7.50000000 -10.00000000 	89.1856013003
-7.50000000 -9.50000000 	89.1856013003
-7.50000000 -9.00000000 	89.1856013003
-7.50000000 -8.50000000 	89.1856013003
-7.50000000 -8.00000000 	89.1856013003
-7.50000000 -7.50000000 	89.1856013003
-7.50000000 -7.00000000 	89.1856013003
-7.50000000 -6.50000000 	89.1856013003
-7.50000000 -6.00000000 	89.1856013003
-7.50000000 -5.50000000 	89.1856013003
-7.50000000 -5.00000000 	89.1856013003
-7.50000000 -4.50000000 	89.1856013003
-7.50000000 -4.00000000 	89.1856013003
-7.50000000 -3.50000000 	89.1856013003
-7.50000000 -3.00000000 	89.1856013003
-7.50000000 -2.50000000 	89.1856013003
-7.50000000 -2.00000000 	89.1856013003
-7.50000000 -1.50000000 	89.1856013003
-7.50000000 -1.00000000 	89.1856013003
-7.50000000 -0.50000000 	89.1856013003
-7.50000000 0.00000000 	89.1856013003
-7.50000000 0.50000000 	89.1856013003
-7.50000000 1.00000000 	89.1856013003
-7.50000000 1.50000000 	89.1856013003
-7.50000000 2.00000000 	89.1856013003
-7.50000000 2.50000000 	89.1856013003
-7.50000000 3.00000000 	89.1856013003
-7.50000000 3.50000000 	89.1856013003
-7.50000000 4.00000000 	89.1856013003
-7.50000000 4.50000000 	89.1856013003
-7.50000000 5.00000000 	89.1856013003
-7.50000000 5.50000000 	89.1856013003
-7.50000000 6.00000000 	89.1856013003
-7.50000000 6.50000000 	89.1856013003
-7.50000000 7.00000000 	89.1856013003
-7.50000000 7.50000000 	89.1856013003
-7.50000000 8.00000000 	89.1856013003
-7.00000000 -12.00000000 	597.9392347733
-7.00000000 -11.50000000 	597.9392347733
-7.00000000 -11.00000000 	597.9392347733
-7.00000000 -10.50000000 	597.9392347733
-7.00000000 -10.00000000 	597.9392347733
-7.00000000 -9.50000000 	597.9392347733
-7.00000000 -9.00000000 	597.9392347733
-7.00000000 -8.50000000 	597.9392347733
-7.00000000 -8.00000000 	597.9392347733
-7.00000000 -7.50000000 	597.9392347733
-7.00000000 -7.00000000 	597.9392347733
-7.00000000 -6.50000000 	597.9392347733
-7.00000000 -6.00000000 	597.9392347733
-7.00000000 -5.50000000 	597.9392347733
-7.00000000 -5.00000000 	597.9392347733
-7.00000000 -4.50000000 	597.9392347733
-7.00000000 -4.00000000 	597.9392347733
-7.00000000 -3.50000000 	597.9392347733
-7.00000000 -3.00000000 	597.9392347733
-7.00000000 -2.50000000 	597.9392347733
-7.00000000 -2.00000000 	597.9392347733
-7.00000000 -1.50000000 	597.9392347733
-7.00000000 -1.00000000 	597.9392347733
-7.00000000 -0.50000000 	597.9392347733
-7.00000000 0.00000000 	597.9392347733
-7.00000000 0.50000000 	597.9392347733
-7.00000000 1.00000000 	597.9392347733
-7.00000000 1.50000000 	597.9392347733
-7.00000000 2.00000000 	597.9392347733
-7.00000000 2.50000000 	597.9392347733
-7.00000000 3.00000000 	597.9392347733
-7.00000000 3.50000000 	597.9392347733
-7.00000000 4.00000000 	597.9392347733
-7.00000000 4.50000000 	597.9392347733
-7.00000000 5.00000000 	597.9392347733
-7.00000000 5.50000000 	597.9392347733
-7.00000000 6.00000000 	597.9392347733
-7.00000000 6.50000000 	597.9392347733
-7.00000000 7.00000000 	597.9392347733
-7.00000000 7.50000000 	597.9392347733
-7.00000000 8.00000000 	597.9392347733
-6.50000000 -12.00000000 	2580.8210841913
-6.50000000 -11.50000000 	2580.8210841913
-6.50000000 -11.00000000 	2580.8210841913
-6.50000000 -10.50000000 	2580.8210841913
-6.50000000 -10.00000000 	2580.8210841913
-6.50000000 -9.50000000 	2580.8210841913
-6.50000000 -9.00000000 	2580.8210841913
-6.50000000 -8.50000000 	2580.8210841913
-6.50000000 -8.00000000 	2580.8210841913
-6.50000000 -7.50000000 	2580.8210841913
-6.50000000 -7.00000000 	2580.8210841913
-6.50000000 -6.50000000 	2580.8210841913
-6.50000000 -6.00000000 	2580.8210841913
-6.50000000 -5.50000000 	2580.8210841913
-6.50000000 -5.00000000 	2580.8210841913
-6.50000000 -4.50000000 	2580.8210841913
-6.50000000 -4.00000000 	2580.8210841913
-6.50000000 -3.50000000 	2580.8210841913
-6.50000000 -3.00000000 	2580.8210841913
-6.50000000 -2.50000000 	2580.8210841913
-6.50000000 -2.00000000 	2580.8210841913
-6.50000000 -1.50000000 	2580.8210841913
-6.50000000 -1.00000000 	2580.8210841913
-6.50000000 -0.50000000 	2580.8210841913
-6.50000000 0.00000000 	2580.8210841913
-6.50000000 0.50000000 	2580.8210841913
-6.50000000 1.00000000 	2580.8210841913
-6.50000000 1.50000000 	2580.8210841913
-6.50000000 2.00000000 	2580.8210841913
-6.50000000 2.50000000 	2580.8210841913
-6.50000000 3.00000000 	2580.8210841913
-6.50000000 3.50000000 	2580.8210841913
-6.50000000 4.00000000 	2580.8210841913
-6.50000000 4.50000000 	2580.8210841913
-6.50000000 5.00000000 	2580.8210841913
-6.50000000 5.50000000 	2580.8210841913
-6.50000000 6.00000000 	2580.8210841913
-6.50000000 6.50000000 	2580.8210841913
-6.50000000 7.00000000 	2580.8210841913
-6.50000000 7.50000000 	2580.8210841913
-6.50000000 8.00000000 	2580.8210841913
-6.00000000 -12.00000000 	6568.9564555990
-6.00000000 -11.50000000 	6568.9564555990
-6.00000000 -11.00000000 	6568.9564555990
-6.00000000 -10.50000000 	6568.9564555990
-6.00000000 -10.00000000 	6568.9564555990
-6.00000000 -9.50000000 	6568.9564555990
-6.00000000 -9.00000000 	6568.9564555990
-6.00000000 -8.50000000 	6568.9564555990
-6.00000000 -8.00000000 	6568.9564555990
-6.00000000 -7.50000000 	6568.9564555990
-6.00000000 -7.00000000 	6568.9564555990
-6.00000000 -6.50000000 	6568.9564555990
-6.00000000 -6.00000000 	6568.9564555990
-6.00000000 -5.50000000 	6568.9564555990
-6.00000000 -5.00000000 	6568.9564555990
-6.00000000 -4.50000000 	6568.9564555990
-6.00000000 -4.00000000 	6568.9564555990
-6.00000000 -3.50000000 	6568.9564555990
-6.00000000 -3.00000000 	6568.9564555990
-6.00000000 -2.50000000 	6568.9564555990
-6.00000000 -2.00000000 	6568.9564555990
-6.00000000 -1.50000000 	6568.9564555990
-6.00000000 -1.00000000 	6568.9564555990
-6.00000000 -0.50000000 	6568.9564555990
-6.00000000 0.00000000 	6568.9564555990
-6.00000000 0.50000000 	6568.9564555990
-6.00000000 1.00000000 	6568.9564555990
-6.00000000 1.50000000 	6568.9564555990
-6.00000000 2.00000000 	6568.9564555990
-6.00000000 2.50000000 	6568.9564555990
-6.00000000 3.00000000 	6568.9564555990
-6.00000000 3.50000000 	6568.9564555990
-6.00000000 4.00000000 	6568.9564555990
-6.00000000 4.50000000 	6568.9564555990
-6.00000000 5.00000000 	6568.9564555990
-6.00000000 5.50000000 	6568.9564555990
-6.00000000 6.00000000 	6568.9564555990
-6.00000000 6.50000000 	6568.9564555990
-6.00000000 7.00000000 	6568.9564555990
-6.00000000 7.50000000 	6568.9564555990
-6.00000000 8.00000000 	6568.9564555990
-5.50000000 -12.00000000 	8026.4022061693
-5.50000000 -11.50000000 	8026.4022061693
-5.50000000 -11.00000000 	8026.4022061693
-5.50000000 -10.50000000 	8026.4022061693
-5.50000000 -10.00000000 	8026.4022061693
-5.50000000 -9.50000000 	8026.4022061693
-5.50000000 -9.00000000 	8026.4022061693
-5.50000000 -8.50000000 	8026.4022061693
-5.50000000 -8.00000000 	8026.4022061693
-5.50000000 -7.50000000 	8026.4022061693
-5.50000000 -7.00000000 	8026.4022061693
-5.50000000 -6.50000000 	8026.4022061693
-5.50000000 -6.00000000 	8026.4022061693
-5.50000000 -5.50000000 	8026.4022061693
-5.50000000 -5.00000000 	8026.4022061693
-5.50000000 -4.50000000 	8026.4022061693
-5.50000000 -4.00000000 	8026.4022061693
-5.50000000 -3.50000000 	8026.4022061693
-5.50000000 -3.00000000 	8026.4022061693
-5.50000000 -2.50000000 	8026.4022061693
-5.50000000 -2.00000000 	8026.4022061693
-5.50000000 -1.50000000 	8026.4022061693
-5.50000000 -1.00000000 	8026.4022061693
-5.50000000 -0.50000000 	8026.4022061693
-5.50000000 0.00000000 	8026.4022061693
-5.50000000 0.50000000 	8026.4022061693
-5.50000000 1.00000000 	8026.4022061693
-5.50000000 1.50000000 	8026.4022061693
-5.50000000 2.00000000 	8026.4022061693
-5.50000000 2.50000000 	8026.4022061693
-5.50000000 3.00000000 	8026.4022061693
-5.50000000 3.50000000 	8026.4022061693
-5.50000000 4.00000000 	8026.4022061693
-5.50000000 4.50000000 	8026.4022061693
-5.50000000 5.00000000 	8026.4022061693
-5.50000000 5.50000000 	8026.4022061693
-5.50000000 6.00000000 	8026.4022061693
-5.50000000 6.50000000 	8026.4022061693
-5.50000000 7.00000000 	8026.4022061693
-5.50000000 7.50000000 	8026.4022061693
-5.50000000 8.00000000 	8026.4022061693
-5.00000000 -12.00000000 	6101.0404860380
-5.00000000 -11.50000000 	6101.0404860380
-5.00000000 -11.00000000 	6101.0404860380
-5.00000000 -10.50000000 	6101.0404860380
-5.00000000 -10.00000000 	6101.0404860380
-5.00000000 -9.50000000 	6101.0404860380
-5.00000000 -9.00000000 	6101.0404860380
-5.00000000 -8.50000000 	6101.0404860380
-5.00000000 -8.00000000 	6101.0404860380
-5.00000000 -7.50000000 	6101.0404860380
-5.00000000 -7.00000000 	6101.0404860380
-5.00000000 -6.50000000 	6101.0404860380
-5.00000000 -6.00000000 	6101.0404860380
-5.00000000 -5.50000000 	6101.0404860380
-5.00000000 -5.00000000 	6101.0404860380
-5.00000000 -4.50000000 	6101.0404860380
-5.00000000 -4.00000000 	6101.0404860380
-5.00000000 -3.50000000 	6101.0404860380
-5.00000000 -3.00000000 	6101.0404860380
-5.00000000 -2.50000000 	6101.0404860380
-5.00000000 -2.00000000 	6101.0404860380
-5.00000000 -1.50000000 	6101.0404860380
-5.00000000 -1.00000000 	6101.0404860380
-5.00000000 -0.50000000 	6101.0404860380
-5.00000000 0.00000000 	6101.0404860380
-5.00000000 0.50000000 	6101.0404860380
-5.00000000 1.00000000 	6101.0404860380
-5.00000000 1.50000000 	6101.0404860380
-5.00000000 2.00000000 	6101.0404860380
-5.00000000 2.50000000 	6101.0404860380
-5.00000000 3.00000000 	6101.0404860380
-5.00000000 3.50000000 	6101.0404860380
-5.00000000 4.00000000 	6101.0404860380
-5.00000000 4.50000000 	6101.0404860380
-5.00000000 5.00000000 	6101.0404860380
-5.00000000 5.50000000 	6101.0404860380
-5.00000000 6.00000000 	6101.0404860380
-5.00000000 6.50000000 	6101.0404860380
-5.00000000 7.00000000 	6101.0404860380
-5.00000000 7.50000000 	6101.0404860380
-5.00000000 8.00000000 	6101.0404860380
-4.50000000 -12.00000000 	2769.5450007739
-4.50000000 -11.50000000 	2769.5450007739
-4.50000000 -11.00000000 	2769.5450007739
-4.50000000 -10.50000000 	2769.5450007739
-4.50000000 -10.00000000 	2769.5450007739
-4.50000000 -9.50000000 	2769.5450007739
-4.50000000 -9.00000000 	2769.5450007739
-4.50000000 -8.50000000 	2769.5450007739
-4.50000000 -8.00000000 	2769.5450007739
-4.50000000 -7.50000000 	2769.5450007739
-4.50000000 -7.00000000 	2769.5450007739
-4.50000000 -6.50000000 	2769.5450007739
-4.50000000 -6.00000000 	2769.5450007739
-4.50000000 -5.50000000 	2769.5450007739
-4.50000000 -5.00000000 	2769.5450007739
-4.50000000 -4.50000000 	2769.5450007739
-4.50000000 -4.00000000 	2769.5450007739
-4.50000000 -3.50000000 	2769.5450007739
-4.50000000 -3.00000000 	2769.5450007739
-4.50000000 -2.50000000 	2769.5450007739
-4.50000000 -2.00000000 	2769.5450007739
-4.50000000 -1.50000000 	2769.5450007739
-4.50000000 -1.00000000 	2769.5450007739
-4.50000000 -0.50000000 	2769.5450007739
-4.50000000 0.00000000 	2769.5450007739
-4.50000000 0.50000000 	2769.5450007739
-4.50000000 1.00000000 	2769.5450007739
-4.50000000 1.50000000 	2769.5450007739
-4.50000000 2.00000000 	2769.5450007739
-4.50000000 2.50000000 	2769.5450007739
-4.50000000 3.00000000 	2769.5450007739
-4.50000000 3.50000000 	2769.5450007739
-4.50000000 4.00000000 	2769.5450007739
-4.50000000 4.50000000 	2769.5450007739
-4.50000000 5.00000000 	2769.5450007739
-4.50000000 5.50000000 	2769.5450007739
-4.50000000 6.00000000 	2769.5450007739
-4.50000000 6.50000000 	2769.5450007739
-4.50000000 7.00000000 	2769.5450007739
-4.50000000 7.50000000 	2769.5450007739
-4.50000000 8.00000000 	2769.5450007739
-4.00000000 -12.00000000 	541.3055744315
-4.00000000 -11.50000000 	541.3055744315
-4.00000000 -11.00000000 	541.3055744315
-4.00000000 -10.50000000 	541.3055744315
-4.00000000 -10.00000000 	541.3055744315
-4.00000000 -9.50000000 	541.3055744315
-4.00000000 -9.00000000 	541.3055744315
-4.00000000 -8.50000000 	541.3055744315
-4.00000000 -8.00000000 	541.3055744315
-4.00000000 -7.50000000 	541.3055744315
-4.00000000 -7.00000000 	541.3055744315
-4.00000000 -6.50000000 	541.3055744315
-4.00000000 -6.00000000 	541.3055744315
-4.00000000 -5.50000000 	541.3055744315
-4.00000000 -5.00000000 	541.3055744315
-4.00000000 -4.50000000 	541.3055744315
-4.00000000 -4.00000000 	541.3055744315
-4.00000000 -3.50000000 	541.3055744315
-4.00000000 -3.00000000 	541.3055744315
-4.00000000 -2.50000000 	541.3055744315
-4.00000000 -2.00000000 	541.3055744315
-4.00000000 -1.50000000 	541.3055744315
-4.00000000 -1.00000000 	541.3055744315
-4.00000000 -0.50000000 	541.3055744315
-4.00000000 0.00000000 	541.3055744315
-4.00000000 0.50000000 	541.3055744315
-4.00000000 1.00000000 	541.3055744315
-4.00000000 1.50000000 	541.3055744315
-4.00000000 2.00000000 	541.3055744315
-4.00000000 2.50000000 	541.3055744315
-4.00000000 3.00000000 	541.3055744315
-4.00000000 3.50000000 	541.3055744315
-4.00000000 4.00000000 	541.3055744315
-4.00000000 4.50000000 	541.3055744315
-4.00000000 5.00000000 	541.3055744315
-4.00000000 5.50000000 	541.3055744315
-4.00000000 6.00000000 	541.3055744315
-4.00000000 6.50000000 	541.3055744315
-4.00000000 7.00000000 	541.3055744315
-4.00000000 7.50000000 	541.3055744315
-4.00000000 8.00000000 	541.3055744315
-3.50000000 -12.00000000 	40.8808740981
-3.50000000 -11.50000000 	40.8808740981
-3.50000000 -11.00000000 	40.8808740981
-3.50000000 -10.50000000 	40.8808740981
-3.50000000 -10.00000000 	40.8808740981
-3.50000000 -9.50000000 	40.8808740981
-3.50000000 -9.00000000 	40.8808740981
-3.50000000 -8.50000000 	40.8808740981
-3.50000000 -8.00000000 	40.8808740981
-3.50000000 -7.50000000 	40.8808740981
-3.50000000 -7.00000000 	40.8808740981
-3.50000000 -6.50000000 	40.8808740981
-3.50000000 -6.00000000 	40.8808740981
-3.50000000 -5.50000000 	40.8808740981
-3.50000000 -5.00000000 	40.8808740981
-3.50000000 -4.50000000 	40.8808740981
-3.50000000 -4.00000000 	40.8808740981
-3.50000000 -3.50000000 	40.8808740981
-3.50000000 -3.00000000 	40.8808740981
-3.50000000 -2.50000000 	40.8808741164
-3.50000000 -2.00000000 	40.8808746647
-3.50000000 -1.50000000 	40.8808813319
-3.50000000 -1.00000000 	40.8809229625
-3.50000000 -0.50000000 	40.8810611473
-3.50000000 0.00000000 	40.8812852077
-3.50000000 0.50000000 	40.8814233487
-3.50000000 1.00000000 	40.8814644160
-3.50000000 1.50000000 	40.8814644160
-3.50000000 2.00000000 	40.8814233487
-3.50000000 2.50000000 	40.8812852077
-3.50000000 3.00000000 	40.8810611473
-3.50000000 3.50000000 	40.8809229625
-3.50000000 4.00000000 	40.8808813319
-3.50000000 4.50000000 	40.8808746647
-3.50000000 5.00000000 	40.8808741164
-3.50000000 5.50000000 	40.8808740981
-3.50000000 6.00000000 	40.8808740981
-3.50000000 6.50000000 	40.8808740981
-3.50000000 7.00000000 	40.8808740981
-3.50000000 7.50000000 	40.8808740981
-3.50000000 8.00000000 	40.8808740981
-3.00000000 -12.00000000 	1.1874898492
-3.00000000 -11.50000000 	1.1874898492
-3.00000000 -11.00000000 	1.1874898492
-3.00000000 -10.50000000 	1.1874898492
-3.00000000 -10.00000000 	1.1874898492
-3.00000000 -9.50000000 	1.1874898492
-3.00000000 -9.00000000 	1.1874898492
-3.00000000 -8.50000000 	1.1874898492
-3.00000000 -8.00000000 	1.1874898492
-3.00000000 -7.50000000 	1.1874898492
-3.00000000 -7.00000000 	1.1874898492
-3.00000000 -6.50000000 	1.1874898492
-3.00000000 -6.00000000 	1.1874898492
-3.00000000 -5.50000000 	1.1874898492
-3.00000000 -5.00000000 	1.1874898492
-3.00000000 -4.50000000 	1.1874898492
-3.00000000 -4.00000000 	1.1874898492
-3.00000000 -3.50000000 	1.1874898492
-3.00000000 -3.00000000 	1.1874898602
-3.00000000 -2.50000000 	1.1874904556
-3.00000000 -2.00000000 	1.1875024211
-3.00000000 -1.50000000 	1.1876241445
-3.00000000 -1.00000000 	1.1883106604
-3.00000000 -0.50000000 	1.1904473543
-3.00000000 0.00000000 	1.1937750051
-3.00000000 0.50000000 	1.1957995643
-3.00000000 1.00000000 	1.1963977380
-3.00000000 1.50000000 	1.1963977380
-3.00000000 2.00000000 	1.1957995643
-3.00000000 2.50000000 	1.1937750051
-3.00000000 3.00000000 	1.1904473543
-3.00000000 3.50000000 	1.1883106604
-3.00000000 4.00000000 	1.1876241445
-3.00000000 4.50000000 	1.1875024211
-3.00000000 5.00000000 	1.1874904556
-3.00000000 5.50000000 	1.1874898602
-3.00000000 6.00000000 	1.1874898492
-3.00000000 6.50000000 	1.1874898492
-3.00000000 7.00000000 	1.1874898492
-3.00000000 7.50000000 	1.1874898492
-3.00000000 8.00000000 	1.1874898492
-2.50000000 -12.00000000 	0.0000000000
-2.50000000 -11.50000000 	0.0000000000
-2.50000000 -11.00000000 	0.0000000000
-2.50000000 -10.50000000 	0.0000000000
-2.50000000 -10.00000000 	0.0000000000
-2.50000000 -9.50000000 	0.0000000000
-2.50000000 -9.00000000 	0.0000000000
-2.50000000 -8.50000000 	0.0000000000
-2.50000000 -8.00000000 	0.0000000000
-2.50000000 -7.50000000 	0.0000000000
-2.50000000 -7.00000000 	0.0000000000
-2.50000000 -6.50000000 	0.0000000000
-2.50000000 -6.00000000 	0.0000000000
-2.50000000 -5.50000000 	0.0000000000
-2.50000000 -5.00000000 	0.0000000000
-2.50000000 -4.50000000 	0.0000000000
-2.50000000 -4.00000000 	0.0000000000
-2.50000000 -3.50000000 	0.0000000108
-2.50000000 -3.00000000 	0.0000005930
-2.50000000 -2.50000000 	0.0000146387
-2.50000000 -2.00000000 	0.0002040803
-2.50000000 -1.50000000 	0.0017318907
-2.50000000 -1.00000000 	0.0091685311
-2.50000000 -0.50000000 	0.0301708840
-2.50000000 0.00000000 	0.0609344873
-2.50000000 0.50000000 	0.0792726852
-2.50000000 1.00000000 	0.0846397027
-2.50000000 1.50000000 	0.0846397027
-2.50000000 2.00000000 	0.0792726852
-2.50000000 2.50000000 	0.0609344873
-2.50000000 3.00000000 	0.0301708840
-2.50000000 3.50000000 	0.0091685311
-2.50000000 4.00000000 	0.0017318907
-2.50000000 4.50000000 	0.0002040803
-2.50000000 5.00000000 	0.0000146387
-2.50000000 5.50000000 	0.0000005930
-2.50000000 6.00000000 	0.0000000108
-2.50000000 6.50000000 	0.0000000000
-2.50000000 7.00000000 	0.0000000000
-2.50000000 7.50000000 	0.0000000000
-2.50000000 8.00000000 	0.0000000000
-2.00000000 -12.00000000 	0.0000000000
-2.00000000 -11.50000000 	0.0000000000
-2.00000000 -11.00000000 	0.0000000000
-2.00000000 -10.50000000 	0.0000000000
-2.00000000 -10.00000000 	0.0000000000
-2.00000000 -9.50000000 	0.0000000000
-2.00000000 -9.00000000 	0.0000000000
-2.00000000 -8.50000000 	0.0000000000
-2.00000000 -8.00000000 	0.0000000000
-2.00000000 -7.50000000 	0.0000000000
-2.00000000 -7.00000000 	0.0000000000
-2.00000000 -6.50000000 	0.0000000000
-2.00000000 -6.00000000 	0.0000000000
-2.00000000 -5.50000000 	0.0000000000
-2.00000000 -5.00000000 	0.0000000000
-2.00000000 -4.50000000 	0.0000000000
-2.00000000 -4.00000000 	0.0000000000
-2.00000000 -3.50000000 	0.0000002695
-2.00000000 -3.00000000 	0.0000107057
-2.00000000 -2.50000000 	0.0001893303
-2.00000000 -2.00000000 	0.0019535500
-2.00000000 -1.50000000 	0.0129008595
-2.00000000 -1.00000000 	0.0561904228
-2.00000000 -0.50000000 	0.1610812592
-2.00000000 0.00000000 	0.3003039917
-2.00000000 0.50000000 	0.3806702042
-2.00000000 1.00000000 	0.4038366037
-2.00000000 1.50000000 	0.4038366144
-2.00000000 2.00000000 	0.3806705265
-2.00000000 2.50000000 	0.3003079220
-2.00000000 3.00000000 	0.1611057615
-2.00000000 3.50000000 	0.0562716951
-2.00000000 4.00000000 	0.0130327997
-2.00000000 4.50000000 	0.0020349855
-2.00000000 5.00000000 	0.0002138793
-2.00000000 5.50000000 	0.0000146387
-2.00000000 6.00000000 	0.0000005930
-2.00000000 6.50000000 	0.0000000108
-2.00000000 7.00000000 	0.0000000000
-2.00000000 7.50000000 	0.0000000000
-2.00000000 8.00000000 	0.0000000000
-1.50000000 -12.00000000 	0.0000000000
-1.50000000 -11.50000000 	0.0000000000
-1.50000000 -11.00000000 	0.0000000000
-1.50000000 -10.50000000 	0.0000000000
-1.50000000 -10.00000000 	0.0000000000
-1.50000000 -9.50000000 	0.0000000000
-1.50000000 -9.00000000 	0.0000000000
-1.50000000 -8.50000000 	0.0000000000
-1.50000000 -8.00000000 	0.0000000000
-1.50000000 -7.50000000 	0.0000000000
-1.50000000 -7.00000000 	0.0000000000
-1.50000000 -6.50000000 	0.0000000000
-1.50000000 -6.00000000 	0.0000000000
-1.50000000 -5.50000000 	0.0000000000
-1.50000000 -5.00000000 	0.0000000000
-1.50000000 -4.50000000 	0.0000000000
-1.50000000 -4.00000000 	0.0000000108
-1.50000000 -3.50000000 	0.0000029522
-1.50000000 -3.00000000 	0.0000951126
-1.50000000 -2.50000000 	0.0013820274
-1.50000000 -2.00000000 	0.0114528845
-1.50000000 -1.50000000 	0.0594300918
-1.50000000 -1.00000000 	0.2028146436
-1.50000000 -0.50000000 	0.4707331286
-1.50000000 0.00000000 	0.7651753344
-1.50000000 0.50000000 	0.9239062513
-1.50000000 1.00000000 	0.9681128999
-1.50000000 1.50000000 	0.9681131683
-1.50000000 2.00000000 	0.9239143286
-1.50000000 2.50000000 	0.7652729601
-1.50000000 3.00000000 	0.4713315923
-1.50000000 3.50000000 	0.2047728206
-1.50000000 4.00000000 	0.0625910965
-1.50000000 4.50000000 	0.0134017210
-1.50000000 5.00000000 	0.0019697555
-1.50000000 5.50000000 	0.0001893303
-1.50000000 6.00000000 	0.0000107057
-1.50000000 6.50000000 	0.0000002695
-1.50000000 7.00000000 	0.0000000000
-1.50000000 7.50000000 	0.0000000000
-1.50000000 8.00000000 	0.0000000000
-1.00000000 -12.00000000 	0.0000000000
-1.00000000 -11.50000000 	0.0000000000
-1.00000000 -11.00000000 	0.0000000000
-1.00000000 -10.50000000 	0.0000000000
-1.00000000 -10.00000000 	0.0000000000
-1.00000000 -9.50000000 	0.0000000000
-1.00000000 -9.00000000 	0.0000000000
-1.00000000 -8.50000000 	0.0000000000
-1.00000000 -8.00000000 	0.0000000000
-1.00000000 -7.50000000 	0.0000000000
-1.00000000 -7.00000000 	0.0000000000
-1.00000000 -6.50000000 	0.0000000000
-1.00000000 -6.00000000 	0.0000000000
-1.00000000 -5.50000000 	0.0000000000
-1.00000000 -5.00000000 	0.0000000000
-1.00000000 -4.50000000 	0.0000000000
-1.00000000 -4.00000000 	0.0000002695
-1.00000000 -3.50000000 	0.0000205216
-1.00000000 -3.00000000 	0.0004994094
-1.00000000 -2.50000000 	0.0060216953
-1.00000000 -2.00000000 	0.0415397448
-1.00000000 -1.50000000 	0.1738162623
-1.00000000 -1.00000000 	0.4544525710
-1.00000000 -0.50000000 	0.7742078951
-1.00000000 0.00000000 	0.9652077262
-1.00000000 0.50000000 	1.0295558995
-1.00000000 1.00000000 	1.0419721096
-1.00000000 1.50000000 	1.0419747611
-1.00000000 2.00000000 	1.0296354149
-1.00000000 2.50000000 	0.9661593414
-1.00000000 3.00000000 	0.7799252566
-1.00000000 3.50000000 	0.4727121392
-1.00000000 4.00000000 	0.2028067655
-1.00000000 4.50000000 	0.0592960289
-1.00000000 5.00000000 	0.0113714625
-1.00000000 5.50000000 	0.0013575050
-1.00000000 6.00000000 	0.0000911816
-1.00000000 6.50000000 	0.0000026287
-1.00000000 7.00000000 	0.0000000000
-1.00000000 7.50000000 	0.0000000000
-1.00000000 8.00000000 	0.0000000000
-0.50000000 -12.00000000 	0.0000000000
-0.50000000 -11.50000000 	0.0000000000
-0.50000000 -11.00000000 	0.0000000000
-0.50000000 -10.50000000 	0.0000000000
-0.50000000 -10.00000000 	0.0000000000
-0.50000000 -9.50000000 	0.0000000000
-0.50000000 -9.00000000 	0.0000000000
-0.50000000 -8.50000000 	0.0000000000
-0.50000000 -8.00000000 	0.0000000000
-0.50000000 -7.50000000 	0.0000000000
-0.50000000 -7.00000000 	0.0000000000
-0.50000000 -6.50000000 	0.0000000000
-0.50000000 -6.00000000 	0.0000000000
-0.50000000 -5.50000000 	0.0000000000
-0.50000000 -5.00000000 	0.0000000000
-0.50000000 -4.50000000 	0.0000000000
-0.50000000 -4.00000000 	0.0000026287
-0.50000000 -3.50000000 	0.0001074511
-0.50000000 -3.00000000 	0.0018439631
-0.50000000 -2.50000000 	0.0172551338
-0.50000000 -2.00000000 	0.0957691207
-0.50000000 -1.50000000 	0.3226975771
-0.50000000 -1.00000000 	0.6507861281
-0.50000000 -0.50000000 	0.7697028613
-0.50000000 0.00000000 	0.6393160480
-0.50000000 0.50000000 	0.5179732028
-0.50000000 1.00000000 	0.4784231768
-0.50000000 1.50000000 	0.4784346510
-0.50000000 2.00000000 	0.5183177644
-0.50000000 2.50000000 	0.6434755560
-0.50000000 3.00000000 	0.7949294061
-0.50000000 3.50000000 	0.7304476399
-0.50000000 4.00000000 	0.4460441305
-0.50000000 4.50000000 	0.1700084919
-0.50000000 5.00000000 	0.0394940440
-0.50000000 5.50000000 	0.0054099600
-0.50000000 6.00000000 	0.0004013023
-0.50000000 6.50000000 	0.0000124457
-0.50000000 7.00000000 	0.0000000000
-0.50000000 7.50000000 	0.0000000000
-0.50000000 8.00000000 	0.0000000000
0.00000000 -12.00000000 	0.0000000000
0.00000000 -11.50000000 	0.0000000000
0.00000000 -11.00000000 	0.0000000000
0.00000000 -10.50000000 	0.0000000000
0.00000000 -10.00000000 	0.0000000000
0.00000000 -9.50000000 	0.0000000000
0.00000000 -9.00000000 	0.0000000000
0.00000000 -8.50000000 	0.0000000000
0.00000000 -8.00000000 	0.0000000000
0.00000000 -7.50000000 	0.0000000000
0.00000000 -7.00000000 	0.0000000000
0.00000000 -6.50000000 	0.0000000000
0.00000000 -6.00000000 	0.0000000000
0.00000000 -5.50000000 	0.0000000000
0.00000000 -5.00000000 	0.0000000000
0.00000000 -4.50000000 	0.0000000000
0.00000000 -4.00000000 	0.0000124457
0.00000000 -3.50000000 	0.0004012442
0.00000000 -3.00000000 	0.0053914491
0.00000000 -2.50000000 	0.0389828495
0.00000000 -2.00000000 	0.1642581568
0.00000000 -1.50000000 	0.4110075326
0.00000000 -1.00000000 	0.5941475862
0.00000000 -0.50000000 	0.4827261989
0.00000000 0.00000000 	0.2587731450
0.00000000 0.50000000 	0.1376260926
0.00000000 1.00000000 	0.1056663681
0.00000000 1.50000000 	0.1056854346
0.00000000 2.00000000 	0.1381995644
0.00000000 2.50000000 	0.2657869104
0.00000000 3.00000000 	0.5265125479
0.00000000 3.50000000 	0.7351787900
0.00000000 4.00000000 	0.6257454166
0.00000000 4.50000000 	0.2895972960
0.00000000 5.00000000 	0.0759170618
0.00000000 5.50000000 	0.0112948178
0.00000000 6.00000000 	0.0008880231
0.00000000 6.50000000 	0.0000287220
0.00000000 7.00000000 	0.0000000000
0.00000000 7.50000000 	0.0000000000
0.00000000 8.00000000 	0.0000000000
0.50000000 -12.00000000 	0.0000000000
0.50000000 -11.50000000 	0.0000000000
0.50000000 -11.00000000 	0.0000000000
0.50000000 -10.50000000 	0.0000000000
0.50000000 -10.00000000 	0.0000000000
0.50000000 -9.50000000 	0.0000000000
0.50000000 -9.00000000 	0.0000000000
0.50000000 -8.50000000 	0.0000000000
0.50000000 -8.00000000 	0.0000000000
0.50000000 -7.50000000 	0.0000000000
0.50000000 -7.00000000 	0.0000000000
0.50000000 -6.50000000 	0.0000000000
0.50000000 -6.00000000 	0.0000000000
0.50000000 -5.50000000 	0.0000000000
0.50000000 -5.00000000 	0.0000000000
0.50000000 -4.50000000 	0.0000000000
0.50000000 -4.00000000 	0.0000287220
0.50000000 -3.50000000 	0.0008717472
0.50000000 -3.00000000 	0.0107982137
0.50000000 -2.50000000 	0.0697215465
0.50000000 -2.00000000 	0.2491337063
0.50000000 -1.50000000 	0.4775632643
0.50000000 -1.00000000 	0.4361344654
0.50000000 -0.50000000 	0.2248090771
0.50000000 0.00000000 	0.0754846018
0.50000000 0.50000000 	0.0226875913
0.50000000 1.00000000 	0.0118065744
0.50000000 1.50000000 	0.0118065223
0.50000000 2.00000000 	0.0226857899
0.50000000 2.50000000 	0.0754971884
0.50000000 3.00000000 	0.2256941925
0.50000000 3.50000000 	0.4429053848
0.50000000 4.00000000 	0.4889670536
0.50000000 4.50000000 	0.2520622145
0.50000000 5.00000000 	0.0697727414
0.50000000 5.50000000 	0.0107742736
0.50000000 6.00000000 	0.0008699884
0.50000000 6.50000000 	0.0000286790
0.50000000 7.00000000 	0.0000000000
0.50000000 7.50000000 	0.0000000000
0.50000000 8.00000000 	0.0000000000
1.00000000 -12.00000000 	0.0000000000
1.00000000 -11.50000000 	0.0000000000
1.00000000 -11.00000000 	0.0000000000
1.00000000 -10.50000000 	0.0000000000
1.00000000 -10.00000000 	0.0000000000
1.00000000 -9.50000000 	0.0000000000
1.00000000 -9.00000000 	0.0000000000
1.00000000 -8.50000000 	0.0000000000
1.00000000 -8.00000000 	0.0000000000
1.00000000 -7.50000000 	0.0000000000
1.00000000 -7.00000000 	0.0000000000
1.00000000 -6.50000000 	0.0000000000
1.00000000 -6.00000000 	0.0000000000
1.00000000 -5.50000000 	0.0000000000
1.00000000 -5.00000000 	0.0000000000
1.00000000 -4.50000000 	0.0000000000
1.00000000 -4.00000000 	0.0000286790
1.00000000 -3.50000000 	0.0008602154
1.00000000 -3.00000000 	0.0104797885
1.00000000 -2.50000000 	0.0661445391
1.00000000 -2.00000000 	0.2285198229
1.00000000 -1.50000000 	0.4041264496
1.00000000 -1.00000000 	0.2869677446
1.00000000 -0.50000000 	0.1033129977
1.00000000 0.00000000 	0.0218640388
1.00000000 0.50000000 	0.0032084349
1.00000000 1.00000000 	0.0006554387
1.00000000 1.50000000 	0.0006364717
1.00000000 2.00000000 	0.0026382818
1.00000000 2.50000000 	0.0149148013
1.00000000 3.00000000 	0.0601290713
1.00000000 3.50000000 	0.1475092864
1.00000000 4.00000000 	0.1900008072
1.00000000 4.50000000 	0.1030809786
1.00000000 5.00000000 	0.0291749621
1.00000000 5.50000000 	0.0045740047
1.00000000 6.00000000 	0.0003734112
1.00000000 6.50000000 	0.0000124049
1.00000000 7.00000000 	0.0000000000
1.00000000 7.50000000 	0.0000000000
1.00000000 8.00000000 	0.0000000000
1.50000000 -12.00000000 	0.0000000000
1.50000000 -11.50000000 	0.0000000000
1.50000000 -11.00000000 	0.0000000000
1.50000000 -10.50000000 	0.0000000000
1.50000000 -10.00000000 	0.0000000000
1.50000000 -9.50000000 	0.0000000000
1.50000000 -9.00000000 	0.0000000000
1.50000000 -8.50000000 	0.0000000000
1.50000000 -8.00000000 	0.0000000000
1.50000000 -7.50000000 	0.0000000000
1.50000000 -7.00000000 	0.0000000000
1.50000000 -6.50000000 	0.0000000000
1.50000000 -6.00000000 	0.0000000000
1.50000000 -5.50000000 	0.0000000000
1.50000000 -5.00000000 	0.0000000000
1.50000000 -4.50000000 	0.0000000000
1.50000000 -4.00000000 	0.0000124064
1.50000000 -3.50000000 	0.0003711133
1.50000000 -3.00000000 	0.0045043421
1.50000000 -2.50000000 	0.0283171183
1.50000000 -2.00000000 	0.0974971485
1.50000000 -1.50000000 	0.1699077638
1.50000000 -1.00000000 	0.1121609225
1.50000000 -0.50000000 	0.0355723197
1.50000000 0.00000000 	0.0060985999
1.50000000 0.50000000 	0.0005766366
1.50000000 1.00000000 	0.0000290687
1.50000000 1.50000000 	0.0000176653
1.50000000 2.00000000 	0.0002341039
1.50000000 2.50000000 	0.0019229735
1.50000000 3.00000000 	0.0094871966
1.50000000 3.50000000 	0.0267463869
1.50000000 4.00000000 	0.0377094678
1.50000000 4.50000000 	0.0210797247
1.50000000 5.00000000 	0.0060461905
1.50000000 5.50000000 	0.0009557971
1.50000000 6.00000000 	0.0000784708
1.50000000 6.50000000 	0.0000026170
1.50000000 7.00000000 	0.0000000000
1.50000000 7.50000000 	0.0000000000
1.50000000 8.00000000 	0.0000000000
2.00000000 -12.00000000 	0.0000000000
2.00000000 -11.50000000 	0.0000000000
2.00000000 -11.00000000 	0.0000000000
2.00000000 -10.50000000 	0.0000000000
2.00000000 -10.00000000 	0.0000000000
2.00000000 -9.50000000 	0.0000000000
2.00000000 -9.00000000 	0.0000000000
2.00000000 -8.50000000 	0.0000000000
2.00000000 -8.00000000 	0.0000000000
2.00000000 -7.50000000 	0.0000000000
2.00000000 -7.00000000 	0.0000000000
2.00000000 -6.50000000 	0.0000000000
2.00000000 -6.00000000 	0.0000000000
2.00000000 -5.50000000 	0.0000000000
2.00000000 -5.00000000 	0.0000000000
2.00000000 -4.50000000 	0.0000000000
2.00000000 -4.00000000 	0.0000027353
2.00000000 -3.50000000 	0.0000817366
2.00000000 -3.00000000 	0.0009907047
2.00000000 -2.50000000 	0.0062198818
2.00000000 -2.00000000 	0.0213975453
2.00000000 -1.50000000 	0.0371628434
2.00000000 -1.00000000 	0.0240749699
2.00000000 -0.50000000 	0.0073851016
2.00000000 0.00000000 	0.0011951852
2.00000000 0.50000000 	0.0001003070
2.00000000 1.00000000 	0.0000035760
2.00000000 1.50000000 	0.0000007065
2.00000000 2.00000000 	0.0000141452
2.00000000 2.50000000 	0.0001452471
2.00000000 3.00000000 	0.0008238385
2.00000000 3.50000000 	0.0025445948
2.00000000 4.00000000 	0.0037990616
2.00000000 4.50000000 	0.0021646238
2.00000000 5.00000000 	0.0006263507
2.00000000 5.50000000 	0.0000995291
2.00000000 6.00000000 	0.0000081993
2.00000000 6.50000000 	0.0000002741
2.00000000 7.00000000 	0.0000000000
2.00000000 7.50000000 	0.0000000000
2.00000000 8.00000000 	0.0000000000
