-8.00000000 -12.00000000 	70.7106781187
-8.00000000 -11.50000000 	70.7106781187
-8.00000000 -11.00000000 	70.7106781187
-8.00000000 -10.50000000 	70.7106781187
-8.00000000 -10.00000000 	70.6786236977
-8.00000000 -9.50000000 	69.9871279058
-8.00000000 -9.00000000 	64.1762357984
-8.00000000 -8.50000000 	40.3293978282
-8.00000000 -8.00000000 	-6.6026305893
-8.00000000 -7.50000000 	-43.6390704022
-8.00000000 -7.00000000 	-61.9061570438
-8.00000000 -6.50000000 	-68.5697417307
-8.00000000 -6.00000000 	-70.3469521810
-8.00000000 -5.50000000 	-70.6706963160
-8.00000000 -5.00000000 	-70.7081422687
-8.00000000 -4.50000000 	-70.7106078364
-8.00000000 -4.00000000 	-70.7106781187
-8.00000000 -3.50000000 	-70.7106781187
-8.00000000 -3.00000000 	-70.7106781187
-8.00000000 -2.50000000 	-70.7106781187
-8.00000000 -2.00000000 	-70.7106781187
-8.00000000 -1.50000000 	-70.7106781187
-8.00000000 -1.00000000 	-70.7106781187
-8.00000000 -0.50000000 	-70.7106781187
-8.00000000 0.00000000 	-70.7106781187
-8.00000000 0.50000000 	-70.7106781187
-8.00000000 1.00000000 	-70.7106781187
-8.00000000 1.50000000 	-70.7106781187
-8.00000000 2.00000000 	-70.7106781187
-8.00000000 2.50000000 	-70.7106781187
-8.00000000 3.00000000 	-70.7106781187
-8.00000000 3.50000000 	-70.7106781187
-8.00000000 4.00000000 	-70.7106781187
-8.00000000 4.50000000 	-70.7106781187
-8.00000000 5.00000000 	-70.7106781187
-8.00000000 5.50000000 	-70.7106781187
-8.00000000 6.00000000 	-70.7106781187
-8.00000000 6.50000000 	-70.7106781187
-8.00000000 7.00000000 	-70.7106781187
-8.00000000 7.50000000 	-70.7106781187
-8.00000000 8.00000000 	-70.7106781187
-7.50000000 -12.00000000 	70.7106781187
-7.50000000 -11.50000000 	70.7106781187
-7.50000000 -11.00000000 	70.7106781187
-7.50000000 -10.50000000 	70.7106781187
-7.50000000 -10.00000000 	70.6898988026
-7.50000000 -9.50000000 	70.2581279945
-7.50000000 -9.00000000 	66.7183860919
-7.50000000 -8.50000000 	52.1434317194
-7.50000000 -8.00000000 	20.2891379474
-7.50000000 -7.50000000 	-17.2736014550
-7.50000000 -7.00000000 	-46.2276290654
-7.50000000 -6.50000000 	-62.2295185408
-7.50000000 -6.00000000 	-68.5914466806
-7.50000000 -5.50000000 	-70.3479976546
-7.50000000 -5.00000000 	-70.6707654807
-7.50000000 -4.50000000 	-70.7081451149
-7.50000000 -4.00000000 	-70.7106078364
-7.50000000 -3.50000000 	-70.7106781187
-7.50000000 -3.00000000 	-70.7106781187
-7.50000000 -2.50000000 	-70.7106781187
-7.50000000 -2.00000000 	-70.7106781187
-7.50000000 -1.50000000 	-70.7106781187
-7.50000000 -1.00000000 	-70.7106781187
-7.50000000 -0.50000000 	-70.7106781187
-7.50000000 0.00000000 	-70.7106781187
-7.50000000 0.50000000 	-70.7106781187
-7.50000000 1.00000000 	-70.7106781187
-7.50000000 1.50000000 	-70.7106781187
-7.50000000 2.00000000 	-70.7106781187
-7.50000000 2.50000000 	-70.7106781187
-7.50000000 3.00000000 	-70.7106781187
-7.50000000 3.50000000 	-70.7106781187
-7.50000000 4.00000000 	-70.7106781187
-7.50000000 4.50000000 	-70.7106781187
-7.50000000 5.00000000 	-70.7106781187
-7.50000000 5.50000000 	-70.7106781187
-7.50000000 6.00000000 	-70.7106781187
-7.50000000 6.50000000 	-70.7106781187
-7.50000000 7.00000000 	-70.7106781187
-7.50000000 7.50000000 	-70.7106781187
-7.50000000 8.00000000 	-70.7106781187
-7.00000000 -12.00000000 	70.7106781187
-7.00000000 -11.50000000 	70.7106781187
-7.00000000 -11.00000000 	70.7106781187
-7.00000000 -10.50000000 	70.7106781187
-7.00000000 -10.00000000 	70.7036470091
-7.00000000 -9.50000000 	70.5515278687
-7.00000000 -9.00000000 	69.2205232022
-7.00000000 -8.50000000 	63.1048463455
-7.00000000 -8.00000000 	46.6170395962
-7.00000000 -7.50000000 	17.7914293924
-7.00000000 -7.00000000 	-17.7219276595
-7.00000000 -6.50000000 	-46.2466546219
-7.00000000 -6.00000000 	-62.2256634015
-7.00000000 -5.50000000 	-68.5909670128
-7.00000000 -5.00000000 	-70.3479830650
-7.00000000 -4.50000000 	-70.6707654807
-7.00000000 -4.00000000 	-70.7081451149
-7.00000000 -3.50000000 	-70.7106078364
-7.00000000 -3.00000000 	-70.7106781187
-7.00000000 -2.50000000 	-70.7106781187
-7.00000000 -2.00000000 	-70.7106781187
-7.00000000 -1.50000000 	-70.7106781187
-7.00000000 -1.00000000 	-70.7106781187
-7.00000000 -0.50000000 	-70.7106781187
-7.00000000 0.00000000 	-70.7106781187
-7.00000000 0.50000000 	-70.7106781187
-7.00000000 1.00000000 	-70.7106781187
-7.00000000 1.50000000 	-70.7106781187
-7.00000000 2.00000000 	-70.7106781187
-7.00000000 2.50000000 	-70.7106781187
-7.00000000 3.00000000 	-70.7106781187
-7.00000000 3.50000000 	-70.7106781187
-7.00000000 4.00000000 	-70.7106781187
-7.00000000 4.50000000 	-70.7106781187
-7.00000000 5.00000000 	-70.7106781187
-7.00000000 5.50000000 	-70.7106781187
-7.00000000 6.00000000 	-70.7106781187
-7.00000000 6.50000000 	-70.7106781187
-7.00000000 7.00000000 	-70.7106781187
-7.00000000 7.50000000 	-70.7106781187
-7.00000000 8.00000000 	-70.7106781187
-6.50000000 -12.00000000 	70.7106781187
-6.50000000 -11.50000000 	70.7106781187
-6.50000000 -11.00000000 	70.7106781187
-6.50000000 -10.50000000 	70.7106781187
-6.50000000 -10.00000000 	70.7095409763
-6.50000000 -9.50000000 	70.6813139548
-6.50000000 -9.00000000 	70.3847499691
-6.50000000 -8.50000000 	68.6462051233
-6.50000000 -8.00000000 	62.2491047064
-6.50000000 -7.50000000 	46.2508477985
-6.50000000 -7.00000000 	17.7263604726
-6.50000000 -6.50000000 	-17.7259869192
-6.50000000 -6.00000000 	-46.2465333969
-6.50000000 -5.50000000 	-62.2256462966
-6.50000000 -5.00000000 	-68.5909670128
-6.50000000 -4.50000000 	-70.3479830650
-6.50000000 -4.00000000 	-70.6707654807
-6.50000000 -3.50000000 	-70.7081451149
-6.50000000 -3.00000000 	-70.7106078364
-6.50000000 -2.50000000 	-70.7106781187
-6.50000000 -2.00000000 	-70.7106781187
-6.50000000 -1.50000000 	-70.7106781187
-6.50000000 -1.00000000 	-70.7106781187
-6.50000000 -0.50000000 	-70.7106781187
-6.50000000 0.00000000 	-70.7106781187
-6.50000000 0.50000000 	-70.7106781187
-6.50000000 1.00000000 	-70.7106781187
-6.50000000 1.50000000 	-70.7106781187
-6.50000000 2.00000000 	-70.7106781187
-6.50000000 2.50000000 	-70.7106781187
-6.50000000 3.00000000 	-70.7106781187
-6.50000000 3.50000000 	-70.7106781187
-6.50000000 4.00000000 	-70.7106781187
-6.50000000 4.50000000 	-70.7106781187
-6.50000000 5.00000000 	-70.7106781187
-6.50000000 5.50000000 	-70.7106781187
-6.50000000 6.00000000 	-70.7106781187
-6.50000000 6.50000000 	-70.7106781187
-6.50000000 7.00000000 	-70.7106781187
-6.50000000 7.50000000 	-70.7106781187
-6.50000000 8.00000000 	-70.7106781187
-6.00000000 -12.00000000 	70.7106781187
-6.00000000 -11.50000000 	70.7106781187
-6.00000000 -11.00000000 	70.7106781187
-6.00000000 -10.50000000 	70.7106781187
-6.00000000 -10.00000000 	70.7106078364
-6.00000000 -9.50000000 	70.7081451149
-6.00000000 -9.00000000 	70.6707654807
-6.00000000 -8.50000000 	70.3479830650
-6.00000000 -8.00000000 	68.5909670128
-6.00000000 -7.50000000 	62.2256462966
-6.00000000 -7.00000000 	46.2465333969
-6.00000000 -6.50000000 	17.7259978440
-6.00000000 -6.00000000 	-17.7259978440
-6.00000000 -5.50000000 	-46.2465333969
-6.00000000 -5.00000000 	-62.2256462966
-6.00000000 -4.50000000 	-68.5909670128
-6.00000000 -4.00000000 	-70.3479830650
-6.00000000 -3.50000000 	-70.6707654807
-6.00000000 -3.00000000 	-70.7081451149
-6.00000000 -2.50000000 	-70.7106078364
-6.00000000 -2.00000000 	-70.7106781187
-6.00000000 -1.50000000 	-70.7106781187
-6.00000000 -1.00000000 	-70.7106781187
-6.00000000 -0.50000000 	-70.7106781187
-6.00000000 0.00000000 	-70.7106781187
-6.00000000 0.50000000 	-70.7106781187
-6.00000000 1.00000000 	-70.7106781187
-6.00000000 1.50000000 	-70.7106781187
-6.00000000 2.00000000 	-70.7106781187
-6.00000000 2.50000000 	-70.7106781187
-6.00000000 3.00000000 	-70.7106781187
-6.00000000 3.50000000 	-70.7106781187
-6.00000000 4.00000000 	-70.7106781187
-6.00000000 4.50000000 	-70.7106781187
-6.00000000 5.00000000 	-70.7106781187
-6.00000000 5.50000000 	-70.7106781187
-6.00000000 6.00000000 	-70.7106781187
-6.00000000 6.50000000 	-70.7106781187
-6.00000000 7.00000000 	-70.7106781187
-6.00000000 7.50000000 	-70.7106781187
-6.00000000 8.00000000 	-70.7106781187
-5.50000000 -12.00000000 	70.7106781187
-5.50000000 -11.50000000 	70.7106781187
-5.50000000 -11.00000000 	70.7106781187
-5.50000000 -10.50000000 	70.7106781187
-5.50000000 -10.00000000 	70.7106781187
-5.50000000 -9.50000000 	70.7106078364
-5.50000000 -9.00000000 	70.7081451149
-5.50000000 -8.50000000 	70.6707654807
-5.50000000 -8.00000000 	70.3479830650
-5.50000000 -7.50000000 	68.5909670128
-5.50000000 -7.00000000 	62.2256462966
-5.50000000 -6.50000000 	46.2465333969
-5.50000000 -6.00000000 	17.7259978440
-5.50000000 -5.50000000 	-17.7259978440
-5.50000000 -5.00000000 	-46.2465333969
-5.50000000 -4.50000000 	-62.2256462966
-5.50000000 -4.00000000 	-68.5909670128
-5.50000000 -3.50000000 	-70.3479830650
-5.50000000 -3.00000000 	-70.6707654807
-5.50000000 -2.50000000 	-70.7081451149
-5.50000000 -2.00000000 	-70.7106078364
-5.50000000 -1.50000000 	-70.7106781187
-5.50000000 -1.00000000 	-70.7106781187
-5.50000000 -0.50000000 	-70.7106781187
-5.50000000 0.00000000 	-70.7106781187
-5.50000000 0.50000000 	-70.7106781187
-5.50000000 1.00000000 	-70.7106781187
-5.50000000 1.50000000 	-70.7106781187
-5.50000000 2.00000000 	-70.7106781187
-5.50000000 2.50000000 	-70.7106781187
-5.50000000 3.00000000 	-70.7106781187
-5.50000000 3.50000000 	-70.7106781187
-5.50000000 4.00000000 	-70.7106781187
-5.50000000 4.50000000 	-70.7106781187
-5.50000000 5.00000000 	-70.7106781187
-5.50000000 5.50000000 	-70.7106781187
-5.50000000 6.00000000 	-70.7106781187
-5.50000000 6.50000000 	-70.7106781187
-5.50000000 7.00000000 	-70.7106781187
-5.50000000 7.50000000 	-70.7106781187
-5.50000000 8.00000000 	-70.7106781187
-5.00000000 -12.00000000 	70.7106781187
-5.00000000 -11.50000000 	70.7106781187
-5.00000000 -11.00000000 	70.7106781187
-5.00000000 -10.50000000 	70.7106781187
-5.00000000 -10.00000000 	70.7106781187
-5.00000000 -9.50000000 	70.7106781187
-5.00000000 -9.00000000 	70.7106078364
-5.00000000 -8.50000000 	70.7081451149
-5.00000000 -8.00000000 	70.6707654807
-5.00000000 -7.50000000 	70.3479830650
-5.00000000 -7.00000000 	68.5909670128
-5.00000000 -6.50000000 	62.2256462966
-5.00000000 -6.00000000 	46.2465333969
-5.00000000 -5.50000000 	17.7259978440
-5.00000000 -5.00000000 	-17.7259978440
-5.00000000 -4.50000000 	-46.2465333969
-5.00000000 -4.00000000 	-62.2256462966
-5.00000000 -3.50000000 	-68.5909670128
-5.00000000 -3.00000000 	-70.3479830650
-5.00000000 -2.50000000 	-70.6707654807
-5.00000000 -2.00000000 	-70.7081451149
-5.00000000 -1.50000000 	-70.7106078364
-5.00000000 -1.00000000 	-70.7106781187
-5.00000000 -0.50000000 	-70.7106781187
-5.00000000 0.00000000 	-70.7106781187
-5.00000000 0.50000000 	-70.7106781187
-5.00000000 1.00000000 	-70.7106781187
-5.00000000 1.50000000 	-70.7106781187
-5.00000000 2.00000000 	-70.7106781187
-5.00000000 2.50000000 	-70.7106781187
-5.00000000 3.00000000 	-70.7106781187
-5.00000000 3.50000000 	-70.7106781187
-5.00000000 4.00000000 	-70.7106781187
-5.00000000 4.50000000 	-70.7106781187
-5.00000000 5.00000000 	-70.7106781187
-5.00000000 5.50000000 	-70.7106781187
-5.00000000 6.00000000 	-70.7106781187
-5.00000000 6.50000000 	-70.7106781187
-5.00000000 7.00000000 	-70.7106781187
-5.00000000 7.50000000 	-70.7106781187
-5.00000000 8.00000000 	-70.7106781187
-4.50000000 -12.00000000 	70.7106781187
-4.50000000 -11.50000000 	70.7106781187
-4.50000000 -11.00000000 	70.7106781187
-4.50000000 -10.50000000 	70.7106781187
-4.50000000 -10.00000000 	70.7106781187
-4.50000000 -9.50000000 	70.7106781187
-4.50000000 -9.00000000 	70.7106781187
-4.50000000 -8.50000000 	70.7106078364
-4.50000000 -8.00000000 	70.7081451149
-4.50000000 -7.50000000 	70.6707654807
-4.50000000 -7.00000000 	70.3479830650
-4.50000000 -6.50000000 	68.5909670128
-4.50000000 -6.00000000 	62.2256462966
-4.50000000 -5.50000000 	46.2465333969
-4.50000000 -5.00000000 	17.7259978440
-4.50000000 -4.50000000 	-17.7259978440
-4.50000000 -4.00000000 	-46.2465333969
-4.50000000 -3.50000000 	-62.2256462966
-4.50000000 -3.00000000 	-68.5909670128
-4.50000000 -2.50000000 	-70.3479830650
-4.50000000 -2.00000000 	-70.6707654807
-4.50000000 -1.50000000 	-70.7081451149
-4.50000000 -1.00000000 	-70.7106078364
-4.50000000 -0.50000000 	-70.7106781187
-4.50000000 0.00000000 	-70.7106781187
-4.50000000 0.50000000 	-70.7106781187
-4.50000000 1.00000000 	-70.7106781187
-4.50000000 1.50000000 	-70.7106781187
-4.50000000 2.00000000 	-70.7106781187
-4.50000000 2.50000000 	-70.7106781187
-4.50000000 3.00000000 	-70.7106781187
-4.50000000 3.50000000 	-70.7106781187
-4.50000000 4.00000000 	-70.7106781187
-4.50000000 4.50000000 	-70.7106781187
-4.50000000 5.00000000 	-70.7106781187
-4.50000000 5.50000000 	-70.7106781187
-4.50000000 6.00000000 	-70.7106781187
-4.50000000 6.50000000 	-70.7106781187
-4.50000000 7.00000000 	-70.7106781187
-4.50000000 7.50000000 	-70.7106781187
-4.50000000 8.00000000 	-70.7106781187
-4.00000000 -12.00000000 	70.7106781187
-4.00000000 -11.50000000 	70.7106781187
-4.00000000 -11.00000000 	70.7106781187
-4.00000000 -10.50000000 	70.7106781187
-4.00000000 -10.00000000 	70.7106781187
-4.00000000 -9.50000000 	70.7106781187
-4.00000000 -9.00000000 	70.7106781187
-4.00000000 -8.50000000 	70.7106781187
-4.00000000 -8.00000000 	70.7106078364
-4.00000000 -7.50000000 	70.7081451149
-4.00000000 -7.00000000 	70.6707654807
-4.00000000 -6.50000000 	70.3479830650
-4.00000000 -6.00000000 	68.5909670128
-4.00000000 -5.50000000 	62.2256462966
-4.00000000 -5.00000000 	46.2465333969
-4.00000000 -4.50000000 	17.7259978440
-4.00000000 -4.00000000 	-17.7259978440
-4.00000000 -3.50000000 	-46.2465333969
-4.00000000 -3.00000000 	-62.2256462966
-4.00000000 -2.50000000 	-68.5909670128
-4.00000000 -2.00000000 	-70.3479830650
-4.00000000 -1.50000000 	-70.6707654807
-4.00000000 -1.00000000 	-70.7081451149
-4.00000000 -0.50000000 	-70.7106078364
-4.00000000 0.00000000 	-70.7106781187
-4.00000000 0.50000000 	-70.7106781187
-4.00000000 1.00000000 	-70.7106781187
-4.00000000 1.50000000 	-70.7106781187
-4.00000000 2.00000000 	-70.7106781187
-4.00000000 2.50000000 	-70.7106781187
-4.00000000 3.00000000 	-70.7106781187
-4.00000000 3.50000000 	-70.7106781187
-4.00000000 4.00000000 	-70.7106781187
-4.00000000 4.50000000 	-70.7106781187
-4.00000000 5.00000000 	-70.7106781187
-4.00000000 5.50000000 	-70.7106781187
-4.00000000 6.00000000 	-70.7106781187
-4.00000000 6.50000000 	-70.7106781187
-4.00000000 7.00000000 	-70.7106781187
-4.00000000 7.50000000 	-70.7106781187
-4.00000000 8.00000000 	-70.7106781187
-3.50000000 -12.00000000 	70.7106781187
-3.50000000 -11.50000000 	70.7106781187
-3.50000000 -11.00000000 	70.7106781187
-3.50000000 -10.50000000 	70.7106781187
-3.50000000 -10.00000000 	70.7106781187
-3.50000000 -9.50000000 	70.7106781187
-3.50000000 -9.00000000 	70.7106781187
-3.50000000 -8.50000000 	70.7106781187
-3.50000000 -8.00000000 	70.7106781187
-3.50000000 -7.50000000 	70.7106078364
-3.50000000 -7.00000000 	70.7081451149
-3.50000000 -6.50000000 	70.6707654807
-3.50000000 -6.00000000 	70.3479830650
-3.50000000 -5.50000000 	68.5909670128
-3.50000000 -5.00000000 	62.2256462966
-3.50000000 -4.50000000 	46.2465333969
-3.50000000 -4.00000000 	17.7259978440
-3.50000000 -3.50000000 	-17.7259978440
-3.50000000 -3.00000000 	-46.2465333969
-3.50000000 -2.50000000 	-62.2256462966
-3.50000000 -2.00000000 	-68.5909670128
-3.50000000 -1.50000000 	-70.3479830650
-3.50000000 -1.00000000 	-70.6707654807
-3.50000000 -0.50000000 	-70.7081451149
-3.50000000 0.00000000 	-70.7106078364
-3.50000000 0.50000000 	-70.7106781187
-3.50000000 1.00000000 	-70.7106781187
-3.50000000 1.50000000 	-70.7106781187
-3.50000000 2.00000000 	-70.7106781187
-3.50000000 2.50000000 	-70.7106781187
-3.50000000 3.00000000 	-70.7106781187
-3.50000000 3.50000000 	-70.7106781187
-3.50000000 4.00000000 	-70.7106781187
-3.50000000 4.50000000 	-70.7106781187
-3.50000000 5.00000000 	-70.7106781187
-3.50000000 5.50000000 	-70.7106781187
-3.50000000 6.00000000 	-70.7106781187
-3.50000000 6.50000000 	-70.7106781187
-3.50000000 7.00000000 	-70.7106781187
-3.50000000 7.50000000 	-70.7106781187
-3.50000000 8.00000000 	-70.7106781187
-3.00000000 -12.00000000 	70.7106781187
-3.00000000 -11.50000000 	70.7106781187
-3.00000000 -11.00000000 	70.7106781187
-3.00000000 -10.50000000 	70.7106781187
-3.00000000 -10.00000000 	70.7106781187
-3.00000000 -9.50000000 	70.7106781187
-3.00000000 -9.00000000 	70.7106781187
-3.00000000 -8.50000000 	70.7106781187
-3.00000000 -8.00000000 	70.7106781187
-3.00000000 -7.50000000 	70.7106781187
-3.00000000 -7.00000000 	70.7106078364
-3.00000000 -6.50000000 	70.7081451149
-3.00000000 -6.00000000 	70.6707654807
-3.00000000 -5.50000000 	70.3479830650
-3.00000000 -5.00000000 	68.5909670128
-3.00000000 -4.50000000 	62.2256462966
-3.00000000 -4.00000000 	46.2465333969
-3.00000000 -3.50000000 	17.7259978440
-3.00000000 -3.00000000 	-17.7259978440
-3.00000000 -2.50000000 	-46.2465333969
-3.00000000 -2.00000000 	-62.2256462966
-3.00000000 -1.50000000 	-68.5909670128
-3.00000000 -1.00000000 	-70.3479830650
-3.00000000 -0.50000000 	-70.6707654807
-3.00000000 0.00000000 	-70.7081451149
-3.00000000 0.50000000 	-70.7106078364
-3.00000000 1.00000000 	-70.7106781187
-3.00000000 1.50000000 	-70.7106781187
-3.00000000 2.00000000 	-70.7106781187
-3.00000000 2.50000000 	-70.7106781187
-3.00000000 3.00000000 	-70.7106781187
-3.00000000 3.50000000 	-70.7106781187
-3.00000000 4.00000000 	-70.7106781187
-3.00000000 4.50000000 	-70.7106781187
-3.00000000 5.00000000 	-70.7106781187
-3.00000000 5.50000000 	-70.7106781187
-3.00000000 6.00000000 	-70.7106781187
-3.00000000 6.50000000 	-70.7106781187
-3.00000000 7.00000000 	-70.7106781187
-3.00000000 7.50000000 	-70.7106781187
-3.00000000 8.00000000 	-70.7106781187
-2.50000000 -12.00000000 	70.7106781187
-2.50000000 -11.50000000 	70.7106781187
-2.50000000 -11.00000000 	70.7106781187
-2.50000000 -10.50000000 	70.7106781187
-2.50000000 -10.00000000 	70.7106781187
-2.50000000 -9.50000000 	70.7106781187
-2.50000000 -9.00000000 	70.7106781187
-2.50000000 -8.50000000 	70.7106781187
-2.50000000 -8.00000000 	70.7106781187
-2.50000000 -7.50000000 	70.7106781187
-2.50000000 -7.00000000 	70.7106781187
-2.50000000 -6.50000000 	70.7106078364
-2.50000000 -6.00000000 	70.7081451149
-2.50000000 -5.50000000 	70.6707654807
-2.50000000 -5.00000000 	70.3479830650
-2.50000000 -4.50000000 	68.5909670128
-2.50000000 -4.00000000 	62.2256462966
-2.50000000 -3.50000000 	46.2465333969
-2.50000000 -3.00000000 	17.7259978440
-2.50000000 -2.50000000 	-17.7259978440
-2.50000000 -2.00000000 	-46.2465333969
-2.50000000 -1.50000000 	-62.2256462966
-2.50000000 -1.00000000 	-68.5909670128
-2.50000000 -0.50000000 	-70.3479830650
-2.50000000 0.00000000 	-70.6707654807
-2.50000000 0.50000000 	-70.7081451149
-2.50000000 1.00000000 	-70.7106078364
-2.50000000 1.50000000 	-70.7106781187
-2.50000000 2.00000000 	-70.7106781187
-2.50000000 2.50000000 	-70.7106781187
-2.50000000 3.00000000 	-70.7106781187
-2.50000000 3.50000000 	-70.7106781187
-2.50000000 4.00000000 	-70.7106781187
-2.50000000 4.50000000 	-70.7106781187
-2.50000000 5.00000000 	-70.7106781187
-2.50000000 5.50000000 	-70.7106781187
-2.50000000 6.00000000 	-70.7106781187
-2.50000000 6.50000000 	-70.7106781187
-2.50000000 7.00000000 	-70.7106781187
-2.50000000 7.50000000 	-70.7106781187
-2.50000000 8.00000000 	-70.7106781187
-2.00000000 -12.00000000 	70.7106781187
-2.00000000 -11.50000000 	70.7106781187
-2.00000000 -11.00000000 	70.7106781187
-2.00000000 -10.50000000 	70.7106781187
-2.00000000 -10.00000000 	70.7106781187
-2.00000000 -9.50000000 	70.7106781187
-2.00000000 -9.00000000 	70.7106781187
-2.00000000 -8.50000000 	70.7106781187
-2.00000000 -8.00000000 	70.7106781187
-2.00000000 -7.50000000 	70.7106781187
-2.00000000 -7.00000000 	70.7106781187
-2.00000000 -6.50000000 	70.7106781187
-2.00000000 -6.00000000 	70.7106078364
-2.00000000 -5.50000000 	70.7081451149
-2.00000000 -5.00000000 	70.6707654807
-2.00000000 -4.50000000 	70.3479830650
-2.00000000 -4.00000000 	68.5909670128
-2.00000000 -3.50000000 	62.2256462966
-2.00000000 -3.00000000 	46.2465333969
-2.00000000 -2.50000000 	17.7259978440
-2.00000000 -2.00000000 	-17.7259978440
-2.00000000 -1.50000000 	-46.2465333969
-2.00000000 -1.00000000 	-62.2256462966
-2.00000000 -0.50000000 	-68.5909670128
-2.00000000 0.00000000 	-70.3479830650
-2.00000000 0.50000000 	-70.6707654807
-2.00000000 1.00000000 	-70.7081451149
-2.00000000 1.50000000 	-70.7106078364
-2.00000000 2.00000000 	-70.7106781187
-2.00000000 2.50000000 	-70.7106781187
-2.00000000 3.00000000 	-70.7106781187
-2.00000000 3.50000000 	-70.7106781187
-2.00000000 4.00000000 	-70.7106781187
-2.00000000 4.50000000 	-70.7106781187
-2.00000000 5.00000000 	-70.7106781187
-2.00000000 5.50000000 	-70.7106781187
-2.00000000 6.00000000 	-70.7106781187
-2.00000000 6.50000000 	-70.7106781187
-2.00000000 7.00000000 	-70.7106781187
-2.00000000 7.50000000 	-70.7106781187
-2.00000000 8.00000000 	-70.7106781187
-1.50000000 -12.00000000 	70.7106781187
-1.50000000 -11.50000000 	70.7106781187
-1.50000000 -11.00000000 	70.7106781187
-1.50000000 -10.50000000 	70.7106781187
-1.50000000 -10.00000000 	70.7106781187
-1.50000000 -9.50000000 	70.7106781187
-1.50000000 -9.00000000 	70.7106781187
-1.50000000 -8.50000000 	70.7106781187
-1.50000000 -8.00000000 	70.7106781187
-1.50000000 -7.50000000 	70.7106781187
-1.50000000 -7.00000000 	70.7106781187
-1.50000000 -6.50000000 	70.7106781187
-1.50000000 -6.00000000 	70.7106781187
-1.50000000 -5.50000000 	70.7106078364
-1.50000000 -5.00000000 	70.7081451149
-1.50000000 -4.50000000 	70.6707654807
-1.50000000 -4.00000000 	70.3479830650
-1.50000000 -3.50000000 	68.5909670128
-1.50000000 -3.00000000 	62.2256462966
-1.50000000 -2.50000000 	46.2465333969
-1.50000000 -2.00000000 	17.7259978440
-1.50000000 -1.50000000 	-17.7259978440
-1.50000000 -1.00000000 	-46.2465333969
-1.50000000 -0.50000000 	-62.2256462966
-1.50000000 0.00000000 	-68.5909670128
-1.50000000 0.50000000 	-70.3479830650
-1.50000000 1.00000000 	-70.6707654807
-1.50000000 1.50000000 	-70.7081451149
-1.50000000 2.00000000 	-70.7106078364
-1.50000000 2.50000000 	-70.7106781187
-1.50000000 3.00000000 	-70.7106781187
-1.50000000 3.50000000 	-70.7106781187
-1.50000000 4.00000000 	-70.7106781187
-1.50000000 4.50000000 	-70.7106781187
-1.50000000 5.00000000 	-70.7106781187
-1.50000000 5.50000000 	-70.7106781187
-1.50000000 6.00000000 	-70.7106781187
-1.50000000 6.50000000 	-70.7106781187
-1.50000000 7.00000000 	-70.7106781187
-1.50000000 7.50000000 	-70.7106781187
-1.50000000 8.00000000 	-70.7106781187
-1.00000000 -12.00000000 	70.7106781187
-1.00000000 -11.50000000 	70.7106781187
-1.00000000 -11.00000000 	70.7106781187
-1.00000000 -10.50000000 	70.7106781187
-1.00000000 -10.00000000 	70.7106781187
-1.00000000 -9.50000000 	70.7106781187
-1.00000000 -9.00000000 	70.7106781187
-1.00000000 -8.50000000 	70.7106781187
-1.00000000 -8.00000000 	70.7106781187
-1.00000000 -7.50000000 	70.7106781187
-1.00000000 -7.00000000 	70.7106781187
-1.00000000 -6.50000000 	70.7106781187
-1.00000000 -6.00000000 	70.7106781187
-1.00000000 -5.50000000 	70.7106781187
-1.00000000 -5.00000000 	70.7106078364
-1.00000000 -4.50000000 	70.7081451149
-1.00000000 -4.00000000 	70.6707654807
-1.00000000 -3.50000000 	70.3479830650
-1.00000000 -3.00000000 	68.5909670128
-1.00000000 -2.50000000 	62.2256462966
-1.00000000 -2.00000000 	46.2465333969
-1.00000000 -1.50000000 	17.7259978440
-1.00000000 -1.00000000 	-17.7259978440
-1.00000000 -0.50000000 	-46.2465333969
-1.00000000 0.00000000 	-62.2256462966
-1.00000000 0.50000000 	-68.5909670128
-1.00000000 1.00000000 	-70.3479830650
-1.00000000 1.50000000 	-70.6707654807
-1.00000000 2.00000000 	-70.7081451149
-1.00000000 2.50000000 	-70.7106078364
-1.00000000 3.00000000 	-70.7106781187
-1.00000000 3.50000000 	-70.7106781187
-1.00000000 4.00000000 	-70.7106781187
-1.00000000 4.50000000 	-70.7106781187
-1.00000000 5.00000000 	-70.7106781187
-1.00000000 5.50000000 	-70.7106781187
-1.00000000 6.00000000 	-70.7106781187
-1.00000000 6.50000000 	-70.7106781187
-1.00000000 7.00000000 	-70.7106781187
-1.00000000 7.50000000 	-70.7106781187
-1.00000000 8.00000000 	-70.7106781187
-0.50000000 -12.00000000 	70.7106781187
-0.50000000 -11.50000000 	70.7106781187
-0.50000000 -11.00000000 	70.7106781187
-0.50000000 -10.50000000 	70.7106781187
-0.50000000 -10.00000000 	70.7106781187
-0.50000000 -9.50000000 	70.7106781187
-0.50000000 -9.00000000 	70.7106781187
-0.50000000 -8.50000000 	70.7106781187
-0.50000000 -8.00000000 	70.7106781187
-0.50000000 -7.50000000 	70.7106781187
-0.50000000 -7.00000000 	70.7106781187
-0.50000000 -6.50000000 	70.7106781187
-0.50000000 -6.00000000 	70.7106781187
-0.50000000 -5.50000000 	70.7106781187
-0.50000000 -5.00000000 	70.7106781187
-0.50000000 -4.50000000 	70.7106078364
-0.50000000 -4.00000000 	70.7081451149
-0.50000000 -3.50000000 	70.6707654807
-0.50000000 -3.00000000 	70.3479830650
-0.50000000 -2.50000000 	68.5909670128
-0.50000000 -2.00000000 	62.2256462966
-0.50000000 -1.50000000 	46.2465333969
-0.50000000 -1.00000000 	17.7259978440
-0.50000000 -0.50000000 	-17.7259978440
-0.50000000 0.00000000 	-46.2465333969
-0.50000000 0.50000000 	-62.2256462966
-0.50000000 1.00000000 	-68.5909670128
-0.50000000 1.50000000 	-70.3479830650
-0.50000000 2.00000000 	-70.6707654807
-0.50000000 2.50000000 	-70.7081451149
-0.50000000 3.00000000 	-70.7106078364
-0.50000000 3.50000000 	-70.7106781187
-0.50000000 4.00000000 	-70.7106781187
-0.50000000 4.50000000 	-70.7106781187
-0.50000000 5.00000000 	-70.7106781187
-0.50000000 5.50000000 	-70.7106781187
-0.50000000 6.00000000 	-70.7106781187
-0.50000000 6.50000000 	-70.7106781187
-0.50000000 7.00000000 	-70.7106781187
-0.50000000 7.50000000 	-70.7106781187
-0.50000000 8.00000000 	-70.7106781187
0.00000000 -12.00000000 	70.7106781187
0.00000000 -11.50000000 	70.7106781187
0.00000000 -11.00000000 	70.7106781187
0.00000000 -10.50000000 	70.7106781187
0.00000000 -10.00000000 	70.7106781187
0.00000000 -9.50000000 	70.7106781187
0.00000000 -9.00000000 	70.7106781187
0.00000000 -8.50000000 	70.7106781187
0.00000000 -8.00000000 	70.7106781187
0.00000000 -7.50000000 	70.7106781187
0.00000000 -7.00000000 	70.7106781187
0.00000000 -6.50000000 	70.7106781187
0.00000000 -6.00000000 	70.7106781187
0.00000000 -5.50000000 	70.7106781187
0.00000000 -5.00000000 	70.7106781187
0.00000000 -4.50000000 	70.7106781187
0.00000000 -4.00000000 	70.7106078364
0.00000000 -3.50000000 	70.7081451149
0.00000000 -3.00000000 	70.6707654807
0.00000000 -2.50000000 	70.3479830650
0.00000000 -2.00000000 	68.5909670128
0.00000000 -1.50000000 	62.2256462966
0.00000000 -1.00000000 	46.2465333969
0.00000000 -0.50000000 	17.7259978440
0.00000000 0.00000000 	-17.7259978440
0.00000000 0.50000000 	-46.2465333969
0.00000000 1.00000000 	-62.2256462966
0.00000000 1.50000000 	-68.5909670128
0.00000000 2.00000000 	-70.3479830650
0.00000000 2.50000000 	-70.6707654807
0.00000000 3.00000000 	-70.7081451149
0.00000000 3.50000000 	-70.7106078364
0.00000000 4.00000000 	-70.7106781187
0.00000000 4.50000000 	-70.7106781187
0.00000000 5.00000000 	-70.7106781187
0.00000000 5.50000000 	-70.7106781187
0.00000000 6.00000000 	-70.7106781187
0.00000000 6.50000000 	-70.7106781187
0.00000000 7.00000000 	-70.7106781187
0.00000000 7.50000000 	-70.7106781187
0.00000000 8.00000000 	-70.7106781187
0.50000000 -12.00000000 	70.7106781187
0.50000000 -11.50000000 	70.7106781187
0.50000000 -11.00000000 	70.7106781187
0.50000000 -10.50000000 	70.7106781187
0.50000000 -10.00000000 	70.7106781187
0.50000000 -9.50000000 	70.7106781187
0.50000000 -9.00000000 	70.7106781187
0.50000000 -8.50000000 	70.7106781187
0.50000000 -8.00000000 	70.7106781187
0.50000000 -7.50000000 	70.7106781187
0.50000000 -7.00000000 	70.7106781187
0.50000000 -6.50000000 	70.7106781187
0.50000000 -6.00000000 	70.7106781187
0.50000000 -5.50000000 	70.7106781187
0.50000000 -5.00000000 	70.7106781187
0.50000000 -4.50000000 	70.7106781187
0.50000000 -4.00000000 	70.7106781187
0.50000000 -3.50000000 	70.7106078364
0.50000000 -3.00000000 	70.7081451149
0.50000000 -2.50000000 	70.6707654807
0.50000000 -2.00000000 	70.3479830650
0.50000000 -1.50000000 	68.5909670128
0.50000000 -1.00000000 	62.2256462966
0.50000000 -0.50000000 	46.2465333969
0.50000000 0.00000000 	17.7259869192
0.50000000 0.50000000 	-17.7263604726
0.50000000 1.00000000 	-46.2508477985
0.50000000 1.50000000 	-62.2491047064
0.50000000 2.00000000 	-68.6462051233
0.50000000 2.50000000 	-70.3847499691
0.50000000 3.00000000 	-70.6813139548
0.50000000 3.50000000 	-70.7095409763
0.50000000 4.00000000 	-70.7106781187
0.50000000 4.50000000 	-70.7106781187
0.50000000 5.00000000 	-70.7106781187
0.50000000 5.50000000 	-70.7106781187
0.50000000 6.00000000 	-70.7106781187
0.50000000 6.50000000 	-70.7106781187
0.50000000 7.00000000 	-70.7106781187
0.50000000 7.50000000 	-70.7106781187
0.50000000 8.00000000 	-70.7106781187
1.00000000 -12.00000000 	70.7106781187
1.00000000 -11.50000000 	70.7106781187
1.00000000 -11.00000000 	70.7106781187
1.00000000 -10.50000000 	70.7106781187
1.00000000 -10.00000000 	70.7106781187
1.00000000 -9.50000000 	70.7106781187
1.00000000 -9.00000000 	70.7106781187
1.00000000 -8.50000000 	70.7106781187
1.00000000 -8.00000000 	70.7106781187
1.00000000 -7.50000000 	70.7106781187
1.00000000 -7.00000000 	70.7106781187
1.00000000 -6.50000000 	70.7106781187
1.00000000 -6.00000000 	70.7106781187
1.00000000 -5.50000000 	70.7106781187
1.00000000 -5.00000000 	70.7106781187
1.00000000 -4.50000000 	70.7106781187
1.00000000 -4.00000000 	70.7106781187
1.00000000 -3.50000000 	70.7106781187
1.00000000 -3.00000000 	70.7106078364
1.00000000 -2.50000000 	70.7081451149
1.00000000 -2.00000000 	70.6707654807
1.00000000 -1.50000000 	70.3479830650
1.00000000 -1.00000000 	68.5909670128
1.00000000 -0.50000000 	62.2256634015
1.00000000 0.00000000 	46.2466546219
1.00000000 0.50000000 	17.7219276595
1.00000000 1.00000000 	-17.7914293924
1.00000000 1.50000000 	-46.6170395962
1.00000000 2.00000000 	-63.1048463455
1.00000000 2.50000000 	-69.2205232022
1.00000000 3.00000000 	-70.5515278687
1.00000000 3.50000000 	-70.7036470091
1.00000000 4.00000000 	-70.7106781187
1.00000000 4.50000000 	-70.7106781187
1.00000000 5.00000000 	-70.7106781187
1.00000000 5.50000000 	-70.7106781187
1.00000000 6.00000000 	-70.7106781187
1.00000000 6.50000000 	-70.7106781187
1.00000000 7.00000000 	-70.7106781187
1.00000000 7.50000000 	-70.7106781187
1.00000000 8.00000000 	-70.7106781187
1.50000000 -12.00000000 	70.7106781187
1.50000000 -11.50000000 	70.7106781187
1.50000000 -11.00000000 	70.7106781187
1.50000000 -10.50000000 	70.7106781187
1.50000000 -10.00000000 	70.7106781187
1.50000000 -9.50000000 	70.7106781187
1.50000000 -9.00000000 	70.7106781187
1.50000000 -8.50000000 	70.7106781187
1.50000000 -8.00000000 	70.7106781187
1.50000000 -7.50000000 	70.7106781187
1.50000000 -7.00000000 	70.7106781187
1.50000000 -6.50000000 	70.7106781187
1.50000000 -6.00000000 	70.7106781187
1.50000000 -5.50000000 	70.7106781187
1.50000000 -5.00000000 	70.7106781187
1.50000000 -4.50000000 	70.7106781187
1.50000000 -4.00000000 	70.7106781187
1.50000000 -3.50000000 	70.7106781187
1.50000000 -3.00000000 	70.7106781187
1.50000000 -2.50000000 	70.7106078364
1.50000000 -2.00000000 	70.7081451149
1.50000000 -1.50000000 	70.6707654807
1.50000000 -1.00000000 	70.3479976546
1.50000000 -0.50000000 	68.5914466806
1.50000000 0.00000000 	62.2295185408
1.50000000 0.50000000 	46.2276290654
1.50000000 1.00000000 	17.2736014550
1.50000000 1.50000000 	-20.2891379474
1.50000000 2.00000000 	-52.1434317194
1.50000000 2.50000000 	-66.7183860919
1.50000000 3.00000000 	-70.2581279945
1.50000000 3.50000000 	-70.6898988026
1.50000000 4.00000000 	-70.7106781187
1.50000000 4.50000000 	-70.7106781187
1.50000000 5.00000000 	-70.7106781187
1.50000000 5.50000000 	-70.7106781187
1.50000000 6.00000000 	-70.7106781187
1.50000000 6.50000000 	-70.7106781187
1.50000000 7.00000000 	-70.7106781187
1.50000000 7.50000000 	-70.7106781187
1.50000000 8.00000000 	-70.7106781187
2.00000000 -12.00000000 	70.7106781187
2.00000000 -11.50000000 	70.7106781187
2.00000000 -11.00000000 	70.7106781187
2.00000000 -10.50000000 	70.7106781187
2.00000000 -10.00000000 	70.7106781187
2.00000000 -9.50000000 	70.7106781187
2.00000000 -9.00000000 	70.7106781187
2.00000000 -8.50000000 	70.7106781187
2.00000000 -8.00000000 	70.7106781187
2.00000000 -7.50000000 	70.7106781187
2.00000000 -7.00000000 	70.7106781187
2.00000000 -6.50000000 	70.7106781187
2.00000000 -6.00000000 	70.7106781187
2.00000000 -5.50000000 	70.7106781187
2.00000000 -5.00000000 	70.7106781187
2.00000000 -4.50000000 	70.7106781187
2.00000000 -4.00000000 	70.7106781187
2.00000000 -3.50000000 	70.7106781187
2.00000000 -3.00000000 	70.7106781187
2.00000000 -2.50000000 	70.7106781187
2.00000000 -2.00000000 	70.7106078364
2.00000000 -1.50000000 	70.7081422687
2.00000000 -1.00000000 	70.6706963160
2.00000000 -0.50000000 	70.3469521810
2.00000000 0.00000000 	68.5697417307
2.00000000 0.50000000 	61.9061570438
2.00000000 1.00000000 	43.6390704022
2.00000000 1.50000000 	6.6026305893
2.00000000 2.00000000 	-40.3293978282
2.00000000 2.50000000 	-64.1762357984
2.00000000 3.00000000 	-69.9871279058
2.00000000 3.50000000 	-70.6786236977
2.00000000 4.00000000 	-70.7106781187
2.00000000 4.50000000 	-70.7106781187
2.00000000 5.00000000 	-70.7106781187
2.00000000 5.50000000 	-70.7106781187
2.00000000 6.00000000 	-70.7106781187
2.00000000 6.50000000 	-70.7106781187
2.00000000 7.00000000 	-70.7106781187
2.00000000 7.50000000 	-70.7106781187
2.00000000 8.00000000 	-70.7106781187
