-8.00000000 -12.00000000 	70.7106781187
-8.00000000 -11.50000000 	70.7106781187
-8.00000000 -11.00000000 	70.7106781187
-8.00000000 -10.50000000 	70.7106781187
-8.00000000 -10.00000000 	70.6723767721
-8.00000000 -9.50000000 	69.8515654730
-8.00000000 -9.00000000 	63.4488609654
-8.00000000 -8.50000000 	39.2708824194
-8.00000000 -8.00000000 	-5.1799200471
-8.00000000 -7.50000000 	-41.7395046626
-8.00000000 -7.00000000 	-61.8605424748
-8.00000000 -6.50000000 	-69.3701402053
-8.00000000 -6.00000000 	-70.7106781187
-8.00000000 -5.50000000 	-70.7106781187
-8.00000000 -5.00000000 	-70.7106781187
-8.00000000 -4.50000000 	-70.7106781187
-8.00000000 -4.00000000 	-70.7106781187
-8.00000000 -3.50000000 	-70.7106781187
-8.00000000 -3.00000000 	-70.7106781187
-8.00000000 -2.50000000 	-70.7106781187
-8.00000000 -2.00000000 	-70.7106781187
-8.00000000 -1.50000000 	-70.7106781187
-8.00000000 -1.00000000 	-70.7106781187
-8.00000000 -0.50000000 	-70.7106781187
-8.00000000 0.00000000 	-70.7106781187
-8.00000000 0.50000000 	-70.7106781187
-8.00000000 1.00000000 	-70.7106781187
-8.00000000 1.50000000 	-70.7106781187
-8.00000000 2.00000000 	-70.7106781187
-8.00000000 2.50000000 	-70.7106781187
-8.00000000 3.00000000 	-70.7106781187
-8.00000000 3.50000000 	-70.7106781187
-8.00000000 4.00000000 	-70.7106781187
-8.00000000 4.50000000 	-70.7106781187
-8.00000000 5.00000000 	-70.7106781187
-8.00000000 5.50000000 	-70.7106781187
-8.00000000 6.00000000 	-70.7106781187
-8.00000000 6.50000000 	-70.7106781187
-8.00000000 7.00000000 	-70.7106781187
-8.00000000 7.50000000 	-70.7106781187
-8.00000000 8.00000000 	-70.7106781187
-7.50000000 -12.00000000 	70.7106781187
-7.50000000 -11.50000000 	70.7106781187
-7.50000000 -11.00000000 	70.7106781187
-7.50000000 -10.50000000 	70.7106781187
-7.50000000 -10.00000000 	70.7106781187
-7.50000000 -9.50000000 	70.4253978093
-7.50000000 -9.00000000 	66.9578965789
-7.50000000 -8.50000000 	51.1689471616
-7.50000000 -8.00000000 	18.2877296480
-7.50000000 -7.50000000 	-15.8032705698
-7.50000000 -7.00000000 	-44.0586658781
-7.50000000 -6.50000000 	-62.0805703198
-7.50000000 -6.00000000 	-69.3701402053
-7.50000000 -5.50000000 	-70.7106781187
-7.50000000 -5.00000000 	-70.7106781187
-7.50000000 -4.50000000 	-70.7106781187
-7.50000000 -4.00000000 	-70.7106781187
-7.50000000 -3.50000000 	-70.7106781187
-7.50000000 -3.00000000 	-70.7106781187
-7.50000000 -2.50000000 	-70.7106781187
-7.50000000 -2.00000000 	-70.7106781187
-7.50000000 -1.50000000 	-70.7106781187
-7.50000000 -1.00000000 	-70.7106781187
-7.50000000 -0.50000000 	-70.7106781187
-7.50000000 0.00000000 	-70.7106781187
-7.50000000 0.50000000 	-70.7106781187
-7.50000000 1.00000000 	-70.7106781187
-7.50000000 1.50000000 	-70.7106781187
-7.50000000 2.00000000 	-70.7106781187
-7.50000000 2.50000000 	-70.7106781187
-7.50000000 3.00000000 	-70.7106781187
-7.50000000 3.50000000 	-70.7106781187
-7.50000000 4.00000000 	-70.7106781187
-7.50000000 4.50000000 	-70.7106781187
-7.50000000 5.00000000 	-70.7106781187
-7.50000000 5.50000000 	-70.7106781187
-7.50000000 6.00000000 	-70.7106781187
-7.50000000 6.50000000 	-70.7106781187
-7.50000000 7.00000000 	-70.7106781187
-7.50000000 7.50000000 	-70.7106781187
-7.50000000 8.00000000 	-70.7106781187
-7.00000000 -12.00000000 	70.7106781187
-7.00000000 -11.50000000 	70.7106781187
-7.00000000 -11.00000000 	70.7106781187
-7.00000000 -10.50000000 	70.7106781187
-7.00000000 -10.00000000 	70.7106781187
-7.00000000 -9.50000000 	70.7106781187
-7.00000000 -9.00000000 	69.9258128153
-7.00000000 -8.50000000 	63.4630062499
-7.00000000 -8.00000000 	44.3098102974
-7.00000000 -7.50000000 	15.9913011440
-7.00000000 -7.00000000 	-15.9913011440
-7.00000000 -6.50000000 	-44.0586658781
-7.00000000 -6.00000000 	-62.0805703198
-7.00000000 -5.50000000 	-69.3701402053
-7.00000000 -5.00000000 	-70.7106781187
-7.00000000 -4.50000000 	-70.7106781187
-7.00000000 -4.00000000 	-70.7106781187
-7.00000000 -3.50000000 	-70.7106781187
-7.00000000 -3.00000000 	-70.7106781187
-7.00000000 -2.50000000 	-70.7106781187
-7.00000000 -2.00000000 	-70.7106781187
-7.00000000 -1.50000000 	-70.7106781187
-7.00000000 -1.00000000 	-70.7106781187
-7.00000000 -0.50000000 	-70.7106781187
-7.00000000 0.00000000 	-70.7106781187
-7.00000000 0.50000000 	-70.7106781187
-7.00000000 1.00000000 	-70.7106781187
-7.00000000 1.50000000 	-70.7106781187
-7.00000000 2.00000000 	-70.7106781187
-7.00000000 2.50000000 	-70.7106781187
-7.00000000 3.00000000 	-70.7106781187
-7.00000000 3.50000000 	-70.7106781187
-7.00000000 4.00000000 	-70.7106781187
-7.00000000 4.50000000 	-70.7106781187
-7.00000000 5.00000000 	-70.7106781187
-7.00000000 5.50000000 	-70.7106781187
-7.00000000 6.00000000 	-70.7106781187
-7.00000000 6.50000000 	-70.7106781187
-7.00000000 7.00000000 	-70.7106781187
-7.00000000 7.50000000 	-70.7106781187
-7.00000000 8.00000000 	-70.7106781187
-6.50000000 -12.00000000 	70.7106781187
-6.50000000 -11.50000000 	70.7106781187
-6.50000000 -11.00000000 	70.7106781187
-6.50000000 -10.50000000 	70.7106781187
-6.50000000 -10.00000000 	70.7106781187
-6.50000000 -9.50000000 	70.7106781187
-6.50000000 -9.00000000 	70.7106781187
-6.50000000 -8.50000000 	69.5024837142
-6.50000000 -8.00000000 	62.0805703198
-6.50000000 -7.50000000 	44.0586658781
-6.50000000 -7.00000000 	15.9913011440
-6.50000000 -6.50000000 	-15.9913011440
-6.50000000 -6.00000000 	-44.0586658781
-6.50000000 -5.50000000 	-62.0805703198
-6.50000000 -5.00000000 	-69.3701402053
-6.50000000 -4.50000000 	-70.7106781187
-6.50000000 -4.00000000 	-70.7106781187
-6.50000000 -3.50000000 	-70.7106781187
-6.50000000 -3.00000000 	-70.7106781187
-6.50000000 -2.50000000 	-70.7106781187
-6.50000000 -2.00000000 	-70.7106781187
-6.50000000 -1.50000000 	-70.7106781187
-6.50000000 -1.00000000 	-70.7106781187
-6.50000000 -0.50000000 	-70.7106781187
-6.50000000 0.00000000 	-70.7106781187
-6.50000000 0.50000000 	-70.7106781187
-6.50000000 1.00000000 	-70.7106781187
-6.50000000 1.50000000 	-70.7106781187
-6.50000000 2.00000000 	-70.7106781187
-6.50000000 2.50000000 	-70.7106781187
-6.50000000 3.00000000 	-70.7106781187
-6.50000000 3.50000000 	-70.7106781187
-6.50000000 4.00000000 	-70.7106781187
-6.50000000 4.50000000 	-70.7106781187
-6.50000000 5.00000000 	-70.7106781187
-6.50000000 5.50000000 	-70.7106781187
-6.50000000 6.00000000 	-70.7106781187
-6.50000000 6.50000000 	-70.7106781187
-6.50000000 7.00000000 	-70.7106781187
-6.50000000 7.50000000 	-70.7106781187
-6.50000000 8.00000000 	-70.7106781187
-6.00000000 -12.00000000 	70.7106781187
-6.00000000 -11.50000000 	70.7106781187
-6.00000000 -11.00000000 	70.7106781187
-6.00000000 -10.50000000 	70.7106781187
-6.00000000 -10.00000000 	70.7106781187
-6.00000000 -9.50000000 	70.7106781187
-6.00000000 -9.00000000 	70.7106781187
-6.00000000 -8.50000000 	70.7106781187
-6.00000000 -8.00000000 	69.3701402053
-6.00000000 -7.50000000 	62.0805703198
-6.00000000 -7.00000000 	44.0586658781
-6.00000000 -6.50000000 	15.9913011440
-6.00000000 -6.00000000 	-15.9913011440
-6.00000000 -5.50000000 	-44.0586658781
-6.00000000 -5.00000000 	-62.0805703198
-6.00000000 -4.50000000 	-69.3701402053
-6.00000000 -4.00000000 	-70.7106781187
-6.00000000 -3.50000000 	-70.7106781187
-6.00000000 -3.00000000 	-70.7106781187
-6.00000000 -2.50000000 	-70.7106781187
-6.00000000 -2.00000000 	-70.7106781187
-6.00000000 -1.50000000 	-70.7106781187
-6.00000000 -1.00000000 	-70.7106781187
-6.00000000 -0.50000000 	-70.7106781187
-6.00000000 0.00000000 	-70.7106781187
-6.00000000 0.50000000 	-70.7106781187
-6.00000000 1.00000000 	-70.7106781187
-6.00000000 1.50000000 	-70.7106781187
-6.00000000 2.00000000 	-70.7106781187
-6.00000000 2.50000000 	-70.7106781187
-6.00000000 3.00000000 	-70.7106781187
-6.00000000 3.50000000 	-70.7106781187
-6.00000000 4.00000000 	-70.7106781187
-6.00000000 4.50000000 	-70.7106781187
-6.00000000 5.00000000 	-70.7106781187
-6.00000000 5.50000000 	-70.7106781187
-6.00000000 6.00000000 	-70.7106781187
-6.00000000 6.50000000 	-70.7106781187
-6.00000000 7.00000000 	-70.7106781187
-6.00000000 7.50000000 	-70.7106781187
-6.00000000 8.00000000 	-70.7106781187
-5.50000000 -12.00000000 	70.7106781187
-5.50000000 -11.50000000 	70.7106781187
-5.50000000 -11.00000000 	70.7106781187
-5.50000000 -10.50000000 	70.7106781187
-5.50000000 -10.00000000 	70.7106781187
-5.50000000 -9.50000000 	70.7106781187
-5.50000000 -9.00000000 	70.7106781187
-5.50000000 -8.50000000 	70.7106781187
-5.50000000 -8.00000000 	70.7106781187
-5.50000000 -7.50000000 	69.3701402053
-5.50000000 -7.00000000 	62.0805703198
-5.50000000 -6.50000000 	44.0586658781
-5.50000000 -6.00000000 	15.9913011440
-5.50000000 -5.50000000 	-15.9913011440
-5.50000000 -5.00000000 	-44.0586658781
-5.50000000 -4.50000000 	-62.0805703198
-5.50000000 -4.00000000 	-69.3701402053
-5.50000000 -3.50000000 	-70.7106781187
-5.50000000 -3.00000000 	-70.7106781187
-5.50000000 -2.50000000 	-70.7106781187
-5.50000000 -2.00000000 	-70.7106781187
-5.50000000 -1.50000000 	-70.7106781187
-5.50000000 -1.00000000 	-70.7106781187
-5.50000000 -0.50000000 	-70.7106781187
-5.50000000 0.00000000 	-70.7106781187
-5.50000000 0.50000000 	-70.7106781187
-5.50000000 1.00000000 	-70.7106781187
-5.50000000 1.50000000 	-70.7106781187
-5.50000000 2.00000000 	-70.7106781187
-5.50000000 2.50000000 	-70.7106781187
-5.50000000 3.00000000 	-70.7106781187
-5.50000000 3.50000000 	-70.7106781187
-5.50000000 4.00000000 	-70.7106781187
-5.50000000 4.50000000 	-70.7106781187
-5.50000000 5.00000000 	-70.7106781187
-5.50000000 5.50000000 	-70.7106781187
-5.50000000 6.00000000 	-70.7106781187
-5.50000000 6.50000000 	-70.7106781187
-5.50000000 7.00000000 	-70.7106781187
-5.50000000 7.50000000 	-70.7106781187
-5.50000000 8.00000000 	-70.7106781187
-5.00000000 -12.00000000 	70.7106781187
-5.00000000 -11.50000000 	70.7106781187
-5.00000000 -11.00000000 	70.7106781187
-5.00000000 -10.50000000 	70.7106781187
-5.00000000 -10.00000000 	70.7106781187
-5.00000000 -9.50000000 	70.7106781187
-5.00000000 -9.00000000 	70.7106781187
-5.00000000 -8.50000000 	70.7106781187
-5.00000000 -8.00000000 	70.7106781187
-5.00000000 -7.50000000 	70.7106781187
-5.00000000 -7.00000000 	69.3701402053
-5.00000000 -6.50000000 	62.0805703198
-5.00000000 -6.00000000 	44.0586658781
-5.00000000 -5.50000000 	15.9913011440
-5.00000000 -5.00000000 	-15.9913011440
-5.00000000 -4.50000000 	-44.0586658781
-5.00000000 -4.00000000 	-62.0805703198
-5.00000000 -3.50000000 	-69.3701402053
-5.00000000 -3.00000000 	-70.7106781187
-5.00000000 -2.50000000 	-70.7106781187
-5.00000000 -2.00000000 	-70.7106781187
-5.00000000 -1.50000000 	-70.7106781187
-5.00000000 -1.00000000 	-70.7106781187
-5.00000000 -0.50000000 	-70.7106781187
-5.00000000 0.00000000 	-70.7106781187
-5.00000000 0.50000000 	-70.7106781187
-5.00000000 1.00000000 	-70.7106781187
-5.00000000 1.50000000 	-70.7106781187
-5.00000000 2.00000000 	-70.7106781187
-5.00000000 2.50000000 	-70.7106781187
-5.00000000 3.00000000 	-70.7106781187
-5.00000000 3.50000000 	-70.7106781187
-5.00000000 4.00000000 	-70.7106781187
-5.00000000 4.50000000 	-70.7106781187
-5.00000000 5.00000000 	-70.7106781187
-5.00000000 5.50000000 	-70.7106781187
-5.00000000 6.00000000 	-70.7106781187
-5.00000000 6.50000000 	-70.7106781187
-5.00000000 7.00000000 	-70.7106781187
-5.00000000 7.50000000 	-70.7106781187
-5.00000000 8.00000000 	-70.7106781187
-4.50000000 -12.00000000 	70.7106781187
-4.50000000 -11.50000000 	70.7106781187
-4.50000000 -11.00000000 	70.7106781187
-4.50000000 -10.50000000 	70.7106781187
-4.50000000 -10.00000000 	70.7106781187
-4.50000000 -9.50000000 	70.7106781187
-4.50000000 -9.00000000 	70.7106781187
-4.50000000 -8.50000000 	70.7106781187
-4.50000000 -8.00000000 	70.7106781187
-4.50000000 -7.50000000 	70.7106781187
-4.50000000 -7.00000000 	70.7106781187
-4.50000000 -6.50000000 	69.3701402053
-4.50000000 -6.00000000 	62.0805703198
-4.50000000 -5.50000000 	44.0586658781
-4.50000000 -5.00000000 	15.9913011440
-4.50000000 -4.50000000 	-15.9913011440
-4.50000000 -4.00000000 	-44.0586658781
-4.50000000 -3.50000000 	-62.0805703198
-4.50000000 -3.00000000 	-69.3701402053
-4.50000000 -2.50000000 	-70.7106781187
-4.50000000 -2.00000000 	-70.7106781187
-4.50000000 -1.50000000 	-70.7106781187
-4.50000000 -1.00000000 	-70.7106781187
-4.50000000 -0.50000000 	-70.7106781187
-4.50000000 0.00000000 	-70.7106781187
-4.50000000 0.50000000 	-70.7106781187
-4.50000000 1.00000000 	-70.7106781187
-4.50000000 1.50000000 	-70.7106781187
-4.50000000 2.00000000 	-70.7106781187
-4.50000000 2.50000000 	-70.7106781187
-4.50000000 3.00000000 	-70.7106781187
-4.50000000 3.50000000 	-70.7106781187
-4.50000000 4.00000000 	-70.7106781187
-4.50000000 4.50000000 	-70.7106781187
-4.50000000 5.00000000 	-70.7106781187
-4.50000000 5.50000000 	-70.7106781187
-4.50000000 6.00000000 	-70.7106781187
-4.50000000 6.50000000 	-70.7106781187
-4.50000000 7.00000000 	-70.7106781187
-4.50000000 7.50000000 	-70.7106781187
-4.50000000 8.00000000 	-70.7106781187
-4.00000000 -12.00000000 	70.7106781187
-4.00000000 -11.50000000 	70.7106781187
-4.00000000 -11.00000000 	70.7106781187
-4.00000000 -10.50000000 	70.7106781187
-4.00000000 -10.00000000 	70.7106781187
-4.00000000 -9.50000000 	70.7106781187
-4.00000000 -9.00000000 	70.7106781187
-4.00000000 -8.50000000 	70.7106781187
-4.00000000 -8.00000000 	70.7106781187
-4.00000000 -7.50000000 	70.7106781187
-4.00000000 -7.00000000 	70.7106781187
-4.00000000 -6.50000000 	70.7106781187
-4.00000000 -6.00000000 	69.3701402053
-4.00000000 -5.50000000 	62.0805703198
-4.00000000 -5.00000000 	44.0586658781
-4.00000000 -4.50000000 	15.9913011440
-4.00000000 -4.00000000 	-15.9913011440
-4.00000000 -3.50000000 	-44.0586658781
-4.00000000 -3.00000000 	-62.0805703198
-4.00000000 -2.50000000 	-69.3701402053
-4.00000000 -2.00000000 	-70.7106781187
-4.00000000 -1.50000000 	-70.7106781187
-4.00000000 -1.00000000 	-70.7106781187
-4.00000000 -0.50000000 	-70.7106781187
-4.00000000 0.00000000 	-70.7106781187
-4.00000000 0.50000000 	-70.7106781187
-4.00000000 1.00000000 	-70.7106781187
-4.00000000 1.50000000 	-70.7106781187
-4.00000000 2.00000000 	-70.7106781187
-4.00000000 2.50000000 	-70.7106781187
-4.00000000 3.00000000 	-70.7106781187
-4.00000000 3.50000000 	-70.7106781187
-4.00000000 4.00000000 	-70.7106781187
-4.00000000 4.50000000 	-70.7106781187
-4.00000000 5.00000000 	-70.7106781187
-4.00000000 5.50000000 	-70.7106781187
-4.00000000 6.00000000 	-70.7106781187
-4.00000000 6.50000000 	-70.7106781187
-4.00000000 7.00000000 	-70.7106781187
-4.00000000 7.50000000 	-70.7106781187
-4.00000000 8.00000000 	-70.7106781187
-3.50000000 -12.00000000 	70.7106781187
-3.50000000 -11.50000000 	70.7106781187
-3.50000000 -11.00000000 	70.7106781187
-3.50000000 -10.50000000 	70.7106781187
-3.50000000 -10.00000000 	70.7106781187
-3.50000000 -9.50000000 	70.7106781187
-3.50000000 -9.00000000 	70.7106781187
-3.50000000 -8.50000000 	70.7106781187
-3.50000000 -8.00000000 	70.7106781187
-3.50000000 -7.50000000 	70.7106781187
-3.50000000 -7.00000000 	70.7106781187
-3.50000000 -6.50000000 	70.7106781187
-3.50000000 -6.00000000 	70.7106781187
-3.50000000 -5.50000000 	69.3701402053
-3.50000000 -5.00000000 	62.0805703198
-3.50000000 -4.50000000 	44.0586658781
-3.50000000 -4.00000000 	15.9913011440
-3.50000000 -3.50000000 	-15.9913011440
-3.50000000 -3.00000000 	-44.0586658781
-3.50000000 -2.50000000 	-62.0805703198
-3.50000000 -2.00000000 	-69.3701402053
-3.50000000 -1.50000000 	-70.7106781187
-3.50000000 -1.00000000 	-70.7106781187
-3.50000000 -0.50000000 	-70.7106781187
-3.50000000 0.00000000 	-70.7106781187
-3.50000000 0.50000000 	-70.7106781187
-3.50000000 1.00000000 	-70.7106781187
-3.50000000 1.50000000 	-70.7106781187
-3.50000000 2.00000000 	-70.7106781187
-3.50000000 2.50000000 	-70.7106781187
-3.50000000 3.00000000 	-70.7106781187
-3.50000000 3.50000000 	-70.7106781187
-3.50000000 4.00000000 	-70.7106781187
-3.50000000 4.50000000 	-70.7106781187
-3.50000000 5.00000000 	-70.7106781187
-3.50000000 5.50000000 	-70.7106781187
-3.50000000 6.00000000 	-70.7106781187
-3.50000000 6.50000000 	-70.7106781187
-3.50000000 7.00000000 	-70.7106781187
-3.50000000 7.50000000 	-70.7106781187
-3.50000000 8.00000000 	-70.7106781187
-3.00000000 -12.00000000 	70.7106781187
-3.00000000 -11.50000000 	70.7106781187
-3.00000000 -11.00000000 	70.7106781187
-3.00000000 -10.50000000 	70.7106781187
-3.00000000 -10.00000000 	70.7106781187
-3.00000000 -9.50000000 	70.7106781187
-3.00000000 -9.00000000 	70.7106781187
-3.00000000 -8.50000000 	70.7106781187
-3.00000000 -8.00000000 	70.7106781187
-3.00000000 -7.50000000 	70.7106781187
-3.00000000 -7.00000000 	70.7106781187
-3.00000000 -6.50000000 	70.7106781187
-3.00000000 -6.00000000 	70.7106781187
-3.00000000 -5.50000000 	70.7106781187
-3.00000000 -5.00000000 	69.3701402053
-3.00000000 -4.50000000 	62.0805703198
-3.00000000 -4.00000000 	44.0586658781
-3.00000000 -3.50000000 	15.9913011440
-3.00000000 -3.00000000 	-15.9913011440
-3.00000000 -2.50000000 	-44.0586658781
-3.00000000 -2.00000000 	-62.0805703198
-3.00000000 -1.50000000 	-69.3701402053
-3.00000000 -1.00000000 	-70.7106781187
-3.00000000 -0.50000000 	-70.7106781187
-3.00000000 0.00000000 	-70.7106781187
-3.00000000 0.50000000 	-70.7106781187
-3.00000000 1.00000000 	-70.7106781187
-3.00000000 1.50000000 	-70.7106781187
-3.00000000 2.00000000 	-70.7106781187
-3.00000000 2.50000000 	-70.7106781187
-3.00000000 3.00000000 	-70.7106781187
-3.00000000 3.50000000 	-70.7106781187
-3.00000000 4.00000000 	-70.7106781187
-3.00000000 4.50000000 	-70.7106781187
-3.00000000 5.00000000 	-70.7106781187
-3.00000000 5.50000000 	-70.7106781187
-3.00000000 6.00000000 	-70.7106781187
-3.00000000 6.50000000 	-70.7106781187
-3.00000000 7.00000000 	-70.7106781187
-3.00000000 7.50000000 	-70.7106781187
-3.00000000 8.00000000 	-70.7106781187
-2.50000000 -12.00000000 	70.7106781187
-2.50000000 -11.50000000 	70.7106781187
-2.50000000 -11.00000000 	70.7106781187
-2.50000000 -10.50000000 	70.7106781187
-2.50000000 -10.00000000 	70.7106781187
-2.50000000 -9.50000000 	70.7106781187
-2.50000000 -9.00000000 	70.7106781187
-2.50000000 -8.50000000 	70.7106781187
-2.50000000 -8.00000000 	70.7106781187
-2.50000000 -7.50000000 	70.7106781187
-2.50000000 -7.00000000 	70.7106781187
-2.50000000 -6.50000000 	70.7106781187
-2.50000000 -6.00000000 	70.7106781187
-2.50000000 -5.50000000 	70.7106781187
-2.50000000 -5.00000000 	70.7106781187
-2.50000000 -4.50000000 	69.3701402053
-2.50000000 -4.00000000 	62.0805703198
-2.50000000 -3.50000000 	44.0586658781
-2.50000000 -3.00000000 	15.9913011440
-2.50000000 -2.50000000 	-15.9913011440
-2.50000000 -2.00000000 	-44.0586658781
-2.50000000 -1.50000000 	-62.0805703198
-2.50000000 -1.00000000 	-69.3701402053
-2.50000000 -0.50000000 	-70.7106781187
-2.50000000 0.00000000 	-70.7106781187
-2.50000000 0.50000000 	-70.7106781187
-2.50000000 1.00000000 	-70.7106781187
-2.50000000 1.50000000 	-70.7106781187
-2.50000000 2.00000000 	-70.7106781187
-2.50000000 2.50000000 	-70.7106781187
-2.50000000 3.00000000 	-70.7106781187
-2.50000000 3.50000000 	-70.7106781187
-2.50000000 4.00000000 	-70.7106781187
-2.50000000 4.50000000 	-70.7106781187
-2.50000000 5.00000000 	-70.7106781187
-2.50000000 5.50000000 	-70.7106781187
-2.50000000 6.00000000 	-70.7106781187
-2.50000000 6.50000000 	-70.7106781187
-2.50000000 7.00000000 	-70.7106781187
-2.50000000 7.50000000 	-70.7106781187
-2.50000000 8.00000000 	-70.7106781187
-2.00000000 -12.00000000 	70.7106781187
-2.00000000 -11.50000000 	70.7106781187
-2.00000000 -11.00000000 	70.7106781187
-2.00000000 -10.50000000 	70.7106781187
-2.00000000 -10.00000000 	70.7106781187
-2.00000000 -9.50000000 	70.7106781187
-2.00000000 -9.00000000 	70.7106781187
-2.00000000 -8.50000000 	70.7106781187
-2.00000000 -8.00000000 	70.7106781187
-2.00000000 -7.50000000 	70.7106781187
-2.00000000 -7.00000000 	70.7106781187
-2.00000000 -6.50000000 	70.7106781187
-2.00000000 -6.00000000 	70.7106781187
-2.00000000 -5.50000000 	70.7106781187
-2.00000000 -5.00000000 	70.7106781187
-2.00000000 -4.50000000 	70.7106781187
-2.00000000 -4.00000000 	69.3701402053
-2.00000000 -3.50000000 	62.0805703198
-2.00000000 -3.00000000 	44.0586658781
-2.00000000 -2.50000000 	15.9913011440
-2.00000000 -2.00000000 	-15.9913011440
-2.00000000 -1.50000000 	-44.0586658781
-2.00000000 -1.00000000 	-62.0805703198
-2.00000000 -0.50000000 	-69.3701402053
-2.00000000 0.00000000 	-70.7106781187
-2.00000000 0.50000000 	-70.7106781187
-2.00000000 1.00000000 	-70.7106781187
-2.00000000 1.50000000 	-70.7106781187
-2.00000000 2.00000000 	-70.7106781187
-2.00000000 2.50000000 	-70.7106781187
-2.00000000 3.00000000 	-70.7106781187
-2.00000000 3.50000000 	-70.7106781187
-2.00000000 4.00000000 	-70.7106781187
-2.00000000 4.50000000 	-70.7106781187
-2.00000000 5.00000000 	-70.7106781187
-2.00000000 5.50000000 	-70.7106781187
-2.00000000 6.00000000 	-70.7106781187
-2.00000000 6.50000000 	-70.7106781187
-2.00000000 7.00000000 	-70.7106781187
-2.00000000 7.50000000 	-70.7106781187
-2.00000000 8.00000000 	-70.7106781187
-1.50000000 -12.00000000 	70.7106781187
-1.50000000 -11.50000000 	70.7106781187
-1.50000000 -11.00000000 	70.7106781187
-1.50000000 -10.50000000 	70.7106781187
-1.50000000 -10.00000000 	70.7106781187
-1.50000000 -9.50000000 	70.7106781187
-1.50000000 -9.00000000 	70.7106781187
-1.50000000 -8.50000000 	70.7106781187
-1.50000000 -8.00000000 	70.7106781187
-1.50000000 -7.50000000 	70.7106781187
-1.50000000 -7.00000000 	70.7106781187
-1.50000000 -6.50000000 	70.7106781187
-1.50000000 -6.00000000 	70.7106781187
-1.50000000 -5.50000000 	70.7106781187
-1.50000000 -5.00000000 	70.7106781187
-1.50000000 -4.50000000 	70.7106781187
-1.50000000 -4.00000000 	70.7106781187
-1.50000000 -3.50000000 	69.3701402053
-1.50000000 -3.00000000 	62.0805703198
-1.50000000 -2.50000000 	44.0586658781
-1.50000000 -2.00000000 	15.9913011440
-1.50000000 -1.50000000 	-15.9913011440
-1.50000000 -1.00000000 	-44.0586658781
-1.50000000 -0.50000000 	-62.0805703198
-1.50000000 0.00000000 	-69.3701402053
-1.50000000 0.50000000 	-70.7106781187
-1.50000000 1.00000000 	-70.7106781187
-1.50000000 1.50000000 	-70.7106781187
-1.50000000 2.00000000 	-70.7106781187
-1.50000000 2.50000000 	-70.7106781187
-1.50000000 3.00000000 	-70.7106781187
-1.50000000 3.50000000 	-70.7106781187
-1.50000000 4.00000000 	-70.7106781187
-1.50000000 4.50000000 	-70.7106781187
-1.50000000 5.00000000 	-70.7106781187
-1.50000000 5.50000000 	-70.7106781187
-1.50000000 6.00000000 	-70.7106781187
-1.50000000 6.50000000 	-70.7106781187
-1.50000000 7.00000000 	-70.7106781187
-1.50000000 7.50000000 	-70.7106781187
-1.50000000 8.00000000 	-70.7106781187
-1.00000000 -12.00000000 	70.7106781187
-1.00000000 -11.50000000 	70.7106781187
-1.00000000 -11.00000000 	70.7106781187
-1.00000000 -10.50000000 	70.7106781187
-1.00000000 -10.00000000 	70.7106781187
-1.00000000 -9.50000000 	70.7106781187
-1.00000000 -9.00000000 	70.7106781187
-1.00000000 -8.50000000 	70.7106781187
-1.00000000 -8.00000000 	70.7106781187
-1.00000000 -7.50000000 	70.7106781187
-1.00000000 -7.00000000 	70.7106781187
-1.00000000 -6.50000000 	70.7106781187
-1.00000000 -6.00000000 	70.7106781187
-1.00000000 -5.50000000 	70.7106781187
-1.00000000 -5.00000000 	70.7106781187
-1.00000000 -4.50000000 	70.7106781187
-1.00000000 -4.00000000 	70.7106781187
-1.00000000 -3.50000000 	70.7106781187
-1.00000000 -3.00000000 	69.3701402053
-1.00000000 -2.50000000 	62.0805703198
-1.00000000 -2.00000000 	44.0586658781
-1.00000000 -1.50000000 	15.9913011440
-1.00000000 -1.00000000 	-15.9913011440
-1.00000000 -0.50000000 	-44.0586658781
-1.00000000 0.00000000 	-62.0805703198
-1.00000000 0.50000000 	-69.3701402053
-1.00000000 1.00000000 	-70.7106781187
-1.00000000 1.50000000 	-70.7106781187
-1.00000000 2.00000000 	-70.7106781187
-1.00000000 2.50000000 	-70.7106781187
-1.00000000 3.00000000 	-70.7106781187
-1.00000000 3.50000000 	-70.7106781187
-1.00000000 4.00000000 	-70.7106781187
-1.00000000 4.50000000 	-70.7106781187
-1.00000000 5.00000000 	-70.7106781187
-1.00000000 5.50000000 	-70.7106781187
-1.00000000 6.00000000 	-70.7106781187
-1.00000000 6.50000000 	-70.7106781187
-1.00000000 7.00000000 	-70.7106781187
-1.00000000 7.50000000 	-70.7106781187
-1.00000000 8.00000000 	-70.7106781187
-0.50000000 -12.00000000 	70.7106781187
-0.50000000 -11.50000000 	70.7106781187
-0.50000000 -11.00000000 	70.7106781187
-0.50000000 -10.50000000 	70.7106781187
-0.50000000 -10.00000000 	70.7106781187
-0.50000000 -9.50000000 	70.7106781187
-0.50000000 -9.00000000 	70.7106781187
-0.50000000 -8.50000000 	70.7106781187
-0.50000000 -8.00000000 	70.7106781187
-0.50000000 -7.50000000 	70.7106781187
-0.50000000 -7.00000000 	70.7106781187
-0.50000000 -6.50000000 	70.7106781187
-0.50000000 -6.00000000 	70.7106781187
-0.50000000 -5.50000000 	70.7106781187
-0.50000000 -5.00000000 	70.7106781187
-0.50000000 -4.50000000 	70.7106781187
-0.50000000 -4.00000000 	70.7106781187
-0.50000000 -3.50000000 	70.7106781187
-0.50000000 -3.00000000 	70.7106781187
-0.50000000 -2.50000000 	69.3701402053
-0.50000000 -2.00000000 	62.0805703198
-0.50000000 -1.50000000 	44.0586658781
-0.50000000 -1.00000000 	15.9913011440
-0.50000000 -0.50000000 	-15.9913011440
-0.50000000 0.00000000 	-44.0586658781
-0.50000000 0.50000000 	-62.0805703198
-0.50000000 1.00000000 	-69.3701402053
-0.50000000 1.50000000 	-70.7106781187
-0.50000000 2.00000000 	-70.7106781187
-0.50000000 2.50000000 	-70.7106781187
-0.50000000 3.00000000 	-70.7106781187
-0.50000000 3.50000000 	-70.7106781187
-0.50000000 4.00000000 	-70.7106781187
-0.50000000 4.50000000 	-70.7106781187
-0.50000000 5.00000000 	-70.7106781187
-0.50000000 5.50000000 	-70.7106781187
-0.50000000 6.00000000 	-70.7106781187
-0.50000000 6.50000000 	-70.7106781187
-0.50000000 7.00000000 	-70.7106781187
-0.50000000 7.50000000 	-70.7106781187
-0.50000000 8.00000000 	-70.7106781187
0.00000000 -12.00000000 	70.7106781187
0.00000000 -11.50000000 	70.7106781187
0.00000000 -11.00000000 	70.7106781187
0.00000000 -10.50000000 	70.7106781187
0.00000000 -10.00000000 	70.7106781187
0.00000000 -9.50000000 	70.7106781187
0.00000000 -9.00000000 	70.7106781187
0.00000000 -8.50000000 	70.7106781187
0.00000000 -8.00000000 	70.7106781187
0.00000000 -7.50000000 	70.7106781187
0.00000000 -7.00000000 	70.7106781187
0.00000000 -6.50000000 	70.7106781187
0.00000000 -6.00000000 	70.7106781187
0.00000000 -5.50000000 	70.7106781187
0.00000000 -5.00000000 	70.7106781187
0.00000000 -4.50000000 	70.7106781187
0.00000000 -4.00000000 	70.7106781187
0.00000000 -3.50000000 	70.7106781187
0.00000000 -3.00000000 	70.7106781187
0.00000000 -2.50000000 	70.7106781187
0.00000000 -2.00000000 	69.3701402053
0.00000000 -1.50000000 	62.0805703198
0.00000000 -1.00000000 	44.0586658781
0.00000000 -0.50000000 	15.9913011440
0.00000000 0.00000000 	-15.9913011440
0.00000000 0.50000000 	-44.0586658781
0.00000000 1.00000000 	-62.0805703198
0.00000000 1.50000000 	-69.3701402053
0.00000000 2.00000000 	-70.7106781187
0.00000000 2.50000000 	-70.7106781187
0.00000000 3.00000000 	-70.7106781187
0.00000000 3.50000000 	-70.7106781187
0.00000000 4.00000000 	-70.7106781187
0.00000000 4.50000000 	-70.7106781187
0.00000000 5.00000000 	-70.7106781187
0.00000000 5.50000000 	-70.7106781187
0.00000000 6.00000000 	-70.7106781187
0.00000000 6.50000000 	-70.7106781187
0.00000000 7.00000000 	-70.7106781187
0.00000000 7.50000000 	-70.7106781187
0.00000000 8.00000000 	-70.7106781187
0.50000000 -12.00000000 	70.7106781187
0.50000000 -11.50000000 	70.7106781187
0.50000000 -11.00000000 	70.7106781187
0.50000000 -10.50000000 	70.7106781187
0.50000000 -10.00000000 	70.7106781187
0.50000000 -9.50000000 	70.7106781187
0.50000000 -9.00000000 	70.7106781187
0.50000000 -8.50000000 	70.7106781187
0.50000000 -8.00000000 	70.7106781187
0.50000000 -7.50000000 	70.7106781187
0.50000000 -7.00000000 	70.7106781187
0.50000000 -6.50000000 	70.7106781187
0.50000000 -6.00000000 	70.7106781187
0.50000000 -5.50000000 	70.7106781187
0.50000000 -5.00000000 	70.7106781187
0.50000000 -4.50000000 	70.7106781187
0.50000000 -4.00000000 	70.7106781187
0.50000000 -3.50000000 	70.7106781187
0.50000000 -3.00000000 	70.7106781187
0.50000000 -2.50000000 	70.7106781187
0.50000000 -2.00000000 	70.7106781187
0.50000000 -1.50000000 	69.3701402053
0.50000000 -1.00000000 	62.0805703198
0.50000000 -0.50000000 	44.0586658781
0.50000000 0.00000000 	15.9913011440
0.50000000 0.50000000 	-15.9913011440
0.50000000 1.00000000 	-44.0586658781
0.50000000 1.50000000 	-62.0805703198
0.50000000 2.00000000 	-69.5024837142
0.50000000 2.50000000 	-70.7106781187
0.50000000 3.00000000 	-70.7106781187
0.50000000 3.50000000 	-70.7106781187
0.50000000 4.00000000 	-70.7106781187
0.50000000 4.50000000 	-70.7106781187
0.50000000 5.00000000 	-70.7106781187
0.50000000 5.50000000 	-70.7106781187
0.50000000 6.00000000 	-70.7106781187
0.50000000 6.50000000 	-70.7106781187
0.50000000 7.00000000 	-70.7106781187
0.50000000 7.50000000 	-70.7106781187
0.50000000 8.00000000 	-70.7106781187
1.00000000 -12.00000000 	70.7106781187
1.00000000 -11.50000000 	70.7106781187
1.00000000 -11.00000000 	70.7106781187
1.00000000 -10.50000000 	70.7106781187
1.00000000 -10.00000000 	70.7106781187
1.00000000 -9.50000000 	70.7106781187
1.00000000 -9.00000000 	70.7106781187
1.00000000 -8.50000000 	70.7106781187
1.00000000 -8.00000000 	70.7106781187
1.00000000 -7.50000000 	70.7106781187
1.00000000 -7.00000000 	70.7106781187
1.00000000 -6.50000000 	70.7106781187
1.00000000 -6.00000000 	70.7106781187
1.00000000 -5.50000000 	70.7106781187
1.00000000 -5.00000000 	70.7106781187
1.00000000 -4.50000000 	70.7106781187
1.00000000 -4.00000000 	70.7106781187
1.00000000 -3.50000000 	70.7106781187
1.00000000 -3.00000000 	70.7106781187
1.00000000 -2.50000000 	70.7106781187
1.00000000 -2.00000000 	70.7106781187
1.00000000 -1.50000000 	70.7106781187
1.00000000 -1.00000000 	69.3701402053
1.00000000 -0.50000000 	62.0805703198
1.00000000 0.00000000 	44.0586658781
1.00000000 0.50000000 	15.9913011440
1.00000000 1.00000000 	-15.9913011440
1.00000000 1.50000000 	-44.3098102974
1.00000000 2.00000000 	-63.4630062499
1.00000000 2.50000000 	-69.9258128153
1.00000000 3.00000000 	-70.7106781187
1.00000000 3.50000000 	-70.7106781187
1.00000000 4.00000000 	-70.7106781187
1.00000000 4.50000000 	-70.7106781187
1.00000000 5.00000000 	-70.7106781187
1.00000000 5.50000000 	-70.7106781187
1.00000000 6.00000000 	-70.7106781187
1.00000000 6.50000000 	-70.7106781187
1.00000000 7.00000000 	-70.7106781187
1.00000000 7.50000000 	-70.7106781187
1.00000000 8.00000000 	-70.7106781187
1.50000000 -12.00000000 	70.7106781187
1.50000000 -11.50000000 	70.7106781187
1.50000000 -11.00000000 	70.7106781187
1.50000000 -10.50000000 	70.7106781187
1.50000000 -10.00000000 	70.7106781187
1.50000000 -9.50000000 	70.7106781187
1.50000000 -9.00000000 	70.7106781187
1.50000000 -8.50000000 	70.7106781187
1.50000000 -8.00000000 	70.7106781187
1.50000000 -7.50000000 	70.7106781187
1.50000000 -7.00000000 	70.7106781187
1.50000000 -6.50000000 	70.7106781187
1.50000000 -6.00000000 	70.7106781187
1.50000000 -5.50000000 	70.7106781187
1.50000000 -5.00000000 	70.7106781187
1.50000000 -4.50000000 	70.7106781187
1.50000000 -4.00000000 	70.7106781187
1.50000000 -3.50000000 	70.7106781187
1.50000000 -3.00000000 	70.7106781187
1.50000000 -2.50000000 	70.7106781187
1.50000000 -2.00000000 	70.7106781187
1.50000000 -1.50000000 	70.7106781187
1.50000000 -1.00000000 	70.7106781187
1.50000000 -0.50000000 	69.3701402053
1.50000000 0.00000000 	62.0805703198
1.50000000 0.50000000 	44.0586658781
1.50000000 1.00000000 	15.8032705698
1.50000000 1.50000000 	-18.2877296480
1.50000000 2.00000000 	-51.1689471616
1.50000000 2.50000000 	-66.9578965789
1.50000000 3.00000000 	-70.4253978093
1.50000000 3.50000000 	-70.7106781187
1.50000000 4.00000000 	-70.7106781187
1.50000000 4.50000000 	-70.7106781187
1.50000000 5.00000000 	-70.7106781187
1.50000000 5.50000000 	-70.7106781187
1.50000000 6.00000000 	-70.7106781187
1.50000000 6.50000000 	-70.7106781187
1.50000000 7.00000000 	-70.7106781187
1.50000000 7.50000000 	-70.7106781187
1.50000000 8.00000000 	-70.7106781187
2.00000000 -12.00000000 	70.7106781187
2.00000000 -11.50000000 	70.7106781187
2.00000000 -11.00000000 	70.7106781187
2.00000000 -10.50000000 	70.7106781187
2.00000000 -10.00000000 	70.7106781187
2.00000000 -9.50000000 	70.7106781187
2.00000000 -9.00000000 	70.7106781187
2.00000000 -8.50000000 	70.7106781187
2.00000000 -8.00000000 	70.7106781187
2.00000000 -7.50000000 	70.7106781187
2.00000000 -7.00000000 	70.7106781187
2.00000000 -6.50000000 	70.7106781187
2.00000000 -6.00000000 	70.7106781187
2.00000000 -5.50000000 	70.7106781187
2.00000000 -5.00000000 	70.7106781187
2.00000000 -4.50000000 	70.7106781187
2.00000000 -4.00000000 	70.7106781187
2.00000000 -3.50000000 	70.7106781187
2.00000000 -3.00000000 	70.7106781187
2.00000000 -2.50000000 	70.7106781187
2.00000000 -2.00000000 	70.7106781187
2.00000000 -1.50000000 	70.7106781187
2.00000000 -1.00000000 	70.7106781187
2.00000000 -0.50000000 	70.7106781187
2.00000000 0.00000000 	69.3701402053
2.00000000 0.50000000 	61.8605424748
2.00000000 1.00000000 	41.7395046626
2.00000000 1.50000000 	5.1799200471
2.00000000 2.00000000 	-39.2708824194
2.00000000 2.50000000 	-63.4488609654
2.00000000 3.00000000 	-69.8515654730
2.00000000 3.50000000 	-70.6723767721
2.00000000 4.00000000 	-70.7106781187
2.00000000 4.50000000 	-70.7106781187
2.00000000 5.00000000 	-70.7106781187
2.00000000 5.50000000 	-70.7106781187
2.00000000 6.00000000 	-70.7106781187
2.00000000 6.50000000 	-70.7106781187
2.00000000 7.00000000 	-70.7106781187
2.00000000 7.50000000 	-70.7106781187
2.00000000 8.00000000 	-70.7106781187
