-8.00000000 -12.00000000 	0.0000000000
-8.00000000 -11.50000000 	0.0000000000
-8.00000000 -11.00000000 	0.0000000000
-8.00000000 -10.50000000 	0.0000000000
-8.00000000 -10.00000000 	0.0000000000
-8.00000000 -9.50000000 	0.0000000000
-8.00000000 -9.00000000 	0.0000000000
-8.00000000 -8.50000000 	0.0000000000
-8.00000000 -8.00000000 	0.0000000000
-8.00000000 -7.50000000 	0.0000000000
-8.00000000 -7.00000000 	0.0000000000
-8.00000000 -6.50000000 	0.0000000000
-8.00000000 -6.00000000 	0.0000000000
-8.00000000 -5.50000000 	0.0000000000
-8.00000000 -5.00000000 	0.0000000000
-8.00000000 -4.50000000 	0.0000000000
-8.00000000 -4.00000000 	0.0000000000
-8.00000000 -3.50000000 	0.0000000000
-8.00000000 -3.00000000 	0.0000000000
-8.00000000 -2.50000000 	0.0000000000
-8.00000000 -2.00000000 	0.0000000000
-8.00000000 -1.50000000 	0.0000000000
-8.00000000 -1.00000000 	0.0000000000
-8.00000000 -0.50000000 	0.0000000000
-8.00000000 0.00000000 	0.0000000000
-8.00000000 0.50000000 	0.0000000000
-8.00000000 1.00000000 	0.0000000000
-8.00000000 1.50000000 	0.0000000000
-8.00000000 2.00000000 	0.0000000000
-8.00000000 2.50000000 	0.0000000000
-8.00000000 3.00000000 	0.0000000000
-8.00000000 3.50000000 	0.0000000000
-8.00000000 4.00000000 	0.0000000000
-8.00000000 4.50000000 	0.0000000000
-8.00000000 5.00000000 	0.0000000000
-8.00000000 5.50000000 	0.0000000000
-8.00000000 6.00000000 	0.0000000000
-8.00000000 6.50000000 	0.0000000000
-8.00000000 7.00000000 	0.0000000000
-8.00000000 7.50000000 	0.0000000000
-8.00000000 8.00000000 	0.0000000000
-7.50000000 -12.00000000 	0.0000000000
-7.50000000 -11.50000000 	0.0000000000
-7.50000000 -11.00000000 	0.0000000000
-7.50000000 -10.50000000 	0.0000000000
-7.50000000 -10.00000000 	0.0000000000
-7.50000000 -9.50000000 	0.0000000000
-7.50000000 -9.00000000 	0.0000000000
-7.50000000 -8.50000000 	0.0000000000
-7.50000000 -8.00000000 	0.0000000000
-7.50000000 -7.50000000 	0.0000000000
-7.50000000 -7.00000000 	0.0000000000
-7.50000000 -6.50000000 	0.0000000000
-7.50000000 -6.00000000 	0.0000000000
-7.50000000 -5.50000000 	0.0000000000
-7.50000000 -5.00000000 	0.0000000000
-7.50000000 -4.50000000 	0.0000000000
-7.50000000 -4.00000000 	0.0000000000
-7.50000000 -3.50000000 	0.0000000000
-7.50000000 -3.00000000 	0.0000000000
-7.50000000 -2.50000000 	0.0000000000
-7.50000000 -2.00000000 	0.0000000000
-7.50000000 -1.50000000 	0.0000000000
-7.50000000 -1.00000000 	0.0000000000
-7.50000000 -0.50000000 	0.0000000000
-7.50000000 0.00000000 	0.0000000000
-7.50000000 0.50000000 	0.0000000000
-7.50000000 1.00000000 	0.0000000000
-7.50000000 1.50000000 	0.0000000000
-7.50000000 2.00000000 	0.0000000000
-7.50000000 2.50000000 	0.0000000000
-7.50000000 3.00000000 	0.0000000000
-7.50000000 3.50000000 	0.0000000000
-7.50000000 4.00000000 	0.0000000000
-7.50000000 4.50000000 	0.0000000000
-7.50000000 5.00000000 	0.0000000000
-7.50000000 5.50000000 	0.0000000000
-7.50000000 6.00000000 	0.0000000000
-7.50000000 6.50000000 	0.0000000000
-7.50000000 7.00000000 	0.0000000000
-7.50000000 7.50000000 	0.0000000000
-7.50000000 8.00000000 	0.0000000000
-7.00000000 -12.00000000 	730.2939906399
-7.00000000 -11.50000000 	730.2939906399
-7.00000000 -11.00000000 	730.2939906399
-7.00000000 -10.50000000 	730.2939906399
-7.00000000 -10.00000000 	730.2939906399
-7.00000000 -9.50000000 	730.2939906399
-7.00000000 -9.00000000 	730.2939906399
-7.00000000 -8.50000000 	730.2939906399
-7.00000000 -8.00000000 	730.2939906399
-7.00000000 -7.50000000 	730.2939906399
-7.00000000 -7.00000000 	730.2939906399
-7.00000000 -6.50000000 	730.2939906399
-7.00000000 -6.00000000 	730.2939906399
-7.00000000 -5.50000000 	730.2939906399
-7.00000000 -5.00000000 	730.2939906399
-7.00000000 -4.50000000 	730.2939906399
-7.00000000 -4.00000000 	730.2939906399
-7.00000000 -3.50000000 	730.2939906399
-7.00000000 -3.00000000 	730.2939906399
-7.00000000 -2.50000000 	730.2939906399
-7.00000000 -2.00000000 	730.2939906399
-7.00000000 -1.50000000 	730.2939906399
-7.00000000 -1.00000000 	730.2939906399
-7.00000000 -0.50000000 	730.2939906399
-7.00000000 0.00000000 	730.2939906399
-7.00000000 0.50000000 	730.2939906399
-7.00000000 1.00000000 	730.2939906399
-7.00000000 1.50000000 	730.2939906399
-7.00000000 2.00000000 	730.2939906399
-7.00000000 2.50000000 	730.2939906399
-7.00000000 3.00000000 	730.2939906399
-7.00000000 3.50000000 	730.2939906399
-7.00000000 4.00000000 	730.2939906399
-7.00000000 4.50000000 	730.2939906399
-7.00000000 5.00000000 	730.2939906399
-7.00000000 5.50000000 	730.2939906399
-7.00000000 6.00000000 	730.2939906399
-7.00000000 6.50000000 	730.2939906399
-7.00000000 7.00000000 	730.2939906399
-7.00000000 7.50000000 	730.2939906399
-7.00000000 8.00000000 	730.2939906399
-6.50000000 -12.00000000 	3664.0072815698
-6.50000000 -11.50000000 	3664.0072815698
-6.50000000 -11.00000000 	3664.0072815698
-6.50000000 -10.50000000 	3664.0072815698
-6.50000000 -10.00000000 	3664.0072815698
-6.50000000 -9.50000000 	3664.0072815698
-6.50000000 -9.00000000 	3664.0072815698
-6.50000000 -8.50000000 	3664.0072815698
-6.50000000 -8.00000000 	3664.0072815698
-6.50000000 -7.50000000 	3664.0072815698
-6.50000000 -7.00000000 	3664.0072815698
-6.50000000 -6.50000000 	3664.0072815698
-6.50000000 -6.00000000 	3664.0072815698
-6.50000000 -5.50000000 	3664.0072815698
-6.50000000 -5.00000000 	3664.0072815698
-6.50000000 -4.50000000 	3664.0072815698
-6.50000000 -4.00000000 	3664.0072815698
-6.50000000 -3.50000000 	3664.0072815698
-6.50000000 -3.00000000 	3664.0072815698
-6.50000000 -2.50000000 	3664.0072815698
-6.50000000 -2.00000000 	3664.0072815698
-6.50000000 -1.50000000 	3664.0072815698
-6.50000000 -1.00000000 	3664.0072815698
-6.50000000 -0.50000000 	3664.0072815698
-6.50000000 0.00000000 	3664.0072815698
-6.50000000 0.50000000 	3664.0072815698
-6.50000000 1.00000000 	3664.0072815698
-6.50000000 1.50000000 	3664.0072815698
-6.50000000 2.00000000 	3664.0072815698
-6.50000000 2.50000000 	3664.0072815698
-6.50000000 3.00000000 	3664.0072815698
-6.50000000 3.50000000 	3664.0072815698
-6.50000000 4.00000000 	3664.0072815698
-6.50000000 4.50000000 	3664.0072815698
-6.50000000 5.00000000 	3664.0072815698
-6.50000000 5.50000000 	3664.0072815698
-6.50000000 6.00000000 	3664.0072815698
-6.50000000 6.50000000 	3664.0072815698
-6.50000000 7.00000000 	3664.0072815698
-6.50000000 7.50000000 	3664.0072815698
-6.50000000 8.00000000 	3664.0072815698
-6.00000000 -12.00000000 	7324.9107598843
-6.00000000 -11.50000000 	7324.9107598843
-6.00000000 -11.00000000 	7324.9107598843
-6.00000000 -10.50000000 	7324.9107598843
-6.00000000 -10.00000000 	7324.9107598843
-6.00000000 -9.50000000 	7324.9107598843
-6.00000000 -9.00000000 	7324.9107598843
-6.00000000 -8.50000000 	7324.9107598843
-6.00000000 -8.00000000 	7324.9107598843
-6.00000000 -7.50000000 	7324.9107598843
-6.00000000 -7.00000000 	7324.9107598843
-6.00000000 -6.50000000 	7324.9107598843
-6.00000000 -6.00000000 	7324.9107598843
-6.00000000 -5.50000000 	7324.9107598843
-6.00000000 -5.00000000 	7324.9107598843
-6.00000000 -4.50000000 	7324.9107598843
-6.00000000 -4.00000000 	7324.9107598843
-6.00000000 -3.50000000 	7324.9107598843
-6.00000000 -3.00000000 	7324.9107598843
-6.00000000 -2.50000000 	7324.9107598843
-6.00000000 -2.00000000 	7324.9107598843
-6.00000000 -1.50000000 	7324.9107598843
-6.00000000 -1.00000000 	7324.9107598843
-6.00000000 -0.50000000 	7324.9107598843
-6.00000000 0.00000000 	7324.9107598843
-6.00000000 0.50000000 	7324.9107598843
-6.00000000 1.00000000 	7324.9107598843
-6.00000000 1.50000000 	7324.9107598843
-6.00000000 2.00000000 	7324.9107598843
-6.00000000 2.50000000 	7324.9107598843
-6.00000000 3.00000000 	7324.9107598843
-6.00000000 3.50000000 	7324.9107598843
-6.00000000 4.00000000 	7324.9107598843
-6.00000000 4.50000000 	7324.9107598843
-6.00000000 5.00000000 	7324.9107598843
-6.00000000 5.50000000 	7324.9107598843
-6.00000000 6.00000000 	7324.9107598843
-6.00000000 6.50000000 	7324.9107598843
-6.00000000 7.00000000 	7324.9107598843
-6.00000000 7.50000000 	7324.9107598843
-6.00000000 8.00000000 	7324.9107598843
-5.50000000 -12.00000000 	7968.3870120997
-5.50000000 -11.50000000 	7968.3870120997
-5.50000000 -11.00000000 	7968.3870120997
-5.50000000 -10.50000000 	7968.3870120997
-5.50000000 -10.00000000 	7968.3870120997
-5.50000000 -9.50000000 	7968.3870120997
-5.50000000 -9.00000000 	7968.3870120997
-5.50000000 -8.50000000 	7968.3870120997
-5.50000000 -8.00000000 	7968.3870120997
-5.50000000 -7.50000000 	7968.3870120997
-5.50000000 -7.00000000 	7968.3870120997
-5.50000000 -6.50000000 	7968.3870120997
-5.50000000 -6.00000000 	7968.3870120997
-5.50000000 -5.50000000 	7968.3870120997
-5.50000000 -5.00000000 	7968.3870120997
-5.50000000 -4.50000000 	7968.3870120997
-5.50000000 -4.00000000 	7968.3870120997
-5.50000000 -3.50000000 	7968.3870120997
-5.50000000 -3.00000000 	7968.3870120997
-5.50000000 -2.50000000 	7968.3870120997
-5.50000000 -2.00000000 	7968.3870120997
-5.50000000 -1.50000000 	7968.3870120997
-5.50000000 -1.00000000 	7968.3870120997
-5.50000000 -0.50000000 	7968.3870120997
-5.50000000 0.00000000 	7968.3870120997
-5.50000000 0.50000000 	7968.3870120997
-5.50000000 1.00000000 	7968.3870120997
-5.50000000 1.50000000 	7968.3870120997
-5.50000000 2.00000000 	7968.3870120997
-5.50000000 2.50000000 	7968.3870120997
-5.50000000 3.00000000 	7968.3870120997
-5.50000000 3.50000000 	7968.3870120997
-5.50000000 4.00000000 	7968.3870120997
-5.50000000 4.50000000 	7968.3870120997
-5.50000000 5.00000000 	7968.3870120997
-5.50000000 5.50000000 	7968.3870120997
-5.50000000 6.00000000 	7968.3870120997
-5.50000000 6.50000000 	7968.3870120997
-5.50000000 7.00000000 	7968.3870120997
-5.50000000 7.50000000 	7968.3870120997
-5.50000000 8.00000000 	7968.3870120997
-5.00000000 -12.00000000 	5588.2889499669
-5.00000000 -11.50000000 	5588.2889499669
-5.00000000 -11.00000000 	5588.2889499669
-5.00000000 -10.50000000 	5588.2889499669
-5.00000000 -10.00000000 	5588.2889499669
-5.00000000 -9.50000000 	5588.2889499669
-5.00000000 -9.00000000 	5588.2889499669
-5.00000000 -8.50000000 	5588.2889499669
-5.00000000 -8.00000000 	5588.2889499669
-5.00000000 -7.50000000 	5588.2889499669
-5.00000000 -7.00000000 	5588.2889499669
-5.00000000 -6.50000000 	5588.2889499669
-5.00000000 -6.00000000 	5588.2889499669
-5.00000000 -5.50000000 	5588.2889499669
-5.00000000 -5.00000000 	5588.2889499669
-5.00000000 -4.50000000 	5588.2889499669
-5.00000000 -4.00000000 	5588.2889499669
-5.00000000 -3.50000000 	5588.2889499669
-5.00000000 -3.00000000 	5588.2889499669
-5.00000000 -2.50000000 	5588.2889499669
-5.00000000 -2.00000000 	5588.2889499669
-5.00000000 -1.50000000 	5588.2889499669
-5.00000000 -1.00000000 	5588.2889499669
-5.00000000 -0.50000000 	5588.2889499669
-5.00000000 0.00000000 	5588.2889499669
-5.00000000 0.50000000 	5588.2889499669
-5.00000000 1.00000000 	5588.2889499669
-5.00000000 1.50000000 	5588.2889499669
-5.00000000 2.00000000 	5588.2889499669
-5.00000000 2.50000000 	5588.2889499669
-5.00000000 3.00000000 	5588.2889499669
-5.00000000 3.50000000 	5588.2889499669
-5.00000000 4.00000000 	5588.2889499669
-5.00000000 4.50000000 	5588.2889499669
-5.00000000 5.00000000 	5588.2889499669
-5.00000000 5.50000000 	5588.2889499669
-5.00000000 6.00000000 	5588.2889499669
-5.00000000 6.50000000 	5588.2889499669
-5.00000000 7.00000000 	5588.2889499669
-5.00000000 7.50000000 	5588.2889499669
-5.00000000 8.00000000 	5588.2889499669
-4.50000000 -12.00000000 	1702.1048349994
-4.50000000 -11.50000000 	1702.1048349994
-4.50000000 -11.00000000 	1702.1048349994
-4.50000000 -10.50000000 	1702.1048349994
-4.50000000 -10.00000000 	1702.1048349994
-4.50000000 -9.50000000 	1702.1048349994
-4.50000000 -9.00000000 	1702.1048349994
-4.50000000 -8.50000000 	1702.1048349994
-4.50000000 -8.00000000 	1702.1048349994
-4.50000000 -7.50000000 	1702.1048349994
-4.50000000 -7.00000000 	1702.1048349994
-4.50000000 -6.50000000 	1702.1048349994
-4.50000000 -6.00000000 	1702.1048349994
-4.50000000 -5.50000000 	1702.1048349994
-4.50000000 -5.00000000 	1702.1048349994
-4.50000000 -4.50000000 	1702.1048349994
-4.50000000 -4.00000000 	1702.1048349994
-4.50000000 -3.50000000 	1702.1048349994
-4.50000000 -3.00000000 	1702.1048349994
-4.50000000 -2.50000000 	1702.1048349994
-4.50000000 -2.00000000 	1702.1048349994
-4.50000000 -1.50000000 	1702.1048349994
-4.50000000 -1.00000000 	1702.1048349994
-4.50000000 -0.50000000 	1702.1048349994
-4.50000000 0.00000000 	1702.1048349994
-4.50000000 0.50000000 	1702.1048349994
-4.50000000 1.00000000 	1702.1048349994
-4.50000000 1.50000000 	1702.1048349994
-4.50000000 2.00000000 	1702.1048349994
-4.50000000 2.50000000 	1702.1048349994
-4.50000000 3.00000000 	1702.1048349994
-4.50000000 3.50000000 	1702.1048349994
-4.50000000 4.00000000 	1702.1048349994
-4.50000000 4.50000000 	1702.1048349994
-4.50000000 5.00000000 	1702.1048349994
-4.50000000 5.50000000 	1702.1048349994
-4.50000000 6.00000000 	1702.1048349994
-4.50000000 6.50000000 	1702.1048349994
-4.50000000 7.00000000 	1702.1048349994
-4.50000000 7.50000000 	1702.1048349994
-4.50000000 8.00000000 	1702.1048349994
-4.00000000 -12.00000000 	0.0000000000
-4.00000000 -11.50000000 	0.0000000000
-4.00000000 -11.00000000 	0.0000000000
-4.00000000 -10.50000000 	0.0000000000
-4.00000000 -10.00000000 	0.0000000000
-4.00000000 -9.50000000 	0.0000000000
-4.00000000 -9.00000000 	0.0000000000
-4.00000000 -8.50000000 	0.0000000000
-4.00000000 -8.00000000 	0.0000000000
-4.00000000 -7.50000000 	0.0000000000
-4.00000000 -7.00000000 	0.0000000000
-4.00000000 -6.50000000 	0.0000000000
-4.00000000 -6.00000000 	0.0000000000
-4.00000000 -5.50000000 	0.0000000000
-4.00000000 -5.00000000 	0.0000000000
-4.00000000 -4.50000000 	0.0000000000
-4.00000000 -4.00000000 	0.0000000000
-4.00000000 -3.50000000 	0.0000000000
-4.00000000 -3.00000000 	0.0000000000
-4.00000000 -2.50000000 	0.0000000000
-4.00000000 -2.00000000 	0.0000000000
-4.00000000 -1.50000000 	0.0000000000
-4.00000000 -1.00000000 	0.0000000000
-4.00000000 -0.50000000 	0.0000000000
-4.00000000 0.00000000 	0.0000000000
-4.00000000 0.50000000 	0.0000000000
-4.00000000 1.00000000 	0.0000000000
-4.00000000 1.50000000 	0.0000000000
-4.00000000 2.00000000 	0.0000000000
-4.00000000 2.50000000 	0.0000000000
-4.00000000 3.00000000 	0.0000000000
-4.00000000 3.50000000 	0.0000000000
-4.00000000 4.00000000 	0.0000000000
-4.00000000 4.50000000 	0.0000000000
-4.00000000 5.00000000 	0.0000000000
-4.00000000 5.50000000 	0.0000000000
-4.00000000 6.00000000 	0.0000000000
-4.00000000 6.50000000 	0.0000000000
-4.00000000 7.00000000 	0.0000000000
-4.00000000 7.50000000 	0.0000000000
-4.00000000 8.00000000 	0.0000000000
-3.50000000 -12.00000000 	0.0000000000
-3.50000000 -11.50000000 	0.0000000000
-3.50000000 -11.00000000 	0.0000000000
-3.50000000 -10.50000000 	0.0000000000
-3.50000000 -10.00000000 	0.0000000000
-3.50000000 -9.50000000 	0.0000000000
-3.50000000 -9.00000000 	0.0000000000
-3.50000000 -8.50000000 	0.0000000000
-3.50000000 -8.00000000 	0.0000000000
-3.50000000 -7.50000000 	0.0000000000
-3.50000000 -7.00000000 	0.0000000000
-3.50000000 -6.50000000 	0.0000000000
-3.50000000 -6.00000000 	0.0000000000
-3.50000000 -5.50000000 	0.0000000000
-3.50000000 -5.00000000 	0.0000000000
-3.50000000 -4.50000000 	0.0000000000
-3.50000000 -4.00000000 	0.0000000000
-3.50000000 -3.50000000 	0.0000000000
-3.50000000 -3.00000000 	0.0000000000
-3.50000000 -2.50000000 	0.0000000000
-3.50000000 -2.00000000 	0.0000000000
-3.50000000 -1.50000000 	0.0000000000
-3.50000000 -1.00000000 	0.0000000000
-3.50000000 -0.50000000 	0.0000000000
-3.50000000 0.00000000 	0.0000000000
-3.50000000 0.50000000 	0.0000000000
-3.50000000 1.00000000 	0.0000000000
-3.50000000 1.50000000 	0.0000000000
-3.50000000 2.00000000 	0.0000000000
-3.50000000 2.50000000 	0.0000000000
-3.50000000 3.00000000 	0.0000000000
-3.50000000 3.50000000 	0.0000000000
-3.50000000 4.00000000 	0.0000000000
-3.50000000 4.50000000 	0.0000000000
-3.50000000 5.00000000 	0.0000000000
-3.50000000 5.50000000 	0.0000000000
-3.50000000 6.00000000 	0.0000000000
-3.50000000 6.50000000 	0.0000000000
-3.50000000 7.00000000 	0.0000000000
-3.50000000 7.50000000 	0.0000000000
-3.50000000 8.00000000 	0.0000000000
-3.00000000 -12.00000000 	0.0000000000
-3.00000000 -11.50000000 	0.0000000000
-3.00000000 -11.00000000 	0.0000000000
-3.00000000 -10.50000000 	0.0000000000
-3.00000000 -10.00000000 	0.0000000000
-3.00000000 -9.50000000 	0.0000000000
-3.00000000 -9.00000000 	0.0000000000
-3.00000000 -8.50000000 	0.0000000000
-3.00000000 -8.00000000 	0.0000000000
-3.00000000 -7.50000000 	0.0000000000
-3.00000000 -7.00000000 	0.0000000000
-3.00000000 -6.50000000 	0.0000000000
-3.00000000 -6.00000000 	0.0000000000
-3.00000000 -5.50000000 	0.0000000000
-3.00000000 -5.00000000 	0.0000000000
-3.00000000 -4.50000000 	0.0000000000
-3.00000000 -4.00000000 	0.0000000000
-3.00000000 -3.50000000 	0.0000000000
-3.00000000 -3.00000000 	0.0000000000
-3.00000000 -2.50000000 	0.0000000000
-3.00000000 -2.00000000 	0.0000000000
-3.00000000 -1.50000000 	0.0000000000
-3.00000000 -1.00000000 	0.0000000000
-3.00000000 -0.50000000 	0.0000000000
-3.00000000 0.00000000 	0.0000000000
-3.00000000 0.50000000 	0.0000000000
-3.00000000 1.00000000 	0.0000000000
-3.00000000 1.50000000 	0.0000000000
-3.00000000 2.00000000 	0.0000000000
-3.00000000 2.50000000 	0.0000000000
-3.00000000 3.00000000 	0.0000000000
-3.00000000 3.50000000 	0.0000000000
-3.00000000 4.00000000 	0.0000000000
-3.00000000 4.50000000 	0.0000000000
-3.00000000 5.00000000 	0.0000000000
-3.00000000 5.50000000 	0.0000000000
-3.00000000 6.00000000 	0.0000000000
-3.00000000 6.50000000 	0.0000000000
-3.00000000 7.00000000 	0.0000000000
-3.00000000 7.50000000 	0.0000000000
-3.00000000 8.00000000 	0.0000000000
-2.50000000 -12.00000000 	0.0000000000
-2.50000000 -11.50000000 	0.0000000000
-2.50000000 -11.00000000 	0.0000000000
-2.50000000 -10.50000000 	0.0000000000
-2.50000000 -10.00000000 	0.0000000000
-2.50000000 -9.50000000 	0.0000000000
-2.50000000 -9.00000000 	0.0000000000
-2.50000000 -8.50000000 	0.0000000000
-2.50000000 -8.00000000 	0.0000000000
-2.50000000 -7.50000000 	0.0000000000
-2.50000000 -7.00000000 	0.0000000000
-2.50000000 -6.50000000 	0.0000000000
-2.50000000 -6.00000000 	0.0000000000
-2.50000000 -5.50000000 	0.0000000000
-2.50000000 -5.00000000 	0.0000000000
-2.50000000 -4.50000000 	0.0000000000
-2.50000000 -4.00000000 	0.0000000000
-2.50000000 -3.50000000 	0.0000000000
-2.50000000 -3.00000000 	0.0000000000
-2.50000000 -2.50000000 	0.0000000000
-2.50000000 -2.00000000 	0.0000000000
-2.50000000 -1.50000000 	0.0000000000
-2.50000000 -1.00000000 	0.0000000000
-2.50000000 -0.50000000 	0.0000000000
-2.50000000 0.00000000 	0.0000000000
-2.50000000 0.50000000 	0.0000000000
-2.50000000 1.00000000 	0.0000000000
-2.50000000 1.50000000 	0.0000000000
-2.50000000 2.00000000 	0.0000000000
-2.50000000 2.50000000 	0.0000000000
-2.50000000 3.00000000 	0.0000000000
-2.50000000 3.50000000 	0.0000000000
-2.50000000 4.00000000 	0.0000000000
-2.50000000 4.50000000 	0.0000000000
-2.50000000 5.00000000 	0.0000000000
-2.50000000 5.50000000 	0.0000000000
-2.50000000 6.00000000 	0.0000000000
-2.50000000 6.50000000 	0.0000000000
-2.50000000 7.00000000 	0.0000000000
-2.50000000 7.50000000 	0.0000000000
-2.50000000 8.00000000 	0.0000000000
-2.00000000 -12.00000000 	0.0000000000
-2.00000000 -11.50000000 	0.0000000000
-2.00000000 -11.00000000 	0.0000000000
-2.00000000 -10.50000000 	0.0000000000
-2.00000000 -10.00000000 	0.0000000000
-2.00000000 -9.50000000 	0.0000000000
-2.00000000 -9.00000000 	0.0000000000
-2.00000000 -8.50000000 	0.0000000000
-2.00000000 -8.00000000 	0.0000000000
-2.00000000 -7.50000000 	0.0000000000
-2.00000000 -7.00000000 	0.0000000000
-2.00000000 -6.50000000 	0.0000000000
-2.00000000 -6.00000000 	0.0000000000
-2.00000000 -5.50000000 	0.0000000000
-2.00000000 -5.00000000 	0.0000000000
-2.00000000 -4.50000000 	0.0000000000
-2.00000000 -4.00000000 	0.0000000000
-2.00000000 -3.50000000 	0.0000000000
-2.00000000 -3.00000000 	0.0000000000
-2.00000000 -2.50000000 	0.0000000000
-2.00000000 -2.00000000 	0.0000000000
-2.00000000 -1.50000000 	0.0000000000
-2.00000000 -1.00000000 	0.0000000000
-2.00000000 -0.50000000 	0.0000000000
-2.00000000 0.00000000 	0.1406720232
-2.00000000 0.50000000 	0.1406720232
-2.00000000 1.00000000 	0.1406720232
-2.00000000 1.50000000 	0.1406720232
-2.00000000 2.00000000 	0.1406720232
-2.00000000 2.50000000 	0.1406720232
-2.00000000 3.00000000 	0.0000000000
-2.00000000 3.50000000 	0.0000000000
-2.00000000 4.00000000 	0.0000000000
-2.00000000 4.50000000 	0.0000000000
-2.00000000 5.00000000 	0.0000000000
-2.00000000 5.50000000 	0.0000000000
-2.00000000 6.00000000 	0.0000000000
-2.00000000 6.50000000 	0.0000000000
-2.00000000 7.00000000 	0.0000000000
-2.00000000 7.50000000 	0.0000000000
-2.00000000 8.00000000 	0.0000000000
-1.50000000 -12.00000000 	0.0000000000
-1.50000000 -11.50000000 	0.0000000000
-1.50000000 -11.00000000 	0.0000000000
-1.50000000 -10.50000000 	0.0000000000
-1.50000000 -10.00000000 	0.0000000000
-1.50000000 -9.50000000 	0.0000000000
-1.50000000 -9.00000000 	0.0000000000
-1.50000000 -8.50000000 	0.0000000000
-1.50000000 -8.00000000 	0.0000000000
-1.50000000 -7.50000000 	0.0000000000
-1.50000000 -7.00000000 	0.0000000000
-1.50000000 -6.50000000 	0.0000000000
-1.50000000 -6.00000000 	0.0000000000
-1.50000000 -5.50000000 	0.0000000000
-1.50000000 -5.00000000 	0.0000000000
-1.50000000 -4.50000000 	0.0000000000
-1.50000000 -4.00000000 	0.0000000000
-1.50000000 -3.50000000 	0.0000000000
-1.50000000 -3.00000000 	0.0000000000
-1.50000000 -2.50000000 	0.0000000000
-1.50000000 -2.00000000 	0.0000000000
-1.50000000 -1.50000000 	0.0000000000
-1.50000000 -1.00000000 	0.0000000000
-1.50000000 -0.50000000 	0.2870246310
-1.50000000 0.00000000 	0.2870246310
-1.50000000 0.50000000 	0.4394559957
-1.50000000 1.00000000 	0.4394559957
-1.50000000 1.50000000 	0.4394559957
-1.50000000 2.00000000 	0.4394559957
-1.50000000 2.50000000 	0.2870246310
-1.50000000 3.00000000 	0.2870246310
-1.50000000 3.50000000 	0.0000000000
-1.50000000 4.00000000 	0.0000000000
-1.50000000 4.50000000 	0.0000000000
-1.50000000 5.00000000 	0.0000000000
-1.50000000 5.50000000 	0.0000000000
-1.50000000 6.00000000 	0.0000000000
-1.50000000 6.50000000 	0.0000000000
-1.50000000 7.00000000 	0.0000000000
-1.50000000 7.50000000 	0.0000000000
-1.50000000 8.00000000 	0.0000000000
-1.00000000 -12.00000000 	0.0000000000
-1.00000000 -11.50000000 	0.0000000000
-1.00000000 -11.00000000 	0.0000000000
-1.00000000 -10.50000000 	0.0000000000
-1.00000000 -10.00000000 	0.0000000000
-1.00000000 -9.50000000 	0.0000000000
-1.00000000 -9.00000000 	0.0000000000
-1.00000000 -8.50000000 	0.0000000000
-1.00000000 -8.00000000 	0.0000000000
-1.00000000 -7.50000000 	0.0000000000
-1.00000000 -7.00000000 	0.0000000000
-1.00000000 -6.50000000 	0.0000000000
-1.00000000 -6.00000000 	0.0000000000
-1.00000000 -5.50000000 	0.0000000000
-1.00000000 -5.00000000 	0.0000000000
-1.00000000 -4.50000000 	0.0000000000
-1.00000000 -4.00000000 	0.0000000000
-1.00000000 -3.50000000 	0.0000000000
-1.00000000 -3.00000000 	0.0000000000
-1.00000000 -2.50000000 	0.0000000000
-1.00000000 -2.00000000 	0.0000000000
-1.00000000 -1.50000000 	0.0000000000
-1.00000000 -1.00000000 	0.2908009154
-1.00000000 -0.50000000 	0.2908009154
-1.00000000 0.00000000 	0.4652897780
-1.00000000 0.50000000 	0.4652897780
-1.00000000 1.00000000 	0.4720331932
-1.00000000 1.50000000 	0.4720331932
-1.00000000 2.00000000 	0.4652897780
-1.00000000 2.50000000 	0.4652897780
-1.00000000 3.00000000 	0.2908009154
-1.00000000 3.50000000 	0.2908009154
-1.00000000 4.00000000 	0.0000000000
-1.00000000 4.50000000 	0.0000000000
-1.00000000 5.00000000 	0.0000000000
-1.00000000 5.50000000 	0.0000000000
-1.00000000 6.00000000 	0.0000000000
-1.00000000 6.50000000 	0.0000000000
-1.00000000 7.00000000 	0.0000000000
-1.00000000 7.50000000 	0.0000000000
-1.00000000 8.00000000 	0.0000000000
-0.50000000 -12.00000000 	0.0000000000
-0.50000000 -11.50000000 	0.0000000000
-0.50000000 -11.00000000 	0.0000000000
-0.50000000 -10.50000000 	0.0000000000
-0.50000000 -10.00000000 	0.0000000000
-0.50000000 -9.50000000 	0.0000000000
-0.50000000 -9.00000000 	0.0000000000
-0.50000000 -8.50000000 	0.0000000000
-0.50000000 -8.00000000 	0.0000000000
-0.50000000 -7.50000000 	0.0000000000
-0.50000000 -7.00000000 	0.0000000000
-0.50000000 -6.50000000 	0.0000000000
-0.50000000 -6.00000000 	0.0000000000
-0.50000000 -5.50000000 	0.0000000000
-0.50000000 -5.00000000 	0.0000000000
-0.50000000 -4.50000000 	0.0000000000
-0.50000000 -4.00000000 	0.0000000000
-0.50000000 -3.50000000 	0.0000000000
-0.50000000 -3.00000000 	0.0000000000
-0.50000000 -2.50000000 	0.0000000000
-0.50000000 -2.00000000 	0.0000000000
-0.50000000 -1.50000000 	0.1443258338
-0.50000000 -1.00000000 	0.2908009154
-0.50000000 -0.50000000 	0.3173906822
-0.50000000 0.00000000 	0.3173906822
-0.50000000 0.50000000 	0.1649892616
-0.50000000 1.00000000 	0.1649892616
-0.50000000 1.50000000 	0.1649892616
-0.50000000 2.00000000 	0.1649892616
-0.50000000 2.50000000 	0.3173906822
-0.50000000 3.00000000 	0.3173906822
-0.50000000 3.50000000 	0.2908009154
-0.50000000 4.00000000 	0.2908009154
-0.50000000 4.50000000 	0.0000000000
-0.50000000 5.00000000 	0.0000000000
-0.50000000 5.50000000 	0.0000000000
-0.50000000 6.00000000 	0.0000000000
-0.50000000 6.50000000 	0.0000000000
-0.50000000 7.00000000 	0.0000000000
-0.50000000 7.50000000 	0.0000000000
-0.50000000 8.00000000 	0.0000000000
0.00000000 -12.00000000 	0.0000000000
0.00000000 -11.50000000 	0.0000000000
0.00000000 -11.00000000 	0.0000000000
0.00000000 -10.50000000 	0.0000000000
0.00000000 -10.00000000 	0.0000000000
0.00000000 -9.50000000 	0.0000000000
0.00000000 -9.00000000 	0.0000000000
0.00000000 -8.50000000 	0.0000000000
0.00000000 -8.00000000 	0.0000000000
0.00000000 -7.50000000 	0.0000000000
0.00000000 -7.00000000 	0.0000000000
0.00000000 -6.50000000 	0.0000000000
0.00000000 -6.00000000 	0.0000000000
0.00000000 -5.50000000 	0.0000000000
0.00000000 -5.00000000 	0.0000000000
0.00000000 -4.50000000 	0.0000000000
0.00000000 -4.00000000 	0.0000000000
0.00000000 -3.50000000 	0.0000000000
0.00000000 -3.00000000 	0.0000000000
0.00000000 -2.50000000 	0.0000000000
0.00000000 -2.00000000 	0.0000000000
0.00000000 -1.50000000 	0.2908009154
0.00000000 -1.00000000 	0.1551185444
0.00000000 -0.50000000 	0.3173906822
0.00000000 0.00000000 	0.0000000000
0.00000000 0.50000000 	0.0000000000
0.00000000 1.00000000 	0.0000000000
0.00000000 1.50000000 	0.0000000000
0.00000000 2.00000000 	0.0000000000
0.00000000 2.50000000 	0.0000000000
0.00000000 3.00000000 	0.3173906822
0.00000000 3.50000000 	0.3173906822
0.00000000 4.00000000 	0.2908009154
0.00000000 4.50000000 	0.1443258338
0.00000000 5.00000000 	0.0000000000
0.00000000 5.50000000 	0.0000000000
0.00000000 6.00000000 	0.0000000000
0.00000000 6.50000000 	0.0000000000
0.00000000 7.00000000 	0.0000000000
0.00000000 7.50000000 	0.0000000000
0.00000000 8.00000000 	0.0000000000
0.50000000 -12.00000000 	0.0000000000
0.50000000 -11.50000000 	0.0000000000
0.50000000 -11.00000000 	0.0000000000
0.50000000 -10.50000000 	0.0000000000
0.50000000 -10.00000000 	0.0000000000
0.50000000 -9.50000000 	0.0000000000
0.50000000 -9.00000000 	0.0000000000
0.50000000 -8.50000000 	0.0000000000
0.50000000 -8.00000000 	0.0000000000
0.50000000 -7.50000000 	0.0000000000
0.50000000 -7.00000000 	0.0000000000
0.50000000 -6.50000000 	0.0000000000
0.50000000 -6.00000000 	0.0000000000
0.50000000 -5.50000000 	0.0000000000
0.50000000 -5.00000000 	0.0000000000
0.50000000 -4.50000000 	0.0000000000
0.50000000 -4.00000000 	0.0000000000
0.50000000 -3.50000000 	0.0000000000
0.50000000 -3.00000000 	0.0000000000
0.50000000 -2.50000000 	0.0000000000
0.50000000 -2.00000000 	0.1443258338
0.50000000 -1.50000000 	0.1484831382
0.50000000 -1.00000000 	0.3173906822
0.50000000 -0.50000000 	0.0000000000
0.50000000 0.00000000 	0.0000000000
0.50000000 0.50000000 	0.0000000000
0.50000000 1.00000000 	0.0000000000
0.50000000 1.50000000 	0.0000000000
0.50000000 2.00000000 	0.0000000000
0.50000000 2.50000000 	0.0000000000
0.50000000 3.00000000 	0.0000000000
0.50000000 3.50000000 	0.3173906822
0.50000000 4.00000000 	0.1551185444
0.50000000 4.50000000 	0.1443258338
0.50000000 5.00000000 	0.0000000000
0.50000000 5.50000000 	0.0000000000
0.50000000 6.00000000 	0.0000000000
0.50000000 6.50000000 	0.0000000000
0.50000000 7.00000000 	0.0000000000
0.50000000 7.50000000 	0.0000000000
0.50000000 8.00000000 	0.0000000000
1.00000000 -12.00000000 	0.0000000000
1.00000000 -11.50000000 	0.0000000000
1.00000000 -11.00000000 	0.0000000000
1.00000000 -10.50000000 	0.0000000000
1.00000000 -10.00000000 	0.0000000000
1.00000000 -9.50000000 	0.0000000000
1.00000000 -9.00000000 	0.0000000000
1.00000000 -8.50000000 	0.0000000000
1.00000000 -8.00000000 	0.0000000000
1.00000000 -7.50000000 	0.0000000000
1.00000000 -7.00000000 	0.0000000000
1.00000000 -6.50000000 	0.0000000000
1.00000000 -6.00000000 	0.0000000000
1.00000000 -5.50000000 	0.0000000000
1.00000000 -5.00000000 	0.0000000000
1.00000000 -4.50000000 	0.0000000000
1.00000000 -4.00000000 	0.0000000000
1.00000000 -3.50000000 	0.0000000000
1.00000000 -3.00000000 	0.0000000000
1.00000000 -2.50000000 	0.0000000000
1.00000000 -2.00000000 	0.1443258338
1.00000000 -1.50000000 	0.1551185444
1.00000000 -1.00000000 	0.1600641982
1.00000000 -0.50000000 	0.0000000000
1.00000000 0.00000000 	0.0000000000
1.00000000 0.50000000 	0.0000000000
1.00000000 1.00000000 	0.0000000000
1.00000000 1.50000000 	0.0000000000
1.00000000 2.00000000 	0.0000000000
1.00000000 2.50000000 	0.0000000000
1.00000000 3.00000000 	0.0000000000
1.00000000 3.50000000 	0.0000000000
1.00000000 4.00000000 	0.1551185444
1.00000000 4.50000000 	0.0000000000
1.00000000 5.00000000 	0.0000000000
1.00000000 5.50000000 	0.0000000000
1.00000000 6.00000000 	0.0000000000
1.00000000 6.50000000 	0.0000000000
1.00000000 7.00000000 	0.0000000000
1.00000000 7.50000000 	0.0000000000
1.00000000 8.00000000 	0.0000000000
1.50000000 -12.00000000 	0.0000000000
1.50000000 -11.50000000 	0.0000000000
1.50000000 -11.00000000 	0.0000000000
1.50000000 -10.50000000 	0.0000000000
1.50000000 -10.00000000 	0.0000000000
1.50000000 -9.50000000 	0.0000000000
1.50000000 -9.00000000 	0.0000000000
1.50000000 -8.50000000 	0.0000000000
1.50000000 -8.00000000 	0.0000000000
1.50000000 -7.50000000 	0.0000000000
1.50000000 -7.00000000 	0.0000000000
1.50000000 -6.50000000 	0.0000000000
1.50000000 -6.00000000 	0.0000000000
1.50000000 -5.50000000 	0.0000000000
1.50000000 -5.00000000 	0.0000000000
1.50000000 -4.50000000 	0.0000000000
1.50000000 -4.00000000 	0.0000000000
1.50000000 -3.50000000 	0.0000000000
1.50000000 -3.00000000 	0.0000000000
1.50000000 -2.50000000 	0.0000000000
1.50000000 -2.00000000 	0.0000000000
1.50000000 -1.50000000 	0.1551185444
1.50000000 -1.00000000 	0.0000000000
1.50000000 -0.50000000 	0.0000000000
1.50000000 0.00000000 	0.0000000000
1.50000000 0.50000000 	0.0000000000
1.50000000 1.00000000 	0.0000000000
1.50000000 1.50000000 	0.0000000000
1.50000000 2.00000000 	0.0000000000
1.50000000 2.50000000 	0.0000000000
1.50000000 3.00000000 	0.0000000000
1.50000000 3.50000000 	0.0000000000
1.50000000 4.00000000 	0.0000000000
1.50000000 4.50000000 	0.0000000000
1.50000000 5.00000000 	0.0000000000
1.50000000 5.50000000 	0.0000000000
1.50000000 6.00000000 	0.0000000000
1.50000000 6.50000000 	0.0000000000
1.50000000 7.00000000 	0.0000000000
1.50000000 7.50000000 	0.0000000000
1.50000000 8.00000000 	0.0000000000
2.00000000 -12.00000000 	0.0000000000
2.00000000 -11.50000000 	0.0000000000
2.00000000 -11.00000000 	0.0000000000
2.00000000 -10.50000000 	0.0000000000
2.00000000 -10.00000000 	0.0000000000
2.00000000 -9.50000000 	0.0000000000
2.00000000 -9.00000000 	0.0000000000
2.00000000 -8.50000000 	0.0000000000
2.00000000 -8.00000000 	0.0000000000
2.00000000 -7.50000000 	0.0000000000
2.00000000 -7.00000000 	0.0000000000
2.00000000 -6.50000000 	0.0000000000
2.00000000 -6.00000000 	0.0000000000
2.00000000 -5.50000000 	0.0000000000
2.00000000 -5.00000000 	0.0000000000
2.00000000 -4.50000000 	0.0000000000
2.00000000 -4.00000000 	0.0000000000
2.00000000 -3.50000000 	0.0000000000
2.00000000 -3.00000000 	0.0000000000
2.00000000 -2.50000000 	0.0000000000
2.00000000 -2.00000000 	0.0000000000
2.00000000 -1.50000000 	0.0000000000
2.00000000 -1.00000000 	0.0000000000
2.00000000 -0.50000000 	0.0000000000
2.00000000 0.00000000 	0.0000000000
2.00000000 0.50000000 	0.0000000000
2.00000000 1.00000000 	0.0000000000
2.00000000 1.50000000 	0.0000000000
2.00000000 2.00000000 	0.0000000000
2.00000000 2.50000000 	0.0000000000
2.00000000 3.00000000 	0.0000000000
2.00000000 3.50000000 	0.0000000000
2.00000000 4.00000000 	0.0000000000
2.00000000 4.50000000 	0.0000000000
2.00000000 5.00000000 	0.0000000000
2.00000000 5.50000000 	0.0000000000
2.00000000 6.00000000 	0.0000000000
2.00000000 6.50000000 	0.0000000000
2.00000000 7.00000000 	0.0000000000
2.00000000 7.50000000 	0.0000000000
2.00000000 8.00000000 	0.0000000000
