-8.00000000 -12.00000000 	0.0000000000
-8.00000000 -11.50000000 	0.0000000000
-8.00000000 -11.00000000 	0.0000000000
-8.00000000 -10.50000000 	0.0000000000
-8.00000000 -10.00000000 	0.0000000000
-8.00000000 -9.50000000 	0.0000000000
-8.00000000 -9.00000000 	0.0000000000
-8.00000000 -8.50000000 	0.0000000000
-8.00000000 -8.00000000 	0.0000000000
-8.00000000 -7.50000000 	0.0000000000
-8.00000000 -7.00000000 	0.0000000000
-8.00000000 -6.50000000 	0.0000000000
-8.00000000 -6.00000000 	0.0000000000
-8.00000000 -5.50000000 	0.0000000000
-8.00000000 -5.00000000 	0.0000000000
-8.00000000 -4.50000000 	0.0000000000
-8.00000000 -4.00000000 	0.0000000000
-8.00000000 -3.50000000 	0.0000000000
-8.00000000 -3.00000000 	0.0000000000
-8.00000000 -2.50000000 	0.0000000000
-8.00000000 -2.00000000 	0.0000000000
-8.00000000 -1.50000000 	0.0000000000
-8.00000000 -1.00000000 	0.0000000000
-8.00000000 -0.50000000 	0.0000000000
-8.00000000 0.00000000 	0.0000000000
-8.00000000 0.50000000 	0.0000000000
-8.00000000 1.00000000 	0.0000000000
-8.00000000 1.50000000 	0.0000000000
-8.00000000 2.00000000 	0.0000000000
-8.00000000 2.50000000 	0.0000000000
-8.00000000 3.00000000 	0.0000000000
-8.00000000 3.50000000 	0.0000000000
-8.00000000 4.00000000 	0.0000000000
-8.00000000 4.50000000 	0.0000000000
-8.00000000 5.00000000 	0.0000000000
-8.00000000 5.50000000 	0.0000000000
-8.00000000 6.00000000 	0.0000000000
-8.00000000 6.50000000 	0.0000000000
-8.00000000 7.00000000 	0.0000000000
-8.00000000 7.50000000 	0.0000000000
-8.00000000 8.00000000 	0.0000000000
-7.50000000 -12.00000000 	16.0398659796
-7.50000000 -11.50000000 	16.0398659796
-7.50000000 -11.00000000 	16.0398659796
-7.50000000 -10.50000000 	16.0398659796
-7.50000000 -10.00000000 	16.0398659796
-7.50000000 -9.50000000 	16.0398659796
-7.50000000 -9.00000000 	16.0398659796
-7.50000000 -8.50000000 	16.0398659796
-7.50000000 -8.00000000 	16.0398659796
-7.50000000 -7.50000000 	16.0398659796
-7.50000000 -7.00000000 	16.0398659796
-7.50000000 -6.50000000 	16.0398659796
-7.50000000 -6.00000000 	16.0398659796
-7.50000000 -5.50000000 	16.0398659796
-7.50000000 -5.00000000 	16.0398659796
-7.50000000 -4.50000000 	16.0398659796
-7.50000000 -4.00000000 	16.0398659796
-7.50000000 -3.50000000 	16.0398659796
-7.50000000 -3.00000000 	16.0398659796
-7.50000000 -2.50000000 	16.0398659796
-7.50000000 -2.00000000 	16.0398659796
-7.50000000 -1.50000000 	16.0398659796
-7.50000000 -1.00000000 	16.0398659796
-7.50000000 -0.50000000 	16.0398659796
-7.50000000 0.00000000 	16.0398659796
-7.50000000 0.50000000 	16.0398659796
-7.50000000 1.00000000 	16.0398659796
-7.50000000 1.50000000 	16.0398659796
-7.50000000 2.00000000 	16.0398659796
-7.50000000 2.50000000 	16.0398659796
-7.50000000 3.00000000 	16.0398659796
-7.50000000 3.50000000 	16.0398659796
-7.50000000 4.00000000 	16.0398659796
-7.50000000 4.50000000 	16.0398659796
-7.50000000 5.00000000 	16.0398659796
-7.50000000 5.50000000 	16.0398659796
-7.50000000 6.00000000 	16.0398659796
-7.50000000 6.50000000 	16.0398659796
-7.50000000 7.00000000 	16.0398659796
-7.50000000 7.50000000 	16.0398659796
-7.50000000 8.00000000 	16.0398659796
-7.00000000 -12.00000000 	295.4166163640
-7.00000000 -11.50000000 	295.4166163640
-7.00000000 -11.00000000 	295.4166163640
-7.00000000 -10.50000000 	295.4166163640
-7.00000000 -10.00000000 	295.4166163640
-7.00000000 -9.50000000 	295.4166163640
-7.00000000 -9.00000000 	295.4166163640
-7.00000000 -8.50000000 	295.4166163640
-7.00000000 -8.00000000 	295.4166163640
-7.00000000 -7.50000000 	295.4166163640
-7.00000000 -7.00000000 	295.4166163640
-7.00000000 -6.50000000 	295.4166163640
-7.00000000 -6.00000000 	295.4166163640
-7.00000000 -5.50000000 	295.4166163640
-7.00000000 -5.00000000 	295.4166163640
-7.00000000 -4.50000000 	295.4166163640
-7.00000000 -4.00000000 	295.4166163640
-7.00000000 -3.50000000 	295.4166163640
-7.00000000 -3.00000000 	295.4166163640
-7.00000000 -2.50000000 	295.4166163640
-7.00000000 -2.00000000 	295.4166163640
-7.00000000 -1.50000000 	295.4166163640
-7.00000000 -1.00000000 	295.4166163640
-7.00000000 -0.50000000 	295.4166163640
-7.00000000 0.00000000 	295.4166163640
-7.00000000 0.50000000 	295.4166163640
-7.00000000 1.00000000 	295.4166163640
-7.00000000 1.50000000 	295.4166163640
-7.00000000 2.00000000 	295.4166163640
-7.00000000 2.50000000 	295.4166163640
-7.00000000 3.00000000 	295.4166163640
-7.00000000 3.50000000 	295.4166163640
-7.00000000 4.00000000 	295.4166163640
-7.00000000 4.50000000 	295.4166163640
-7.00000000 5.00000000 	295.4166163640
-7.00000000 5.50000000 	295.4166163640
-7.00000000 6.00000000 	295.4166163640
-7.00000000 6.50000000 	295.4166163640
-7.00000000 7.00000000 	295.4166163640
-7.00000000 7.50000000 	295.4166163640
-7.00000000 8.00000000 	295.4166163640
-6.50000000 -12.00000000 	2234.3002121356
-6.50000000 -11.50000000 	2234.3002121356
-6.50000000 -11.00000000 	2234.3002121356
-6.50000000 -10.50000000 	2234.3002121356
-6.50000000 -10.00000000 	2234.3002121356
-6.50000000 -9.50000000 	2234.3002121356
-6.50000000 -9.00000000 	2234.3002121356
-6.50000000 -8.50000000 	2234.3002121356
-6.50000000 -8.00000000 	2234.3002121356
-6.50000000 -7.50000000 	2234.3002121356
-6.50000000 -7.00000000 	2234.3002121356
-6.50000000 -6.50000000 	2234.3002121356
-6.50000000 -6.00000000 	2234.3002121356
-6.50000000 -5.50000000 	2234.3002121356
-6.50000000 -5.00000000 	2234.3002121356
-6.50000000 -4.50000000 	2234.3002121356
-6.50000000 -4.00000000 	2234.3002121356
-6.50000000 -3.50000000 	2234.3002121356
-6.50000000 -3.00000000 	2234.3002121356
-6.50000000 -2.50000000 	2234.3002121356
-6.50000000 -2.00000000 	2234.3002121356
-6.50000000 -1.50000000 	2234.3002121356
-6.50000000 -1.00000000 	2234.3002121356
-6.50000000 -0.50000000 	2234.3002121356
-6.50000000 0.00000000 	2234.3002121356
-6.50000000 0.50000000 	2234.3002121356
-6.50000000 1.00000000 	2234.3002121356
-6.50000000 1.50000000 	2234.3002121356
-6.50000000 2.00000000 	2234.3002121356
-6.50000000 2.50000000 	2234.3002121356
-6.50000000 3.00000000 	2234.3002121356
-6.50000000 3.50000000 	2234.3002121356
-6.50000000 4.00000000 	2234.3002121356
-6.50000000 4.50000000 	2234.3002121356
-6.50000000 5.00000000 	2234.3002121356
-6.50000000 5.50000000 	2234.3002121356
-6.50000000 6.00000000 	2234.3002121356
-6.50000000 6.50000000 	2234.3002121356
-6.50000000 7.00000000 	2234.3002121356
-6.50000000 7.50000000 	2234.3002121356
-6.50000000 8.00000000 	2234.3002121356
-6.00000000 -12.00000000 	7635.6948576165
-6.00000000 -11.50000000 	7635.6948576165
-6.00000000 -11.00000000 	7635.6948576165
-6.00000000 -10.50000000 	7635.6948576165
-6.00000000 -10.00000000 	7635.6948576165
-6.00000000 -9.50000000 	7635.6948576165
-6.00000000 -9.00000000 	7635.6948576165
-6.00000000 -8.50000000 	7635.6948576165
-6.00000000 -8.00000000 	7635.6948576165
-6.00000000 -7.50000000 	7635.6948576165
-6.00000000 -7.00000000 	7635.6948576165
-6.00000000 -6.50000000 	7635.6948576165
-6.00000000 -6.00000000 	7635.6948576165
-6.00000000 -5.50000000 	7635.6948576165
-6.00000000 -5.00000000 	7635.6948576165
-6.00000000 -4.50000000 	7635.6948576165
-6.00000000 -4.00000000 	7635.6948576165
-6.00000000 -3.50000000 	7635.6948576165
-6.00000000 -3.00000000 	7635.6948576165
-6.00000000 -2.50000000 	7635.6948576165
-6.00000000 -2.00000000 	7635.6948576165
-6.00000000 -1.50000000 	7635.6948576165
-6.00000000 -1.00000000 	7635.6948576165
-6.00000000 -0.50000000 	7635.6948576165
-6.00000000 0.00000000 	7635.6948576165
-6.00000000 0.50000000 	7635.6948576165
-6.00000000 1.00000000 	7635.6948576165
-6.00000000 1.50000000 	7635.6948576165
-6.00000000 2.00000000 	7635.6948576165
-6.00000000 2.50000000 	7635.6948576165
-6.00000000 3.00000000 	7635.6948576165
-6.00000000 3.50000000 	7635.6948576165
-6.00000000 4.00000000 	7635.6948576165
-6.00000000 4.50000000 	7635.6948576165
-6.00000000 5.00000000 	7635.6948576165
-6.00000000 5.50000000 	7635.6948576165
-6.00000000 6.00000000 	7635.6948576165
-6.00000000 6.50000000 	7635.6948576165
-6.00000000 7.00000000 	7635.6948576165
-6.00000000 7.50000000 	7635.6948576165
-6.00000000 8.00000000 	7635.6948576165
-5.50000000 -12.00000000 	8735.0640401870
-5.50000000 -11.50000000 	8735.0640401870
-5.50000000 -11.00000000 	8735.0640401870
-5.50000000 -10.50000000 	8735.0640401870
-5.50000000 -10.00000000 	8735.0640401870
-5.50000000 -9.50000000 	8735.0640401870
-5.50000000 -9.00000000 	8735.0640401870
-5.50000000 -8.50000000 	8735.0640401870
-5.50000000 -8.00000000 	8735.0640401870
-5.50000000 -7.50000000 	8735.0640401870
-5.50000000 -7.00000000 	8735.0640401870
-5.50000000 -6.50000000 	8735.0640401870
-5.50000000 -6.00000000 	8735.0640401870
-5.50000000 -5.50000000 	8735.0640401870
-5.50000000 -5.00000000 	8735.0640401870
-5.50000000 -4.50000000 	8735.0640401870
-5.50000000 -4.00000000 	8735.0640401870
-5.50000000 -3.50000000 	8735.0640401870
-5.50000000 -3.00000000 	8735.0640401870
-5.50000000 -2.50000000 	8735.0640401870
-5.50000000 -2.00000000 	8735.0640401870
-5.50000000 -1.50000000 	8735.0640401870
-5.50000000 -1.00000000 	8735.0640401870
-5.50000000 -0.50000000 	8735.0640401870
-5.50000000 0.00000000 	8735.0640401870
-5.50000000 0.50000000 	8735.0640401870
-5.50000000 1.00000000 	8735.0640401870
-5.50000000 1.50000000 	8735.0640401870
-5.50000000 2.00000000 	8735.0640401870
-5.50000000 2.50000000 	8735.0640401870
-5.50000000 3.00000000 	8735.0640401870
-5.50000000 3.50000000 	8735.0640401870
-5.50000000 4.00000000 	8735.0640401870
-5.50000000 4.50000000 	8735.0640401870
-5.50000000 5.00000000 	8735.0640401870
-5.50000000 5.50000000 	8735.0640401870
-5.50000000 6.00000000 	8735.0640401870
-5.50000000 6.50000000 	8735.0640401870
-5.50000000 7.00000000 	8735.0640401870
-5.50000000 7.50000000 	8735.0640401870
-5.50000000 8.00000000 	8735.0640401870
-5.00000000 -12.00000000 	5374.0807845645
-5.00000000 -11.50000000 	5374.0807845645
-5.00000000 -11.00000000 	5374.0807845645
-5.00000000 -10.50000000 	5374.0807845645
-5.00000000 -10.00000000 	5374.0807845645
-5.00000000 -9.50000000 	5374.0807845645
-5.00000000 -9.00000000 	5374.0807845645
-5.00000000 -8.50000000 	5374.0807845645
-5.00000000 -8.00000000 	5374.0807845645
-5.00000000 -7.50000000 	5374.0807845645
-5.00000000 -7.00000000 	5374.0807845645
-5.00000000 -6.50000000 	5374.0807845645
-5.00000000 -6.00000000 	5374.0807845645
-5.00000000 -5.50000000 	5374.0807845645
-5.00000000 -5.00000000 	5374.0807845645
-5.00000000 -4.50000000 	5374.0807845645
-5.00000000 -4.00000000 	5374.0807845645
-5.00000000 -3.50000000 	5374.0807845645
-5.00000000 -3.00000000 	5374.0807845645
-5.00000000 -2.50000000 	5374.0807845645
-5.00000000 -2.00000000 	5374.0807845645
-5.00000000 -1.50000000 	5374.0807845645
-5.00000000 -1.00000000 	5374.0807845645
-5.00000000 -0.50000000 	5374.0807845645
-5.00000000 0.00000000 	5374.0807845645
-5.00000000 0.50000000 	5374.0807845645
-5.00000000 1.00000000 	5374.0807845645
-5.00000000 1.50000000 	5374.0807845645
-5.00000000 2.00000000 	5374.0807845645
-5.00000000 2.50000000 	5374.0807845645
-5.00000000 3.00000000 	5374.0807845645
-5.00000000 3.50000000 	5374.0807845645
-5.00000000 4.00000000 	5374.0807845645
-5.00000000 4.50000000 	5374.0807845645
-5.00000000 5.00000000 	5374.0807845645
-5.00000000 5.50000000 	5374.0807845645
-5.00000000 6.00000000 	5374.0807845645
-5.00000000 6.50000000 	5374.0807845645
-5.00000000 7.00000000 	5374.0807845645
-5.00000000 7.50000000 	5374.0807845645
-5.00000000 8.00000000 	5374.0807845645
-4.50000000 -12.00000000 	1318.8716342322
-4.50000000 -11.50000000 	1318.8716342322
-4.50000000 -11.00000000 	1318.8716342322
-4.50000000 -10.50000000 	1318.8716342322
-4.50000000 -10.00000000 	1318.8716342322
-4.50000000 -9.50000000 	1318.8716342322
-4.50000000 -9.00000000 	1318.8716342322
-4.50000000 -8.50000000 	1318.8716342322
-4.50000000 -8.00000000 	1318.8716342322
-4.50000000 -7.50000000 	1318.8716342322
-4.50000000 -7.00000000 	1318.8716342322
-4.50000000 -6.50000000 	1318.8716342322
-4.50000000 -6.00000000 	1318.8716342322
-4.50000000 -5.50000000 	1318.8716342322
-4.50000000 -5.00000000 	1318.8716342322
-4.50000000 -4.50000000 	1318.8716342322
-4.50000000 -4.00000000 	1318.8716342322
-4.50000000 -3.50000000 	1318.8716342322
-4.50000000 -3.00000000 	1318.8716342322
-4.50000000 -2.50000000 	1318.8716342322
-4.50000000 -2.00000000 	1318.8716342322
-4.50000000 -1.50000000 	1318.8716342322
-4.50000000 -1.00000000 	1318.8716342322
-4.50000000 -0.50000000 	1318.8716342322
-4.50000000 0.00000000 	1318.8716342322
-4.50000000 0.50000000 	1318.8716342322
-4.50000000 1.00000000 	1318.8716342322
-4.50000000 1.50000000 	1318.8716342322
-4.50000000 2.00000000 	1318.8716342322
-4.50000000 2.50000000 	1318.8716342322
-4.50000000 3.00000000 	1318.8716342322
-4.50000000 3.50000000 	1318.8716342322
-4.50000000 4.00000000 	1318.8716342322
-4.50000000 4.50000000 	1318.8716342322
-4.50000000 5.00000000 	1318.8716342322
-4.50000000 5.50000000 	1318.8716342322
-4.50000000 6.00000000 	1318.8716342322
-4.50000000 6.50000000 	1318.8716342322
-4.50000000 7.00000000 	1318.8716342322
-4.50000000 7.50000000 	1318.8716342322
-4.50000000 8.00000000 	1318.8716342322
-4.00000000 -12.00000000 	74.1266522131
-4.00000000 -11.50000000 	74.1266522131
-4.00000000 -11.00000000 	74.1266522131
-4.00000000 -10.50000000 	74.1266522131
-4.00000000 -10.00000000 	74.1266522131
-4.00000000 -9.50000000 	74.1266522131
-4.00000000 -9.00000000 	74.1266522131
-4.00000000 -8.50000000 	74.1266522131
-4.00000000 -8.00000000 	74.1266522131
-4.00000000 -7.50000000 	74.1266522131
-4.00000000 -7.00000000 	74.1266522131
-4.00000000 -6.50000000 	74.1266522131
-4.00000000 -6.00000000 	74.1266522131
-4.00000000 -5.50000000 	74.1266522131
-4.00000000 -5.00000000 	74.1266522131
-4.00000000 -4.50000000 	74.1266522131
-4.00000000 -4.00000000 	74.1266522131
-4.00000000 -3.50000000 	74.1266522131
-4.00000000 -3.00000000 	74.1266522131
-4.00000000 -2.50000000 	74.1266522131
-4.00000000 -2.00000000 	74.1266522131
-4.00000000 -1.50000000 	74.1266522131
-4.00000000 -1.00000000 	74.1266522131
-4.00000000 -0.50000000 	74.1266522131
-4.00000000 0.00000000 	74.1266522131
-4.00000000 0.50000000 	74.1266522131
-4.00000000 1.00000000 	74.1266522131
-4.00000000 1.50000000 	74.1266522131
-4.00000000 2.00000000 	74.1266522131
-4.00000000 2.50000000 	74.1266522131
-4.00000000 3.00000000 	74.1266522131
-4.00000000 3.50000000 	74.1266522131
-4.00000000 4.00000000 	74.1266522131
-4.00000000 4.50000000 	74.1266522131
-4.00000000 5.00000000 	74.1266522131
-4.00000000 5.50000000 	74.1266522131
-4.00000000 6.00000000 	74.1266522131
-4.00000000 6.50000000 	74.1266522131
-4.00000000 7.00000000 	74.1266522131
-4.00000000 7.50000000 	74.1266522131
-4.00000000 8.00000000 	74.1266522131
-3.50000000 -12.00000000 	0.0000000000
-3.50000000 -11.50000000 	0.0000000000
-3.50000000 -11.00000000 	0.0000000000
-3.50000000 -10.50000000 	0.0000000000
-3.50000000 -10.00000000 	0.0000000000
-3.50000000 -9.50000000 	0.0000000000
-3.50000000 -9.00000000 	0.0000000000
-3.50000000 -8.50000000 	0.0000000000
-3.50000000 -8.00000000 	0.0000000000
-3.50000000 -7.50000000 	0.0000000000
-3.50000000 -7.00000000 	0.0000000000
-3.50000000 -6.50000000 	0.0000000000
-3.50000000 -6.00000000 	0.0000000000
-3.50000000 -5.50000000 	0.0000000000
-3.50000000 -5.00000000 	0.0000000000
-3.50000000 -4.50000000 	0.0000000000
-3.50000000 -4.00000000 	0.0000000000
-3.50000000 -3.50000000 	0.0000000000
-3.50000000 -3.00000000 	0.0000000000
-3.50000000 -2.50000000 	0.0000000000
-3.50000000 -2.00000000 	0.0000000000
-3.50000000 -1.50000000 	0.0000000000
-3.50000000 -1.00000000 	0.0000000000
-3.50000000 -0.50000000 	0.0000000000
-3.50000000 0.00000000 	0.0000000000
-3.50000000 0.50000000 	0.0000000000
-3.50000000 1.00000000 	0.0000000000
-3.50000000 1.50000000 	0.0000000000
-3.50000000 2.00000000 	0.0000000000
-3.50000000 2.50000000 	0.0000000000
-3.50000000 3.00000000 	0.0000000000
-3.50000000 3.50000000 	0.0000000000
-3.50000000 4.00000000 	0.0000000000
-3.50000000 4.50000000 	0.0000000000
-3.50000000 5.00000000 	0.0000000000
-3.50000000 5.50000000 	0.0000000000
-3.50000000 6.00000000 	0.0000000000
-3.50000000 6.50000000 	0.0000000000
-3.50000000 7.00000000 	0.0000000000
-3.50000000 7.50000000 	0.0000000000
-3.50000000 8.00000000 	0.0000000000
-3.00000000 -12.00000000 	0.0000000000
-3.00000000 -11.50000000 	0.0000000000
-3.00000000 -11.00000000 	0.0000000000
-3.00000000 -10.50000000 	0.0000000000
-3.00000000 -10.00000000 	0.0000000000
-3.00000000 -9.50000000 	0.0000000000
-3.00000000 -9.00000000 	0.0000000000
-3.00000000 -8.50000000 	0.0000000000
-3.00000000 -8.00000000 	0.0000000000
-3.00000000 -7.50000000 	0.0000000000
-3.00000000 -7.00000000 	0.0000000000
-3.00000000 -6.50000000 	0.0000000000
-3.00000000 -6.00000000 	0.0000000000
-3.00000000 -5.50000000 	0.0000000000
-3.00000000 -5.00000000 	0.0000000000
-3.00000000 -4.50000000 	0.0000000000
-3.00000000 -4.00000000 	0.0000000000
-3.00000000 -3.50000000 	0.0000000000
-3.00000000 -3.00000000 	0.0000000000
-3.00000000 -2.50000000 	0.0000000000
-3.00000000 -2.00000000 	0.0000000000
-3.00000000 -1.50000000 	0.0000000000
-3.00000000 -1.00000000 	0.0000000000
-3.00000000 -0.50000000 	0.0000000000
-3.00000000 0.00000000 	0.0000000000
-3.00000000 0.50000000 	0.0000000000
-3.00000000 1.00000000 	0.0000000000
-3.00000000 1.50000000 	0.0000000000
-3.00000000 2.00000000 	0.0000000000
-3.00000000 2.50000000 	0.0000000000
-3.00000000 3.00000000 	0.0000000000
-3.00000000 3.50000000 	0.0000000000
-3.00000000 4.00000000 	0.0000000000
-3.00000000 4.50000000 	0.0000000000
-3.00000000 5.00000000 	0.0000000000
-3.00000000 5.50000000 	0.0000000000
-3.00000000 6.00000000 	0.0000000000
-3.00000000 6.50000000 	0.0000000000
-3.00000000 7.00000000 	0.0000000000
-3.00000000 7.50000000 	0.0000000000
-3.00000000 8.00000000 	0.0000000000
-2.50000000 -12.00000000 	0.0000000000
-2.50000000 -11.50000000 	0.0000000000
-2.50000000 -11.00000000 	0.0000000000
-2.50000000 -10.50000000 	0.0000000000
-2.50000000 -10.00000000 	0.0000000000
-2.50000000 -9.50000000 	0.0000000000
-2.50000000 -9.00000000 	0.0000000000
-2.50000000 -8.50000000 	0.0000000000
-2.50000000 -8.00000000 	0.0000000000
-2.50000000 -7.50000000 	0.0000000000
-2.50000000 -7.00000000 	0.0000000000
-2.50000000 -6.50000000 	0.0000000000
-2.50000000 -6.00000000 	0.0000000000
-2.50000000 -5.50000000 	0.0000000000
-2.50000000 -5.00000000 	0.0000000000
-2.50000000 -4.50000000 	0.0000000000
-2.50000000 -4.00000000 	0.0000000000
-2.50000000 -3.50000000 	0.0000000000
-2.50000000 -3.00000000 	0.0000000000
-2.50000000 -2.50000000 	0.0000000000
-2.50000000 -2.00000000 	0.0000000000
-2.50000000 -1.50000000 	0.0000252305
-2.50000000 -1.00000000 	0.0004791654
-2.50000000 -0.50000000 	0.0032773782
-2.50000000 0.00000000 	0.0096288885
-2.50000000 0.50000000 	0.0124260789
-2.50000000 1.00000000 	0.0128795474
-2.50000000 1.50000000 	0.0128795474
-2.50000000 2.00000000 	0.0124260789
-2.50000000 2.50000000 	0.0096288885
-2.50000000 3.00000000 	0.0032773782
-2.50000000 3.50000000 	0.0004791654
-2.50000000 4.00000000 	0.0000252305
-2.50000000 4.50000000 	0.0000000000
-2.50000000 5.00000000 	0.0000000000
-2.50000000 5.50000000 	0.0000000000
-2.50000000 6.00000000 	0.0000000000
-2.50000000 6.50000000 	0.0000000000
-2.50000000 7.00000000 	0.0000000000
-2.50000000 7.50000000 	0.0000000000
-2.50000000 8.00000000 	0.0000000000
-2.00000000 -12.00000000 	0.0000000000
-2.00000000 -11.50000000 	0.0000000000
-2.00000000 -11.00000000 	0.0000000000
-2.00000000 -10.50000000 	0.0000000000
-2.00000000 -10.00000000 	0.0000000000
-2.00000000 -9.50000000 	0.0000000000
-2.00000000 -9.00000000 	0.0000000000
-2.00000000 -8.50000000 	0.0000000000
-2.00000000 -8.00000000 	0.0000000000
-2.00000000 -7.50000000 	0.0000000000
-2.00000000 -7.00000000 	0.0000000000
-2.00000000 -6.50000000 	0.0000000000
-2.00000000 -6.00000000 	0.0000000000
-2.00000000 -5.50000000 	0.0000000000
-2.00000000 -5.00000000 	0.0000000000
-2.00000000 -4.50000000 	0.0000000000
-2.00000000 -4.00000000 	0.0000000000
-2.00000000 -3.50000000 	0.0000000000
-2.00000000 -3.00000000 	0.0000000000
-2.00000000 -2.50000000 	0.0000000000
-2.00000000 -2.00000000 	0.0000252305
-2.00000000 -1.50000000 	0.0007811901
-2.00000000 -1.00000000 	0.0090069667
-2.00000000 -0.50000000 	0.0488253979
-2.00000000 0.00000000 	0.1277960180
-2.00000000 0.50000000 	0.1618846710
-2.00000000 1.00000000 	0.1673619580
-2.00000000 1.50000000 	0.1673619580
-2.00000000 2.00000000 	0.1618846710
-2.00000000 2.50000000 	0.1277960180
-2.00000000 3.00000000 	0.0488253979
-2.00000000 3.50000000 	0.0090069667
-2.00000000 4.00000000 	0.0007811901
-2.00000000 4.50000000 	0.0000252305
-2.00000000 5.00000000 	0.0000000000
-2.00000000 5.50000000 	0.0000000000
-2.00000000 6.00000000 	0.0000000000
-2.00000000 6.50000000 	0.0000000000
-2.00000000 7.00000000 	0.0000000000
-2.00000000 7.50000000 	0.0000000000
-2.00000000 8.00000000 	0.0000000000
-1.50000000 -12.00000000 	0.0000000000
-1.50000000 -11.50000000 	0.0000000000
-1.50000000 -11.00000000 	0.0000000000
-1.50000000 -10.50000000 	0.0000000000
-1.50000000 -10.00000000 	0.0000000000
-1.50000000 -9.50000000 	0.0000000000
-1.50000000 -9.00000000 	0.0000000000
-1.50000000 -8.50000000 	0.0000000000
-1.50000000 -8.00000000 	0.0000000000
-1.50000000 -7.50000000 	0.0000000000
-1.50000000 -7.00000000 	0.0000000000
-1.50000000 -6.50000000 	0.0000000000
-1.50000000 -6.00000000 	0.0000000000
-1.50000000 -5.50000000 	0.0000000000
-1.50000000 -5.00000000 	0.0000000000
-1.50000000 -4.50000000 	0.0000000000
-1.50000000 -4.00000000 	0.0000000000
-1.50000000 -3.50000000 	0.0000000000
-1.50000000 -3.00000000 	0.0000000000
-1.50000000 -2.50000000 	0.0000252305
-1.50000000 -2.00000000 	0.0007811901
-1.50000000 -1.50000000 	0.0099341355
-1.50000000 -1.00000000 	0.0664617467
-1.50000000 -0.50000000 	0.2501894838
-1.50000000 0.00000000 	0.5291626069
-1.50000000 0.50000000 	0.6453459240
-1.50000000 1.00000000 	0.6636913109
-1.50000000 1.50000000 	0.6636913109
-1.50000000 2.00000000 	0.6453459240
-1.50000000 2.50000000 	0.5291626069
-1.50000000 3.00000000 	0.2501894838
-1.50000000 3.50000000 	0.0664617467
-1.50000000 4.00000000 	0.0099341355
-1.50000000 4.50000000 	0.0007811901
-1.50000000 5.00000000 	0.0000252305
-1.50000000 5.50000000 	0.0000000000
-1.50000000 6.00000000 	0.0000000000
-1.50000000 6.50000000 	0.0000000000
-1.50000000 7.00000000 	0.0000000000
-1.50000000 7.50000000 	0.0000000000
-1.50000000 8.00000000 	0.0000000000
-1.00000000 -12.00000000 	0.0000000000
-1.00000000 -11.50000000 	0.0000000000
-1.00000000 -11.00000000 	0.0000000000
-1.00000000 -10.50000000 	0.0000000000
-1.00000000 -10.00000000 	0.0000000000
-1.00000000 -9.50000000 	0.0000000000
-1.00000000 -9.00000000 	0.0000000000
-1.00000000 -8.50000000 	0.0000000000
-1.00000000 -8.00000000 	0.0000000000
-1.00000000 -7.50000000 	0.0000000000
-1.00000000 -7.00000000 	0.0000000000
-1.00000000 -6.50000000 	0.0000000000
-1.00000000 -6.00000000 	0.0000000000
-1.00000000 -5.50000000 	0.0000000000
-1.00000000 -5.00000000 	0.0000000000
-1.00000000 -4.50000000 	0.0000000000
-1.00000000 -4.00000000 	0.0000000000
-1.00000000 -3.50000000 	0.0000000000
-1.00000000 -3.00000000 	0.0000000000
-1.00000000 -2.50000000 	0.0003275710
-1.00000000 -2.00000000 	0.0071395961
-1.00000000 -1.50000000 	0.0600984178
-1.00000000 -1.00000000 	0.2479096845
-1.00000000 -0.50000000 	0.5398098048
-1.00000000 0.00000000 	0.6893440105
-1.00000000 0.50000000 	0.7239347490
-1.00000000 1.00000000 	0.7274926012
-1.00000000 1.50000000 	0.7274926012
-1.00000000 2.00000000 	0.7239347490
-1.00000000 2.50000000 	0.6893723421
-1.00000000 3.00000000 	0.5402918536
-1.00000000 3.50000000 	0.2507520874
-1.00000000 4.00000000 	0.0664593113
-1.00000000 4.50000000 	0.0099341355
-1.00000000 5.00000000 	0.0007811901
-1.00000000 5.50000000 	0.0000252305
-1.00000000 6.00000000 	0.0000000000
-1.00000000 6.50000000 	0.0000000000
-1.00000000 7.00000000 	0.0000000000
-1.00000000 7.50000000 	0.0000000000
-1.00000000 8.00000000 	0.0000000000
-0.50000000 -12.00000000 	0.0000000000
-0.50000000 -11.50000000 	0.0000000000
-0.50000000 -11.00000000 	0.0000000000
-0.50000000 -10.50000000 	0.0000000000
-0.50000000 -10.00000000 	0.0000000000
-0.50000000 -9.50000000 	0.0000000000
-0.50000000 -9.00000000 	0.0000000000
-0.50000000 -8.50000000 	0.0000000000
-0.50000000 -8.00000000 	0.0000000000
-0.50000000 -7.50000000 	0.0000000000
-0.50000000 -7.00000000 	0.0000000000
-0.50000000 -6.50000000 	0.0000000000
-0.50000000 -6.00000000 	0.0000000000
-0.50000000 -5.50000000 	0.0000000000
-0.50000000 -5.00000000 	0.0000000000
-0.50000000 -4.50000000 	0.0000000000
-0.50000000 -4.00000000 	0.0000000000
-0.50000000 -3.50000000 	0.0000000000
-0.50000000 -3.00000000 	0.0000252305
-0.50000000 -2.50000000 	0.0017111537
-0.50000000 -2.00000000 	0.0266178458
-0.50000000 -1.50000000 	0.1696586918
-0.50000000 -1.00000000 	0.4863232387
-0.50000000 -0.50000000 	0.5556537364
-0.50000000 0.00000000 	0.3328799414
-0.50000000 0.50000000 	0.2167020701
-0.50000000 1.00000000 	0.1973442049
-0.50000000 1.50000000 	0.1973442049
-0.50000000 2.00000000 	0.2167020701
-0.50000000 2.50000000 	0.3332354791
-0.50000000 3.00000000 	0.5618579689
-0.50000000 3.50000000 	0.5221298768
-0.50000000 4.00000000 	0.2469904507
-0.50000000 4.50000000 	0.0600984178
-0.50000000 5.00000000 	0.0071395961
-0.50000000 5.50000000 	0.0003275710
-0.50000000 6.00000000 	0.0000000000
-0.50000000 6.50000000 	0.0000000000
-0.50000000 7.00000000 	0.0000000000
-0.50000000 7.50000000 	0.0000000000
-0.50000000 8.00000000 	0.0000000000
0.00000000 -12.00000000 	0.0000000000
0.00000000 -11.50000000 	0.0000000000
0.00000000 -11.00000000 	0.0000000000
0.00000000 -10.50000000 	0.0000000000
0.00000000 -10.00000000 	0.0000000000
0.00000000 -9.50000000 	0.0000000000
0.00000000 -9.00000000 	0.0000000000
0.00000000 -8.50000000 	0.0000000000
0.00000000 -8.00000000 	0.0000000000
0.00000000 -7.50000000 	0.0000000000
0.00000000 -7.00000000 	0.0000000000
0.00000000 -6.50000000 	0.0000000000
0.00000000 -6.00000000 	0.0000000000
0.00000000 -5.50000000 	0.0000000000
0.00000000 -5.00000000 	0.0000000000
0.00000000 -4.50000000 	0.0000000000
0.00000000 -4.00000000 	0.0000000000
0.00000000 -3.50000000 	0.0000000000
0.00000000 -3.00000000 	0.0003275710
0.00000000 -2.50000000 	0.0071339587
0.00000000 -2.00000000 	0.0591899187
0.00000000 -1.50000000 	0.2336212221
0.00000000 -1.00000000 	0.4297302900
0.00000000 -0.50000000 	0.2680828046
0.00000000 0.00000000 	0.0809693548
0.00000000 0.50000000 	0.0229471909
0.00000000 1.00000000 	0.0154613670
0.00000000 1.50000000 	0.0154613670
0.00000000 2.00000000 	0.0229471909
0.00000000 2.50000000 	0.0820705455
0.00000000 3.00000000 	0.2879943558
0.00000000 3.50000000 	0.5489522107
0.00000000 4.00000000 	0.4830503962
0.00000000 4.50000000 	0.1632207566
0.00000000 5.00000000 	0.0238220475
0.00000000 5.50000000 	0.0012576963
0.00000000 6.00000000 	0.0000000000
0.00000000 6.50000000 	0.0000000000
0.00000000 7.00000000 	0.0000000000
0.00000000 7.50000000 	0.0000000000
0.00000000 8.00000000 	0.0000000000
0.50000000 -12.00000000 	0.0000000000
0.50000000 -11.50000000 	0.0000000000
0.50000000 -11.00000000 	0.0000000000
0.50000000 -10.50000000 	0.0000000000
0.50000000 -10.00000000 	0.0000000000
0.50000000 -9.50000000 	0.0000000000
0.50000000 -9.00000000 	0.0000000000
0.50000000 -8.50000000 	0.0000000000
0.50000000 -8.00000000 	0.0000000000
0.50000000 -7.50000000 	0.0000000000
0.50000000 -7.00000000 	0.0000000000
0.50000000 -6.50000000 	0.0000000000
0.50000000 -6.00000000 	0.0000000000
0.50000000 -5.50000000 	0.0000000000
0.50000000 -5.00000000 	0.0000000000
0.50000000 -4.50000000 	0.0000000000
0.50000000 -4.00000000 	0.0000000000
0.50000000 -3.50000000 	0.0000000000
0.50000000 -3.00000000 	0.0012576963
0.50000000 -2.50000000 	0.0228947799
0.50000000 -2.00000000 	0.1462844742
0.50000000 -1.50000000 	0.3729536250
0.50000000 -1.00000000 	0.2558556650
0.50000000 -0.50000000 	0.0766772794
0.50000000 0.00000000 	0.0116871230
0.50000000 0.50000000 	0.0009148868
0.50000000 1.00000000 	0.0000294780
0.50000000 1.50000000 	0.0000294780
0.50000000 2.00000000 	0.0009148868
0.50000000 2.50000000 	0.0116806321
0.50000000 3.00000000 	0.0767654852
0.50000000 3.50000000 	0.2605991095
0.50000000 4.00000000 	0.3887577794
0.50000000 4.50000000 	0.1481006506
0.50000000 5.00000000 	0.0228204762
0.50000000 5.50000000 	0.0012523424
0.50000000 6.00000000 	0.0000000000
0.50000000 6.50000000 	0.0000000000
0.50000000 7.00000000 	0.0000000000
0.50000000 7.50000000 	0.0000000000
0.50000000 8.00000000 	0.0000000000
1.00000000 -12.00000000 	0.0000000000
1.00000000 -11.50000000 	0.0000000000
1.00000000 -11.00000000 	0.0000000000
1.00000000 -10.50000000 	0.0000000000
1.00000000 -10.00000000 	0.0000000000
1.00000000 -9.50000000 	0.0000000000
1.00000000 -9.00000000 	0.0000000000
1.00000000 -8.50000000 	0.0000000000
1.00000000 -8.00000000 	0.0000000000
1.00000000 -7.50000000 	0.0000000000
1.00000000 -7.00000000 	0.0000000000
1.00000000 -6.50000000 	0.0000000000
1.00000000 -6.00000000 	0.0000000000
1.00000000 -5.50000000 	0.0000000000
1.00000000 -5.00000000 	0.0000000000
1.00000000 -4.50000000 	0.0000000000
1.00000000 -4.00000000 	0.0000000000
1.00000000 -3.50000000 	0.0000000000
1.00000000 -3.00000000 	0.0012523424
1.00000000 -2.50000000 	0.0225206752
1.00000000 -2.00000000 	0.1425816090
1.00000000 -1.50000000 	0.3520111595
1.00000000 -1.00000000 	0.1699625347
1.00000000 -0.50000000 	0.0299656250
1.00000000 0.00000000 	0.0020099442
1.00000000 0.50000000 	0.0000294780
1.00000000 1.00000000 	0.0000000000
1.00000000 1.50000000 	0.0000000000
1.00000000 2.00000000 	0.0000294780
1.00000000 2.50000000 	0.0009148868
1.00000000 3.00000000 	0.0102014894
1.00000000 3.50000000 	0.0498661777
1.00000000 4.00000000 	0.0952060405
1.00000000 4.50000000 	0.0375291569
1.00000000 5.00000000 	0.0058599923
1.00000000 5.50000000 	0.0003250231
1.00000000 6.00000000 	0.0000000000
1.00000000 6.50000000 	0.0000000000
1.00000000 7.00000000 	0.0000000000
1.00000000 7.50000000 	0.0000000000
1.00000000 8.00000000 	0.0000000000
1.50000000 -12.00000000 	0.0000000000
1.50000000 -11.50000000 	0.0000000000
1.50000000 -11.00000000 	0.0000000000
1.50000000 -10.50000000 	0.0000000000
1.50000000 -10.00000000 	0.0000000000
1.50000000 -9.50000000 	0.0000000000
1.50000000 -9.00000000 	0.0000000000
1.50000000 -8.50000000 	0.0000000000
1.50000000 -8.00000000 	0.0000000000
1.50000000 -7.50000000 	0.0000000000
1.50000000 -7.00000000 	0.0000000000
1.50000000 -6.50000000 	0.0000000000
1.50000000 -6.00000000 	0.0000000000
1.50000000 -5.50000000 	0.0000000000
1.50000000 -5.00000000 	0.0000000000
1.50000000 -4.50000000 	0.0000000000
1.50000000 -4.00000000 	0.0000000000
1.50000000 -3.50000000 	0.0000000000
1.50000000 -3.00000000 	0.0003250231
1.50000000 -2.50000000 	0.0058351295
1.50000000 -2.00000000 	0.0370697846
1.50000000 -1.50000000 	0.0921012940
1.50000000 -1.00000000 	0.0424867433
1.50000000 -0.50000000 	0.0069228542
1.50000000 0.00000000 	0.0003836406
1.50000000 0.50000000 	0.0000000000
1.50000000 1.00000000 	0.0000000000
1.50000000 1.50000000 	0.0000000000
1.50000000 2.00000000 	0.0000000000
1.50000000 2.50000000 	0.0000294780
1.50000000 3.00000000 	0.0005313902
1.50000000 3.50000000 	0.0032616376
1.50000000 4.00000000 	0.0070764248
1.50000000 4.50000000 	0.0028454514
1.50000000 5.00000000 	0.0004479623
1.50000000 5.50000000 	0.0000249778
1.50000000 6.00000000 	0.0000000000
1.50000000 6.50000000 	0.0000000000
1.50000000 7.00000000 	0.0000000000
1.50000000 7.50000000 	0.0000000000
1.50000000 8.00000000 	0.0000000000
2.00000000 -12.00000000 	0.0000000000
2.00000000 -11.50000000 	0.0000000000
2.00000000 -11.00000000 	0.0000000000
2.00000000 -10.50000000 	0.0000000000
2.00000000 -10.00000000 	0.0000000000
2.00000000 -9.50000000 	0.0000000000
2.00000000 -9.00000000 	0.0000000000
2.00000000 -8.50000000 	0.0000000000
2.00000000 -8.00000000 	0.0000000000
2.00000000 -7.50000000 	0.0000000000
2.00000000 -7.00000000 	0.0000000000
2.00000000 -6.50000000 	0.0000000000
2.00000000 -6.00000000 	0.0000000000
2.00000000 -5.50000000 	0.0000000000
2.00000000 -5.00000000 	0.0000000000
2.00000000 -4.50000000 	0.0000000000
2.00000000 -4.00000000 	0.0000000000
2.00000000 -3.50000000 	0.0000000000
2.00000000 -3.00000000 	0.0000249778
2.00000000 -2.50000000 	0.0004479623
2.00000000 -2.00000000 	0.0028454514
2.00000000 -1.50000000 	0.0070764248
2.00000000 -1.00000000 	0.0032616376
2.00000000 -0.50000000 	0.0005313902
2.00000000 0.00000000 	0.0000294780
2.00000000 0.50000000 	0.0000000000
2.00000000 1.00000000 	0.0000000000
2.00000000 1.50000000 	0.0000000000
2.00000000 2.00000000 	0.0000000000
2.00000000 2.50000000 	0.0000000000
2.00000000 3.00000000 	0.0000000000
2.00000000 3.50000000 	0.0000000000
2.00000000 4.00000000 	0.0000000000
2.00000000 4.50000000 	0.0000000000
2.00000000 5.00000000 	0.0000000000
2.00000000 5.50000000 	0.0000000000
2.00000000 6.00000000 	0.0000000000
2.00000000 6.50000000 	0.0000000000
2.00000000 7.00000000 	0.0000000000
2.00000000 7.50000000 	0.0000000000
2.00000000 8.00000000 	0.0000000000
