-8.00000000 -12.00000000 	70.7106781187
-8.00000000 -11.50000000 	70.7106781187
-8.00000000 -11.00000000 	70.7106781187
-8.00000000 -10.50000000 	70.7106781187
-8.00000000 -10.00000000 	70.3934789694
-8.00000000 -9.50000000 	67.8118758398
-8.00000000 -9.00000000 	58.3201552573
-8.00000000 -8.50000000 	37.3681904078
-8.00000000 -8.00000000 	6.5350866970
-8.00000000 -7.50000000 	-25.2037101898
-8.00000000 -7.00000000 	-48.9204235511
-8.00000000 -6.50000000 	-62.3053442856
-8.00000000 -6.00000000 	-68.1704565064
-8.00000000 -5.50000000 	-70.1486259056
-8.00000000 -5.00000000 	-70.6308689279
-8.00000000 -4.50000000 	-70.7052622641
-8.00000000 -4.00000000 	-70.7106781187
-8.00000000 -3.50000000 	-70.7106781187
-8.00000000 -3.00000000 	-70.7106781187
-8.00000000 -2.50000000 	-70.7106781187
-8.00000000 -2.00000000 	-70.7106781187
-8.00000000 -1.50000000 	-70.7106781187
-8.00000000 -1.00000000 	-70.7106781187
-8.00000000 -0.50000000 	-70.7106781187
-8.00000000 0.00000000 	-70.7106781187
-8.00000000 0.50000000 	-70.7106781187
-8.00000000 1.00000000 	-70.7106781187
-8.00000000 1.50000000 	-70.7106781187
-8.00000000 2.00000000 	-70.7106781187
-8.00000000 2.50000000 	-70.7106781187
-8.00000000 3.00000000 	-70.7106781187
-8.00000000 3.50000000 	-70.7106781187
-8.00000000 4.00000000 	-70.7106781187
-8.00000000 4.50000000 	-70.7106781187
-8.00000000 5.00000000 	-70.7106781187
-8.00000000 5.50000000 	-70.7106781187
-8.00000000 6.00000000 	-70.7106781187
-8.00000000 6.50000000 	-70.7106781187
-8.00000000 7.00000000 	-70.7106781187
-8.00000000 7.50000000 	-70.7106781187
-8.00000000 8.00000000 	-70.7106781187
-7.50000000 -12.00000000 	70.7106781187
-7.50000000 -11.50000000 	70.7106781187
-7.50000000 -11.00000000 	70.7106781187
-7.50000000 -10.50000000 	70.7106781187
-7.50000000 -10.00000000 	70.4693573001
-7.50000000 -9.50000000 	68.5078746829
-7.50000000 -9.00000000 	61.2475794494
-7.50000000 -8.50000000 	44.8609071575
-7.50000000 -8.00000000 	19.4466607423
-7.50000000 -7.50000000 	-9.4855365351
-7.50000000 -7.00000000 	-34.9218907497
-7.50000000 -6.50000000 	-52.9559221542
-7.50000000 -6.00000000 	-63.4659969715
-7.50000000 -5.50000000 	-68.4045192844
-7.50000000 -5.00000000 	-70.1804955532
-7.50000000 -4.50000000 	-70.6330165982
-7.50000000 -4.00000000 	-70.7052622641
-7.50000000 -3.50000000 	-70.7106781187
-7.50000000 -3.00000000 	-70.7106781187
-7.50000000 -2.50000000 	-70.7106781187
-7.50000000 -2.00000000 	-70.7106781187
-7.50000000 -1.50000000 	-70.7106781187
-7.50000000 -1.00000000 	-70.7106781187
-7.50000000 -0.50000000 	-70.7106781187
-7.50000000 0.00000000 	-70.7106781187
-7.50000000 0.50000000 	-70.7106781187
-7.50000000 1.00000000 	-70.7106781187
-7.50000000 1.50000000 	-70.7106781187
-7.50000000 2.00000000 	-70.7106781187
-7.50000000 2.50000000 	-70.7106781187
-7.50000000 3.00000000 	-70.7106781187
-7.50000000 3.50000000 	-70.7106781187
-7.50000000 4.00000000 	-70.7106781187
-7.50000000 4.50000000 	-70.7106781187
-7.50000000 5.00000000 	-70.7106781187
-7.50000000 5.50000000 	-70.7106781187
-7.50000000 6.00000000 	-70.7106781187
-7.50000000 6.50000000 	-70.7106781187
-7.50000000 7.00000000 	-70.7106781187
-7.50000000 7.50000000 	-70.7106781187
-7.50000000 8.00000000 	-70.7106781187
-7.00000000 -12.00000000 	70.7106781187
-7.00000000 -11.50000000 	70.7106781187
-7.00000000 -11.00000000 	70.7106781187
-7.00000000 -10.50000000 	70.7106781187
-7.00000000 -10.00000000 	70.5857729102
-7.00000000 -9.50000000 	69.5300135310
-7.00000000 -9.00000000 	65.3931870500
-7.00000000 -8.50000000 	55.2506386169
-7.00000000 -8.00000000 	37.4839689592
-7.00000000 -7.50000000 	13.4945607664
-7.00000000 -7.00000000 	-12.5956201528
-7.00000000 -6.50000000 	-35.9312390093
-7.00000000 -6.00000000 	-53.1434537595
-7.00000000 -5.50000000 	-63.4834052440
-7.00000000 -5.00000000 	-68.4053214113
-7.00000000 -4.50000000 	-70.1804955532
-7.00000000 -4.00000000 	-70.6330165982
-7.00000000 -3.50000000 	-70.7052622641
-7.00000000 -3.00000000 	-70.7106781187
-7.00000000 -2.50000000 	-70.7106781187
-7.00000000 -2.00000000 	-70.7106781187
-7.00000000 -1.50000000 	-70.7106781187
-7.00000000 -1.00000000 	-70.7106781187
-7.00000000 -0.50000000 	-70.7106781187
-7.00000000 0.00000000 	-70.7106781187
-7.00000000 0.50000000 	-70.7106781187
-7.00000000 1.00000000 	-70.7106781187
-7.00000000 1.50000000 	-70.7106781187
-7.00000000 2.00000000 	-70.7106781187
-7.00000000 2.50000000 	-70.7106781187
-7.00000000 3.00000000 	-70.7106781187
-7.00000000 3.50000000 	-70.7106781187
-7.00000000 4.00000000 	-70.7106781187
-7.00000000 4.50000000 	-70.7106781187
-7.00000000 5.00000000 	-70.7106781187
-7.00000000 5.50000000 	-70.7106781187
-7.00000000 6.00000000 	-70.7106781187
-7.00000000 6.50000000 	-70.7106781187
-7.00000000 7.00000000 	-70.7106781187
-7.00000000 7.50000000 	-70.7106781187
-7.00000000 8.00000000 	-70.7106781187
-6.50000000 -12.00000000 	70.7106781187
-6.50000000 -11.50000000 	70.7106781187
-6.50000000 -11.00000000 	70.7106781187
-6.50000000 -10.50000000 	70.7106781187
-6.50000000 -10.00000000 	70.6718975664
-6.50000000 -9.50000000 	70.3021487646
-6.50000000 -9.00000000 	68.6222226452
-6.50000000 -8.50000000 	63.7250102182
-6.50000000 -8.00000000 	53.3166212157
-6.50000000 -7.50000000 	36.0331665445
-6.50000000 -7.00000000 	12.8070784278
-6.50000000 -6.50000000 	-12.7855482704
-6.50000000 -6.00000000 	-35.9563120562
-6.50000000 -5.50000000 	-53.1441717448
-6.50000000 -5.00000000 	-63.4834052440
-6.50000000 -4.50000000 	-68.4053214113
-6.50000000 -4.00000000 	-70.1804955532
-6.50000000 -3.50000000 	-70.6330165982
-6.50000000 -3.00000000 	-70.7052622641
-6.50000000 -2.50000000 	-70.7106781187
-6.50000000 -2.00000000 	-70.7106781187
-6.50000000 -1.50000000 	-70.7106781187
-6.50000000 -1.00000000 	-70.7106781187
-6.50000000 -0.50000000 	-70.7106781187
-6.50000000 0.00000000 	-70.7106781187
-6.50000000 0.50000000 	-70.7106781187
-6.50000000 1.00000000 	-70.7106781187
-6.50000000 1.50000000 	-70.7106781187
-6.50000000 2.00000000 	-70.7106781187
-6.50000000 2.50000000 	-70.7106781187
-6.50000000 3.00000000 	-70.7106781187
-6.50000000 3.50000000 	-70.7106781187
-6.50000000 4.00000000 	-70.7106781187
-6.50000000 4.50000000 	-70.7106781187
-6.50000000 5.00000000 	-70.7106781187
-6.50000000 5.50000000 	-70.7106781187
-6.50000000 6.00000000 	-70.7106781187
-6.50000000 6.50000000 	-70.7106781187
-6.50000000 7.00000000 	-70.7106781187
-6.50000000 7.50000000 	-70.7106781187
-6.50000000 8.00000000 	-70.7106781187
-6.00000000 -12.00000000 	70.7106781187
-6.00000000 -11.50000000 	70.7106781187
-6.00000000 -11.00000000 	70.7106781187
-6.00000000 -10.50000000 	70.7106781187
-6.00000000 -10.00000000 	70.7052622641
-6.00000000 -9.50000000 	70.6330165982
-6.00000000 -9.00000000 	70.1804955532
-6.00000000 -8.50000000 	68.4053214113
-6.00000000 -8.00000000 	63.4834052440
-6.00000000 -7.50000000 	53.1441717448
-6.00000000 -7.00000000 	35.9563120562
-6.00000000 -6.50000000 	12.7876603585
-6.00000000 -6.00000000 	-12.7876603585
-6.00000000 -5.50000000 	-35.9563120562
-6.00000000 -5.00000000 	-53.1441717448
-6.00000000 -4.50000000 	-63.4834052440
-6.00000000 -4.00000000 	-68.4053214113
-6.00000000 -3.50000000 	-70.1804955532
-6.00000000 -3.00000000 	-70.6330165982
-6.00000000 -2.50000000 	-70.7052622641
-6.00000000 -2.00000000 	-70.7106781187
-6.00000000 -1.50000000 	-70.7106781187
-6.00000000 -1.00000000 	-70.7106781187
-6.00000000 -0.50000000 	-70.7106781187
-6.00000000 0.00000000 	-70.7106781187
-6.00000000 0.50000000 	-70.7106781187
-6.00000000 1.00000000 	-70.7106781187
-6.00000000 1.50000000 	-70.7106781187
-6.00000000 2.00000000 	-70.7106781187
-6.00000000 2.50000000 	-70.7106781187
-6.00000000 3.00000000 	-70.7106781187
-6.00000000 3.50000000 	-70.7106781187
-6.00000000 4.00000000 	-70.7106781187
-6.00000000 4.50000000 	-70.7106781187
-6.00000000 5.00000000 	-70.7106781187
-6.00000000 5.50000000 	-70.7106781187
-6.00000000 6.00000000 	-70.7106781187
-6.00000000 6.50000000 	-70.7106781187
-6.00000000 7.00000000 	-70.7106781187
-6.00000000 7.50000000 	-70.7106781187
-6.00000000 8.00000000 	-70.7106781187
-5.50000000 -12.00000000 	70.7106781187
-5.50000000 -11.50000000 	70.7106781187
-5.50000000 -11.00000000 	70.7106781187
-5.50000000 -10.50000000 	70.7106781187
-5.50000000 -10.00000000 	70.7106781187
-5.50000000 -9.50000000 	70.7052622641
-5.50000000 -9.00000000 	70.6330165982
-5.50000000 -8.50000000 	70.1804955532
-5.50000000 -8.00000000 	68.4053214113
-5.50000000 -7.50000000 	63.4834052440
-5.50000000 -7.00000000 	53.1441717448
-5.50000000 -6.50000000 	35.9563120562
-5.50000000 -6.00000000 	12.7876603585
-5.50000000 -5.50000000 	-12.7876603585
-5.50000000 -5.00000000 	-35.9563120562
-5.50000000 -4.50000000 	-53.1441717448
-5.50000000 -4.00000000 	-63.4834052440
-5.50000000 -3.50000000 	-68.4053214113
-5.50000000 -3.00000000 	-70.1804955532
-5.50000000 -2.50000000 	-70.6330165982
-5.50000000 -2.00000000 	-70.7052622641
-5.50000000 -1.50000000 	-70.7106781187
-5.50000000 -1.00000000 	-70.7106781187
-5.50000000 -0.50000000 	-70.7106781187
-5.50000000 0.00000000 	-70.7106781187
-5.50000000 0.50000000 	-70.7106781187
-5.50000000 1.00000000 	-70.7106781187
-5.50000000 1.50000000 	-70.7106781187
-5.50000000 2.00000000 	-70.7106781187
-5.50000000 2.50000000 	-70.7106781187
-5.50000000 3.00000000 	-70.7106781187
-5.50000000 3.50000000 	-70.7106781187
-5.50000000 4.00000000 	-70.7106781187
-5.50000000 4.50000000 	-70.7106781187
-5.50000000 5.00000000 	-70.7106781187
-5.50000000 5.50000000 	-70.7106781187
-5.50000000 6.00000000 	-70.7106781187
-5.50000000 6.50000000 	-70.7106781187
-5.50000000 7.00000000 	-70.7106781187
-5.50000000 7.50000000 	-70.7106781187
-5.50000000 8.00000000 	-70.7106781187
-5.00000000 -12.00000000 	70.7106781187
-5.00000000 -11.50000000 	70.7106781187
-5.00000000 -11.00000000 	70.7106781187
-5.00000000 -10.50000000 	70.7106781187
-5.00000000 -10.00000000 	70.7106781187
-5.00000000 -9.50000000 	70.7106781187
-5.00000000 -9.00000000 	70.7052622641
-5.00000000 -8.50000000 	70.6330165982
-5.00000000 -8.00000000 	70.1804955532
-5.00000000 -7.50000000 	68.4053214113
-5.00000000 -7.00000000 	63.4834052440
-5.00000000 -6.50000000 	53.1441717448
-5.00000000 -6.00000000 	35.9563120562
-5.00000000 -5.50000000 	12.7876603585
-5.00000000 -5.00000000 	-12.7876603585
-5.00000000 -4.50000000 	-35.9563120562
-5.00000000 -4.00000000 	-53.1441717448
-5.00000000 -3.50000000 	-63.4834052440
-5.00000000 -3.00000000 	-68.4053214113
-5.00000000 -2.50000000 	-70.1804955532
-5.00000000 -2.00000000 	-70.6330165982
-5.00000000 -1.50000000 	-70.7052622641
-5.00000000 -1.00000000 	-70.7106781187
-5.00000000 -0.50000000 	-70.7106781187
-5.00000000 0.00000000 	-70.7106781187
-5.00000000 0.50000000 	-70.7106781187
-5.00000000 1.00000000 	-70.7106781187
-5.00000000 1.50000000 	-70.7106781187
-5.00000000 2.00000000 	-70.7106781187
-5.00000000 2.50000000 	-70.7106781187
-5.00000000 3.00000000 	-70.7106781187
-5.00000000 3.50000000 	-70.7106781187
-5.00000000 4.00000000 	-70.7106781187
-5.00000000 4.50000000 	-70.7106781187
-5.00000000 5.00000000 	-70.7106781187
-5.00000000 5.50000000 	-70.7106781187
-5.00000000 6.00000000 	-70.7106781187
-5.00000000 6.50000000 	-70.7106781187
-5.00000000 7.00000000 	-70.7106781187
-5.00000000 7.50000000 	-70.7106781187
-5.00000000 8.00000000 	-70.7106781187
-4.50000000 -12.00000000 	70.7106781187
-4.50000000 -11.50000000 	70.7106781187
-4.50000000 -11.00000000 	70.7106781187
-4.50000000 -10.50000000 	70.7106781187
-4.50000000 -10.00000000 	70.7106781187
-4.50000000 -9.50000000 	70.7106781187
-4.50000000 -9.00000000 	70.7106781187
-4.50000000 -8.50000000 	70.7052622641
-4.50000000 -8.00000000 	70.6330165982
-4.50000000 -7.50000000 	70.1804955532
-4.50000000 -7.00000000 	68.4053214113
-4.50000000 -6.50000000 	63.4834052440
-4.50000000 -6.00000000 	53.1441717448
-4.50000000 -5.50000000 	35.9563120562
-4.50000000 -5.00000000 	12.7876603585
-4.50000000 -4.50000000 	-12.7876603585
-4.50000000 -4.00000000 	-35.9563120562
-4.50000000 -3.50000000 	-53.1441717448
-4.50000000 -3.00000000 	-63.4834052440
-4.50000000 -2.50000000 	-68.4053214113
-4.50000000 -2.00000000 	-70.1804955532
-4.50000000 -1.50000000 	-70.6330165982
-4.50000000 -1.00000000 	-70.7052622641
-4.50000000 -0.50000000 	-70.7106781187
-4.50000000 0.00000000 	-70.7106781187
-4.50000000 0.50000000 	-70.7106781187
-4.50000000 1.00000000 	-70.7106781187
-4.50000000 1.50000000 	-70.7106781187
-4.50000000 2.00000000 	-70.7106781187
-4.50000000 2.50000000 	-70.7106781187
-4.50000000 3.00000000 	-70.7106781187
-4.50000000 3.50000000 	-70.7106781187
-4.50000000 4.00000000 	-70.7106781187
-4.50000000 4.50000000 	-70.7106781187
-4.50000000 5.00000000 	-70.7106781187
-4.50000000 5.50000000 	-70.7106781187
-4.50000000 6.00000000 	-70.7106781187
-4.50000000 6.50000000 	-70.7106781187
-4.50000000 7.00000000 	-70.7106781187
-4.50000000 7.50000000 	-70.7106781187
-4.50000000 8.00000000 	-70.7106781187
-4.00000000 -12.00000000 	70.7106781187
-4.00000000 -11.50000000 	70.7106781187
-4.00000000 -11.00000000 	70.7106781187
-4.00000000 -10.50000000 	70.7106781187
-4.00000000 -10.00000000 	70.7106781187
-4.00000000 -9.50000000 	70.7106781187
-4.00000000 -9.00000000 	70.7106781187
-4.00000000 -8.50000000 	70.7106781187
-4.00000000 -8.00000000 	70.7052622641
-4.00000000 -7.50000000 	70.6330165982
-4.00000000 -7.00000000 	70.1804955532
-4.00000000 -6.50000000 	68.4053214113
-4.00000000 -6.00000000 	63.4834052440
-4.00000000 -5.50000000 	53.1441717448
-4.00000000 -5.00000000 	35.9563120562
-4.00000000 -4.50000000 	12.7876603585
-4.00000000 -4.00000000 	-12.7876603585
-4.00000000 -3.50000000 	-35.9563120562
-4.00000000 -3.00000000 	-53.1441717448
-4.00000000 -2.50000000 	-63.4834052440
-4.00000000 -2.00000000 	-68.4053214113
-4.00000000 -1.50000000 	-70.1804955532
-4.00000000 -1.00000000 	-70.6330165982
-4.00000000 -0.50000000 	-70.7052622641
-4.00000000 0.00000000 	-70.7106781187
-4.00000000 0.50000000 	-70.7106781187
-4.00000000 1.00000000 	-70.7106781187
-4.00000000 1.50000000 	-70.7106781187
-4.00000000 2.00000000 	-70.7106781187
-4.00000000 2.50000000 	-70.7106781187
-4.00000000 3.00000000 	-70.7106781187
-4.00000000 3.50000000 	-70.7106781187
-4.00000000 4.00000000 	-70.7106781187
-4.00000000 4.50000000 	-70.7106781187
-4.00000000 5.00000000 	-70.7106781187
-4.00000000 5.50000000 	-70.7106781187
-4.00000000 6.00000000 	-70.7106781187
-4.00000000 6.50000000 	-70.7106781187
-4.00000000 7.00000000 	-70.7106781187
-4.00000000 7.50000000 	-70.7106781187
-4.00000000 8.00000000 	-70.7106781187
-3.50000000 -12.00000000 	70.7106781187
-3.50000000 -11.50000000 	70.7106781187
-3.50000000 -11.00000000 	70.7106781187
-3.50000000 -10.50000000 	70.7106781187
-3.50000000 -10.00000000 	70.7106781187
-3.50000000 -9.50000000 	70.7106781187
-3.50000000 -9.00000000 	70.7106781187
-3.50000000 -8.50000000 	70.7106781187
-3.50000000 -8.00000000 	70.7106781187
-3.50000000 -7.50000000 	70.7052622641
-3.50000000 -7.00000000 	70.6330165982
-3.50000000 -6.50000000 	70.1804955532
-3.50000000 -6.00000000 	68.4053214113
-3.50000000 -5.50000000 	63.4834052440
-3.50000000 -5.00000000 	53.1441717448
-3.50000000 -4.50000000 	35.9563120562
-3.50000000 -4.00000000 	12.7876603585
-3.50000000 -3.50000000 	-12.7876603585
-3.50000000 -3.00000000 	-35.9563120562
-3.50000000 -2.50000000 	-53.1441717448
-3.50000000 -2.00000000 	-63.4834052440
-3.50000000 -1.50000000 	-68.4053214113
-3.50000000 -1.00000000 	-70.1804955532
-3.50000000 -0.50000000 	-70.6330165982
-3.50000000 0.00000000 	-70.7052622641
-3.50000000 0.50000000 	-70.7106781187
-3.50000000 1.00000000 	-70.7106781187
-3.50000000 1.50000000 	-70.7106781187
-3.50000000 2.00000000 	-70.7106781187
-3.50000000 2.50000000 	-70.7106781187
-3.50000000 3.00000000 	-70.7106781187
-3.50000000 3.50000000 	-70.7106781187
-3.50000000 4.00000000 	-70.7106781187
-3.50000000 4.50000000 	-70.7106781187
-3.50000000 5.00000000 	-70.7106781187
-3.50000000 5.50000000 	-70.7106781187
-3.50000000 6.00000000 	-70.7106781187
-3.50000000 6.50000000 	-70.7106781187
-3.50000000 7.00000000 	-70.7106781187
-3.50000000 7.50000000 	-70.7106781187
-3.50000000 8.00000000 	-70.7106781187
-3.00000000 -12.00000000 	70.7106781187
-3.00000000 -11.50000000 	70.7106781187
-3.00000000 -11.00000000 	70.7106781187
-3.00000000 -10.50000000 	70.7106781187
-3.00000000 -10.00000000 	70.7106781187
-3.00000000 -9.50000000 	70.7106781187
-3.00000000 -9.00000000 	70.7106781187
-3.00000000 -8.50000000 	70.7106781187
-3.00000000 -8.00000000 	70.7106781187
-3.00000000 -7.50000000 	70.7106781187
-3.00000000 -7.00000000 	70.7052622641
-3.00000000 -6.50000000 	70.6330165982
-3.00000000 -6.00000000 	70.1804955532
-3.00000000 -5.50000000 	68.4053214113
-3.00000000 -5.00000000 	63.4834052440
-3.00000000 -4.50000000 	53.1441717448
-3.00000000 -4.00000000 	35.9563120562
-3.00000000 -3.50000000 	12.7876603585
-3.00000000 -3.00000000 	-12.7876603585
-3.00000000 -2.50000000 	-35.9563120562
-3.00000000 -2.00000000 	-53.1441717448
-3.00000000 -1.50000000 	-63.4834052440
-3.00000000 -1.00000000 	-68.4053214113
-3.00000000 -0.50000000 	-70.1804955532
-3.00000000 0.00000000 	-70.6330165982
-3.00000000 0.50000000 	-70.7052622641
-3.00000000 1.00000000 	-70.7106781187
-3.00000000 1.50000000 	-70.7106781187
-3.00000000 2.00000000 	-70.7106781187
-3.00000000 2.50000000 	-70.7106781187
-3.00000000 3.00000000 	-70.7106781187
-3.00000000 3.50000000 	-70.7106781187
-3.00000000 4.00000000 	-70.7106781187
-3.00000000 4.50000000 	-70.7106781187
-3.00000000 5.00000000 	-70.7106781187
-3.00000000 5.50000000 	-70.7106781187
-3.00000000 6.00000000 	-70.7106781187
-3.00000000 6.50000000 	-70.7106781187
-3.00000000 7.00000000 	-70.7106781187
-3.00000000 7.50000000 	-70.7106781187
-3.00000000 8.00000000 	-70.7106781187
-2.50000000 -12.00000000 	70.7106781187
-2.50000000 -11.50000000 	70.7106781187
-2.50000000 -11.00000000 	70.7106781187
-2.50000000 -10.50000000 	70.7106781187
-2.50000000 -10.00000000 	70.7106781187
-2.50000000 -9.50000000 	70.7106781187
-2.50000000 -9.00000000 	70.7106781187
-2.50000000 -8.50000000 	70.7106781187
-2.50000000 -8.00000000 	70.7106781187
-2.50000000 -7.50000000 	70.7106781187
-2.50000000 -7.00000000 	70.7106781187
-2.50000000 -6.50000000 	70.7052622641
-2.50000000 -6.00000000 	70.6330165982
-2.50000000 -5.50000000 	70.1804955532
-2.50000000 -5.00000000 	68.4053214113
-2.50000000 -4.50000000 	63.4834052440
-2.50000000 -4.00000000 	53.1441717448
-2.50000000 -3.50000000 	35.9563120562
-2.50000000 -3.00000000 	12.7876603585
-2.50000000 -2.50000000 	-12.7876603585
-2.50000000 -2.00000000 	-35.9563120562
-2.50000000 -1.50000000 	-53.1441717448
-2.50000000 -1.00000000 	-63.4834052440
-2.50000000 -0.50000000 	-68.4053214113
-2.50000000 0.00000000 	-70.1804955532
-2.50000000 0.50000000 	-70.6330165982
-2.50000000 1.00000000 	-70.7052622641
-2.50000000 1.50000000 	-70.7106781187
-2.50000000 2.00000000 	-70.7106781187
-2.50000000 2.50000000 	-70.7106781187
-2.50000000 3.00000000 	-70.7106781187
-2.50000000 3.50000000 	-70.7106781187
-2.50000000 4.00000000 	-70.7106781187
-2.50000000 4.50000000 	-70.7106781187
-2.50000000 5.00000000 	-70.7106781187
-2.50000000 5.50000000 	-70.7106781187
-2.50000000 6.00000000 	-70.7106781187
-2.50000000 6.50000000 	-70.7106781187
-2.50000000 7.00000000 	-70.7106781187
-2.50000000 7.50000000 	-70.7106781187
-2.50000000 8.00000000 	-70.7106781187
-2.00000000 -12.00000000 	70.7106781187
-2.00000000 -11.50000000 	70.7106781187
-2.00000000 -11.00000000 	70.7106781187
-2.00000000 -10.50000000 	70.7106781187
-2.00000000 -10.00000000 	70.7106781187
-2.00000000 -9.50000000 	70.7106781187
-2.00000000 -9.00000000 	70.7106781187
-2.00000000 -8.50000000 	70.7106781187
-2.00000000 -8.00000000 	70.7106781187
-2.00000000 -7.50000000 	70.7106781187
-2.00000000 -7.00000000 	70.7106781187
-2.00000000 -6.50000000 	70.7106781187
-2.00000000 -6.00000000 	70.7052622641
-2.00000000 -5.50000000 	70.6330165982
-2.00000000 -5.00000000 	70.1804955532
-2.00000000 -4.50000000 	68.4053214113
-2.00000000 -4.00000000 	63.4834052440
-2.00000000 -3.50000000 	53.1441717448
-2.00000000 -3.00000000 	35.9563120562
-2.00000000 -2.50000000 	12.7876603585
-2.00000000 -2.00000000 	-12.7876603585
-2.00000000 -1.50000000 	-35.9563120562
-2.00000000 -1.00000000 	-53.1441717448
-2.00000000 -0.50000000 	-63.4834052440
-2.00000000 0.00000000 	-68.4053214113
-2.00000000 0.50000000 	-70.1804955532
-2.00000000 1.00000000 	-70.6330165982
-2.00000000 1.50000000 	-70.7052622641
-2.00000000 2.00000000 	-70.7106781187
-2.00000000 2.50000000 	-70.7106781187
-2.00000000 3.00000000 	-70.7106781187
-2.00000000 3.50000000 	-70.7106781187
-2.00000000 4.00000000 	-70.7106781187
-2.00000000 4.50000000 	-70.7106781187
-2.00000000 5.00000000 	-70.7106781187
-2.00000000 5.50000000 	-70.7106781187
-2.00000000 6.00000000 	-70.7106781187
-2.00000000 6.50000000 	-70.7106781187
-2.00000000 7.00000000 	-70.7106781187
-2.00000000 7.50000000 	-70.7106781187
-2.00000000 8.00000000 	-70.7106781187
-1.50000000 -12.00000000 	70.7106781187
-1.50000000 -11.50000000 	70.7106781187
-1.50000000 -11.00000000 	70.7106781187
-1.50000000 -10.50000000 	70.7106781187
-1.50000000 -10.00000000 	70.7106781187
-1.50000000 -9.50000000 	70.7106781187
-1.50000000 -9.00000000 	70.7106781187
-1.50000000 -8.50000000 	70.7106781187
-1.50000000 -8.00000000 	70.7106781187
-1.50000000 -7.50000000 	70.7106781187
-1.50000000 -7.00000000 	70.7106781187
-1.50000000 -6.50000000 	70.7106781187
-1.50000000 -6.00000000 	70.7106781187
-1.50000000 -5.50000000 	70.7052622641
-1.50000000 -5.00000000 	70.6330165982
-1.50000000 -4.50000000 	70.1804955532
-1.50000000 -4.00000000 	68.4053214113
-1.50000000 -3.50000000 	63.4834052440
-1.50000000 -3.00000000 	53.1441717448
-1.50000000 -2.50000000 	35.9563120562
-1.50000000 -2.00000000 	12.7876603585
-1.50000000 -1.50000000 	-12.7876603585
-1.50000000 -1.00000000 	-35.9563120562
-1.50000000 -0.50000000 	-53.1441717448
-1.50000000 0.00000000 	-63.4834052440
-1.50000000 0.50000000 	-68.4053214113
-1.50000000 1.00000000 	-70.1804955532
-1.50000000 1.50000000 	-70.6330165982
-1.50000000 2.00000000 	-70.7052622641
-1.50000000 2.50000000 	-70.7106781187
-1.50000000 3.00000000 	-70.7106781187
-1.50000000 3.50000000 	-70.7106781187
-1.50000000 4.00000000 	-70.7106781187
-1.50000000 4.50000000 	-70.7106781187
-1.50000000 5.00000000 	-70.7106781187
-1.50000000 5.50000000 	-70.7106781187
-1.50000000 6.00000000 	-70.7106781187
-1.50000000 6.50000000 	-70.7106781187
-1.50000000 7.00000000 	-70.7106781187
-1.50000000 7.50000000 	-70.7106781187
-1.50000000 8.00000000 	-70.7106781187
-1.00000000 -12.00000000 	70.7106781187
-1.00000000 -11.50000000 	70.7106781187
-1.00000000 -11.00000000 	70.7106781187
-1.00000000 -10.50000000 	70.7106781187
-1.00000000 -10.00000000 	70.7106781187
-1.00000000 -9.50000000 	70.7106781187
-1.00000000 -9.00000000 	70.7106781187
-1.00000000 -8.50000000 	70.7106781187
-1.00000000 -8.00000000 	70.7106781187
-1.00000000 -7.50000000 	70.7106781187
-1.00000000 -7.00000000 	70.7106781187
-1.00000000 -6.50000000 	70.7106781187
-1.00000000 -6.00000000 	70.7106781187
-1.00000000 -5.50000000 	70.7106781187
-1.00000000 -5.00000000 	70.7052622641
-1.00000000 -4.50000000 	70.6330165982
-1.00000000 -4.00000000 	70.1804955532
-1.00000000 -3.50000000 	68.4053214113
-1.00000000 -3.00000000 	63.4834052440
-1.00000000 -2.50000000 	53.1441717448
-1.00000000 -2.00000000 	35.9563120562
-1.00000000 -1.50000000 	12.7876603585
-1.00000000 -1.00000000 	-12.7876603585
-1.00000000 -0.50000000 	-35.9563120562
-1.00000000 0.00000000 	-53.1441717448
-1.00000000 0.50000000 	-63.4834052440
-1.00000000 1.00000000 	-68.4053214113
-1.00000000 1.50000000 	-70.1804955532
-1.00000000 2.00000000 	-70.6330165982
-1.00000000 2.50000000 	-70.7052622641
-1.00000000 3.00000000 	-70.7106781187
-1.00000000 3.50000000 	-70.7106781187
-1.00000000 4.00000000 	-70.7106781187
-1.00000000 4.50000000 	-70.7106781187
-1.00000000 5.00000000 	-70.7106781187
-1.00000000 5.50000000 	-70.7106781187
-1.00000000 6.00000000 	-70.7106781187
-1.00000000 6.50000000 	-70.7106781187
-1.00000000 7.00000000 	-70.7106781187
-1.00000000 7.50000000 	-70.7106781187
-1.00000000 8.00000000 	-70.7106781187
-0.50000000 -12.00000000 	70.7106781187
-0.50000000 -11.50000000 	70.7106781187
-0.50000000 -11.00000000 	70.7106781187
-0.50000000 -10.50000000 	70.7106781187
-0.50000000 -10.00000000 	70.7106781187
-0.50000000 -9.50000000 	70.7106781187
-0.50000000 -9.00000000 	70.7106781187
-0.50000000 -8.50000000 	70.7106781187
-0.50000000 -8.00000000 	70.7106781187
-0.50000000 -7.50000000 	70.7106781187
-0.50000000 -7.00000000 	70.7106781187
-0.50000000 -6.50000000 	70.7106781187
-0.50000000 -6.00000000 	70.7106781187
-0.50000000 -5.50000000 	70.7106781187
-0.50000000 -5.00000000 	70.7106781187
-0.50000000 -4.50000000 	70.7052622641
-0.50000000 -4.00000000 	70.6330165982
-0.50000000 -3.50000000 	70.1804955532
-0.50000000 -3.00000000 	68.4053214113
-0.50000000 -2.50000000 	63.4834052440
-0.50000000 -2.00000000 	53.1441717448
-0.50000000 -1.50000000 	35.9563120562
-0.50000000 -1.00000000 	12.7876603585
-0.50000000 -0.50000000 	-12.7876603585
-0.50000000 0.00000000 	-35.9563120562
-0.50000000 0.50000000 	-53.1441717448
-0.50000000 1.00000000 	-63.4834052440
-0.50000000 1.50000000 	-68.4053214113
-0.50000000 2.00000000 	-70.1804955532
-0.50000000 2.50000000 	-70.6330165982
-0.50000000 3.00000000 	-70.7052622641
-0.50000000 3.50000000 	-70.7106781187
-0.50000000 4.00000000 	-70.7106781187
-0.50000000 4.50000000 	-70.7106781187
-0.50000000 5.00000000 	-70.7106781187
-0.50000000 5.50000000 	-70.7106781187
-0.50000000 6.00000000 	-70.7106781187
-0.50000000 6.50000000 	-70.7106781187
-0.50000000 7.00000000 	-70.7106781187
-0.50000000 7.50000000 	-70.7106781187
-0.50000000 8.00000000 	-70.7106781187
0.00000000 -12.00000000 	70.7106781187
0.00000000 -11.50000000 	70.7106781187
0.00000000 -11.00000000 	70.7106781187
0.00000000 -10.50000000 	70.7106781187
0.00000000 -10.00000000 	70.7106781187
0.00000000 -9.50000000 	70.7106781187
0.00000000 -9.00000000 	70.7106781187
0.00000000 -8.50000000 	70.7106781187
0.00000000 -8.00000000 	70.7106781187
0.00000000 -7.50000000 	70.7106781187
0.00000000 -7.00000000 	70.7106781187
0.00000000 -6.50000000 	70.7106781187
0.00000000 -6.00000000 	70.7106781187
0.00000000 -5.50000000 	70.7106781187
0.00000000 -5.00000000 	70.7106781187
0.00000000 -4.50000000 	70.7106781187
0.00000000 -4.00000000 	70.7052622641
0.00000000 -3.50000000 	70.6330165982
0.00000000 -3.00000000 	70.1804955532
0.00000000 -2.50000000 	68.4053214113
0.00000000 -2.00000000 	63.4834052440
0.00000000 -1.50000000 	53.1441717448
0.00000000 -1.00000000 	35.9563120562
0.00000000 -0.50000000 	12.7876603585
0.00000000 0.00000000 	-12.7876603585
0.00000000 0.50000000 	-35.9563120562
0.00000000 1.00000000 	-53.1441717448
0.00000000 1.50000000 	-63.4834052440
0.00000000 2.00000000 	-68.4053214113
0.00000000 2.50000000 	-70.1804955532
0.00000000 3.00000000 	-70.6330165982
0.00000000 3.50000000 	-70.7052622641
0.00000000 4.00000000 	-70.7106781187
0.00000000 4.50000000 	-70.7106781187
0.00000000 5.00000000 	-70.7106781187
0.00000000 5.50000000 	-70.7106781187
0.00000000 6.00000000 	-70.7106781187
0.00000000 6.50000000 	-70.7106781187
0.00000000 7.00000000 	-70.7106781187
0.00000000 7.50000000 	-70.7106781187
0.00000000 8.00000000 	-70.7106781187
0.50000000 -12.00000000 	70.7106781187
0.50000000 -11.50000000 	70.7106781187
0.50000000 -11.00000000 	70.7106781187
0.50000000 -10.50000000 	70.7106781187
0.50000000 -10.00000000 	70.7106781187
0.50000000 -9.50000000 	70.7106781187
0.50000000 -9.00000000 	70.7106781187
0.50000000 -8.50000000 	70.7106781187
0.50000000 -8.00000000 	70.7106781187
0.50000000 -7.50000000 	70.7106781187
0.50000000 -7.00000000 	70.7106781187
0.50000000 -6.50000000 	70.7106781187
0.50000000 -6.00000000 	70.7106781187
0.50000000 -5.50000000 	70.7106781187
0.50000000 -5.00000000 	70.7106781187
0.50000000 -4.50000000 	70.7106781187
0.50000000 -4.00000000 	70.7106781187
0.50000000 -3.50000000 	70.7052622641
0.50000000 -3.00000000 	70.6330165982
0.50000000 -2.50000000 	70.1804955532
0.50000000 -2.00000000 	68.4053214113
0.50000000 -1.50000000 	63.4834052440
0.50000000 -1.00000000 	53.1441717448
0.50000000 -0.50000000 	35.9563120562
0.50000000 0.00000000 	12.7855482704
0.50000000 0.50000000 	-12.8070784278
0.50000000 1.00000000 	-36.0331665445
0.50000000 1.50000000 	-53.3166212157
0.50000000 2.00000000 	-63.7250102182
0.50000000 2.50000000 	-68.6222226452
0.50000000 3.00000000 	-70.3021487646
0.50000000 3.50000000 	-70.6718975664
0.50000000 4.00000000 	-70.7106781187
0.50000000 4.50000000 	-70.7106781187
0.50000000 5.00000000 	-70.7106781187
0.50000000 5.50000000 	-70.7106781187
0.50000000 6.00000000 	-70.7106781187
0.50000000 6.50000000 	-70.7106781187
0.50000000 7.00000000 	-70.7106781187
0.50000000 7.50000000 	-70.7106781187
0.50000000 8.00000000 	-70.7106781187
1.00000000 -12.00000000 	70.7106781187
1.00000000 -11.50000000 	70.7106781187
1.00000000 -11.00000000 	70.7106781187
1.00000000 -10.50000000 	70.7106781187
1.00000000 -10.00000000 	70.7106781187
1.00000000 -9.50000000 	70.7106781187
1.00000000 -9.00000000 	70.7106781187
1.00000000 -8.50000000 	70.7106781187
1.00000000 -8.00000000 	70.7106781187
1.00000000 -7.50000000 	70.7106781187
1.00000000 -7.00000000 	70.7106781187
1.00000000 -6.50000000 	70.7106781187
1.00000000 -6.00000000 	70.7106781187
1.00000000 -5.50000000 	70.7106781187
1.00000000 -5.00000000 	70.7106781187
1.00000000 -4.50000000 	70.7106781187
1.00000000 -4.00000000 	70.7106781187
1.00000000 -3.50000000 	70.7106781187
1.00000000 -3.00000000 	70.7052622641
1.00000000 -2.50000000 	70.6330165982
1.00000000 -2.00000000 	70.1804955532
1.00000000 -1.50000000 	68.4053214113
1.00000000 -1.00000000 	63.4834052440
1.00000000 -0.50000000 	53.1434537595
1.00000000 0.00000000 	35.9312390093
1.00000000 0.50000000 	12.5956201528
1.00000000 1.00000000 	-13.4945607664
1.00000000 1.50000000 	-37.4839689592
1.00000000 2.00000000 	-55.2506386169
1.00000000 2.50000000 	-65.3931870500
1.00000000 3.00000000 	-69.5300135310
1.00000000 3.50000000 	-70.5857729102
1.00000000 4.00000000 	-70.7106781187
1.00000000 4.50000000 	-70.7106781187
1.00000000 5.00000000 	-70.7106781187
1.00000000 5.50000000 	-70.7106781187
1.00000000 6.00000000 	-70.7106781187
1.00000000 6.50000000 	-70.7106781187
1.00000000 7.00000000 	-70.7106781187
1.00000000 7.50000000 	-70.7106781187
1.00000000 8.00000000 	-70.7106781187
1.50000000 -12.00000000 	70.7106781187
1.50000000 -11.50000000 	70.7106781187
1.50000000 -11.00000000 	70.7106781187
1.50000000 -10.50000000 	70.7106781187
1.50000000 -10.00000000 	70.7106781187
1.50000000 -9.50000000 	70.7106781187
1.50000000 -9.00000000 	70.7106781187
1.50000000 -8.50000000 	70.7106781187
1.50000000 -8.00000000 	70.7106781187
1.50000000 -7.50000000 	70.7106781187
1.50000000 -7.00000000 	70.7106781187
1.50000000 -6.50000000 	70.7106781187
1.50000000 -6.00000000 	70.7106781187
1.50000000 -5.50000000 	70.7106781187
1.50000000 -5.00000000 	70.7106781187
1.50000000 -4.50000000 	70.7106781187
1.50000000 -4.00000000 	70.7106781187
1.50000000 -3.50000000 	70.7106781187
1.50000000 -3.00000000 	70.7106781187
1.50000000 -2.50000000 	70.7052622641
1.50000000 -2.00000000 	70.6330165982
1.50000000 -1.50000000 	70.1804955532
1.50000000 -1.00000000 	68.4045192844
1.50000000 -0.50000000 	63.4659969715
1.50000000 0.00000000 	52.9559221542
1.50000000 0.50000000 	34.9218907497
1.50000000 1.00000000 	9.4855365351
1.50000000 1.50000000 	-19.4466607423
1.50000000 2.00000000 	-44.8609071575
1.50000000 2.50000000 	-61.2475794494
1.50000000 3.00000000 	-68.5078746829
1.50000000 3.50000000 	-70.4693573001
1.50000000 4.00000000 	-70.7106781187
1.50000000 4.50000000 	-70.7106781187
1.50000000 5.00000000 	-70.7106781187
1.50000000 5.50000000 	-70.7106781187
1.50000000 6.00000000 	-70.7106781187
1.50000000 6.50000000 	-70.7106781187
1.50000000 7.00000000 	-70.7106781187
1.50000000 7.50000000 	-70.7106781187
1.50000000 8.00000000 	-70.7106781187
2.00000000 -12.00000000 	70.7106781187
2.00000000 -11.50000000 	70.7106781187
2.00000000 -11.00000000 	70.7106781187
2.00000000 -10.50000000 	70.7106781187
2.00000000 -10.00000000 	70.7106781187
2.00000000 -9.50000000 	70.7106781187
2.00000000 -9.00000000 	70.7106781187
2.00000000 -8.50000000 	70.7106781187
2.00000000 -8.00000000 	70.7106781187
2.00000000 -7.50000000 	70.7106781187
2.00000000 -7.00000000 	70.7106781187
2.00000000 -6.50000000 	70.7106781187
2.00000000 -6.00000000 	70.7106781187
2.00000000 -5.50000000 	70.7106781187
2.00000000 -5.00000000 	70.7106781187
2.00000000 -4.50000000 	70.7106781187
2.00000000 -4.00000000 	70.7106781187
2.00000000 -3.50000000 	70.7106781187
2.00000000 -3.00000000 	70.7106781187
2.00000000 -2.50000000 	70.7106781187
2.00000000 -2.00000000 	70.7052622641
2.00000000 -1.50000000 	70.6308689279
2.00000000 -1.00000000 	70.1486259056
2.00000000 -0.50000000 	68.1704565064
2.00000000 0.00000000 	62.3053442856
2.00000000 0.50000000 	48.9204235511
2.00000000 1.00000000 	25.2037101898
2.00000000 1.50000000 	-6.5350866970
2.00000000 2.00000000 	-37.3681904078
2.00000000 2.50000000 	-58.3201552573
2.00000000 3.00000000 	-67.8118758398
2.00000000 3.50000000 	-70.3934789694
2.00000000 4.00000000 	-70.7106781187
2.00000000 4.50000000 	-70.7106781187
2.00000000 5.00000000 	-70.7106781187
2.00000000 5.50000000 	-70.7106781187
2.00000000 6.00000000 	-70.7106781187
2.00000000 6.50000000 	-70.7106781187
2.00000000 7.00000000 	-70.7106781187
2.00000000 7.50000000 	-70.7106781187
2.00000000 8.00000000 	-70.7106781187
