-8.00000000 -12.00000000 	70.7106781187
-8.00000000 -11.50000000 	70.7106781187
-8.00000000 -11.00000000 	70.7106781187
-8.00000000 -10.50000000 	70.5649771256
-8.00000000 -10.00000000 	69.6964427613
-8.00000000 -9.50000000 	65.3685462258
-8.00000000 -9.00000000 	56.1093981997
-8.00000000 -8.50000000 	34.6055058935
-8.00000000 -8.00000000 	12.8141139816
-8.00000000 -7.50000000 	-21.3450611195
-8.00000000 -7.00000000 	-37.0980663433
-8.00000000 -6.50000000 	-60.1311541970
-8.00000000 -6.00000000 	-63.8568767541
-8.00000000 -5.50000000 	-70.7106781187
-8.00000000 -5.00000000 	-70.7106781187
-8.00000000 -4.50000000 	-70.7106781187
-8.00000000 -4.00000000 	-70.7106781187
-8.00000000 -3.50000000 	-70.7106781187
-8.00000000 -3.00000000 	-70.7106781187
-8.00000000 -2.50000000 	-70.7106781187
-8.00000000 -2.00000000 	-70.7106781187
-8.00000000 -1.50000000 	-70.7106781187
-8.00000000 -1.00000000 	-70.7106781187
-8.00000000 -0.50000000 	-70.7106781187
-8.00000000 0.00000000 	-70.7106781187
-8.00000000 0.50000000 	-70.7106781187
-8.00000000 1.00000000 	-70.7106781187
-8.00000000 1.50000000 	-70.7106781187
-8.00000000 2.00000000 	-70.7106781187
-8.00000000 2.50000000 	-70.7106781187
-8.00000000 3.00000000 	-70.7106781187
-8.00000000 3.50000000 	-70.7106781187
-8.00000000 4.00000000 	-70.7106781187
-8.00000000 4.50000000 	-70.7106781187
-8.00000000 5.00000000 	-70.7106781187
-8.00000000 5.50000000 	-70.7106781187
-8.00000000 6.00000000 	-70.7106781187
-8.00000000 6.50000000 	-70.7106781187
-8.00000000 7.00000000 	-70.7106781187
-8.00000000 7.50000000 	-70.7106781187
-8.00000000 8.00000000 	-70.7106781187
-7.50000000 -12.00000000 	70.7106781187
-7.50000000 -11.50000000 	70.7106781187
-7.50000000 -11.00000000 	70.7106781187
-7.50000000 -10.50000000 	70.7106781187
-7.50000000 -10.00000000 	69.6964427613
-7.50000000 -9.50000000 	67.6914789898
-7.50000000 -9.00000000 	56.1093981997
-7.50000000 -8.50000000 	46.1859439417
-7.50000000 -8.00000000 	12.8141139816
-7.50000000 -7.50000000 	2.0646872571
-7.50000000 -7.00000000 	-37.0980663433
-7.50000000 -6.50000000 	-39.7849281348
-7.50000000 -6.00000000 	-63.8568767541
-7.50000000 -5.50000000 	-63.8568767541
-7.50000000 -5.00000000 	-70.7106781187
-7.50000000 -4.50000000 	-70.7106781187
-7.50000000 -4.00000000 	-70.7106781187
-7.50000000 -3.50000000 	-70.7106781187
-7.50000000 -3.00000000 	-70.7106781187
-7.50000000 -2.50000000 	-70.7106781187
-7.50000000 -2.00000000 	-70.7106781187
-7.50000000 -1.50000000 	-70.7106781187
-7.50000000 -1.00000000 	-70.7106781187
-7.50000000 -0.50000000 	-70.7106781187
-7.50000000 0.00000000 	-70.7106781187
-7.50000000 0.50000000 	-70.7106781187
-7.50000000 1.00000000 	-70.7106781187
-7.50000000 1.50000000 	-70.7106781187
-7.50000000 2.00000000 	-70.7106781187
-7.50000000 2.50000000 	-70.7106781187
-7.50000000 3.00000000 	-70.7106781187
-7.50000000 3.50000000 	-70.7106781187
-7.50000000 4.00000000 	-70.7106781187
-7.50000000 4.50000000 	-70.7106781187
-7.50000000 5.00000000 	-70.7106781187
-7.50000000 5.50000000 	-70.7106781187
-7.50000000 6.00000000 	-70.7106781187
-7.50000000 6.50000000 	-70.7106781187
-7.50000000 7.00000000 	-70.7106781187
-7.50000000 7.50000000 	-70.7106781187
-7.50000000 8.00000000 	-70.7106781187
-7.00000000 -12.00000000 	70.7106781187
-7.00000000 -11.50000000 	70.7106781187
-7.00000000 -11.00000000 	70.7106781187
-7.00000000 -10.50000000 	70.7106781187
-7.00000000 -10.00000000 	70.7106781187
-7.00000000 -9.50000000 	67.6914789898
-7.00000000 -9.00000000 	65.4177471486
-7.00000000 -8.50000000 	46.1859439417
-7.00000000 -8.00000000 	40.9018046064
-7.00000000 -7.50000000 	2.0646872571
-7.00000000 -7.00000000 	-0.0000000000
-7.00000000 -6.50000000 	-39.7849281348
-7.00000000 -6.00000000 	-39.7849281348
-7.00000000 -5.50000000 	-63.8568767541
-7.00000000 -5.00000000 	-63.8568767541
-7.00000000 -4.50000000 	-70.7106781187
-7.00000000 -4.00000000 	-70.7106781187
-7.00000000 -3.50000000 	-70.7106781187
-7.00000000 -3.00000000 	-70.7106781187
-7.00000000 -2.50000000 	-70.7106781187
-7.00000000 -2.00000000 	-70.7106781187
-7.00000000 -1.50000000 	-70.7106781187
-7.00000000 -1.00000000 	-70.7106781187
-7.00000000 -0.50000000 	-70.7106781187
-7.00000000 0.00000000 	-70.7106781187
-7.00000000 0.50000000 	-70.7106781187
-7.00000000 1.00000000 	-70.7106781187
-7.00000000 1.50000000 	-70.7106781187
-7.00000000 2.00000000 	-70.7106781187
-7.00000000 2.50000000 	-70.7106781187
-7.00000000 3.00000000 	-70.7106781187
-7.00000000 3.50000000 	-70.7106781187
-7.00000000 4.00000000 	-70.7106781187
-7.00000000 4.50000000 	-70.7106781187
-7.00000000 5.00000000 	-70.7106781187
-7.00000000 5.50000000 	-70.7106781187
-7.00000000 6.00000000 	-70.7106781187
-7.00000000 6.50000000 	-70.7106781187
-7.00000000 7.00000000 	-70.7106781187
-7.00000000 7.50000000 	-70.7106781187
-7.00000000 8.00000000 	-70.7106781187
-6.50000000 -12.00000000 	70.7106781187
-6.50000000 -11.50000000 	70.7106781187
-6.50000000 -11.00000000 	70.7106781187
-6.50000000 -10.50000000 	70.7106781187
-6.50000000 -10.00000000 	70.7106781187
-6.50000000 -9.50000000 	70.7106781187
-6.50000000 -9.00000000 	65.4177471486
-6.50000000 -8.50000000 	64.1418764410
-6.50000000 -8.00000000 	40.9018046064
-6.50000000 -7.50000000 	39.7849281348
-6.50000000 -7.00000000 	0.0000000000
-6.50000000 -6.50000000 	-0.0000000000
-6.50000000 -6.00000000 	-39.7849281348
-6.50000000 -5.50000000 	-39.7849281348
-6.50000000 -5.00000000 	-63.8568767541
-6.50000000 -4.50000000 	-63.8568767541
-6.50000000 -4.00000000 	-70.7106781187
-6.50000000 -3.50000000 	-70.7106781187
-6.50000000 -3.00000000 	-70.7106781187
-6.50000000 -2.50000000 	-70.7106781187
-6.50000000 -2.00000000 	-70.7106781187
-6.50000000 -1.50000000 	-70.7106781187
-6.50000000 -1.00000000 	-70.7106781187
-6.50000000 -0.50000000 	-70.7106781187
-6.50000000 0.00000000 	-70.7106781187
-6.50000000 0.50000000 	-70.7106781187
-6.50000000 1.00000000 	-70.7106781187
-6.50000000 1.50000000 	-70.7106781187
-6.50000000 2.00000000 	-70.7106781187
-6.50000000 2.50000000 	-70.7106781187
-6.50000000 3.00000000 	-70.7106781187
-6.50000000 3.50000000 	-70.7106781187
-6.50000000 4.00000000 	-70.7106781187
-6.50000000 4.50000000 	-70.7106781187
-6.50000000 5.00000000 	-70.7106781187
-6.50000000 5.50000000 	-70.7106781187
-6.50000000 6.00000000 	-70.7106781187
-6.50000000 6.50000000 	-70.7106781187
-6.50000000 7.00000000 	-70.7106781187
-6.50000000 7.50000000 	-70.7106781187
-6.50000000 8.00000000 	-70.7106781187
-6.00000000 -12.00000000 	70.7106781187
-6.00000000 -11.50000000 	70.7106781187
-6.00000000 -11.00000000 	70.7106781187
-6.00000000 -10.50000000 	70.7106781187
-6.00000000 -10.00000000 	70.7106781187
-6.00000000 -9.50000000 	70.7106781187
-6.00000000 -9.00000000 	70.7106781187
-6.00000000 -8.50000000 	64.1418764410
-6.00000000 -8.00000000 	63.8568767541
-6.00000000 -7.50000000 	39.7849281348
-6.00000000 -7.00000000 	39.7849281348
-6.00000000 -6.50000000 	0.0000000000
-6.00000000 -6.00000000 	-0.0000000000
-6.00000000 -5.50000000 	-39.7849281348
-6.00000000 -5.00000000 	-39.7849281348
-6.00000000 -4.50000000 	-63.8568767541
-6.00000000 -4.00000000 	-63.8568767541
-6.00000000 -3.50000000 	-70.7106781187
-6.00000000 -3.00000000 	-70.7106781187
-6.00000000 -2.50000000 	-70.7106781187
-6.00000000 -2.00000000 	-70.7106781187
-6.00000000 -1.50000000 	-70.7106781187
-6.00000000 -1.00000000 	-70.7106781187
-6.00000000 -0.50000000 	-70.7106781187
-6.00000000 0.00000000 	-70.7106781187
-6.00000000 0.50000000 	-70.7106781187
-6.00000000 1.00000000 	-70.7106781187
-6.00000000 1.50000000 	-70.7106781187
-6.00000000 2.00000000 	-70.7106781187
-6.00000000 2.50000000 	-70.7106781187
-6.00000000 3.00000000 	-70.7106781187
-6.00000000 3.50000000 	-70.7106781187
-6.00000000 4.00000000 	-70.7106781187
-6.00000000 4.50000000 	-70.7106781187
-6.00000000 5.00000000 	-70.7106781187
-6.00000000 5.50000000 	-70.7106781187
-6.00000000 6.00000000 	-70.7106781187
-6.00000000 6.50000000 	-70.7106781187
-6.00000000 7.00000000 	-70.7106781187
-6.00000000 7.50000000 	-70.7106781187
-6.00000000 8.00000000 	-70.7106781187
-5.50000000 -12.00000000 	70.7106781187
-5.50000000 -11.50000000 	70.7106781187
-5.50000000 -11.00000000 	70.7106781187
-5.50000000 -10.50000000 	70.7106781187
-5.50000000 -10.00000000 	70.7106781187
-5.50000000 -9.50000000 	70.7106781187
-5.50000000 -9.00000000 	70.7106781187
-5.50000000 -8.50000000 	70.7106781187
-5.50000000 -8.00000000 	63.8568767541
-5.50000000 -7.50000000 	63.8568767541
-5.50000000 -7.00000000 	39.7849281348
-5.50000000 -6.50000000 	39.7849281348
-5.50000000 -6.00000000 	0.0000000000
-5.50000000 -5.50000000 	-0.0000000000
-5.50000000 -5.00000000 	-39.7849281348
-5.50000000 -4.50000000 	-39.7849281348
-5.50000000 -4.00000000 	-63.8568767541
-5.50000000 -3.50000000 	-63.8568767541
-5.50000000 -3.00000000 	-70.7106781187
-5.50000000 -2.50000000 	-70.7106781187
-5.50000000 -2.00000000 	-70.7106781187
-5.50000000 -1.50000000 	-70.7106781187
-5.50000000 -1.00000000 	-70.7106781187
-5.50000000 -0.50000000 	-70.7106781187
-5.50000000 0.00000000 	-70.7106781187
-5.50000000 0.50000000 	-70.7106781187
-5.50000000 1.00000000 	-70.7106781187
-5.50000000 1.50000000 	-70.7106781187
-5.50000000 2.00000000 	-70.7106781187
-5.50000000 2.50000000 	-70.7106781187
-5.50000000 3.00000000 	-70.7106781187
-5.50000000 3.50000000 	-70.7106781187
-5.50000000 4.00000000 	-70.7106781187
-5.50000000 4.50000000 	-70.7106781187
-5.50000000 5.00000000 	-70.7106781187
-5.50000000 5.50000000 	-70.7106781187
-5.50000000 6.00000000 	-70.7106781187
-5.50000000 6.50000000 	-70.7106781187
-5.50000000 7.00000000 	-70.7106781187
-5.50000000 7.50000000 	-70.7106781187
-5.50000000 8.00000000 	-70.7106781187
-5.00000000 -12.00000000 	70.7106781187
-5.00000000 -11.50000000 	70.7106781187
-5.00000000 -11.00000000 	70.7106781187
-5.00000000 -10.50000000 	70.7106781187
-5.00000000 -10.00000000 	70.7106781187
-5.00000000 -9.50000000 	70.7106781187
-5.00000000 -9.00000000 	70.7106781187
-5.00000000 -8.50000000 	70.7106781187
-5.00000000 -8.00000000 	70.7106781187
-5.00000000 -7.50000000 	63.8568767541
-5.00000000 -7.00000000 	63.8568767541
-5.00000000 -6.50000000 	39.7849281348
-5.00000000 -6.00000000 	39.7849281348
-5.00000000 -5.50000000 	0.0000000000
-5.00000000 -5.00000000 	-0.0000000000
-5.00000000 -4.50000000 	-39.7849281348
-5.00000000 -4.00000000 	-39.7849281348
-5.00000000 -3.50000000 	-63.8568767541
-5.00000000 -3.00000000 	-63.8568767541
-5.00000000 -2.50000000 	-70.7106781187
-5.00000000 -2.00000000 	-70.7106781187
-5.00000000 -1.50000000 	-70.7106781187
-5.00000000 -1.00000000 	-70.7106781187
-5.00000000 -0.50000000 	-70.7106781187
-5.00000000 0.00000000 	-70.7106781187
-5.00000000 0.50000000 	-70.7106781187
-5.00000000 1.00000000 	-70.7106781187
-5.00000000 1.50000000 	-70.7106781187
-5.00000000 2.00000000 	-70.7106781187
-5.00000000 2.50000000 	-70.7106781187
-5.00000000 3.00000000 	-70.7106781187
-5.00000000 3.50000000 	-70.7106781187
-5.00000000 4.00000000 	-70.7106781187
-5.00000000 4.50000000 	-70.7106781187
-5.00000000 5.00000000 	-70.7106781187
-5.00000000 5.50000000 	-70.7106781187
-5.00000000 6.00000000 	-70.7106781187
-5.00000000 6.50000000 	-70.7106781187
-5.00000000 7.00000000 	-70.7106781187
-5.00000000 7.50000000 	-70.7106781187
-5.00000000 8.00000000 	-70.7106781187
-4.50000000 -12.00000000 	70.7106781187
-4.50000000 -11.50000000 	70.7106781187
-4.50000000 -11.00000000 	70.7106781187
-4.50000000 -10.50000000 	70.7106781187
-4.50000000 -10.00000000 	70.7106781187
-4.50000000 -9.50000000 	70.7106781187
-4.50000000 -9.00000000 	70.7106781187
-4.50000000 -8.50000000 	70.7106781187
-4.50000000 -8.00000000 	70.7106781187
-4.50000000 -7.50000000 	70.7106781187
-4.50000000 -7.00000000 	63.8568767541
-4.50000000 -6.50000000 	63.8568767541
-4.50000000 -6.00000000 	39.7849281348
-4.50000000 -5.50000000 	39.7849281348
-4.50000000 -5.00000000 	0.0000000000
-4.50000000 -4.50000000 	-0.0000000000
-4.50000000 -4.00000000 	-39.7849281348
-4.50000000 -3.50000000 	-39.7849281348
-4.50000000 -3.00000000 	-63.8568767541
-4.50000000 -2.50000000 	-63.8568767541
-4.50000000 -2.00000000 	-70.7106781187
-4.50000000 -1.50000000 	-70.7106781187
-4.50000000 -1.00000000 	-70.7106781187
-4.50000000 -0.50000000 	-70.7106781187
-4.50000000 0.00000000 	-70.7106781187
-4.50000000 0.50000000 	-70.7106781187
-4.50000000 1.00000000 	-70.7106781187
-4.50000000 1.50000000 	-70.7106781187
-4.50000000 2.00000000 	-70.7106781187
-4.50000000 2.50000000 	-70.7106781187
-4.50000000 3.00000000 	-70.7106781187
-4.50000000 3.50000000 	-70.7106781187
-4.50000000 4.00000000 	-70.7106781187
-4.50000000 4.50000000 	-70.7106781187
-4.50000000 5.00000000 	-70.7106781187
-4.50000000 5.50000000 	-70.7106781187
-4.50000000 6.00000000 	-70.7106781187
-4.50000000 6.50000000 	-70.7106781187
-4.50000000 7.00000000 	-70.7106781187
-4.50000000 7.50000000 	-70.7106781187
-4.50000000 8.00000000 	-70.7106781187
-4.00000000 -12.00000000 	70.7106781187
-4.00000000 -11.50000000 	70.7106781187
-4.00000000 -11.00000000 	70.7106781187
-4.00000000 -10.50000000 	70.7106781187
-4.00000000 -10.00000000 	70.7106781187
-4.00000000 -9.50000000 	70.7106781187
-4.00000000 -9.00000000 	70.7106781187
-4.00000000 -8.50000000 	70.7106781187
-4.00000000 -8.00000000 	70.7106781187
-4.00000000 -7.50000000 	70.7106781187
-4.00000000 -7.00000000 	70.7106781187
-4.00000000 -6.50000000 	63.8568767541
-4.00000000 -6.00000000 	63.8568767541
-4.00000000 -5.50000000 	39.7849281348
-4.00000000 -5.00000000 	39.7849281348
-4.00000000 -4.50000000 	0.0000000000
-4.00000000 -4.00000000 	-0.0000000000
-4.00000000 -3.50000000 	-39.7849281348
-4.00000000 -3.00000000 	-39.7849281348
-4.00000000 -2.50000000 	-63.8568767541
-4.00000000 -2.00000000 	-63.8568767541
-4.00000000 -1.50000000 	-70.7106781187
-4.00000000 -1.00000000 	-70.7106781187
-4.00000000 -0.50000000 	-70.7106781187
-4.00000000 0.00000000 	-70.7106781187
-4.00000000 0.50000000 	-70.7106781187
-4.00000000 1.00000000 	-70.7106781187
-4.00000000 1.50000000 	-70.7106781187
-4.00000000 2.00000000 	-70.7106781187
-4.00000000 2.50000000 	-70.7106781187
-4.00000000 3.00000000 	-70.7106781187
-4.00000000 3.50000000 	-70.7106781187
-4.00000000 4.00000000 	-70.7106781187
-4.00000000 4.50000000 	-70.7106781187
-4.00000000 5.00000000 	-70.7106781187
-4.00000000 5.50000000 	-70.7106781187
-4.00000000 6.00000000 	-70.7106781187
-4.00000000 6.50000000 	-70.7106781187
-4.00000000 7.00000000 	-70.7106781187
-4.00000000 7.50000000 	-70.7106781187
-4.00000000 8.00000000 	-70.7106781187
-3.50000000 -12.00000000 	70.7106781187
-3.50000000 -11.50000000 	70.7106781187
-3.50000000 -11.00000000 	70.7106781187
-3.50000000 -10.50000000 	70.7106781187
-3.50000000 -10.00000000 	70.7106781187
-3.50000000 -9.50000000 	70.7106781187
-3.50000000 -9.00000000 	70.7106781187
-3.50000000 -8.50000000 	70.7106781187
-3.50000000 -8.00000000 	70.7106781187
-3.50000000 -7.50000000 	70.7106781187
-3.50000000 -7.00000000 	70.7106781187
-3.50000000 -6.50000000 	70.7106781187
-3.50000000 -6.00000000 	63.8568767541
-3.50000000 -5.50000000 	63.8568767541
-3.50000000 -5.00000000 	39.7849281348
-3.50000000 -4.50000000 	39.7849281348
-3.50000000 -4.00000000 	0.0000000000
-3.50000000 -3.50000000 	-0.0000000000
-3.50000000 -3.00000000 	-39.7849281348
-3.50000000 -2.50000000 	-39.7849281348
-3.50000000 -2.00000000 	-63.8568767541
-3.50000000 -1.50000000 	-63.8568767541
-3.50000000 -1.00000000 	-70.7106781187
-3.50000000 -0.50000000 	-70.7106781187
-3.50000000 0.00000000 	-70.7106781187
-3.50000000 0.50000000 	-70.7106781187
-3.50000000 1.00000000 	-70.7106781187
-3.50000000 1.50000000 	-70.7106781187
-3.50000000 2.00000000 	-70.7106781187
-3.50000000 2.50000000 	-70.7106781187
-3.50000000 3.00000000 	-70.7106781187
-3.50000000 3.50000000 	-70.7106781187
-3.50000000 4.00000000 	-70.7106781187
-3.50000000 4.50000000 	-70.7106781187
-3.50000000 5.00000000 	-70.7106781187
-3.50000000 5.50000000 	-70.7106781187
-3.50000000 6.00000000 	-70.7106781187
-3.50000000 6.50000000 	-70.7106781187
-3.50000000 7.00000000 	-70.7106781187
-3.50000000 7.50000000 	-70.7106781187
-3.50000000 8.00000000 	-70.7106781187
-3.00000000 -12.00000000 	70.7106781187
-3.00000000 -11.50000000 	70.7106781187
-3.00000000 -11.00000000 	70.7106781187
-3.00000000 -10.50000000 	70.7106781187
-3.00000000 -10.00000000 	70.7106781187
-3.00000000 -9.50000000 	70.7106781187
-3.00000000 -9.00000000 	70.7106781187
-3.00000000 -8.50000000 	70.7106781187
-3.00000000 -8.00000000 	70.7106781187
-3.00000000 -7.50000000 	70.7106781187
-3.00000000 -7.00000000 	70.7106781187
-3.00000000 -6.50000000 	70.7106781187
-3.00000000 -6.00000000 	70.7106781187
-3.00000000 -5.50000000 	63.8568767541
-3.00000000 -5.00000000 	63.8568767541
-3.00000000 -4.50000000 	39.7849281348
-3.00000000 -4.00000000 	39.7849281348
-3.00000000 -3.50000000 	0.0000000000
-3.00000000 -3.00000000 	-0.0000000000
-3.00000000 -2.50000000 	-39.7849281348
-3.00000000 -2.00000000 	-39.7849281348
-3.00000000 -1.50000000 	-63.8568767541
-3.00000000 -1.00000000 	-63.8568767541
-3.00000000 -0.50000000 	-70.7106781187
-3.00000000 0.00000000 	-70.7106781187
-3.00000000 0.50000000 	-70.7106781187
-3.00000000 1.00000000 	-70.7106781187
-3.00000000 1.50000000 	-70.7106781187
-3.00000000 2.00000000 	-70.7106781187
-3.00000000 2.50000000 	-70.7106781187
-3.00000000 3.00000000 	-70.7106781187
-3.00000000 3.50000000 	-70.7106781187
-3.00000000 4.00000000 	-70.7106781187
-3.00000000 4.50000000 	-70.7106781187
-3.00000000 5.00000000 	-70.7106781187
-3.00000000 5.50000000 	-70.7106781187
-3.00000000 6.00000000 	-70.7106781187
-3.00000000 6.50000000 	-70.7106781187
-3.00000000 7.00000000 	-70.7106781187
-3.00000000 7.50000000 	-70.7106781187
-3.00000000 8.00000000 	-70.7106781187
-2.50000000 -12.00000000 	70.7106781187
-2.50000000 -11.50000000 	70.7106781187
-2.50000000 -11.00000000 	70.7106781187
-2.50000000 -10.50000000 	70.7106781187
-2.50000000 -10.00000000 	70.7106781187
-2.50000000 -9.50000000 	70.7106781187
-2.50000000 -9.00000000 	70.7106781187
-2.50000000 -8.50000000 	70.7106781187
-2.50000000 -8.00000000 	70.7106781187
-2.50000000 -7.50000000 	70.7106781187
-2.50000000 -7.00000000 	70.7106781187
-2.50000000 -6.50000000 	70.7106781187
-2.50000000 -6.00000000 	70.7106781187
-2.50000000 -5.50000000 	70.7106781187
-2.50000000 -5.00000000 	63.8568767541
-2.50000000 -4.50000000 	63.8568767541
-2.50000000 -4.00000000 	39.7849281348
-2.50000000 -3.50000000 	39.7849281348
-2.50000000 -3.00000000 	0.0000000000
-2.50000000 -2.50000000 	-0.0000000000
-2.50000000 -2.00000000 	-39.7849281348
-2.50000000 -1.50000000 	-39.7849281348
-2.50000000 -1.00000000 	-63.8568767541
-2.50000000 -0.50000000 	-63.8568767541
-2.50000000 0.00000000 	-70.7106781187
-2.50000000 0.50000000 	-70.7106781187
-2.50000000 1.00000000 	-70.7106781187
-2.50000000 1.50000000 	-70.7106781187
-2.50000000 2.00000000 	-70.7106781187
-2.50000000 2.50000000 	-70.7106781187
-2.50000000 3.00000000 	-70.7106781187
-2.50000000 3.50000000 	-70.7106781187
-2.50000000 4.00000000 	-70.7106781187
-2.50000000 4.50000000 	-70.7106781187
-2.50000000 5.00000000 	-70.7106781187
-2.50000000 5.50000000 	-70.7106781187
-2.50000000 6.00000000 	-70.7106781187
-2.50000000 6.50000000 	-70.7106781187
-2.50000000 7.00000000 	-70.7106781187
-2.50000000 7.50000000 	-70.7106781187
-2.50000000 8.00000000 	-70.7106781187
-2.00000000 -12.00000000 	70.7106781187
-2.00000000 -11.50000000 	70.7106781187
-2.00000000 -11.00000000 	70.7106781187
-2.00000000 -10.50000000 	70.7106781187
-2.00000000 -10.00000000 	70.7106781187
-2.00000000 -9.50000000 	70.7106781187
-2.00000000 -9.00000000 	70.7106781187
-2.00000000 -8.50000000 	70.7106781187
-2.00000000 -8.00000000 	70.7106781187
-2.00000000 -7.50000000 	70.7106781187
-2.00000000 -7.00000000 	70.7106781187
-2.00000000 -6.50000000 	70.7106781187
-2.00000000 -6.00000000 	70.7106781187
-2.00000000 -5.50000000 	70.7106781187
-2.00000000 -5.00000000 	70.7106781187
-2.00000000 -4.50000000 	63.8568767541
-2.00000000 -4.00000000 	63.8568767541
-2.00000000 -3.50000000 	39.7849281348
-2.00000000 -3.00000000 	39.7849281348
-2.00000000 -2.50000000 	0.0000000000
-2.00000000 -2.00000000 	-0.0000000000
-2.00000000 -1.50000000 	-39.7849281348
-2.00000000 -1.00000000 	-39.7849281348
-2.00000000 -0.50000000 	-63.8568767541
-2.00000000 0.00000000 	-63.8568767541
-2.00000000 0.50000000 	-70.7106781187
-2.00000000 1.00000000 	-70.7106781187
-2.00000000 1.50000000 	-70.7106781187
-2.00000000 2.00000000 	-70.7106781187
-2.00000000 2.50000000 	-70.7106781187
-2.00000000 3.00000000 	-70.7106781187
-2.00000000 3.50000000 	-70.7106781187
-2.00000000 4.00000000 	-70.7106781187
-2.00000000 4.50000000 	-70.7106781187
-2.00000000 5.00000000 	-70.7106781187
-2.00000000 5.50000000 	-70.7106781187
-2.00000000 6.00000000 	-70.7106781187
-2.00000000 6.50000000 	-70.7106781187
-2.00000000 7.00000000 	-70.7106781187
-2.00000000 7.50000000 	-70.7106781187
-2.00000000 8.00000000 	-70.7106781187
-1.50000000 -12.00000000 	70.7106781187
-1.50000000 -11.50000000 	70.7106781187
-1.50000000 -11.00000000 	70.7106781187
-1.50000000 -10.50000000 	70.7106781187
-1.50000000 -10.00000000 	70.7106781187
-1.50000000 -9.50000000 	70.7106781187
-1.50000000 -9.00000000 	70.7106781187
-1.50000000 -8.50000000 	70.7106781187
-1.50000000 -8.00000000 	70.7106781187
-1.50000000 -7.50000000 	70.7106781187
-1.50000000 -7.00000000 	70.7106781187
-1.50000000 -6.50000000 	70.7106781187
-1.50000000 -6.00000000 	70.7106781187
-1.50000000 -5.50000000 	70.7106781187
-1.50000000 -5.00000000 	70.7106781187
-1.50000000 -4.50000000 	70.7106781187
-1.50000000 -4.00000000 	63.8568767541
-1.50000000 -3.50000000 	63.8568767541
-1.50000000 -3.00000000 	39.7849281348
-1.50000000 -2.50000000 	39.7849281348
-1.50000000 -2.00000000 	0.0000000000
-1.50000000 -1.50000000 	-0.0000000000
-1.50000000 -1.00000000 	-39.7849281348
-1.50000000 -0.50000000 	-39.7849281348
-1.50000000 0.00000000 	-63.8568767541
-1.50000000 0.50000000 	-63.8568767541
-1.50000000 1.00000000 	-70.7106781187
-1.50000000 1.50000000 	-70.7106781187
-1.50000000 2.00000000 	-70.7106781187
-1.50000000 2.50000000 	-70.7106781187
-1.50000000 3.00000000 	-70.7106781187
-1.50000000 3.50000000 	-70.7106781187
-1.50000000 4.00000000 	-70.7106781187
-1.50000000 4.50000000 	-70.7106781187
-1.50000000 5.00000000 	-70.7106781187
-1.50000000 5.50000000 	-70.7106781187
-1.50000000 6.00000000 	-70.7106781187
-1.50000000 6.50000000 	-70.7106781187
-1.50000000 7.00000000 	-70.7106781187
-1.50000000 7.50000000 	-70.7106781187
-1.50000000 8.00000000 	-70.7106781187
-1.00000000 -12.00000000 	70.7106781187
-1.00000000 -11.50000000 	70.7106781187
-1.00000000 -11.00000000 	70.7106781187
-1.00000000 -10.50000000 	70.7106781187
-1.00000000 -10.00000000 	70.7106781187
-1.00000000 -9.50000000 	70.7106781187
-1.00000000 -9.00000000 	70.7106781187
-1.00000000 -8.50000000 	70.7106781187
-1.00000000 -8.00000000 	70.7106781187
-1.00000000 -7.50000000 	70.7106781187
-1.00000000 -7.00000000 	70.7106781187
-1.00000000 -6.50000000 	70.7106781187
-1.00000000 -6.00000000 	70.7106781187
-1.00000000 -5.50000000 	70.7106781187
-1.00000000 -5.00000000 	70.7106781187
-1.00000000 -4.50000000 	70.7106781187
-1.00000000 -4.00000000 	70.7106781187
-1.00000000 -3.50000000 	63.8568767541
-1.00000000 -3.00000000 	63.8568767541
-1.00000000 -2.50000000 	39.7849281348
-1.00000000 -2.00000000 	39.7849281348
-1.00000000 -1.50000000 	0.0000000000
-1.00000000 -1.00000000 	-0.0000000000
-1.00000000 -0.50000000 	-39.7849281348
-1.00000000 0.00000000 	-39.7849281348
-1.00000000 0.50000000 	-63.8568767541
-1.00000000 1.00000000 	-63.8568767541
-1.00000000 1.50000000 	-70.7106781187
-1.00000000 2.00000000 	-70.7106781187
-1.00000000 2.50000000 	-70.7106781187
-1.00000000 3.00000000 	-70.7106781187
-1.00000000 3.50000000 	-70.7106781187
-1.00000000 4.00000000 	-70.7106781187
-1.00000000 4.50000000 	-70.7106781187
-1.00000000 5.00000000 	-70.7106781187
-1.00000000 5.50000000 	-70.7106781187
-1.00000000 6.00000000 	-70.7106781187
-1.00000000 6.50000000 	-70.7106781187
-1.00000000 7.00000000 	-70.7106781187
-1.00000000 7.50000000 	-70.7106781187
-1.00000000 8.00000000 	-70.7106781187
-0.50000000 -12.00000000 	70.7106781187
-0.50000000 -11.50000000 	70.7106781187
-0.50000000 -11.00000000 	70.7106781187
-0.50000000 -10.50000000 	70.7106781187
-0.50000000 -10.00000000 	70.7106781187
-0.50000000 -9.50000000 	70.7106781187
-0.50000000 -9.00000000 	70.7106781187
-0.50000000 -8.50000000 	70.7106781187
-0.50000000 -8.00000000 	70.7106781187
-0.50000000 -7.50000000 	70.7106781187
-0.50000000 -7.00000000 	70.7106781187
-0.50000000 -6.50000000 	70.7106781187
-0.50000000 -6.00000000 	70.7106781187
-0.50000000 -5.50000000 	70.7106781187
-0.50000000 -5.00000000 	70.7106781187
-0.50000000 -4.50000000 	70.7106781187
-0.50000000 -4.00000000 	70.7106781187
-0.50000000 -3.50000000 	70.7106781187
-0.50000000 -3.00000000 	63.8568767541
-0.50000000 -2.50000000 	63.8568767541
-0.50000000 -2.00000000 	39.7849281348
-0.50000000 -1.50000000 	39.7849281348
-0.50000000 -1.00000000 	0.0000000000
-0.50000000 -0.50000000 	-0.0000000000
-0.50000000 0.00000000 	-39.7849281348
-0.50000000 0.50000000 	-39.7849281348
-0.50000000 1.00000000 	-63.8568767541
-0.50000000 1.50000000 	-63.8568767541
-0.50000000 2.00000000 	-70.7106781187
-0.50000000 2.50000000 	-70.7106781187
-0.50000000 3.00000000 	-70.7106781187
-0.50000000 3.50000000 	-70.7106781187
-0.50000000 4.00000000 	-70.7106781187
-0.50000000 4.50000000 	-70.7106781187
-0.50000000 5.00000000 	-70.7106781187
-0.50000000 5.50000000 	-70.7106781187
-0.50000000 6.00000000 	-70.7106781187
-0.50000000 6.50000000 	-70.7106781187
-0.50000000 7.00000000 	-70.7106781187
-0.50000000 7.50000000 	-70.7106781187
-0.50000000 8.00000000 	-70.7106781187
0.00000000 -12.00000000 	70.7106781187
0.00000000 -11.50000000 	70.7106781187
0.00000000 -11.00000000 	70.7106781187
0.00000000 -10.50000000 	70.7106781187
0.00000000 -10.00000000 	70.7106781187
0.00000000 -9.50000000 	70.7106781187
0.00000000 -9.00000000 	70.7106781187
0.00000000 -8.50000000 	70.7106781187
0.00000000 -8.00000000 	70.7106781187
0.00000000 -7.50000000 	70.7106781187
0.00000000 -7.00000000 	70.7106781187
0.00000000 -6.50000000 	70.7106781187
0.00000000 -6.00000000 	70.7106781187
0.00000000 -5.50000000 	70.7106781187
0.00000000 -5.00000000 	70.7106781187
0.00000000 -4.50000000 	70.7106781187
0.00000000 -4.00000000 	70.7106781187
0.00000000 -3.50000000 	70.7106781187
0.00000000 -3.00000000 	70.7106781187
0.00000000 -2.50000000 	63.8568767541
0.00000000 -2.00000000 	63.8568767541
0.00000000 -1.50000000 	39.7849281348
0.00000000 -1.00000000 	39.7849281348
0.00000000 -0.50000000 	0.0000000000
0.00000000 0.00000000 	-0.0000000000
0.00000000 0.50000000 	-39.7849281348
0.00000000 1.00000000 	-39.7849281348
0.00000000 1.50000000 	-63.8568767541
0.00000000 2.00000000 	-64.1418764410
0.00000000 2.50000000 	-70.7106781187
0.00000000 3.00000000 	-70.7106781187
0.00000000 3.50000000 	-70.7106781187
0.00000000 4.00000000 	-70.7106781187
0.00000000 4.50000000 	-70.7106781187
0.00000000 5.00000000 	-70.7106781187
0.00000000 5.50000000 	-70.7106781187
0.00000000 6.00000000 	-70.7106781187
0.00000000 6.50000000 	-70.7106781187
0.00000000 7.00000000 	-70.7106781187
0.00000000 7.50000000 	-70.7106781187
0.00000000 8.00000000 	-70.7106781187
0.50000000 -12.00000000 	70.7106781187
0.50000000 -11.50000000 	70.7106781187
0.50000000 -11.00000000 	70.7106781187
0.50000000 -10.50000000 	70.7106781187
0.50000000 -10.00000000 	70.7106781187
0.50000000 -9.50000000 	70.7106781187
0.50000000 -9.00000000 	70.7106781187
0.50000000 -8.50000000 	70.7106781187
0.50000000 -8.00000000 	70.7106781187
0.50000000 -7.50000000 	70.7106781187
0.50000000 -7.00000000 	70.7106781187
0.50000000 -6.50000000 	70.7106781187
0.50000000 -6.00000000 	70.7106781187
0.50000000 -5.50000000 	70.7106781187
0.50000000 -5.00000000 	70.7106781187
0.50000000 -4.50000000 	70.7106781187
0.50000000 -4.00000000 	70.7106781187
0.50000000 -3.50000000 	70.7106781187
0.50000000 -3.00000000 	70.7106781187
0.50000000 -2.50000000 	70.7106781187
0.50000000 -2.00000000 	63.8568767541
0.50000000 -1.50000000 	63.8568767541
0.50000000 -1.00000000 	39.7849281348
0.50000000 -0.50000000 	39.7849281348
0.50000000 0.00000000 	0.0000000000
0.50000000 0.50000000 	-0.0000000000
0.50000000 1.00000000 	-39.7849281348
0.50000000 1.50000000 	-40.9018046064
0.50000000 2.00000000 	-64.1418764410
0.50000000 2.50000000 	-65.4177471486
0.50000000 3.00000000 	-70.7106781187
0.50000000 3.50000000 	-70.7106781187
0.50000000 4.00000000 	-70.7106781187
0.50000000 4.50000000 	-70.7106781187
0.50000000 5.00000000 	-70.7106781187
0.50000000 5.50000000 	-70.7106781187
0.50000000 6.00000000 	-70.7106781187
0.50000000 6.50000000 	-70.7106781187
0.50000000 7.00000000 	-70.7106781187
0.50000000 7.50000000 	-70.7106781187
0.50000000 8.00000000 	-70.7106781187
1.00000000 -12.00000000 	70.7106781187
1.00000000 -11.50000000 	70.7106781187
1.00000000 -11.00000000 	70.7106781187
1.00000000 -10.50000000 	70.7106781187
1.00000000 -10.00000000 	70.7106781187
1.00000000 -9.50000000 	70.7106781187
1.00000000 -9.00000000 	70.7106781187
1.00000000 -8.50000000 	70.7106781187
1.00000000 -8.00000000 	70.7106781187
1.00000000 -7.50000000 	70.7106781187
1.00000000 -7.00000000 	70.7106781187
1.00000000 -6.50000000 	70.7106781187
1.00000000 -6.00000000 	70.7106781187
1.00000000 -5.50000000 	70.7106781187
1.00000000 -5.00000000 	70.7106781187
1.00000000 -4.50000000 	70.7106781187
1.00000000 -4.00000000 	70.7106781187
1.00000000 -3.50000000 	70.7106781187
1.00000000 -3.00000000 	70.7106781187
1.00000000 -2.50000000 	70.7106781187
1.00000000 -2.00000000 	70.7106781187
1.00000000 -1.50000000 	63.8568767541
1.00000000 -1.00000000 	63.8568767541
1.00000000 -0.50000000 	39.7849281348
1.00000000 0.00000000 	39.7849281348
1.00000000 0.50000000 	0.0000000000
1.00000000 1.00000000 	-2.0646872571
1.00000000 1.50000000 	-40.9018046064
1.00000000 2.00000000 	-46.1859439417
1.00000000 2.50000000 	-65.4177471486
1.00000000 3.00000000 	-67.6914789898
1.00000000 3.50000000 	-70.7106781187
1.00000000 4.00000000 	-70.7106781187
1.00000000 4.50000000 	-70.7106781187
1.00000000 5.00000000 	-70.7106781187
1.00000000 5.50000000 	-70.7106781187
1.00000000 6.00000000 	-70.7106781187
1.00000000 6.50000000 	-70.7106781187
1.00000000 7.00000000 	-70.7106781187
1.00000000 7.50000000 	-70.7106781187
1.00000000 8.00000000 	-70.7106781187
1.50000000 -12.00000000 	70.7106781187
1.50000000 -11.50000000 	70.7106781187
1.50000000 -11.00000000 	70.7106781187
1.50000000 -10.50000000 	70.7106781187
1.50000000 -10.00000000 	70.7106781187
1.50000000 -9.50000000 	70.7106781187
1.50000000 -9.00000000 	70.7106781187
1.50000000 -8.50000000 	70.7106781187
1.50000000 -8.00000000 	70.7106781187
1.50000000 -7.50000000 	70.7106781187
1.50000000 -7.00000000 	70.7106781187
1.50000000 -6.50000000 	70.7106781187
1.50000000 -6.00000000 	70.7106781187
1.50000000 -5.50000000 	70.7106781187
1.50000000 -5.00000000 	70.7106781187
1.50000000 -4.50000000 	70.7106781187
1.50000000 -4.00000000 	70.7106781187
1.50000000 -3.50000000 	70.7106781187
1.50000000 -3.00000000 	70.7106781187
1.50000000 -2.50000000 	70.7106781187
1.50000000 -2.00000000 	70.7106781187
1.50000000 -1.50000000 	70.7106781187
1.50000000 -1.00000000 	63.8568767541
1.50000000 -0.50000000 	63.8568767541
1.50000000 0.00000000 	39.7849281348
1.50000000 0.50000000 	37.0980663433
1.50000000 1.00000000 	-2.0646872571
1.50000000 1.50000000 	-12.8141139816
1.50000000 2.00000000 	-46.1859439417
1.50000000 2.50000000 	-56.1093981997
1.50000000 3.00000000 	-67.6914789898
1.50000000 3.50000000 	-69.6964427613
1.50000000 4.00000000 	-70.7106781187
1.50000000 4.50000000 	-70.7106781187
1.50000000 5.00000000 	-70.7106781187
1.50000000 5.50000000 	-70.7106781187
1.50000000 6.00000000 	-70.7106781187
1.50000000 6.50000000 	-70.7106781187
1.50000000 7.00000000 	-70.7106781187
1.50000000 7.50000000 	-70.7106781187
1.50000000 8.00000000 	-70.7106781187
2.00000000 -12.00000000 	70.7106781187
2.00000000 -11.50000000 	70.7106781187
2.00000000 -11.00000000 	70.7106781187
2.00000000 -10.50000000 	70.7106781187
2.00000000 -10.00000000 	70.7106781187
2.00000000 -9.50000000 	70.7106781187
2.00000000 -9.00000000 	70.7106781187
2.00000000 -8.50000000 	70.7106781187
2.00000000 -8.00000000 	70.7106781187
2.00000000 -7.50000000 	70.7106781187
2.00000000 -7.00000000 	70.7106781187
2.00000000 -6.50000000 	70.7106781187
2.00000000 -6.00000000 	70.7106781187
2.00000000 -5.50000000 	70.7106781187
2.00000000 -5.00000000 	70.7106781187
2.00000000 -4.50000000 	70.7106781187
2.00000000 -4.00000000 	70.7106781187
2.00000000 -3.50000000 	70.7106781187
2.00000000 -3.00000000 	70.7106781187
2.00000000 -2.50000000 	70.7106781187
2.00000000 -2.00000000 	70.7106781187
2.00000000 -1.50000000 	70.7106781187
2.00000000 -1.00000000 	70.7106781187
2.00000000 -0.50000000 	63.8568767541
2.00000000 0.00000000 	60.1311541970
2.00000000 0.50000000 	37.0980663433
2.00000000 1.00000000 	21.3450611195
2.00000000 1.50000000 	-12.8141139816
2.00000000 2.00000000 	-34.6055058935
2.00000000 2.50000000 	-56.1093981997
2.00000000 3.00000000 	-65.3685462258
2.00000000 3.50000000 	-69.6964427613
2.00000000 4.00000000 	-70.5649771256
2.00000000 4.50000000 	-70.7106781187
2.00000000 5.00000000 	-70.7106781187
2.00000000 5.50000000 	-70.7106781187
2.00000000 6.00000000 	-70.7106781187
2.00000000 6.50000000 	-70.7106781187
2.00000000 7.00000000 	-70.7106781187
2.00000000 7.50000000 	-70.7106781187
2.00000000 8.00000000 	-70.7106781187
