-8.00000000 -12.00000000 	0.0000000000
-8.00000000 -11.50000000 	0.0000000000
-8.00000000 -11.00000000 	0.0000000000
-8.00000000 -10.50000000 	0.0000000000
-8.00000000 -10.00000000 	0.0000000000
-8.00000000 -9.50000000 	0.0000000000
-8.00000000 -9.00000000 	0.0000000000
-8.00000000 -8.50000000 	0.0000000000
-8.00000000 -8.00000000 	0.0000000000
-8.00000000 -7.50000000 	0.0000000000
-8.00000000 -7.00000000 	0.0000000000
-8.00000000 -6.50000000 	0.0000000000
-8.00000000 -6.00000000 	0.0000000000
-8.00000000 -5.50000000 	0.0000000000
-8.00000000 -5.00000000 	0.0000000000
-8.00000000 -4.50000000 	0.0000000000
-8.00000000 -4.00000000 	0.0000000000
-8.00000000 -3.50000000 	0.0000000000
-8.00000000 -3.00000000 	0.0000000000
-8.00000000 -2.50000000 	0.0000000000
-8.00000000 -2.00000000 	0.0000000000
-8.00000000 -1.50000000 	0.0000000000
-8.00000000 -1.00000000 	0.0000000000
-8.00000000 -0.50000000 	0.0000000000
-8.00000000 0.00000000 	0.0000000000
-8.00000000 0.50000000 	0.0000000000
-8.00000000 1.00000000 	0.0000000000
-8.00000000 1.50000000 	0.0000000000
-8.00000000 2.00000000 	0.0000000000
-8.00000000 2.50000000 	0.0000000000
-8.00000000 3.00000000 	0.0000000000
-8.00000000 3.50000000 	0.0000000000
-8.00000000 4.00000000 	0.0000000000
-8.00000000 4.50000000 	0.0000000000
-8.00000000 5.00000000 	0.0000000000
-8.00000000 5.50000000 	0.0000000000
-8.00000000 6.00000000 	0.0000000000
-8.00000000 6.50000000 	0.0000000000
-8.00000000 7.00000000 	0.0000000000
-8.00000000 7.50000000 	0.0000000000
-8.00000000 8.00000000 	0.0000000000
-7.50000000 -12.00000000 	176.5519622597
-7.50000000 -11.50000000 	176.5519622597
-7.50000000 -11.00000000 	176.5519622597
-7.50000000 -10.50000000 	176.5519622597
-7.50000000 -10.00000000 	176.5519622597
-7.50000000 -9.50000000 	176.5519622597
-7.50000000 -9.00000000 	176.5519622597
-7.50000000 -8.50000000 	176.5519622597
-7.50000000 -8.00000000 	176.5519622597
-7.50000000 -7.50000000 	176.5519622597
-7.50000000 -7.00000000 	176.5519622597
-7.50000000 -6.50000000 	176.5519622597
-7.50000000 -6.00000000 	176.5519622597
-7.50000000 -5.50000000 	176.5519622597
-7.50000000 -5.00000000 	176.5519622597
-7.50000000 -4.50000000 	176.5519622597
-7.50000000 -4.00000000 	176.5519622597
-7.50000000 -3.50000000 	176.5519622597
-7.50000000 -3.00000000 	176.5519622597
-7.50000000 -2.50000000 	176.5519622597
-7.50000000 -2.00000000 	176.5519622597
-7.50000000 -1.50000000 	176.5519622597
-7.50000000 -1.00000000 	176.5519622597
-7.50000000 -0.50000000 	176.5519622597
-7.50000000 0.00000000 	176.5519622597
-7.50000000 0.50000000 	176.5519622597
-7.50000000 1.00000000 	176.5519622597
-7.50000000 1.50000000 	176.5519622597
-7.50000000 2.00000000 	176.5519622597
-7.50000000 2.50000000 	176.5519622597
-7.50000000 3.00000000 	176.5519622597
-7.50000000 3.50000000 	176.5519622597
-7.50000000 4.00000000 	176.5519622597
-7.50000000 4.50000000 	176.5519622597
-7.50000000 5.00000000 	176.5519622597
-7.50000000 5.50000000 	176.5519622597
-7.50000000 6.00000000 	176.5519622597
-7.50000000 6.50000000 	176.5519622597
-7.50000000 7.00000000 	176.5519622597
-7.50000000 7.50000000 	176.5519622597
-7.50000000 8.00000000 	176.5519622597
-7.00000000 -12.00000000 	1215.3570518562
-7.00000000 -11.50000000 	1215.3570518562
-7.00000000 -11.00000000 	1215.3570518562
-7.00000000 -10.50000000 	1215.3570518562
-7.00000000 -10.00000000 	1215.3570518562
-7.00000000 -9.50000000 	1215.3570518562
-7.00000000 -9.00000000 	1215.3570518562
-7.00000000 -8.50000000 	1215.3570518562
-7.00000000 -8.00000000 	1215.3570518562
-7.00000000 -7.50000000 	1215.3570518562
-7.00000000 -7.00000000 	1215.3570518562
-7.00000000 -6.50000000 	1215.3570518562
-7.00000000 -6.00000000 	1215.3570518562
-7.00000000 -5.50000000 	1215.3570518562
-7.00000000 -5.00000000 	1215.3570518562
-7.00000000 -4.50000000 	1215.3570518562
-7.00000000 -4.00000000 	1215.3570518562
-7.00000000 -3.50000000 	1215.3570518562
-7.00000000 -3.00000000 	1215.3570518562
-7.00000000 -2.50000000 	1215.3570518562
-7.00000000 -2.00000000 	1215.3570518562
-7.00000000 -1.50000000 	1215.3570518562
-7.00000000 -1.00000000 	1215.3570518562
-7.00000000 -0.50000000 	1215.3570518562
-7.00000000 0.00000000 	1215.3570518562
-7.00000000 0.50000000 	1215.3570518562
-7.00000000 1.00000000 	1215.3570518562
-7.00000000 1.50000000 	1215.3570518562
-7.00000000 2.00000000 	1215.3570518562
-7.00000000 2.50000000 	1215.3570518562
-7.00000000 3.00000000 	1215.3570518562
-7.00000000 3.50000000 	1215.3570518562
-7.00000000 4.00000000 	1215.3570518562
-7.00000000 4.50000000 	1215.3570518562
-7.00000000 5.00000000 	1215.3570518562
-7.00000000 5.50000000 	1215.3570518562
-7.00000000 6.00000000 	1215.3570518562
-7.00000000 6.50000000 	1215.3570518562
-7.00000000 7.00000000 	1215.3570518562
-7.00000000 7.50000000 	1215.3570518562
-7.00000000 8.00000000 	1215.3570518562
-6.50000000 -12.00000000 	3797.2858075224
-6.50000000 -11.50000000 	3797.2858075224
-6.50000000 -11.00000000 	3797.2858075224
-6.50000000 -10.50000000 	3797.2858075224
-6.50000000 -10.00000000 	3797.2858075224
-6.50000000 -9.50000000 	3797.2858075224
-6.50000000 -9.00000000 	3797.2858075224
-6.50000000 -8.50000000 	3797.2858075224
-6.50000000 -8.00000000 	3797.2858075224
-6.50000000 -7.50000000 	3797.2858075224
-6.50000000 -7.00000000 	3797.2858075224
-6.50000000 -6.50000000 	3797.2858075224
-6.50000000 -6.00000000 	3797.2858075224
-6.50000000 -5.50000000 	3797.2858075224
-6.50000000 -5.00000000 	3797.2858075224
-6.50000000 -4.50000000 	3797.2858075224
-6.50000000 -4.00000000 	3797.2858075224
-6.50000000 -3.50000000 	3797.2858075224
-6.50000000 -3.00000000 	3797.2858075224
-6.50000000 -2.50000000 	3797.2858075224
-6.50000000 -2.00000000 	3797.2858075224
-6.50000000 -1.50000000 	3797.2858075224
-6.50000000 -1.00000000 	3797.2858075224
-6.50000000 -0.50000000 	3797.2858075224
-6.50000000 0.00000000 	3797.2858075224
-6.50000000 0.50000000 	3797.2858075224
-6.50000000 1.00000000 	3797.2858075224
-6.50000000 1.50000000 	3797.2858075224
-6.50000000 2.00000000 	3797.2858075224
-6.50000000 2.50000000 	3797.2858075224
-6.50000000 3.00000000 	3797.2858075224
-6.50000000 3.50000000 	3797.2858075224
-6.50000000 4.00000000 	3797.2858075224
-6.50000000 4.50000000 	3797.2858075224
-6.50000000 5.00000000 	3797.2858075224
-6.50000000 5.50000000 	3797.2858075224
-6.50000000 6.00000000 	3797.2858075224
-6.50000000 6.50000000 	3797.2858075224
-6.50000000 7.00000000 	3797.2858075224
-6.50000000 7.50000000 	3797.2858075224
-6.50000000 8.00000000 	3797.2858075224
-6.00000000 -12.00000000 	6611.3658282921
-6.00000000 -11.50000000 	6611.3658282921
-6.00000000 -11.00000000 	6611.3658282921
-6.00000000 -10.50000000 	6611.3658282921
-6.00000000 -10.00000000 	6611.3658282921
-6.00000000 -9.50000000 	6611.3658282921
-6.00000000 -9.00000000 	6611.3658282921
-6.00000000 -8.50000000 	6611.3658282921
-6.00000000 -8.00000000 	6611.3658282921
-6.00000000 -7.50000000 	6611.3658282921
-6.00000000 -7.00000000 	6611.3658282921
-6.00000000 -6.50000000 	6611.3658282921
-6.00000000 -6.00000000 	6611.3658282921
-6.00000000 -5.50000000 	6611.3658282921
-6.00000000 -5.00000000 	6611.3658282921
-6.00000000 -4.50000000 	6611.3658282921
-6.00000000 -4.00000000 	6611.3658282921
-6.00000000 -3.50000000 	6611.3658282921
-6.00000000 -3.00000000 	6611.3658282921
-6.00000000 -2.50000000 	6611.3658282921
-6.00000000 -2.00000000 	6611.3658282921
-6.00000000 -1.50000000 	6611.3658282921
-6.00000000 -1.00000000 	6611.3658282921
-6.00000000 -0.50000000 	6611.3658282921
-6.00000000 0.00000000 	6611.3658282921
-6.00000000 0.50000000 	6611.3658282921
-6.00000000 1.00000000 	6611.3658282921
-6.00000000 1.50000000 	6611.3658282921
-6.00000000 2.00000000 	6611.3658282921
-6.00000000 2.50000000 	6611.3658282921
-6.00000000 3.00000000 	6611.3658282921
-6.00000000 3.50000000 	6611.3658282921
-6.00000000 4.00000000 	6611.3658282921
-6.00000000 4.50000000 	6611.3658282921
-6.00000000 5.00000000 	6611.3658282921
-6.00000000 5.50000000 	6611.3658282921
-6.00000000 6.00000000 	6611.3658282921
-6.00000000 6.50000000 	6611.3658282921
-6.00000000 7.00000000 	6611.3658282921
-6.00000000 7.50000000 	6611.3658282921
-6.00000000 8.00000000 	6611.3658282921
-5.50000000 -12.00000000 	7349.2987923291
-5.50000000 -11.50000000 	7349.2987923291
-5.50000000 -11.00000000 	7349.2987923291
-5.50000000 -10.50000000 	7349.2987923291
-5.50000000 -10.00000000 	7349.2987923291
-5.50000000 -9.50000000 	7349.2987923291
-5.50000000 -9.00000000 	7349.2987923291
-5.50000000 -8.50000000 	7349.2987923291
-5.50000000 -8.00000000 	7349.2987923291
-5.50000000 -7.50000000 	7349.2987923291
-5.50000000 -7.00000000 	7349.2987923291
-5.50000000 -6.50000000 	7349.2987923291
-5.50000000 -6.00000000 	7349.2987923291
-5.50000000 -5.50000000 	7349.2987923291
-5.50000000 -5.00000000 	7349.2987923291
-5.50000000 -4.50000000 	7349.2987923291
-5.50000000 -4.00000000 	7349.2987923291
-5.50000000 -3.50000000 	7349.2987923291
-5.50000000 -3.00000000 	7349.2987923291
-5.50000000 -2.50000000 	7349.2987923291
-5.50000000 -2.00000000 	7349.2987923291
-5.50000000 -1.50000000 	7349.2987923291
-5.50000000 -1.00000000 	7349.2987923291
-5.50000000 -0.50000000 	7349.2987923291
-5.50000000 0.00000000 	7349.2987923291
-5.50000000 0.50000000 	7349.2987923291
-5.50000000 1.00000000 	7349.2987923291
-5.50000000 1.50000000 	7349.2987923291
-5.50000000 2.00000000 	7349.2987923291
-5.50000000 2.50000000 	7349.2987923291
-5.50000000 3.00000000 	7349.2987923291
-5.50000000 3.50000000 	7349.2987923291
-5.50000000 4.00000000 	7349.2987923291
-5.50000000 4.50000000 	7349.2987923291
-5.50000000 5.00000000 	7349.2987923291
-5.50000000 5.50000000 	7349.2987923291
-5.50000000 6.00000000 	7349.2987923291
-5.50000000 6.50000000 	7349.2987923291
-5.50000000 7.00000000 	7349.2987923291
-5.50000000 7.50000000 	7349.2987923291
-5.50000000 8.00000000 	7349.2987923291
-5.00000000 -12.00000000 	5805.4461621123
-5.00000000 -11.50000000 	5805.4461621123
-5.00000000 -11.00000000 	5805.4461621123
-5.00000000 -10.50000000 	5805.4461621123
-5.00000000 -10.00000000 	5805.4461621123
-5.00000000 -9.50000000 	5805.4461621123
-5.00000000 -9.00000000 	5805.4461621123
-5.00000000 -8.50000000 	5805.4461621123
-5.00000000 -8.00000000 	5805.4461621123
-5.00000000 -7.50000000 	5805.4461621123
-5.00000000 -7.00000000 	5805.4461621123
-5.00000000 -6.50000000 	5805.4461621123
-5.00000000 -6.00000000 	5805.4461621123
-5.00000000 -5.50000000 	5805.4461621123
-5.00000000 -5.00000000 	5805.4461621123
-5.00000000 -4.50000000 	5805.4461621123
-5.00000000 -4.00000000 	5805.4461621123
-5.00000000 -3.50000000 	5805.4461621123
-5.00000000 -3.00000000 	5805.4461621123
-5.00000000 -2.50000000 	5805.4461621123
-5.00000000 -2.00000000 	5805.4461621123
-5.00000000 -1.50000000 	5805.4461621123
-5.00000000 -1.00000000 	5805.4461621123
-5.00000000 -0.50000000 	5805.4461621123
-5.00000000 0.00000000 	5805.4461621123
-5.00000000 0.50000000 	5805.4461621123
-5.00000000 1.00000000 	5805.4461621123
-5.00000000 1.50000000 	5805.4461621123
-5.00000000 2.00000000 	5805.4461621123
-5.00000000 2.50000000 	5805.4461621123
-5.00000000 3.00000000 	5805.4461621123
-5.00000000 3.50000000 	5805.4461621123
-5.00000000 4.00000000 	5805.4461621123
-5.00000000 4.50000000 	5805.4461621123
-5.00000000 5.00000000 	5805.4461621123
-5.00000000 5.50000000 	5805.4461621123
-5.00000000 6.00000000 	5805.4461621123
-5.00000000 6.50000000 	5805.4461621123
-5.00000000 7.00000000 	5805.4461621123
-5.00000000 7.50000000 	5805.4461621123
-5.00000000 8.00000000 	5805.4461621123
-4.50000000 -12.00000000 	2834.0363491441
-4.50000000 -11.50000000 	2834.0363491441
-4.50000000 -11.00000000 	2834.0363491441
-4.50000000 -10.50000000 	2834.0363491441
-4.50000000 -10.00000000 	2834.0363491441
-4.50000000 -9.50000000 	2834.0363491441
-4.50000000 -9.00000000 	2834.0363491441
-4.50000000 -8.50000000 	2834.0363491441
-4.50000000 -8.00000000 	2834.0363491441
-4.50000000 -7.50000000 	2834.0363491441
-4.50000000 -7.00000000 	2834.0363491441
-4.50000000 -6.50000000 	2834.0363491441
-4.50000000 -6.00000000 	2834.0363491441
-4.50000000 -5.50000000 	2834.0363491441
-4.50000000 -5.00000000 	2834.0363491441
-4.50000000 -4.50000000 	2834.0363491441
-4.50000000 -4.00000000 	2834.0363491441
-4.50000000 -3.50000000 	2834.0363491441
-4.50000000 -3.00000000 	2834.0363491441
-4.50000000 -2.50000000 	2834.0363491441
-4.50000000 -2.00000000 	2834.0363491441
-4.50000000 -1.50000000 	2834.0363491441
-4.50000000 -1.00000000 	2834.0363491441
-4.50000000 -0.50000000 	2834.0363491441
-4.50000000 0.00000000 	2834.0363491441
-4.50000000 0.50000000 	2834.0363491441
-4.50000000 1.00000000 	2834.0363491441
-4.50000000 1.50000000 	2834.0363491441
-4.50000000 2.00000000 	2834.0363491441
-4.50000000 2.50000000 	2834.0363491441
-4.50000000 3.00000000 	2834.0363491441
-4.50000000 3.50000000 	2834.0363491441
-4.50000000 4.00000000 	2834.0363491441
-4.50000000 4.50000000 	2834.0363491441
-4.50000000 5.00000000 	2834.0363491441
-4.50000000 5.50000000 	2834.0363491441
-4.50000000 6.00000000 	2834.0363491441
-4.50000000 6.50000000 	2834.0363491441
-4.50000000 7.00000000 	2834.0363491441
-4.50000000 7.50000000 	2834.0363491441
-4.50000000 8.00000000 	2834.0363491441
-4.00000000 -12.00000000 	502.8923244321
-4.00000000 -11.50000000 	502.8923244321
-4.00000000 -11.00000000 	502.8923244321
-4.00000000 -10.50000000 	502.8923244321
-4.00000000 -10.00000000 	502.8923244321
-4.00000000 -9.50000000 	502.8923244321
-4.00000000 -9.00000000 	502.8923244321
-4.00000000 -8.50000000 	502.8923244321
-4.00000000 -8.00000000 	502.8923244321
-4.00000000 -7.50000000 	502.8923244321
-4.00000000 -7.00000000 	502.8923244321
-4.00000000 -6.50000000 	502.8923244321
-4.00000000 -6.00000000 	502.8923244321
-4.00000000 -5.50000000 	502.8923244321
-4.00000000 -5.00000000 	502.8923244321
-4.00000000 -4.50000000 	502.8923244321
-4.00000000 -4.00000000 	502.8923244321
-4.00000000 -3.50000000 	502.8923244321
-4.00000000 -3.00000000 	502.8923244321
-4.00000000 -2.50000000 	502.8923244321
-4.00000000 -2.00000000 	502.8923244321
-4.00000000 -1.50000000 	502.8923244321
-4.00000000 -1.00000000 	502.8923244321
-4.00000000 -0.50000000 	502.8923244321
-4.00000000 0.00000000 	502.8923244321
-4.00000000 0.50000000 	502.8923244321
-4.00000000 1.00000000 	502.8923244321
-4.00000000 1.50000000 	502.8923244321
-4.00000000 2.00000000 	502.8923244321
-4.00000000 2.50000000 	502.8923244321
-4.00000000 3.00000000 	502.8923244321
-4.00000000 3.50000000 	502.8923244321
-4.00000000 4.00000000 	502.8923244321
-4.00000000 4.50000000 	502.8923244321
-4.00000000 5.00000000 	502.8923244321
-4.00000000 5.50000000 	502.8923244321
-4.00000000 6.00000000 	502.8923244321
-4.00000000 6.50000000 	502.8923244321
-4.00000000 7.00000000 	502.8923244321
-4.00000000 7.50000000 	502.8923244321
-4.00000000 8.00000000 	502.8923244321
-3.50000000 -12.00000000 	0.0000000000
-3.50000000 -11.50000000 	0.0000000000
-3.50000000 -11.00000000 	0.0000000000
-3.50000000 -10.50000000 	0.0000000000
-3.50000000 -10.00000000 	0.0000000000
-3.50000000 -9.50000000 	0.0000000000
-3.50000000 -9.00000000 	0.0000000000
-3.50000000 -8.50000000 	0.0000000000
-3.50000000 -8.00000000 	0.0000000000
-3.50000000 -7.50000000 	0.0000000000
-3.50000000 -7.00000000 	0.0000000000
-3.50000000 -6.50000000 	0.0000000000
-3.50000000 -6.00000000 	0.0000000000
-3.50000000 -5.50000000 	0.0000000000
-3.50000000 -5.00000000 	0.0000000000
-3.50000000 -4.50000000 	0.0000000000
-3.50000000 -4.00000000 	0.0000000000
-3.50000000 -3.50000000 	0.0000000000
-3.50000000 -3.00000000 	0.0000000000
-3.50000000 -2.50000000 	0.0000000000
-3.50000000 -2.00000000 	0.0000000000
-3.50000000 -1.50000000 	0.0000000000
-3.50000000 -1.00000000 	0.0000000000
-3.50000000 -0.50000000 	0.0000000000
-3.50000000 0.00000000 	0.0000000000
-3.50000000 0.50000000 	0.0000000000
-3.50000000 1.00000000 	0.0000000000
-3.50000000 1.50000000 	0.0000000000
-3.50000000 2.00000000 	0.0000000000
-3.50000000 2.50000000 	0.0000000000
-3.50000000 3.00000000 	0.0000000000
-3.50000000 3.50000000 	0.0000000000
-3.50000000 4.00000000 	0.0000000000
-3.50000000 4.50000000 	0.0000000000
-3.50000000 5.00000000 	0.0000000000
-3.50000000 5.50000000 	0.0000000000
-3.50000000 6.00000000 	0.0000000000
-3.50000000 6.50000000 	0.0000000000
-3.50000000 7.00000000 	0.0000000000
-3.50000000 7.50000000 	0.0000000000
-3.50000000 8.00000000 	0.0000000000
-3.00000000 -12.00000000 	0.0000000000
-3.00000000 -11.50000000 	0.0000000000
-3.00000000 -11.00000000 	0.0000000000
-3.00000000 -10.50000000 	0.0000000000
-3.00000000 -10.00000000 	0.0000000000
-3.00000000 -9.50000000 	0.0000000000
-3.00000000 -9.00000000 	0.0000000000
-3.00000000 -8.50000000 	0.0000000000
-3.00000000 -8.00000000 	0.0000000000
-3.00000000 -7.50000000 	0.0000000000
-3.00000000 -7.00000000 	0.0000000000
-3.00000000 -6.50000000 	0.0000000000
-3.00000000 -6.00000000 	0.0000000000
-3.00000000 -5.50000000 	0.0000000000
-3.00000000 -5.00000000 	0.0000000000
-3.00000000 -4.50000000 	0.0000000000
-3.00000000 -4.00000000 	0.0000000000
-3.00000000 -3.50000000 	0.0000000000
-3.00000000 -3.00000000 	0.0000000000
-3.00000000 -2.50000000 	0.0000000000
-3.00000000 -2.00000000 	0.0000000000
-3.00000000 -1.50000000 	0.0000000000
-3.00000000 -1.00000000 	0.0000000000
-3.00000000 -0.50000000 	0.0000000000
-3.00000000 0.00000000 	0.0000000000
-3.00000000 0.50000000 	0.0000000000
-3.00000000 1.00000000 	0.0000000000
-3.00000000 1.50000000 	0.0000000000
-3.00000000 2.00000000 	0.0000000000
-3.00000000 2.50000000 	0.0000000000
-3.00000000 3.00000000 	0.0000000000
-3.00000000 3.50000000 	0.0000000000
-3.00000000 4.00000000 	0.0000000000
-3.00000000 4.50000000 	0.0000000000
-3.00000000 5.00000000 	0.0000000000
-3.00000000 5.50000000 	0.0000000000
-3.00000000 6.00000000 	0.0000000000
-3.00000000 6.50000000 	0.0000000000
-3.00000000 7.00000000 	0.0000000000
-3.00000000 7.50000000 	0.0000000000
-3.00000000 8.00000000 	0.0000000000
-2.50000000 -12.00000000 	0.0000000000
-2.50000000 -11.50000000 	0.0000000000
-2.50000000 -11.00000000 	0.0000000000
-2.50000000 -10.50000000 	0.0000000000
-2.50000000 -10.00000000 	0.0000000000
-2.50000000 -9.50000000 	0.0000000000
-2.50000000 -9.00000000 	0.0000000000
-2.50000000 -8.50000000 	0.0000000000
-2.50000000 -8.00000000 	0.0000000000
-2.50000000 -7.50000000 	0.0000000000
-2.50000000 -7.00000000 	0.0000000000
-2.50000000 -6.50000000 	0.0000000000
-2.50000000 -6.00000000 	0.0000000000
-2.50000000 -5.50000000 	0.0000000000
-2.50000000 -5.00000000 	0.0000000000
-2.50000000 -4.50000000 	0.0000000000
-2.50000000 -4.00000000 	0.0000000000
-2.50000000 -3.50000000 	0.0000000000
-2.50000000 -3.00000000 	0.0000000000
-2.50000000 -2.50000000 	0.0000000000
-2.50000000 -2.00000000 	0.0000000000
-2.50000000 -1.50000000 	0.0000000000
-2.50000000 -1.00000000 	0.0000000000
-2.50000000 -0.50000000 	0.0000000000
-2.50000000 0.00000000 	0.0555139091
-2.50000000 0.50000000 	0.0555139091
-2.50000000 1.00000000 	0.0555139091
-2.50000000 1.50000000 	0.0555139091
-2.50000000 2.00000000 	0.0555139091
-2.50000000 2.50000000 	0.0555139091
-2.50000000 3.00000000 	0.0000000000
-2.50000000 3.50000000 	0.0000000000
-2.50000000 4.00000000 	0.0000000000
-2.50000000 4.50000000 	0.0000000000
-2.50000000 5.00000000 	0.0000000000
-2.50000000 5.50000000 	0.0000000000
-2.50000000 6.00000000 	0.0000000000
-2.50000000 6.50000000 	0.0000000000
-2.50000000 7.00000000 	0.0000000000
-2.50000000 7.50000000 	0.0000000000
-2.50000000 8.00000000 	0.0000000000
-2.00000000 -12.00000000 	0.0000000000
-2.00000000 -11.50000000 	0.0000000000
-2.00000000 -11.00000000 	0.0000000000
-2.00000000 -10.50000000 	0.0000000000
-2.00000000 -10.00000000 	0.0000000000
-2.00000000 -9.50000000 	0.0000000000
-2.00000000 -9.00000000 	0.0000000000
-2.00000000 -8.50000000 	0.0000000000
-2.00000000 -8.00000000 	0.0000000000
-2.00000000 -7.50000000 	0.0000000000
-2.00000000 -7.00000000 	0.0000000000
-2.00000000 -6.50000000 	0.0000000000
-2.00000000 -6.00000000 	0.0000000000
-2.00000000 -5.50000000 	0.0000000000
-2.00000000 -5.00000000 	0.0000000000
-2.00000000 -4.50000000 	0.0000000000
-2.00000000 -4.00000000 	0.0000000000
-2.00000000 -3.50000000 	0.0000000000
-2.00000000 -3.00000000 	0.0000000000
-2.00000000 -2.50000000 	0.0000000000
-2.00000000 -2.00000000 	0.0000000000
-2.00000000 -1.50000000 	0.0000000000
-2.00000000 -1.00000000 	0.0000000000
-2.00000000 -0.50000000 	0.1674009612
-2.00000000 0.00000000 	0.1674009612
-2.00000000 0.50000000 	0.2805865861
-2.00000000 1.00000000 	0.2805865861
-2.00000000 1.50000000 	0.2805865861
-2.00000000 2.00000000 	0.2805865861
-2.00000000 2.50000000 	0.1674009612
-2.00000000 3.00000000 	0.1674009612
-2.00000000 3.50000000 	0.0000000000
-2.00000000 4.00000000 	0.0000000000
-2.00000000 4.50000000 	0.0000000000
-2.00000000 5.00000000 	0.0000000000
-2.00000000 5.50000000 	0.0000000000
-2.00000000 6.00000000 	0.0000000000
-2.00000000 6.50000000 	0.0000000000
-2.00000000 7.00000000 	0.0000000000
-2.00000000 7.50000000 	0.0000000000
-2.00000000 8.00000000 	0.0000000000
-1.50000000 -12.00000000 	0.0000000000
-1.50000000 -11.50000000 	0.0000000000
-1.50000000 -11.00000000 	0.0000000000
-1.50000000 -10.50000000 	0.0000000000
-1.50000000 -10.00000000 	0.0000000000
-1.50000000 -9.50000000 	0.0000000000
-1.50000000 -9.00000000 	0.0000000000
-1.50000000 -8.50000000 	0.0000000000
-1.50000000 -8.00000000 	0.0000000000
-1.50000000 -7.50000000 	0.0000000000
-1.50000000 -7.00000000 	0.0000000000
-1.50000000 -6.50000000 	0.0000000000
-1.50000000 -6.00000000 	0.0000000000
-1.50000000 -5.50000000 	0.0000000000
-1.50000000 -5.00000000 	0.0000000000
-1.50000000 -4.50000000 	0.0000000000
-1.50000000 -4.00000000 	0.0000000000
-1.50000000 -3.50000000 	0.0000000000
-1.50000000 -3.00000000 	0.0000000000
-1.50000000 -2.50000000 	0.0000000000
-1.50000000 -2.00000000 	0.0000000000
-1.50000000 -1.50000000 	0.0000000000
-1.50000000 -1.00000000 	0.2248614532
-1.50000000 -0.50000000 	0.2248614532
-1.50000000 0.00000000 	0.5201338935
-1.50000000 0.50000000 	0.5201338935
-1.50000000 1.00000000 	0.5827830534
-1.50000000 1.50000000 	0.5827830534
-1.50000000 2.00000000 	0.5201338935
-1.50000000 2.50000000 	0.5201338935
-1.50000000 3.00000000 	0.2248614532
-1.50000000 3.50000000 	0.2248614532
-1.50000000 4.00000000 	0.0000000000
-1.50000000 4.50000000 	0.0000000000
-1.50000000 5.00000000 	0.0000000000
-1.50000000 5.50000000 	0.0000000000
-1.50000000 6.00000000 	0.0000000000
-1.50000000 6.50000000 	0.0000000000
-1.50000000 7.00000000 	0.0000000000
-1.50000000 7.50000000 	0.0000000000
-1.50000000 8.00000000 	0.0000000000
-1.00000000 -12.00000000 	0.0000000000
-1.00000000 -11.50000000 	0.0000000000
-1.00000000 -11.00000000 	0.0000000000
-1.00000000 -10.50000000 	0.0000000000
-1.00000000 -10.00000000 	0.0000000000
-1.00000000 -9.50000000 	0.0000000000
-1.00000000 -9.00000000 	0.0000000000
-1.00000000 -8.50000000 	0.0000000000
-1.00000000 -8.00000000 	0.0000000000
-1.00000000 -7.50000000 	0.0000000000
-1.00000000 -7.00000000 	0.0000000000
-1.00000000 -6.50000000 	0.0000000000
-1.00000000 -6.00000000 	0.0000000000
-1.00000000 -5.50000000 	0.0000000000
-1.00000000 -5.00000000 	0.0000000000
-1.00000000 -4.50000000 	0.0000000000
-1.00000000 -4.00000000 	0.0000000000
-1.00000000 -3.50000000 	0.0000000000
-1.00000000 -3.00000000 	0.0000000000
-1.00000000 -2.50000000 	0.0000000000
-1.00000000 -2.00000000 	0.0000000000
-1.00000000 -1.50000000 	0.1690051929
-1.00000000 -1.00000000 	0.2255816951
-1.00000000 -0.50000000 	0.5345196316
-1.00000000 0.00000000 	0.5345196316
-1.00000000 0.50000000 	0.6146318498
-1.00000000 1.00000000 	0.6146318498
-1.00000000 1.50000000 	0.6146318498
-1.00000000 2.00000000 	0.6146318498
-1.00000000 2.50000000 	0.5345196316
-1.00000000 3.00000000 	0.5345196316
-1.00000000 3.50000000 	0.2255816951
-1.00000000 4.00000000 	0.2255816951
-1.00000000 4.50000000 	0.0000000000
-1.00000000 5.00000000 	0.0000000000
-1.00000000 5.50000000 	0.0000000000
-1.00000000 6.00000000 	0.0000000000
-1.00000000 6.50000000 	0.0000000000
-1.00000000 7.00000000 	0.0000000000
-1.00000000 7.50000000 	0.0000000000
-1.00000000 8.00000000 	0.0000000000
-0.50000000 -12.00000000 	0.0000000000
-0.50000000 -11.50000000 	0.0000000000
-0.50000000 -11.00000000 	0.0000000000
-0.50000000 -10.50000000 	0.0000000000
-0.50000000 -10.00000000 	0.0000000000
-0.50000000 -9.50000000 	0.0000000000
-0.50000000 -9.00000000 	0.0000000000
-0.50000000 -8.50000000 	0.0000000000
-0.50000000 -8.00000000 	0.0000000000
-0.50000000 -7.50000000 	0.0000000000
-0.50000000 -7.00000000 	0.0000000000
-0.50000000 -6.50000000 	0.0000000000
-0.50000000 -6.00000000 	0.0000000000
-0.50000000 -5.50000000 	0.0000000000
-0.50000000 -5.00000000 	0.0000000000
-0.50000000 -4.50000000 	0.0000000000
-0.50000000 -4.00000000 	0.0000000000
-0.50000000 -3.50000000 	0.0000000000
-0.50000000 -3.00000000 	0.0000000000
-0.50000000 -2.50000000 	0.0000000000
-0.50000000 -2.00000000 	0.0560407190
-0.50000000 -1.50000000 	0.2255816951
-0.50000000 -1.00000000 	0.3570019525
-0.50000000 -0.50000000 	0.4793832327
-0.50000000 0.00000000 	0.3813786232
-0.50000000 0.50000000 	0.3813786232
-0.50000000 1.00000000 	0.3221262220
-0.50000000 1.50000000 	0.3221262220
-0.50000000 2.00000000 	0.3813786232
-0.50000000 2.50000000 	0.3813786232
-0.50000000 3.00000000 	0.4793832327
-0.50000000 3.50000000 	0.4793832327
-0.50000000 4.00000000 	0.2255816951
-0.50000000 4.50000000 	0.1690051929
-0.50000000 5.00000000 	0.0000000000
-0.50000000 5.50000000 	0.0000000000
-0.50000000 6.00000000 	0.0000000000
-0.50000000 6.50000000 	0.0000000000
-0.50000000 7.00000000 	0.0000000000
-0.50000000 7.50000000 	0.0000000000
-0.50000000 8.00000000 	0.0000000000
0.00000000 -12.00000000 	0.0000000000
0.00000000 -11.50000000 	0.0000000000
0.00000000 -11.00000000 	0.0000000000
0.00000000 -10.50000000 	0.0000000000
0.00000000 -10.00000000 	0.0000000000
0.00000000 -9.50000000 	0.0000000000
0.00000000 -9.00000000 	0.0000000000
0.00000000 -8.50000000 	0.0000000000
0.00000000 -8.00000000 	0.0000000000
0.00000000 -7.50000000 	0.0000000000
0.00000000 -7.00000000 	0.0000000000
0.00000000 -6.50000000 	0.0000000000
0.00000000 -6.00000000 	0.0000000000
0.00000000 -5.50000000 	0.0000000000
0.00000000 -5.00000000 	0.0000000000
0.00000000 -4.50000000 	0.0000000000
0.00000000 -4.00000000 	0.0000000000
0.00000000 -3.50000000 	0.0000000000
0.00000000 -3.00000000 	0.0000000000
0.00000000 -2.50000000 	0.0000000000
0.00000000 -2.00000000 	0.1690051929
0.00000000 -1.50000000 	0.1744651120
0.00000000 -1.00000000 	0.4793832327
0.00000000 -0.50000000 	0.1904953080
0.00000000 0.00000000 	0.2562627544
0.00000000 0.50000000 	0.0653351128
0.00000000 1.00000000 	0.0653351128
0.00000000 1.50000000 	0.0653351128
0.00000000 2.00000000 	0.0653351128
0.00000000 2.50000000 	0.2562627544
0.00000000 3.00000000 	0.2562627544
0.00000000 3.50000000 	0.4793832327
0.00000000 4.00000000 	0.3570019525
0.00000000 4.50000000 	0.1690051929
0.00000000 5.00000000 	0.0560407190
0.00000000 5.50000000 	0.0000000000
0.00000000 6.00000000 	0.0000000000
0.00000000 6.50000000 	0.0000000000
0.00000000 7.00000000 	0.0000000000
0.00000000 7.50000000 	0.0000000000
0.00000000 8.00000000 	0.0000000000
0.50000000 -12.00000000 	0.0000000000
0.50000000 -11.50000000 	0.0000000000
0.50000000 -11.00000000 	0.0000000000
0.50000000 -10.50000000 	0.0000000000
0.50000000 -10.00000000 	0.0000000000
0.50000000 -9.50000000 	0.0000000000
0.50000000 -9.00000000 	0.0000000000
0.50000000 -8.50000000 	0.0000000000
0.50000000 -8.00000000 	0.0000000000
0.50000000 -7.50000000 	0.0000000000
0.50000000 -7.00000000 	0.0000000000
0.50000000 -6.50000000 	0.0000000000
0.50000000 -6.00000000 	0.0000000000
0.50000000 -5.50000000 	0.0000000000
0.50000000 -5.00000000 	0.0000000000
0.50000000 -4.50000000 	0.0000000000
0.50000000 -4.00000000 	0.0000000000
0.50000000 -3.50000000 	0.0000000000
0.50000000 -3.00000000 	0.0000000000
0.50000000 -2.50000000 	0.0560407190
0.50000000 -2.00000000 	0.1135151274
0.50000000 -1.50000000 	0.3570019525
0.50000000 -1.00000000 	0.1855477446
0.50000000 -0.50000000 	0.2562627544
0.50000000 0.00000000 	0.0000000000
0.50000000 0.50000000 	0.0000000000
0.50000000 1.00000000 	0.0000000000
0.50000000 1.50000000 	0.0000000000
0.50000000 2.00000000 	0.0000000000
0.50000000 2.50000000 	0.0000000000
0.50000000 3.00000000 	0.2562627544
0.50000000 3.50000000 	0.1904953080
0.50000000 4.00000000 	0.3570019525
0.50000000 4.50000000 	0.1160300159
0.50000000 5.00000000 	0.0560407190
0.50000000 5.50000000 	0.0000000000
0.50000000 6.00000000 	0.0000000000
0.50000000 6.50000000 	0.0000000000
0.50000000 7.00000000 	0.0000000000
0.50000000 7.50000000 	0.0000000000
0.50000000 8.00000000 	0.0000000000
1.00000000 -12.00000000 	0.0000000000
1.00000000 -11.50000000 	0.0000000000
1.00000000 -11.00000000 	0.0000000000
1.00000000 -10.50000000 	0.0000000000
1.00000000 -10.00000000 	0.0000000000
1.00000000 -9.50000000 	0.0000000000
1.00000000 -9.00000000 	0.0000000000
1.00000000 -8.50000000 	0.0000000000
1.00000000 -8.00000000 	0.0000000000
1.00000000 -7.50000000 	0.0000000000
1.00000000 -7.00000000 	0.0000000000
1.00000000 -6.50000000 	0.0000000000
1.00000000 -6.00000000 	0.0000000000
1.00000000 -5.50000000 	0.0000000000
1.00000000 -5.00000000 	0.0000000000
1.00000000 -4.50000000 	0.0000000000
1.00000000 -4.00000000 	0.0000000000
1.00000000 -3.50000000 	0.0000000000
1.00000000 -3.00000000 	0.0000000000
1.00000000 -2.50000000 	0.0560407190
1.00000000 -2.00000000 	0.1160300159
1.00000000 -1.50000000 	0.2396909679
1.00000000 -1.00000000 	0.1904953080
1.00000000 -0.50000000 	0.0645814934
1.00000000 0.00000000 	0.0000000000
1.00000000 0.50000000 	0.0000000000
1.00000000 1.00000000 	0.0000000000
1.00000000 1.50000000 	0.0000000000
1.00000000 2.00000000 	0.0000000000
1.00000000 2.50000000 	0.0000000000
1.00000000 3.00000000 	0.0000000000
1.00000000 3.50000000 	0.1904953080
1.00000000 4.00000000 	0.0613225378
1.00000000 4.50000000 	0.1160300159
1.00000000 5.00000000 	0.0000000000
1.00000000 5.50000000 	0.0000000000
1.00000000 6.00000000 	0.0000000000
1.00000000 6.50000000 	0.0000000000
1.00000000 7.00000000 	0.0000000000
1.00000000 7.50000000 	0.0000000000
1.00000000 8.00000000 	0.0000000000
1.50000000 -12.00000000 	0.0000000000
1.50000000 -11.50000000 	0.0000000000
1.50000000 -11.00000000 	0.0000000000
1.50000000 -10.50000000 	0.0000000000
1.50000000 -10.00000000 	0.0000000000
1.50000000 -9.50000000 	0.0000000000
1.50000000 -9.00000000 	0.0000000000
1.50000000 -8.50000000 	0.0000000000
1.50000000 -8.00000000 	0.0000000000
1.50000000 -7.50000000 	0.0000000000
1.50000000 -7.00000000 	0.0000000000
1.50000000 -6.50000000 	0.0000000000
1.50000000 -6.00000000 	0.0000000000
1.50000000 -5.50000000 	0.0000000000
1.50000000 -5.00000000 	0.0000000000
1.50000000 -4.50000000 	0.0000000000
1.50000000 -4.00000000 	0.0000000000
1.50000000 -3.50000000 	0.0000000000
1.50000000 -3.00000000 	0.0000000000
1.50000000 -2.50000000 	0.0000000000
1.50000000 -2.00000000 	0.1160300159
1.50000000 -1.50000000 	0.0613225378
1.50000000 -1.00000000 	0.1271646346
1.50000000 -0.50000000 	0.0000000000
1.50000000 0.00000000 	0.0000000000
1.50000000 0.50000000 	0.0000000000
1.50000000 1.00000000 	0.0000000000
1.50000000 1.50000000 	0.0000000000
1.50000000 2.00000000 	0.0000000000
1.50000000 2.50000000 	0.0000000000
1.50000000 3.00000000 	0.0000000000
1.50000000 3.50000000 	0.0000000000
1.50000000 4.00000000 	0.0613225378
1.50000000 4.50000000 	0.0000000000
1.50000000 5.00000000 	0.0000000000
1.50000000 5.50000000 	0.0000000000
1.50000000 6.00000000 	0.0000000000
1.50000000 6.50000000 	0.0000000000
1.50000000 7.00000000 	0.0000000000
1.50000000 7.50000000 	0.0000000000
1.50000000 8.00000000 	0.0000000000
2.00000000 -12.00000000 	0.0000000000
2.00000000 -11.50000000 	0.0000000000
2.00000000 -11.00000000 	0.0000000000
2.00000000 -10.50000000 	0.0000000000
2.00000000 -10.00000000 	0.0000000000
2.00000000 -9.50000000 	0.0000000000
2.00000000 -9.00000000 	0.0000000000
2.00000000 -8.50000000 	0.0000000000
2.00000000 -8.00000000 	0.0000000000
2.00000000 -7.50000000 	0.0000000000
2.00000000 -7.00000000 	0.0000000000
2.00000000 -6.50000000 	0.0000000000
2.00000000 -6.00000000 	0.0000000000
2.00000000 -5.50000000 	0.0000000000
2.00000000 -5.00000000 	0.0000000000
2.00000000 -4.50000000 	0.0000000000
2.00000000 -4.00000000 	0.0000000000
2.00000000 -3.50000000 	0.0000000000
2.00000000 -3.00000000 	0.0000000000
2.00000000 -2.50000000 	0.0000000000
2.00000000 -2.00000000 	0.0000000000
2.00000000 -1.50000000 	0.0613225378
2.00000000 -1.00000000 	0.0000000000
2.00000000 -0.50000000 	0.0000000000
2.00000000 0.00000000 	0.0000000000
2.00000000 0.50000000 	0.0000000000
2.00000000 1.00000000 	0.0000000000
2.00000000 1.50000000 	0.0000000000
2.00000000 2.00000000 	0.0000000000
2.00000000 2.50000000 	0.0000000000
2.00000000 3.00000000 	0.0000000000
2.00000000 3.50000000 	0.0000000000
2.00000000 4.00000000 	0.0000000000
2.00000000 4.50000000 	0.0000000000
2.00000000 5.00000000 	0.0000000000
2.00000000 5.50000000 	0.0000000000
2.00000000 6.00000000 	0.0000000000
2.00000000 6.50000000 	0.0000000000
2.00000000 7.00000000 	0.0000000000
2.00000000 7.50000000 	0.0000000000
2.00000000 8.00000000 	0.0000000000
