-8.00000000 -12.00000000 	0.0000000000
-8.00000000 -11.50000000 	0.0000000000
-8.00000000 -11.00000000 	0.0000000000
-8.00000000 -10.50000000 	0.0000000000
-8.00000000 -10.00000000 	-0.0092228833
-8.00000000 -9.50000000 	-0.1319794691
-8.00000000 -9.00000000 	-0.6791808232
-8.00000000 -8.50000000 	-1.3301160835
-8.00000000 -8.00000000 	0.3207203283
-8.00000000 -7.50000000 	3.0681200482
-8.00000000 -7.00000000 	2.6221420248
-8.00000000 -6.50000000 	1.0379193602
-8.00000000 -6.00000000 	0.2297788137
-8.00000000 -5.50000000 	0.0294628237
-8.00000000 -5.00000000 	0.0020559181
-8.00000000 -4.50000000 	0.0000606217
-8.00000000 -4.00000000 	0.0000000000
-8.00000000 -3.50000000 	0.0000000000
-8.00000000 -3.00000000 	0.0000000000
-8.00000000 -2.50000000 	0.0000000000
-8.00000000 -2.00000000 	0.0000000000
-8.00000000 -1.50000000 	0.0000000000
-8.00000000 -1.00000000 	0.0000000000
-8.00000000 -0.50000000 	0.0000000000
-8.00000000 0.00000000 	0.0000000000
-8.00000000 0.50000000 	0.0000000000
-8.00000000 1.00000000 	0.0000000000
-8.00000000 1.50000000 	0.0000000000
-8.00000000 2.00000000 	0.0000000000
-8.00000000 2.50000000 	0.0000000000
-8.00000000 3.00000000 	0.0000000000
-8.00000000 3.50000000 	0.0000000000
-8.00000000 4.00000000 	0.0000000000
-8.00000000 4.50000000 	0.0000000000
-8.00000000 5.00000000 	0.0000000000
-8.00000000 5.50000000 	0.0000000000
-8.00000000 6.00000000 	0.0000000000
-8.00000000 6.50000000 	0.0000000000
-8.00000000 7.00000000 	0.0000000000
-8.00000000 7.50000000 	0.0000000000
-8.00000000 8.00000000 	0.0000000000
-7.50000000 -12.00000000 	0.0000000000
-7.50000000 -11.50000000 	0.0000000000
-7.50000000 -11.00000000 	0.0000000000
-7.50000000 -10.50000000 	0.0000000000
-7.50000000 -10.00000000 	-0.0107148733
-7.50000000 -9.50000000 	-0.1803563897
-7.50000000 -9.00000000 	-1.1291098052
-7.50000000 -8.50000000 	-3.0416165410
-7.50000000 -8.00000000 	-2.4369975546
-7.50000000 -7.50000000 	2.4688413012
-7.50000000 -7.00000000 	4.8716054581
-7.50000000 -6.50000000 	3.1965306573
-7.50000000 -6.00000000 	1.1315194743
-7.50000000 -5.50000000 	0.2380046938
-7.50000000 -5.00000000 	0.0298269638
-7.50000000 -4.50000000 	0.0020619710
-7.50000000 -4.00000000 	0.0000606217
-7.50000000 -3.50000000 	0.0000000000
-7.50000000 -3.00000000 	0.0000000000
-7.50000000 -2.50000000 	0.0000000000
-7.50000000 -2.00000000 	0.0000000000
-7.50000000 -1.50000000 	0.0000000000
-7.50000000 -1.00000000 	0.0000000000
-7.50000000 -0.50000000 	0.0000000000
-7.50000000 0.00000000 	0.0000000000
-7.50000000 0.50000000 	0.0000000000
-7.50000000 1.00000000 	0.0000000000
-7.50000000 1.50000000 	0.0000000000
-7.50000000 2.00000000 	0.0000000000
-7.50000000 2.50000000 	0.0000000000
-7.50000000 3.00000000 	0.0000000000
-7.50000000 3.50000000 	0.0000000000
-7.50000000 4.00000000 	0.0000000000
-7.50000000 4.50000000 	0.0000000000
-7.50000000 5.00000000 	0.0000000000
-7.50000000 5.50000000 	0.0000000000
-7.50000000 6.00000000 	0.0000000000
-7.50000000 6.50000000 	0.0000000000
-7.50000000 7.00000000 	0.0000000000
-7.50000000 7.50000000 	0.0000000000
-7.50000000 8.00000000 	0.0000000000
-7.00000000 -12.00000000 	0.0000000000
-7.00000000 -11.50000000 	0.0000000000
-7.00000000 -11.00000000 	0.0000000000
-7.00000000 -10.50000000 	0.0000000000
-7.00000000 -10.00000000 	-0.0048481345
-7.00000000 -9.50000000 	-0.0950461974
-7.00000000 -9.00000000 	-0.7297333469
-7.00000000 -8.50000000 	-2.7160840668
-7.00000000 -8.00000000 	-4.7936888116
-7.00000000 -7.50000000 	-2.6604609363
-7.00000000 -7.00000000 	2.6705008878
-7.00000000 -6.50000000 	4.9538534116
-7.00000000 -6.00000000 	3.2092274274
-7.00000000 -5.50000000 	1.1324063153
-7.00000000 -5.00000000 	0.2380276722
-7.00000000 -4.50000000 	0.0298269638
-7.00000000 -4.00000000 	0.0020619710
-7.00000000 -3.50000000 	0.0000606217
-7.00000000 -3.00000000 	0.0000000000
-7.00000000 -2.50000000 	0.0000000000
-7.00000000 -2.00000000 	0.0000000000
-7.00000000 -1.50000000 	0.0000000000
-7.00000000 -1.00000000 	0.0000000000
-7.00000000 -0.50000000 	0.0000000000
-7.00000000 0.00000000 	0.0000000000
-7.00000000 0.50000000 	0.0000000000
-7.00000000 1.00000000 	0.0000000000
-7.00000000 1.50000000 	0.0000000000
-7.00000000 2.00000000 	0.0000000000
-7.00000000 2.50000000 	0.0000000000
-7.00000000 3.00000000 	0.0000000000
-7.00000000 3.50000000 	0.0000000000
-7.00000000 4.00000000 	0.0000000000
-7.00000000 4.50000000 	0.0000000000
-7.00000000 5.00000000 	0.0000000000
-7.00000000 5.50000000 	0.0000000000
-7.00000000 6.00000000 	0.0000000000
-7.00000000 6.50000000 	0.0000000000
-7.00000000 7.00000000 	0.0000000000
-7.00000000 7.50000000 	0.0000000000
-7.00000000 8.00000000 	0.0000000000
-6.50000000 -12.00000000 	0.0000000000
-6.50000000 -11.50000000 	0.0000000000
-6.50000000 -11.00000000 	0.0000000000
-6.50000000 -10.50000000 	0.0000000000
-6.50000000 -10.00000000 	-0.0009054677
-6.50000000 -9.50000000 	-0.0214420685
-6.50000000 -9.00000000 	-0.2100699757
-6.50000000 -8.50000000 	-1.0925586992
-6.50000000 -8.00000000 	-3.1936163302
-6.50000000 -7.50000000 	-4.9518247858
-6.50000000 -7.00000000 	-2.6729153733
-6.50000000 -6.50000000 	2.6730918522
-6.50000000 -6.00000000 	4.9543725067
-6.50000000 -5.50000000 	3.2092525251
-6.50000000 -5.00000000 	1.1324063153
-6.50000000 -4.50000000 	0.2380276722
-6.50000000 -4.00000000 	0.0298269638
-6.50000000 -3.50000000 	0.0020619710
-6.50000000 -3.00000000 	0.0000606217
-6.50000000 -2.50000000 	0.0000000000
-6.50000000 -2.00000000 	0.0000000000
-6.50000000 -1.50000000 	0.0000000000
-6.50000000 -1.00000000 	0.0000000000
-6.50000000 -0.50000000 	0.0000000000
-6.50000000 0.00000000 	0.0000000000
-6.50000000 0.50000000 	0.0000000000
-6.50000000 1.00000000 	0.0000000000
-6.50000000 1.50000000 	0.0000000000
-6.50000000 2.00000000 	0.0000000000
-6.50000000 2.50000000 	0.0000000000
-6.50000000 3.00000000 	0.0000000000
-6.50000000 3.50000000 	0.0000000000
-6.50000000 4.00000000 	0.0000000000
-6.50000000 4.50000000 	0.0000000000
-6.50000000 5.00000000 	0.0000000000
-6.50000000 5.50000000 	0.0000000000
-6.50000000 6.00000000 	0.0000000000
-6.50000000 6.50000000 	0.0000000000
-6.50000000 7.00000000 	0.0000000000
-6.50000000 7.50000000 	0.0000000000
-6.50000000 8.00000000 	0.0000000000
-6.00000000 -12.00000000 	0.0000000000
-6.00000000 -11.50000000 	0.0000000000
-6.00000000 -11.00000000 	0.0000000000
-6.00000000 -10.50000000 	0.0000000000
-6.00000000 -10.00000000 	-0.0000606217
-6.00000000 -9.50000000 	-0.0020619710
-6.00000000 -9.00000000 	-0.0298269638
-6.00000000 -8.50000000 	-0.2380276722
-6.00000000 -8.00000000 	-1.1324063153
-6.00000000 -7.50000000 	-3.2092525251
-6.00000000 -7.00000000 	-4.9543725067
-6.00000000 -6.50000000 	-2.6730887068
-6.00000000 -6.00000000 	2.6730887068
-6.00000000 -5.50000000 	4.9543725067
-6.00000000 -5.00000000 	3.2092525251
-6.00000000 -4.50000000 	1.1324063153
-6.00000000 -4.00000000 	0.2380276722
-6.00000000 -3.50000000 	0.0298269638
-6.00000000 -3.00000000 	0.0020619710
-6.00000000 -2.50000000 	0.0000606217
-6.00000000 -2.00000000 	0.0000000000
-6.00000000 -1.50000000 	0.0000000000
-6.00000000 -1.00000000 	0.0000000000
-6.00000000 -0.50000000 	0.0000000000
-6.00000000 0.00000000 	0.0000000000
-6.00000000 0.50000000 	0.0000000000
-6.00000000 1.00000000 	0.0000000000
-6.00000000 1.50000000 	0.0000000000
-6.00000000 2.00000000 	0.0000000000
-6.00000000 2.50000000 	0.0000000000
-6.00000000 3.00000000 	0.0000000000
-6.00000000 3.50000000 	0.0000000000
-6.00000000 4.00000000 	0.0000000000
-6.00000000 4.50000000 	0.0000000000
-6.00000000 5.00000000 	0.0000000000
-6.00000000 5.50000000 	0.0000000000
-6.00000000 6.00000000 	0.0000000000
-6.00000000 6.50000000 	0.0000000000
-6.00000000 7.00000000 	0.0000000000
-6.00000000 7.50000000 	0.0000000000
-6.00000000 8.00000000 	0.0000000000
-5.50000000 -12.00000000 	0.0000000000
-5.50000000 -11.50000000 	0.0000000000
-5.50000000 -11.00000000 	0.0000000000
-5.50000000 -10.50000000 	0.0000000000
-5.50000000 -10.00000000 	0.0000000000
-5.50000000 -9.50000000 	-0.0000606217
-5.50000000 -9.00000000 	-0.0020619710
-5.50000000 -8.50000000 	-0.0298269638
-5.50000000 -8.00000000 	-0.2380276722
-5.50000000 -7.50000000 	-1.1324063153
-5.50000000 -7.00000000 	-3.2092525251
-5.50000000 -6.50000000 	-4.9543725067
-5.50000000 -6.00000000 	-2.6730887068
-5.50000000 -5.50000000 	2.6730887068
-5.50000000 -5.00000000 	4.9543725067
-5.50000000 -4.50000000 	3.2092525251
-5.50000000 -4.00000000 	1.1324063153
-5.50000000 -3.50000000 	0.2380276722
-5.50000000 -3.00000000 	0.0298269638
-5.50000000 -2.50000000 	0.0020619710
-5.50000000 -2.00000000 	0.0000606217
-5.50000000 -1.50000000 	0.0000000000
-5.50000000 -1.00000000 	0.0000000000
-5.50000000 -0.50000000 	0.0000000000
-5.50000000 0.00000000 	0.0000000000
-5.50000000 0.50000000 	0.0000000000
-5.50000000 1.00000000 	0.0000000000
-5.50000000 1.50000000 	0.0000000000
-5.50000000 2.00000000 	0.0000000000
-5.50000000 2.50000000 	0.0000000000
-5.50000000 3.00000000 	0.0000000000
-5.50000000 3.50000000 	0.0000000000
-5.50000000 4.00000000 	0.0000000000
-5.50000000 4.50000000 	0.0000000000
-5.50000000 5.00000000 	0.0000000000
-5.50000000 5.50000000 	0.0000000000
-5.50000000 6.00000000 	0.0000000000
-5.50000000 6.50000000 	0.0000000000
-5.50000000 7.00000000 	0.0000000000
-5.50000000 7.50000000 	0.0000000000
-5.50000000 8.00000000 	0.0000000000
-5.00000000 -12.00000000 	0.0000000000
-5.00000000 -11.50000000 	0.0000000000
-5.00000000 -11.00000000 	0.0000000000
-5.00000000 -10.50000000 	0.0000000000
-5.00000000 -10.00000000 	0.0000000000
-5.00000000 -9.50000000 	0.0000000000
-5.00000000 -9.00000000 	-0.0000606217
-5.00000000 -8.50000000 	-0.0020619710
-5.00000000 -8.00000000 	-0.0298269638
-5.00000000 -7.50000000 	-0.2380276722
-5.00000000 -7.00000000 	-1.1324063153
-5.00000000 -6.50000000 	-3.2092525251
-5.00000000 -6.00000000 	-4.9543725067
-5.00000000 -5.50000000 	-2.6730887068
-5.00000000 -5.00000000 	2.6730887068
-5.00000000 -4.50000000 	4.9543725067
-5.00000000 -4.00000000 	3.2092525251
-5.00000000 -3.50000000 	1.1324063153
-5.00000000 -3.00000000 	0.2380276722
-5.00000000 -2.50000000 	0.0298269638
-5.00000000 -2.00000000 	0.0020619710
-5.00000000 -1.50000000 	0.0000606217
-5.00000000 -1.00000000 	0.0000000000
-5.00000000 -0.50000000 	0.0000000000
-5.00000000 0.00000000 	0.0000000000
-5.00000000 0.50000000 	0.0000000000
-5.00000000 1.00000000 	0.0000000000
-5.00000000 1.50000000 	0.0000000000
-5.00000000 2.00000000 	0.0000000000
-5.00000000 2.50000000 	0.0000000000
-5.00000000 3.00000000 	0.0000000000
-5.00000000 3.50000000 	0.0000000000
-5.00000000 4.00000000 	0.0000000000
-5.00000000 4.50000000 	0.0000000000
-5.00000000 5.00000000 	0.0000000000
-5.00000000 5.50000000 	0.0000000000
-5.00000000 6.00000000 	0.0000000000
-5.00000000 6.50000000 	0.0000000000
-5.00000000 7.00000000 	0.0000000000
-5.00000000 7.50000000 	0.0000000000
-5.00000000 8.00000000 	0.0000000000
-4.50000000 -12.00000000 	0.0000000000
-4.50000000 -11.50000000 	0.0000000000
-4.50000000 -11.00000000 	0.0000000000
-4.50000000 -10.50000000 	0.0000000000
-4.50000000 -10.00000000 	0.0000000000
-4.50000000 -9.50000000 	0.0000000000
-4.50000000 -9.00000000 	0.0000000000
-4.50000000 -8.50000000 	-0.0000606217
-4.50000000 -8.00000000 	-0.0020619710
-4.50000000 -7.50000000 	-0.0298269638
-4.50000000 -7.00000000 	-0.2380276722
-4.50000000 -6.50000000 	-1.1324063153
-4.50000000 -6.00000000 	-3.2092525251
-4.50000000 -5.50000000 	-4.9543725067
-4.50000000 -5.00000000 	-2.6730887068
-4.50000000 -4.50000000 	2.6730887068
-4.50000000 -4.00000000 	4.9543725067
-4.50000000 -3.50000000 	3.2092525251
-4.50000000 -3.00000000 	1.1324063153
-4.50000000 -2.50000000 	0.2380276722
-4.50000000 -2.00000000 	0.0298269638
-4.50000000 -1.50000000 	0.0020619710
-4.50000000 -1.00000000 	0.0000606217
-4.50000000 -0.50000000 	0.0000000000
-4.50000000 0.00000000 	0.0000000000
-4.50000000 0.50000000 	0.0000000000
-4.50000000 1.00000000 	0.0000000000
-4.50000000 1.50000000 	0.0000000000
-4.50000000 2.00000000 	0.0000000000
-4.50000000 2.50000000 	0.0000000000
-4.50000000 3.00000000 	0.0000000000
-4.50000000 3.50000000 	0.0000000000
-4.50000000 4.00000000 	0.0000000000
-4.50000000 4.50000000 	0.0000000000
-4.50000000 5.00000000 	0.0000000000
-4.50000000 5.50000000 	0.0000000000
-4.50000000 6.00000000 	0.0000000000
-4.50000000 6.50000000 	0.0000000000
-4.50000000 7.00000000 	0.0000000000
-4.50000000 7.50000000 	0.0000000000
-4.50000000 8.00000000 	0.0000000000
-4.00000000 -12.00000000 	0.0000000000
-4.00000000 -11.50000000 	0.0000000000
-4.00000000 -11.00000000 	0.0000000000
-4.00000000 -10.50000000 	0.0000000000
-4.00000000 -10.00000000 	0.0000000000
-4.00000000 -9.50000000 	0.0000000000
-4.00000000 -9.00000000 	0.0000000000
-4.00000000 -8.50000000 	0.0000000000
-4.00000000 -8.00000000 	-0.0000606217
-4.00000000 -7.50000000 	-0.0020619710
-4.00000000 -7.00000000 	-0.0298269638
-4.00000000 -6.50000000 	-0.2380276722
-4.00000000 -6.00000000 	-1.1324063153
-4.00000000 -5.50000000 	-3.2092525251
-4.00000000 -5.00000000 	-4.9543725067
-4.00000000 -4.50000000 	-2.6730887068
-4.00000000 -4.00000000 	2.6730887068
-4.00000000 -3.50000000 	4.9543725067
-4.00000000 -3.00000000 	3.2092525251
-4.00000000 -2.50000000 	1.1324063153
-4.00000000 -2.00000000 	0.2380276722
-4.00000000 -1.50000000 	0.0298269638
-4.00000000 -1.00000000 	0.0020619710
-4.00000000 -0.50000000 	0.0000606217
-4.00000000 0.00000000 	0.0000000000
-4.00000000 0.50000000 	0.0000000000
-4.00000000 1.00000000 	0.0000000000
-4.00000000 1.50000000 	0.0000000000
-4.00000000 2.00000000 	0.0000000000
-4.00000000 2.50000000 	0.0000000000
-4.00000000 3.00000000 	0.0000000000
-4.00000000 3.50000000 	0.0000000000
-4.00000000 4.00000000 	0.0000000000
-4.00000000 4.50000000 	0.0000000000
-4.00000000 5.00000000 	0.0000000000
-4.00000000 5.50000000 	0.0000000000
-4.00000000 6.00000000 	0.0000000000
-4.00000000 6.50000000 	0.0000000000
-4.00000000 7.00000000 	0.0000000000
-4.00000000 7.50000000 	0.0000000000
-4.00000000 8.00000000 	0.0000000000
-3.50000000 -12.00000000 	0.0000000000
-3.50000000 -11.50000000 	0.0000000000
-3.50000000 -11.00000000 	0.0000000000
-3.50000000 -10.50000000 	0.0000000000
-3.50000000 -10.00000000 	0.0000000000
-3.50000000 -9.50000000 	0.0000000000
-3.50000000 -9.00000000 	0.0000000000
-3.50000000 -8.50000000 	0.0000000000
-3.50000000 -8.00000000 	0.0000000000
-3.50000000 -7.50000000 	-0.0000606217
-3.50000000 -7.00000000 	-0.0020619710
-3.50000000 -6.50000000 	-0.0298269638
-3.50000000 -6.00000000 	-0.2380276722
-3.50000000 -5.50000000 	-1.1324063153
-3.50000000 -5.00000000 	-3.2092525251
-3.50000000 -4.50000000 	-4.9543725067
-3.50000000 -4.00000000 	-2.6730887068
-3.50000000 -3.50000000 	2.6730887068
-3.50000000 -3.00000000 	4.9543725067
-3.50000000 -2.50000000 	3.2092525251
-3.50000000 -2.00000000 	1.1324063153
-3.50000000 -1.50000000 	0.2380276722
-3.50000000 -1.00000000 	0.0298269638
-3.50000000 -0.50000000 	0.0020619710
-3.50000000 0.00000000 	0.0000606217
-3.50000000 0.50000000 	0.0000000000
-3.50000000 1.00000000 	0.0000000000
-3.50000000 1.50000000 	0.0000000000
-3.50000000 2.00000000 	0.0000000000
-3.50000000 2.50000000 	0.0000000000
-3.50000000 3.00000000 	0.0000000000
-3.50000000 3.50000000 	0.0000000000
-3.50000000 4.00000000 	0.0000000000
-3.50000000 4.50000000 	0.0000000000
-3.50000000 5.00000000 	0.0000000000
-3.50000000 5.50000000 	0.0000000000
-3.50000000 6.00000000 	0.0000000000
-3.50000000 6.50000000 	0.0000000000
-3.50000000 7.00000000 	0.0000000000
-3.50000000 7.50000000 	0.0000000000
-3.50000000 8.00000000 	0.0000000000
-3.00000000 -12.00000000 	0.0000000000
-3.00000000 -11.50000000 	0.0000000000
-3.00000000 -11.00000000 	0.0000000000
-3.00000000 -10.50000000 	0.0000000000
-3.00000000 -10.00000000 	0.0000000000
-3.00000000 -9.50000000 	0.0000000000
-3.00000000 -9.00000000 	0.0000000000
-3.00000000 -8.50000000 	0.0000000000
-3.00000000 -8.00000000 	0.0000000000
-3.00000000 -7.50000000 	0.0000000000
-3.00000000 -7.00000000 	-0.0000606217
-3.00000000 -6.50000000 	-0.0020619710
-3.00000000 -6.00000000 	-0.0298269638
-3.00000000 -5.50000000 	-0.2380276722
-3.00000000 -5.00000000 	-1.1324063153
-3.00000000 -4.50000000 	-3.2092525251
-3.00000000 -4.00000000 	-4.9543725067
-3.00000000 -3.50000000 	-2.6730887068
-3.00000000 -3.00000000 	2.6730887068
-3.00000000 -2.50000000 	4.9543725067
-3.00000000 -2.00000000 	3.2092525251
-3.00000000 -1.50000000 	1.1324063153
-3.00000000 -1.00000000 	0.2380276722
-3.00000000 -0.50000000 	0.0298269638
-3.00000000 0.00000000 	0.0020619710
-3.00000000 0.50000000 	0.0000606217
-3.00000000 1.00000000 	0.0000000000
-3.00000000 1.50000000 	0.0000000000
-3.00000000 2.00000000 	0.0000000000
-3.00000000 2.50000000 	0.0000000000
-3.00000000 3.00000000 	0.0000000000
-3.00000000 3.50000000 	0.0000000000
-3.00000000 4.00000000 	0.0000000000
-3.00000000 4.50000000 	0.0000000000
-3.00000000 5.00000000 	0.0000000000
-3.00000000 5.50000000 	0.0000000000
-3.00000000 6.00000000 	0.0000000000
-3.00000000 6.50000000 	0.0000000000
-3.00000000 7.00000000 	0.0000000000
-3.00000000 7.50000000 	0.0000000000
-3.00000000 8.00000000 	0.0000000000
-2.50000000 -12.00000000 	0.0000000000
-2.50000000 -11.50000000 	0.0000000000
-2.50000000 -11.00000000 	0.0000000000
-2.50000000 -10.50000000 	0.0000000000
-2.50000000 -10.00000000 	0.0000000000
-2.50000000 -9.50000000 	0.0000000000
-2.50000000 -9.00000000 	0.0000000000
-2.50000000 -8.50000000 	0.0000000000
-2.50000000 -8.00000000 	0.0000000000
-2.50000000 -7.50000000 	0.0000000000
-2.50000000 -7.00000000 	0.0000000000
-2.50000000 -6.50000000 	-0.0000606217
-2.50000000 -6.00000000 	-0.0020619710
-2.50000000 -5.50000000 	-0.0298269638
-2.50000000 -5.00000000 	-0.2380276722
-2.50000000 -4.50000000 	-1.1324063153
-2.50000000 -4.00000000 	-3.2092525251
-2.50000000 -3.50000000 	-4.9543725067
-2.50000000 -3.00000000 	-2.6730887068
-2.50000000 -2.50000000 	2.6730887068
-2.50000000 -2.00000000 	4.9543725067
-2.50000000 -1.50000000 	3.2092525251
-2.50000000 -1.00000000 	1.1324063153
-2.50000000 -0.50000000 	0.2380276722
-2.50000000 0.00000000 	0.0298269638
-2.50000000 0.50000000 	0.0020619710
-2.50000000 1.00000000 	0.0000606217
-2.50000000 1.50000000 	0.0000000000
-2.50000000 2.00000000 	0.0000000000
-2.50000000 2.50000000 	0.0000000000
-2.50000000 3.00000000 	0.0000000000
-2.50000000 3.50000000 	0.0000000000
-2.50000000 4.00000000 	0.0000000000
-2.50000000 4.50000000 	0.0000000000
-2.50000000 5.00000000 	0.0000000000
-2.50000000 5.50000000 	0.0000000000
-2.50000000 6.00000000 	0.0000000000
-2.50000000 6.50000000 	0.0000000000
-2.50000000 7.00000000 	0.0000000000
-2.50000000 7.50000000 	0.0000000000
-2.50000000 8.00000000 	0.0000000000
-2.00000000 -12.00000000 	0.0000000000
-2.00000000 -11.50000000 	0.0000000000
-2.00000000 -11.00000000 	0.0000000000
-2.00000000 -10.50000000 	0.0000000000
-2.00000000 -10.00000000 	0.0000000000
-2.00000000 -9.50000000 	0.0000000000
-2.00000000 -9.00000000 	0.0000000000
-2.00000000 -8.50000000 	0.0000000000
-2.00000000 -8.00000000 	0.0000000000
-2.00000000 -7.50000000 	0.0000000000
-2.00000000 -7.00000000 	0.0000000000
-2.00000000 -6.50000000 	0.0000000000
-2.00000000 -6.00000000 	-0.0000606217
-2.00000000 -5.50000000 	-0.0020619710
-2.00000000 -5.00000000 	-0.0298269638
-2.00000000 -4.50000000 	-0.2380276722
-2.00000000 -4.00000000 	-1.1324063153
-2.00000000 -3.50000000 	-3.2092525251
-2.00000000 -3.00000000 	-4.9543725067
-2.00000000 -2.50000000 	-2.6730887068
-2.00000000 -2.00000000 	2.6730887068
-2.00000000 -1.50000000 	4.9543725067
-2.00000000 -1.00000000 	3.2092525251
-2.00000000 -0.50000000 	1.1324063153
-2.00000000 0.00000000 	0.2380276722
-2.00000000 0.50000000 	0.0298269638
-2.00000000 1.00000000 	0.0020619710
-2.00000000 1.50000000 	0.0000606217
-2.00000000 2.00000000 	0.0000000000
-2.00000000 2.50000000 	0.0000000000
-2.00000000 3.00000000 	0.0000000000
-2.00000000 3.50000000 	0.0000000000
-2.00000000 4.00000000 	0.0000000000
-2.00000000 4.50000000 	0.0000000000
-2.00000000 5.00000000 	0.0000000000
-2.00000000 5.50000000 	0.0000000000
-2.00000000 6.00000000 	0.0000000000
-2.00000000 6.50000000 	0.0000000000
-2.00000000 7.00000000 	0.0000000000
-2.00000000 7.50000000 	0.0000000000
-2.00000000 8.00000000 	0.0000000000
-1.50000000 -12.00000000 	0.0000000000
-1.50000000 -11.50000000 	0.0000000000
-1.50000000 -11.00000000 	0.0000000000
-1.50000000 -10.50000000 	0.0000000000
-1.50000000 -10.00000000 	0.0000000000
-1.50000000 -9.50000000 	0.0000000000
-1.50000000 -9.00000000 	0.0000000000
-1.50000000 -8.50000000 	0.0000000000
-1.50000000 -8.00000000 	0.0000000000
-1.50000000 -7.50000000 	0.0000000000
-1.50000000 -7.00000000 	0.0000000000
-1.50000000 -6.50000000 	0.0000000000
-1.50000000 -6.00000000 	0.0000000000
-1.50000000 -5.50000000 	-0.0000606217
-1.50000000 -5.00000000 	-0.0020619710
-1.50000000 -4.50000000 	-0.0298269638
-1.50000000 -4.00000000 	-0.2380276722
-1.50000000 -3.50000000 	-1.1324063153
-1.50000000 -3.00000000 	-3.2092525251
-1.50000000 -2.50000000 	-4.9543725067
-1.50000000 -2.00000000 	-2.6730887068
-1.50000000 -1.50000000 	2.6730887068
-1.50000000 -1.00000000 	4.9543725067
-1.50000000 -0.50000000 	3.2092525251
-1.50000000 0.00000000 	1.1324063153
-1.50000000 0.50000000 	0.2380276722
-1.50000000 1.00000000 	0.0298269638
-1.50000000 1.50000000 	0.0020619710
-1.50000000 2.00000000 	0.0000606217
-1.50000000 2.50000000 	0.0000000000
-1.50000000 3.00000000 	0.0000000000
-1.50000000 3.50000000 	0.0000000000
-1.50000000 4.00000000 	0.0000000000
-1.50000000 4.50000000 	0.0000000000
-1.50000000 5.00000000 	0.0000000000
-1.50000000 5.50000000 	0.0000000000
-1.50000000 6.00000000 	0.0000000000
-1.50000000 6.50000000 	0.0000000000
-1.50000000 7.00000000 	0.0000000000
-1.50000000 7.50000000 	0.0000000000
-1.50000000 8.00000000 	0.0000000000
-1.00000000 -12.00000000 	0.0000000000
-1.00000000 -11.50000000 	0.0000000000
-1.00000000 -11.00000000 	0.0000000000
-1.00000000 -10.50000000 	0.0000000000
-1.00000000 -10.00000000 	0.0000000000
-1.00000000 -9.50000000 	0.0000000000
-1.00000000 -9.00000000 	0.0000000000
-1.00000000 -8.50000000 	0.0000000000
-1.00000000 -8.00000000 	0.0000000000
-1.00000000 -7.50000000 	0.0000000000
-1.00000000 -7.00000000 	0.0000000000
-1.00000000 -6.50000000 	0.0000000000
-1.00000000 -6.00000000 	0.0000000000
-1.00000000 -5.50000000 	0.0000000000
-1.00000000 -5.00000000 	-0.0000606217
-1.00000000 -4.50000000 	-0.0020619710
-1.00000000 -4.00000000 	-0.0298269638
-1.00000000 -3.50000000 	-0.2380276722
-1.00000000 -3.00000000 	-1.1324063153
-1.00000000 -2.50000000 	-3.2092525251
-1.00000000 -2.00000000 	-4.9543725067
-1.00000000 -1.50000000 	-2.6730887068
-1.00000000 -1.00000000 	2.6730887068
-1.00000000 -0.50000000 	4.9543725067
-1.00000000 0.00000000 	3.2092525251
-1.00000000 0.50000000 	1.1324063153
-1.00000000 1.00000000 	0.2380276722
-1.00000000 1.50000000 	0.0298269638
-1.00000000 2.00000000 	0.0020619710
-1.00000000 2.50000000 	0.0000606217
-1.00000000 3.00000000 	0.0000000000
-1.00000000 3.50000000 	0.0000000000
-1.00000000 4.00000000 	0.0000000000
-1.00000000 4.50000000 	0.0000000000
-1.00000000 5.00000000 	0.0000000000
-1.00000000 5.50000000 	0.0000000000
-1.00000000 6.00000000 	0.0000000000
-1.00000000 6.50000000 	0.0000000000
-1.00000000 7.00000000 	0.0000000000
-1.00000000 7.50000000 	0.0000000000
-1.00000000 8.00000000 	0.0000000000
-0.50000000 -12.00000000 	0.0000000000
-0.50000000 -11.50000000 	0.0000000000
-0.50000000 -11.00000000 	0.0000000000
-0.50000000 -10.50000000 	0.0000000000
-0.50000000 -10.00000000 	0.0000000000
-0.50000000 -9.50000000 	0.0000000000
-0.50000000 -9.00000000 	0.0000000000
-0.50000000 -8.50000000 	0.0000000000
-0.50000000 -8.00000000 	0.0000000000
-0.50000000 -7.50000000 	0.0000000000
-0.50000000 -7.00000000 	0.0000000000
-0.50000000 -6.50000000 	0.0000000000
-0.50000000 -6.00000000 	0.0000000000
-0.50000000 -5.50000000 	0.0000000000
-0.50000000 -5.00000000 	0.0000000000
-0.50000000 -4.50000000 	-0.0000606217
-0.50000000 -4.00000000 	-0.0020619710
-0.50000000 -3.50000000 	-0.0298269638
-0.50000000 -3.00000000 	-0.2380276722
-0.50000000 -2.50000000 	-1.1324063153
-0.50000000 -2.00000000 	-3.2092525251
-0.50000000 -1.50000000 	-4.9543725067
-0.50000000 -1.00000000 	-2.6730887068
-0.50000000 -0.50000000 	2.6730887068
-0.50000000 0.00000000 	4.9543725067
-0.50000000 0.50000000 	3.2092525251
-0.50000000 1.00000000 	1.1324063153
-0.50000000 1.50000000 	0.2380276722
-0.50000000 2.00000000 	0.0298269638
-0.50000000 2.50000000 	0.0020619710
-0.50000000 3.00000000 	0.0000606217
-0.50000000 3.50000000 	0.0000000000
-0.50000000 4.00000000 	0.0000000000
-0.50000000 4.50000000 	0.0000000000
-0.50000000 5.00000000 	0.0000000000
-0.50000000 5.50000000 	0.0000000000
-0.50000000 6.00000000 	0.0000000000
-0.50000000 6.50000000 	0.0000000000
-0.50000000 7.00000000 	0.0000000000
-0.50000000 7.50000000 	0.0000000000
-0.50000000 8.00000000 	0.0000000000
0.00000000 -12.00000000 	0.0000000000
0.00000000 -11.50000000 	0.0000000000
0.00000000 -11.00000000 	0.0000000000
0.00000000 -10.50000000 	0.0000000000
0.00000000 -10.00000000 	0.0000000000
0.00000000 -9.50000000 	0.0000000000
0.00000000 -9.00000000 	0.0000000000
0.00000000 -8.50000000 	0.0000000000
0.00000000 -8.00000000 	0.0000000000
0.00000000 -7.50000000 	0.0000000000
0.00000000 -7.00000000 	0.0000000000
0.00000000 -6.50000000 	0.0000000000
0.00000000 -6.00000000 	0.0000000000
0.00000000 -5.50000000 	0.0000000000
0.00000000 -5.00000000 	0.0000000000
0.00000000 -4.50000000 	0.0000000000
0.00000000 -4.00000000 	-0.0000606217
0.00000000 -3.50000000 	-0.0020619710
0.00000000 -3.00000000 	-0.0298269638
0.00000000 -2.50000000 	-0.2380276722
0.00000000 -2.00000000 	-1.1324063153
0.00000000 -1.50000000 	-3.2092525251
0.00000000 -1.00000000 	-4.9543725067
0.00000000 -0.50000000 	-2.6730887068
0.00000000 0.00000000 	2.6730887068
0.00000000 0.50000000 	4.9543725067
0.00000000 1.00000000 	3.2092525251
0.00000000 1.50000000 	1.1324063153
0.00000000 2.00000000 	0.2380276722
0.00000000 2.50000000 	0.0298269638
0.00000000 3.00000000 	0.0020619710
0.00000000 3.50000000 	0.0000606217
0.00000000 4.00000000 	0.0000000000
0.00000000 4.50000000 	0.0000000000
0.00000000 5.00000000 	0.0000000000
0.00000000 5.50000000 	0.0000000000
0.00000000 6.00000000 	0.0000000000
0.00000000 6.50000000 	0.0000000000
0.00000000 7.00000000 	0.0000000000
0.00000000 7.50000000 	0.0000000000
0.00000000 8.00000000 	0.0000000000
0.50000000 -12.00000000 	0.0000000000
0.50000000 -11.50000000 	0.0000000000
0.50000000 -11.00000000 	0.0000000000
0.50000000 -10.50000000 	0.0000000000
0.50000000 -10.00000000 	0.0000000000
0.50000000 -9.50000000 	0.0000000000
0.50000000 -9.00000000 	0.0000000000
0.50000000 -8.50000000 	0.0000000000
0.50000000 -8.00000000 	0.0000000000
0.50000000 -7.50000000 	0.0000000000
0.50000000 -7.00000000 	0.0000000000
0.50000000 -6.50000000 	0.0000000000
0.50000000 -6.00000000 	0.0000000000
0.50000000 -5.50000000 	0.0000000000
0.50000000 -5.00000000 	0.0000000000
0.50000000 -4.50000000 	0.0000000000
0.50000000 -4.00000000 	0.0000000000
0.50000000 -3.50000000 	-0.0000606217
0.50000000 -3.00000000 	-0.0020619710
0.50000000 -2.50000000 	-0.0298269638
0.50000000 -2.00000000 	-0.2380276722
0.50000000 -1.50000000 	-1.1324063153
0.50000000 -1.00000000 	-3.2092525251
0.50000000 -0.50000000 	-4.9543725067
0.50000000 0.00000000 	-2.6730918522
0.50000000 0.50000000 	2.6729153733
0.50000000 1.00000000 	4.9518247858
0.50000000 1.50000000 	3.1936163302
0.50000000 2.00000000 	1.0925586992
0.50000000 2.50000000 	0.2100699757
0.50000000 3.00000000 	0.0214420685
0.50000000 3.50000000 	0.0009054677
0.50000000 4.00000000 	0.0000000000
0.50000000 4.50000000 	0.0000000000
0.50000000 5.00000000 	0.0000000000
0.50000000 5.50000000 	0.0000000000
0.50000000 6.00000000 	0.0000000000
0.50000000 6.50000000 	0.0000000000
0.50000000 7.00000000 	0.0000000000
0.50000000 7.50000000 	0.0000000000
0.50000000 8.00000000 	0.0000000000
1.00000000 -12.00000000 	0.0000000000
1.00000000 -11.50000000 	0.0000000000
1.00000000 -11.00000000 	0.0000000000
1.00000000 -10.50000000 	0.0000000000
1.00000000 -10.00000000 	0.0000000000
1.00000000 -9.50000000 	0.0000000000
1.00000000 -9.00000000 	0.0000000000
1.00000000 -8.50000000 	0.0000000000
1.00000000 -8.00000000 	0.0000000000
1.00000000 -7.50000000 	0.0000000000
1.00000000 -7.00000000 	0.0000000000
1.00000000 -6.50000000 	0.0000000000
1.00000000 -6.00000000 	0.0000000000
1.00000000 -5.50000000 	0.0000000000
1.00000000 -5.00000000 	0.0000000000
1.00000000 -4.50000000 	0.0000000000
1.00000000 -4.00000000 	0.0000000000
1.00000000 -3.50000000 	0.0000000000
1.00000000 -3.00000000 	-0.0000606217
1.00000000 -2.50000000 	-0.0020619710
1.00000000 -2.00000000 	-0.0298269638
1.00000000 -1.50000000 	-0.2380276722
1.00000000 -1.00000000 	-1.1324063153
1.00000000 -0.50000000 	-3.2092274274
1.00000000 0.00000000 	-4.9538534116
1.00000000 0.50000000 	-2.6705008878
1.00000000 1.00000000 	2.6604609363
1.00000000 1.50000000 	4.7936888116
1.00000000 2.00000000 	2.7160840668
1.00000000 2.50000000 	0.7297333469
1.00000000 3.00000000 	0.0950461974
1.00000000 3.50000000 	0.0048481345
1.00000000 4.00000000 	0.0000000000
1.00000000 4.50000000 	0.0000000000
1.00000000 5.00000000 	0.0000000000
1.00000000 5.50000000 	0.0000000000
1.00000000 6.00000000 	0.0000000000
1.00000000 6.50000000 	0.0000000000
1.00000000 7.00000000 	0.0000000000
1.00000000 7.50000000 	0.0000000000
1.00000000 8.00000000 	0.0000000000
1.50000000 -12.00000000 	0.0000000000
1.50000000 -11.50000000 	0.0000000000
1.50000000 -11.00000000 	0.0000000000
1.50000000 -10.50000000 	0.0000000000
1.50000000 -10.00000000 	0.0000000000
1.50000000 -9.50000000 	0.0000000000
1.50000000 -9.00000000 	0.0000000000
1.50000000 -8.50000000 	0.0000000000
1.50000000 -8.00000000 	0.0000000000
1.50000000 -7.50000000 	0.0000000000
1.50000000 -7.00000000 	0.0000000000
1.50000000 -6.50000000 	0.0000000000
1.50000000 -6.00000000 	0.0000000000
1.50000000 -5.50000000 	0.0000000000
1.50000000 -5.00000000 	0.0000000000
1.50000000 -4.50000000 	0.0000000000
1.50000000 -4.00000000 	0.0000000000
1.50000000 -3.50000000 	0.0000000000
1.50000000 -3.00000000 	0.0000000000
1.50000000 -2.50000000 	-0.0000606217
1.50000000 -2.00000000 	-0.0020619710
1.50000000 -1.50000000 	-0.0298269638
1.50000000 -1.00000000 	-0.2380046938
1.50000000 -0.50000000 	-1.1315194743
1.50000000 0.00000000 	-3.1965306573
1.50000000 0.50000000 	-4.8716054581
1.50000000 1.00000000 	-2.4688413012
1.50000000 1.50000000 	2.4369975546
1.50000000 2.00000000 	3.0416165410
1.50000000 2.50000000 	1.1291098052
1.50000000 3.00000000 	0.1803563897
1.50000000 3.50000000 	0.0107148733
1.50000000 4.00000000 	0.0000000000
1.50000000 4.50000000 	0.0000000000
1.50000000 5.00000000 	0.0000000000
1.50000000 5.50000000 	0.0000000000
1.50000000 6.00000000 	0.0000000000
1.50000000 6.50000000 	0.0000000000
1.50000000 7.00000000 	0.0000000000
1.50000000 7.50000000 	0.0000000000
1.50000000 8.00000000 	0.0000000000
2.00000000 -12.00000000 	0.0000000000
2.00000000 -11.50000000 	0.0000000000
2.00000000 -11.00000000 	0.0000000000
2.00000000 -10.50000000 	0.0000000000
2.00000000 -10.00000000 	0.0000000000
2.00000000 -9.50000000 	0.0000000000
2.00000000 -9.00000000 	0.0000000000
2.00000000 -8.50000000 	0.0000000000
2.00000000 -8.00000000 	0.0000000000
2.00000000 -7.50000000 	0.0000000000
2.00000000 -7.00000000 	0.0000000000
2.00000000 -6.50000000 	0.0000000000
2.00000000 -6.00000000 	0.0000000000
2.00000000 -5.50000000 	0.0000000000
2.00000000 -5.00000000 	0.0000000000
2.00000000 -4.50000000 	0.0000000000
2.00000000 -4.00000000 	0.0000000000
2.00000000 -3.50000000 	0.0000000000
2.00000000 -3.00000000 	0.0000000000
2.00000000 -2.50000000 	0.0000000000
2.00000000 -2.00000000 	-0.0000606217
2.00000000 -1.50000000 	-0.0020559181
2.00000000 -1.00000000 	-0.0294628237
2.00000000 -0.50000000 	-0.2297788137
2.00000000 0.00000000 	-1.0379193602
2.00000000 0.50000000 	-2.6221420248
2.00000000 1.00000000 	-3.0681200482
2.00000000 1.50000000 	-0.3207203283
2.00000000 2.00000000 	1.3301160835
2.00000000 2.50000000 	0.6791808232
2.00000000 3.00000000 	0.1319794691
2.00000000 3.50000000 	0.0092228833
2.00000000 4.00000000 	0.0000000000
2.00000000 4.50000000 	0.0000000000
2.00000000 5.00000000 	0.0000000000
2.00000000 5.50000000 	0.0000000000
2.00000000 6.00000000 	0.0000000000
2.00000000 6.50000000 	0.0000000000
2.00000000 7.00000000 	0.0000000000
2.00000000 7.50000000 	0.0000000000
2.00000000 8.00000000 	0.0000000000
