-8.00000000 -12.00000000 	0.0387814592
-8.00000000 -11.50000000 	0.0387814592
-8.00000000 -11.00000000 	0.0387814592
-8.00000000 -10.50000000 	0.0387814592
-8.00000000 -10.00000000 	0.0387814592
-8.00000000 -9.50000000 	0.0387814592
-8.00000000 -9.00000000 	0.0387814592
-8.00000000 -8.50000000 	0.0387814592
-8.00000000 -8.00000000 	0.0387814592
-8.00000000 -7.50000000 	0.0387814592
-8.00000000 -7.00000000 	0.0387814592
-8.00000000 -6.50000000 	0.0387814592
-8.00000000 -6.00000000 	0.0387814592
-8.00000000 -5.50000000 	0.0387814592
-8.00000000 -5.00000000 	0.0387814592
-8.00000000 -4.50000000 	0.0387814592
-8.00000000 -4.00000000 	0.0387814592
-8.00000000 -3.50000000 	0.0387814592
-8.00000000 -3.00000000 	0.0387814592
-8.00000000 -2.50000000 	0.0387814592
-8.00000000 -2.00000000 	0.0387814592
-8.00000000 -1.50000000 	0.0387814592
-8.00000000 -1.00000000 	0.0387814592
-8.00000000 -0.50000000 	0.0387814592
-8.00000000 0.00000000 	0.0387814592
-8.00000000 0.50000000 	0.0387814592
-8.00000000 1.00000000 	0.0387814592
-8.00000000 1.50000000 	0.0387814592
-8.00000000 2.00000000 	0.0387814592
-8.00000000 2.50000000 	0.0387814592
-8.00000000 3.00000000 	0.0387814592
-8.00000000 3.50000000 	0.0387814592
-8.00000000 4.00000000 	0.0387814592
-8.00000000 4.50000000 	0.0387814592
-8.00000000 5.00000000 	0.0387814592
-8.00000000 5.50000000 	0.0387814592
-8.00000000 6.00000000 	0.0387814592
-8.00000000 6.50000000 	0.0387814592
-8.00000000 7.00000000 	0.0387814592
-8.00000000 7.50000000 	0.0387814592
-8.00000000 8.00000000 	0.0387814592
-7.50000000 -12.00000000 	-0.2046182655
-7.50000000 -11.50000000 	-0.2046182655
-7.50000000 -11.00000000 	-0.2046182655
-7.50000000 -10.50000000 	-0.2046182655
-7.50000000 -10.00000000 	-0.2046182655
-7.50000000 -9.50000000 	-0.2046182655
-7.50000000 -9.00000000 	-0.2046182655
-7.50000000 -8.50000000 	-0.2046182655
-7.50000000 -8.00000000 	-0.2046182655
-7.50000000 -7.50000000 	-0.2046182655
-7.50000000 -7.00000000 	-0.2046182655
-7.50000000 -6.50000000 	-0.2046182655
-7.50000000 -6.00000000 	-0.2046182655
-7.50000000 -5.50000000 	-0.2046182655
-7.50000000 -5.00000000 	-0.2046182655
-7.50000000 -4.50000000 	-0.2046182655
-7.50000000 -4.00000000 	-0.2046182655
-7.50000000 -3.50000000 	-0.2046182655
-7.50000000 -3.00000000 	-0.2046182655
-7.50000000 -2.50000000 	-0.2046182655
-7.50000000 -2.00000000 	-0.2046182655
-7.50000000 -1.50000000 	-0.2046182655
-7.50000000 -1.00000000 	-0.2046182655
-7.50000000 -0.50000000 	-0.2046182655
-7.50000000 0.00000000 	-0.2046182655
-7.50000000 0.50000000 	-0.2046182655
-7.50000000 1.00000000 	-0.2046182655
-7.50000000 1.50000000 	-0.2046182655
-7.50000000 2.00000000 	-0.2046182655
-7.50000000 2.50000000 	-0.2046182655
-7.50000000 3.00000000 	-0.2046182655
-7.50000000 3.50000000 	-0.2046182655
-7.50000000 4.00000000 	-0.2046182655
-7.50000000 4.50000000 	-0.2046182655
-7.50000000 5.00000000 	-0.2046182655
-7.50000000 5.50000000 	-0.2046182655
-7.50000000 6.00000000 	-0.2046182655
-7.50000000 6.50000000 	-0.2046182655
-7.50000000 7.00000000 	-0.2046182655
-7.50000000 7.50000000 	-0.2046182655
-7.50000000 8.00000000 	-0.2046182655
-7.00000000 -12.00000000 	-1.4638447138
-7.00000000 -11.50000000 	-1.4638447138
-7.00000000 -11.00000000 	-1.4638447138
-7.00000000 -10.50000000 	-1.4638447138
-7.00000000 -10.00000000 	-1.4638447138
-7.00000000 -9.50000000 	-1.4638447138
-7.00000000 -9.00000000 	-1.4638447138
-7.00000000 -8.50000000 	-1.4638447138
-7.00000000 -8.00000000 	-1.4638447138
-7.00000000 -7.50000000 	-1.4638447138
-7.00000000 -7.00000000 	-1.4638447138
-7.00000000 -6.50000000 	-1.4638447138
-7.00000000 -6.00000000 	-1.4638447138
-7.00000000 -5.50000000 	-1.4638447138
-7.00000000 -5.00000000 	-1.4638447138
-7.00000000 -4.50000000 	-1.4638447138
-7.00000000 -4.00000000 	-1.4638447138
-7.00000000 -3.50000000 	-1.4638447138
-7.00000000 -3.00000000 	-1.4638447138
-7.00000000 -2.50000000 	-1.4638447138
-7.00000000 -2.00000000 	-1.4638447138
-7.00000000 -1.50000000 	-1.4638447138
-7.00000000 -1.00000000 	-1.4638447138
-7.00000000 -0.50000000 	-1.4638447138
-7.00000000 0.00000000 	-1.4638447138
-7.00000000 0.50000000 	-1.4638447138
-7.00000000 1.00000000 	-1.4638447138
-7.00000000 1.50000000 	-1.4638447138
-7.00000000 2.00000000 	-1.4638447138
-7.00000000 2.50000000 	-1.4638447138
-7.00000000 3.00000000 	-1.4638447138
-7.00000000 3.50000000 	-1.4638447138
-7.00000000 4.00000000 	-1.4638447138
-7.00000000 4.50000000 	-1.4638447138
-7.00000000 5.00000000 	-1.4638447138
-7.00000000 5.50000000 	-1.4638447138
-7.00000000 6.00000000 	-1.4638447138
-7.00000000 6.50000000 	-1.4638447138
-7.00000000 7.00000000 	-1.4638447138
-7.00000000 7.50000000 	-1.4638447138
-7.00000000 8.00000000 	-1.4638447138
-6.50000000 -12.00000000 	-3.8040364263
-6.50000000 -11.50000000 	-3.8040364263
-6.50000000 -11.00000000 	-3.8040364263
-6.50000000 -10.50000000 	-3.8040364263
-6.50000000 -10.00000000 	-3.8040364263
-6.50000000 -9.50000000 	-3.8040364263
-6.50000000 -9.00000000 	-3.8040364263
-6.50000000 -8.50000000 	-3.8040364263
-6.50000000 -8.00000000 	-3.8040364263
-6.50000000 -7.50000000 	-3.8040364263
-6.50000000 -7.00000000 	-3.8040364263
-6.50000000 -6.50000000 	-3.8040364263
-6.50000000 -6.00000000 	-3.8040364263
-6.50000000 -5.50000000 	-3.8040364263
-6.50000000 -5.00000000 	-3.8040364263
-6.50000000 -4.50000000 	-3.8040364263
-6.50000000 -4.00000000 	-3.8040364263
-6.50000000 -3.50000000 	-3.8040364263
-6.50000000 -3.00000000 	-3.8040364263
-6.50000000 -2.50000000 	-3.8040364263
-6.50000000 -2.00000000 	-3.8040364263
-6.50000000 -1.50000000 	-3.8040364263
-6.50000000 -1.00000000 	-3.8040364263
-6.50000000 -0.50000000 	-3.8040364263
-6.50000000 0.00000000 	-3.8040364263
-6.50000000 0.50000000 	-3.8040364263
-6.50000000 1.00000000 	-3.8040364263
-6.50000000 1.50000000 	-3.8040364263
-6.50000000 2.00000000 	-3.8040364263
-6.50000000 2.50000000 	-3.8040364263
-6.50000000 3.00000000 	-3.8040364263
-6.50000000 3.50000000 	-3.8040364263
-6.50000000 4.00000000 	-3.8040364263
-6.50000000 4.50000000 	-3.8040364263
-6.50000000 5.00000000 	-3.8040364263
-6.50000000 5.50000000 	-3.8040364263
-6.50000000 6.00000000 	-3.8040364263
-6.50000000 6.50000000 	-3.8040364263
-6.50000000 7.00000000 	-3.8040364263
-6.50000000 7.50000000 	-3.8040364263
-6.50000000 8.00000000 	-3.8040364263
-6.00000000 -12.00000000 	-5.2676876218
-6.00000000 -11.50000000 	-5.2676876218
-6.00000000 -11.00000000 	-5.2676876218
-6.00000000 -10.50000000 	-5.2676876218
-6.00000000 -10.00000000 	-5.2676876218
-6.00000000 -9.50000000 	-5.2676876218
-6.00000000 -9.00000000 	-5.2676876218
-6.00000000 -8.50000000 	-5.2676876218
-6.00000000 -8.00000000 	-5.2676876218
-6.00000000 -7.50000000 	-5.2676876218
-6.00000000 -7.00000000 	-5.2676876218
-6.00000000 -6.50000000 	-5.2676876218
-6.00000000 -6.00000000 	-5.2676876218
-6.00000000 -5.50000000 	-5.2676876218
-6.00000000 -5.00000000 	-5.2676876218
-6.00000000 -4.50000000 	-5.2676876218
-6.00000000 -4.00000000 	-5.2676876218
-6.00000000 -3.50000000 	-5.2676876218
-6.00000000 -3.00000000 	-5.2676876218
-6.00000000 -2.50000000 	-5.2676876218
-6.00000000 -2.00000000 	-5.2676876218
-6.00000000 -1.50000000 	-5.2676876218
-6.00000000 -1.00000000 	-5.2676876218
-6.00000000 -0.50000000 	-5.2676876218
-6.00000000 0.00000000 	-5.2676876218
-6.00000000 0.50000000 	-5.2676876218
-6.00000000 1.00000000 	-5.2676876218
-6.00000000 1.50000000 	-5.2676876218
-6.00000000 2.00000000 	-5.2676876218
-6.00000000 2.50000000 	-5.2676876218
-6.00000000 3.00000000 	-5.2676876218
-6.00000000 3.50000000 	-5.2676876218
-6.00000000 4.00000000 	-5.2676876218
-6.00000000 4.50000000 	-5.2676876218
-6.00000000 5.00000000 	-5.2676876218
-6.00000000 5.50000000 	-5.2676876218
-6.00000000 6.00000000 	-5.2676876218
-6.00000000 6.50000000 	-5.2676876218
-6.00000000 7.00000000 	-5.2676876218
-6.00000000 7.50000000 	-5.2676876218
-6.00000000 8.00000000 	-5.2676876218
-5.50000000 -12.00000000 	-2.9130076117
-5.50000000 -11.50000000 	-2.9130076117
-5.50000000 -11.00000000 	-2.9130076117
-5.50000000 -10.50000000 	-2.9130076117
-5.50000000 -10.00000000 	-2.9130076117
-5.50000000 -9.50000000 	-2.9130076117
-5.50000000 -9.00000000 	-2.9130076117
-5.50000000 -8.50000000 	-2.9130076117
-5.50000000 -8.00000000 	-2.9130076117
-5.50000000 -7.50000000 	-2.9130076117
-5.50000000 -7.00000000 	-2.9130076117
-5.50000000 -6.50000000 	-2.9130076117
-5.50000000 -6.00000000 	-2.9130076117
-5.50000000 -5.50000000 	-2.9130076117
-5.50000000 -5.00000000 	-2.9130076117
-5.50000000 -4.50000000 	-2.9130076117
-5.50000000 -4.00000000 	-2.9130076117
-5.50000000 -3.50000000 	-2.9130076117
-5.50000000 -3.00000000 	-2.9130076117
-5.50000000 -2.50000000 	-2.9130076117
-5.50000000 -2.00000000 	-2.9130076117
-5.50000000 -1.50000000 	-2.9130076117
-5.50000000 -1.00000000 	-2.9130076117
-5.50000000 -0.50000000 	-2.9130076117
-5.50000000 0.00000000 	-2.9130076117
-5.50000000 0.50000000 	-2.9130076117
-5.50000000 1.00000000 	-2.9130076117
-5.50000000 1.50000000 	-2.9130076117
-5.50000000 2.00000000 	-2.9130076117
-5.50000000 2.50000000 	-2.9130076117
-5.50000000 3.00000000 	-2.9130076117
-5.50000000 3.50000000 	-2.9130076117
-5.50000000 4.00000000 	-2.9130076117
-5.50000000 4.50000000 	-2.9130076117
-5.50000000 5.00000000 	-2.9130076117
-5.50000000 5.50000000 	-2.9130076117
-5.50000000 6.00000000 	-2.9130076117
-5.50000000 6.50000000 	-2.9130076117
-5.50000000 7.00000000 	-2.9130076117
-5.50000000 7.50000000 	-2.9130076117
-5.50000000 8.00000000 	-2.9130076117
-5.00000000 -12.00000000 	2.4604414640
-5.00000000 -11.50000000 	2.4604414640
-5.00000000 -11.00000000 	2.4604414640
-5.00000000 -10.50000000 	2.4604414640
-5.00000000 -10.00000000 	2.4604414640
-5.00000000 -9.50000000 	2.4604414640
-5.00000000 -9.00000000 	2.4604414640
-5.00000000 -8.50000000 	2.4604414640
-5.00000000 -8.00000000 	2.4604414640
-5.00000000 -7.50000000 	2.4604414640
-5.00000000 -7.00000000 	2.4604414640
-5.00000000 -6.50000000 	2.4604414640
-5.00000000 -6.00000000 	2.4604414640
-5.00000000 -5.50000000 	2.4604414640
-5.00000000 -5.00000000 	2.4604414640
-5.00000000 -4.50000000 	2.4604414640
-5.00000000 -4.00000000 	2.4604414640
-5.00000000 -3.50000000 	2.4604414640
-5.00000000 -3.00000000 	2.4604414640
-5.00000000 -2.50000000 	2.4604414640
-5.00000000 -2.00000000 	2.4604414640
-5.00000000 -1.50000000 	2.4604414640
-5.00000000 -1.00000000 	2.4604414640
-5.00000000 -0.50000000 	2.4604414640
-5.00000000 0.00000000 	2.4604414640
-5.00000000 0.50000000 	2.4604414640
-5.00000000 1.00000000 	2.4604414640
-5.00000000 1.50000000 	2.4604414640
-5.00000000 2.00000000 	2.4604414640
-5.00000000 2.50000000 	2.4604414640
-5.00000000 3.00000000 	2.4604414640
-5.00000000 3.50000000 	2.4604414640
-5.00000000 4.00000000 	2.4604414640
-5.00000000 4.50000000 	2.4604414640
-5.00000000 5.00000000 	2.4604414640
-5.00000000 5.50000000 	2.4604414640
-5.00000000 6.00000000 	2.4604414640
-5.00000000 6.50000000 	2.4604414640
-5.00000000 7.00000000 	2.4604414640
-5.00000000 7.50000000 	2.4604414640
-5.00000000 8.00000000 	2.4604414640
-4.50000000 -12.00000000 	5.5303519914
-4.50000000 -11.50000000 	5.5303519914
-4.50000000 -11.00000000 	5.5303519914
-4.50000000 -10.50000000 	5.5303519914
-4.50000000 -10.00000000 	5.5303519914
-4.50000000 -9.50000000 	5.5303519914
-4.50000000 -9.00000000 	5.5303519914
-4.50000000 -8.50000000 	5.5303519914
-4.50000000 -8.00000000 	5.5303519914
-4.50000000 -7.50000000 	5.5303519914
-4.50000000 -7.00000000 	5.5303519914
-4.50000000 -6.50000000 	5.5303519914
-4.50000000 -6.00000000 	5.5303519914
-4.50000000 -5.50000000 	5.5303519914
-4.50000000 -5.00000000 	5.5303519914
-4.50000000 -4.50000000 	5.5303519914
-4.50000000 -4.00000000 	5.5303519914
-4.50000000 -3.50000000 	5.5303519914
-4.50000000 -3.00000000 	5.5303519914
-4.50000000 -2.50000000 	5.5303519914
-4.50000000 -2.00000000 	5.5303519914
-4.50000000 -1.50000000 	5.5303519914
-4.50000000 -1.00000000 	5.5303519914
-4.50000000 -0.50000000 	5.5303519914
-4.50000000 0.00000000 	5.5303519914
-4.50000000 0.50000000 	5.5303519914
-4.50000000 1.00000000 	5.5303519914
-4.50000000 1.50000000 	5.5303519914
-4.50000000 2.00000000 	5.5303519914
-4.50000000 2.50000000 	5.5303519914
-4.50000000 3.00000000 	5.5303519914
-4.50000000 3.50000000 	5.5303519914
-4.50000000 4.00000000 	5.5303519914
-4.50000000 4.50000000 	5.5303519914
-4.50000000 5.00000000 	5.5303519914
-4.50000000 5.50000000 	5.5303519914
-4.50000000 6.00000000 	5.5303519914
-4.50000000 6.50000000 	5.5303519914
-4.50000000 7.00000000 	5.5303519914
-4.50000000 7.50000000 	5.5303519914
-4.50000000 8.00000000 	5.5303519914
-4.00000000 -12.00000000 	4.0328493820
-4.00000000 -11.50000000 	4.0328493820
-4.00000000 -11.00000000 	4.0328493820
-4.00000000 -10.50000000 	4.0328493820
-4.00000000 -10.00000000 	4.0328493820
-4.00000000 -9.50000000 	4.0328493820
-4.00000000 -9.00000000 	4.0328493820
-4.00000000 -8.50000000 	4.0328493820
-4.00000000 -8.00000000 	4.0328493820
-4.00000000 -7.50000000 	4.0328493820
-4.00000000 -7.00000000 	4.0328493820
-4.00000000 -6.50000000 	4.0328493820
-4.00000000 -6.00000000 	4.0328493820
-4.00000000 -5.50000000 	4.0328493820
-4.00000000 -5.00000000 	4.0328493820
-4.00000000 -4.50000000 	4.0328493820
-4.00000000 -4.00000000 	4.0328493820
-4.00000000 -3.50000000 	4.0328493820
-4.00000000 -3.00000000 	4.0328493820
-4.00000000 -2.50000000 	4.0328493820
-4.00000000 -2.00000000 	4.0328493820
-4.00000000 -1.50000000 	4.0328493820
-4.00000000 -1.00000000 	4.0328493820
-4.00000000 -0.50000000 	4.0328493820
-4.00000000 0.00000000 	4.0328493820
-4.00000000 0.50000000 	4.0328493820
-4.00000000 1.00000000 	4.0328493820
-4.00000000 1.50000000 	4.0328493820
-4.00000000 2.00000000 	4.0328493820
-4.00000000 2.50000000 	4.0328493820
-4.00000000 3.00000000 	4.0328493820
-4.00000000 3.50000000 	4.0328493820
-4.00000000 4.00000000 	4.0328493820
-4.00000000 4.50000000 	4.0328493820
-4.00000000 5.00000000 	4.0328493820
-4.00000000 5.50000000 	4.0328493820
-4.00000000 6.00000000 	4.0328493820
-4.00000000 6.50000000 	4.0328493820
-4.00000000 7.00000000 	4.0328493820
-4.00000000 7.50000000 	4.0328493820
-4.00000000 8.00000000 	4.0328493820
-3.50000000 -12.00000000 	1.3733211601
-3.50000000 -11.50000000 	1.3733211601
-3.50000000 -11.00000000 	1.3733211601
-3.50000000 -10.50000000 	1.3733211601
-3.50000000 -10.00000000 	1.3733211601
-3.50000000 -9.50000000 	1.3733211601
-3.50000000 -9.00000000 	1.3733211601
-3.50000000 -8.50000000 	1.3733211601
-3.50000000 -8.00000000 	1.3733211601
-3.50000000 -7.50000000 	1.3733211601
-3.50000000 -7.00000000 	1.3733211601
-3.50000000 -6.50000000 	1.3733211601
-3.50000000 -6.00000000 	1.3733211601
-3.50000000 -5.50000000 	1.3733211601
-3.50000000 -5.00000000 	1.3733211601
-3.50000000 -4.50000000 	1.3733211601
-3.50000000 -4.00000000 	1.3733211601
-3.50000000 -3.50000000 	1.3733211601
-3.50000000 -3.00000000 	1.3733211601
-3.50000000 -2.50000000 	1.3733211601
-3.50000000 -2.00000000 	1.3733211601
-3.50000000 -1.50000000 	1.3733211601
-3.50000000 -1.00000000 	1.3733211601
-3.50000000 -0.50000000 	1.3733211601
-3.50000000 0.00000000 	1.3849634577
-3.50000000 0.50000000 	1.3849634577
-3.50000000 1.00000000 	1.3849634577
-3.50000000 1.50000000 	1.3849634577
-3.50000000 2.00000000 	1.3849634577
-3.50000000 2.50000000 	1.3849634577
-3.50000000 3.00000000 	1.3733211601
-3.50000000 3.50000000 	1.3733211601
-3.50000000 4.00000000 	1.3733211601
-3.50000000 4.50000000 	1.3733211601
-3.50000000 5.00000000 	1.3733211601
-3.50000000 5.50000000 	1.3733211601
-3.50000000 6.00000000 	1.3733211601
-3.50000000 6.50000000 	1.3733211601
-3.50000000 7.00000000 	1.3733211601
-3.50000000 7.50000000 	1.3733211601
-3.50000000 8.00000000 	1.3733211601
-3.00000000 -12.00000000 	0.1849356344
-3.00000000 -11.50000000 	0.1849356344
-3.00000000 -11.00000000 	0.1849356344
-3.00000000 -10.50000000 	0.1849356344
-3.00000000 -10.00000000 	0.1849356344
-3.00000000 -9.50000000 	0.1849356344
-3.00000000 -9.00000000 	0.1849356344
-3.00000000 -8.50000000 	0.1849356344
-3.00000000 -8.00000000 	0.1849356344
-3.00000000 -7.50000000 	0.1849356344
-3.00000000 -7.00000000 	0.1849356344
-3.00000000 -6.50000000 	0.1849356344
-3.00000000 -6.00000000 	0.1849356344
-3.00000000 -5.50000000 	0.1849356344
-3.00000000 -5.00000000 	0.1849356344
-3.00000000 -4.50000000 	0.1849356344
-3.00000000 -4.00000000 	0.1849356344
-3.00000000 -3.50000000 	0.1849356344
-3.00000000 -3.00000000 	0.1849356344
-3.00000000 -2.50000000 	0.1849356344
-3.00000000 -2.00000000 	0.1849356344
-3.00000000 -1.50000000 	0.1849356344
-3.00000000 -1.00000000 	0.1849356344
-3.00000000 -0.50000000 	0.2432995872
-3.00000000 0.00000000 	0.2432995872
-3.00000000 0.50000000 	0.2902350326
-3.00000000 1.00000000 	0.2902350326
-3.00000000 1.50000000 	0.2902350326
-3.00000000 2.00000000 	0.2902350326
-3.00000000 2.50000000 	0.2432995872
-3.00000000 3.00000000 	0.2432995872
-3.00000000 3.50000000 	0.1849356344
-3.00000000 4.00000000 	0.1849356344
-3.00000000 4.50000000 	0.1849356344
-3.00000000 5.00000000 	0.1849356344
-3.00000000 5.50000000 	0.1849356344
-3.00000000 6.00000000 	0.1849356344
-3.00000000 6.50000000 	0.1849356344
-3.00000000 7.00000000 	0.1849356344
-3.00000000 7.50000000 	0.1849356344
-3.00000000 8.00000000 	0.1849356344
-2.50000000 -12.00000000 	0.0000000000
-2.50000000 -11.50000000 	0.0000000000
-2.50000000 -11.00000000 	0.0000000000
-2.50000000 -10.50000000 	0.0000000000
-2.50000000 -10.00000000 	0.0000000000
-2.50000000 -9.50000000 	0.0000000000
-2.50000000 -9.00000000 	0.0000000000
-2.50000000 -8.50000000 	0.0000000000
-2.50000000 -8.00000000 	0.0000000000
-2.50000000 -7.50000000 	0.0000000000
-2.50000000 -7.00000000 	0.0000000000
-2.50000000 -6.50000000 	0.0000000000
-2.50000000 -6.00000000 	0.0000000000
-2.50000000 -5.50000000 	0.0000000000
-2.50000000 -5.00000000 	0.0000000000
-2.50000000 -4.50000000 	0.0000000000
-2.50000000 -4.00000000 	0.0000000000
-2.50000000 -3.50000000 	0.0000000000
-2.50000000 -3.00000000 	0.0000000000
-2.50000000 -2.50000000 	0.0000000000
-2.50000000 -2.00000000 	0.0000000000
-2.50000000 -1.50000000 	0.0000000000
-2.50000000 -1.00000000 	0.1287221270
-2.50000000 -0.50000000 	0.1287221270
-2.50000000 0.00000000 	0.3533017462
-2.50000000 0.50000000 	0.3533017462
-2.50000000 1.00000000 	0.4246507195
-2.50000000 1.50000000 	0.4246507195
-2.50000000 2.00000000 	0.3533017462
-2.50000000 2.50000000 	0.3533017462
-2.50000000 3.00000000 	0.1287221270
-2.50000000 3.50000000 	0.1287221270
-2.50000000 4.00000000 	0.0000000000
-2.50000000 4.50000000 	0.0000000000
-2.50000000 5.00000000 	0.0000000000
-2.50000000 5.50000000 	0.0000000000
-2.50000000 6.00000000 	0.0000000000
-2.50000000 6.50000000 	0.0000000000
-2.50000000 7.00000000 	0.0000000000
-2.50000000 7.50000000 	0.0000000000
-2.50000000 8.00000000 	0.0000000000
-2.00000000 -12.00000000 	0.0000000000
-2.00000000 -11.50000000 	0.0000000000
-2.00000000 -11.00000000 	0.0000000000
-2.00000000 -10.50000000 	0.0000000000
-2.00000000 -10.00000000 	0.0000000000
-2.00000000 -9.50000000 	0.0000000000
-2.00000000 -9.00000000 	0.0000000000
-2.00000000 -8.50000000 	0.0000000000
-2.00000000 -8.00000000 	0.0000000000
-2.00000000 -7.50000000 	0.0000000000
-2.00000000 -7.00000000 	0.0000000000
-2.00000000 -6.50000000 	0.0000000000
-2.00000000 -6.00000000 	0.0000000000
-2.00000000 -5.50000000 	0.0000000000
-2.00000000 -5.00000000 	0.0000000000
-2.00000000 -4.50000000 	0.0000000000
-2.00000000 -4.00000000 	0.0000000000
-2.00000000 -3.50000000 	0.0000000000
-2.00000000 -3.00000000 	0.0000000000
-2.00000000 -2.50000000 	0.0000000000
-2.00000000 -2.00000000 	0.0000000000
-2.00000000 -1.50000000 	0.1640014191
-2.00000000 -1.00000000 	0.1758194877
-2.00000000 -0.50000000 	0.6402411709
-2.00000000 0.00000000 	0.6402411709
-2.00000000 0.50000000 	0.9544446186
-2.00000000 1.00000000 	0.9544446186
-2.00000000 1.50000000 	0.9544446186
-2.00000000 2.00000000 	0.9544446186
-2.00000000 2.50000000 	0.6402411709
-2.00000000 3.00000000 	0.6402411709
-2.00000000 3.50000000 	0.1758194877
-2.00000000 4.00000000 	0.1758194877
-2.00000000 4.50000000 	0.0000000000
-2.00000000 5.00000000 	0.0000000000
-2.00000000 5.50000000 	0.0000000000
-2.00000000 6.00000000 	0.0000000000
-2.00000000 6.50000000 	0.0000000000
-2.00000000 7.00000000 	0.0000000000
-2.00000000 7.50000000 	0.0000000000
-2.00000000 8.00000000 	0.0000000000
-1.50000000 -12.00000000 	0.0000000000
-1.50000000 -11.50000000 	0.0000000000
-1.50000000 -11.00000000 	0.0000000000
-1.50000000 -10.50000000 	0.0000000000
-1.50000000 -10.00000000 	0.0000000000
-1.50000000 -9.50000000 	0.0000000000
-1.50000000 -9.00000000 	0.0000000000
-1.50000000 -8.50000000 	0.0000000000
-1.50000000 -8.00000000 	0.0000000000
-1.50000000 -7.50000000 	0.0000000000
-1.50000000 -7.00000000 	0.0000000000
-1.50000000 -6.50000000 	0.0000000000
-1.50000000 -6.00000000 	0.0000000000
-1.50000000 -5.50000000 	0.0000000000
-1.50000000 -5.00000000 	0.0000000000
-1.50000000 -4.50000000 	0.0000000000
-1.50000000 -4.00000000 	0.0000000000
-1.50000000 -3.50000000 	0.0000000000
-1.50000000 -3.00000000 	0.0000000000
-1.50000000 -2.50000000 	0.0000000000
-1.50000000 -2.00000000 	0.1287198705
-1.50000000 -1.50000000 	0.1876372466
-1.50000000 -1.00000000 	0.7259056173
-1.50000000 -0.50000000 	0.7743091020
-1.50000000 0.00000000 	1.3405105856
-1.50000000 0.50000000 	1.3405105856
-1.50000000 1.00000000 	1.5034552911
-1.50000000 1.50000000 	1.5034552911
-1.50000000 2.00000000 	1.3405105856
-1.50000000 2.50000000 	1.3405105856
-1.50000000 3.00000000 	0.7743091020
-1.50000000 3.50000000 	0.7743091020
-1.50000000 4.00000000 	0.1876372466
-1.50000000 4.50000000 	0.1758178860
-1.50000000 5.00000000 	0.0000000000
-1.50000000 5.50000000 	0.0000000000
-1.50000000 6.00000000 	0.0000000000
-1.50000000 6.50000000 	0.0000000000
-1.50000000 7.00000000 	0.0000000000
-1.50000000 7.50000000 	0.0000000000
-1.50000000 8.00000000 	0.0000000000
-1.00000000 -12.00000000 	0.0000000000
-1.00000000 -11.50000000 	0.0000000000
-1.00000000 -11.00000000 	0.0000000000
-1.00000000 -10.50000000 	0.0000000000
-1.00000000 -10.00000000 	0.0000000000
-1.00000000 -9.50000000 	0.0000000000
-1.00000000 -9.00000000 	0.0000000000
-1.00000000 -8.50000000 	0.0000000000
-1.00000000 -8.00000000 	0.0000000000
-1.00000000 -7.50000000 	0.0000000000
-1.00000000 -7.00000000 	0.0000000000
-1.00000000 -6.50000000 	0.0000000000
-1.00000000 -6.00000000 	0.0000000000
-1.00000000 -5.50000000 	0.0000000000
-1.00000000 -5.00000000 	0.0000000000
-1.00000000 -4.50000000 	0.0000000000
-1.00000000 -4.00000000 	0.0000000000
-1.00000000 -3.50000000 	0.0000000000
-1.00000000 -3.00000000 	0.0000000000
-1.00000000 -2.50000000 	0.0583622255
-1.00000000 -2.00000000 	0.1758172211
-1.00000000 -1.50000000 	0.5465686825
-1.00000000 -1.00000000 	0.7756285666
-1.00000000 -0.50000000 	1.2779804395
-1.00000000 0.00000000 	1.3526683351
-1.00000000 0.50000000 	1.5406601584
-1.00000000 1.00000000 	1.5406601584
-1.00000000 1.50000000 	1.5406601584
-1.00000000 2.00000000 	1.5406601584
-1.00000000 2.50000000 	1.3526683351
-1.00000000 3.00000000 	1.3526683351
-1.00000000 3.50000000 	0.7756285666
-1.00000000 4.00000000 	0.7272026339
-1.00000000 4.50000000 	0.1758172211
-1.00000000 5.00000000 	0.1287192332
-1.00000000 5.50000000 	0.0000000000
-1.00000000 6.00000000 	0.0000000000
-1.00000000 6.50000000 	0.0000000000
-1.00000000 7.00000000 	0.0000000000
-1.00000000 7.50000000 	0.0000000000
-1.00000000 8.00000000 	0.0000000000
-0.50000000 -12.00000000 	0.0000000000
-0.50000000 -11.50000000 	0.0000000000
-0.50000000 -11.00000000 	0.0000000000
-0.50000000 -10.50000000 	0.0000000000
-0.50000000 -10.00000000 	0.0000000000
-0.50000000 -9.50000000 	0.0000000000
-0.50000000 -9.00000000 	0.0000000000
-0.50000000 -8.50000000 	0.0000000000
-0.50000000 -8.00000000 	0.0000000000
-0.50000000 -7.50000000 	0.0000000000
-0.50000000 -7.00000000 	0.0000000000
-0.50000000 -6.50000000 	0.0000000000
-0.50000000 -6.00000000 	0.0000000000
-0.50000000 -5.50000000 	0.0000000000
-0.50000000 -5.00000000 	0.0000000000
-0.50000000 -4.50000000 	0.0000000000
-0.50000000 -4.00000000 	0.0000000000
-0.50000000 -3.50000000 	0.0000000000
-0.50000000 -3.00000000 	0.0116419170
-0.50000000 -2.50000000 	0.1287192332
-0.50000000 -2.00000000 	0.2835967001
-0.50000000 -1.50000000 	0.7153797659
-0.50000000 -1.00000000 	0.9000178237
-0.50000000 -0.50000000 	1.2229740032
-0.50000000 0.00000000 	1.1222134602
-0.50000000 0.50000000 	1.1732021986
-0.50000000 1.00000000 	1.0792187752
-0.50000000 1.50000000 	1.0792187752
-0.50000000 2.00000000 	1.1732021986
-0.50000000 2.50000000 	1.1732021986
-0.50000000 3.00000000 	1.2229740032
-0.50000000 3.50000000 	1.1482283372
-0.50000000 4.00000000 	0.7153797659
-0.50000000 4.50000000 	0.5227704519
-0.50000000 5.00000000 	0.1287192332
-0.50000000 5.50000000 	0.0583622255
-0.50000000 6.00000000 	0.0000000000
-0.50000000 6.50000000 	0.0000000000
-0.50000000 7.00000000 	0.0000000000
-0.50000000 7.50000000 	0.0000000000
-0.50000000 8.00000000 	0.0000000000
0.00000000 -12.00000000 	0.0000000000
0.00000000 -11.50000000 	0.0000000000
0.00000000 -11.00000000 	0.0000000000
0.00000000 -10.50000000 	0.0000000000
0.00000000 -10.00000000 	0.0000000000
0.00000000 -9.50000000 	0.0000000000
0.00000000 -9.00000000 	0.0000000000
0.00000000 -8.50000000 	0.0000000000
0.00000000 -8.00000000 	0.0000000000
0.00000000 -7.50000000 	0.0000000000
0.00000000 -7.00000000 	0.0000000000
0.00000000 -6.50000000 	0.0000000000
0.00000000 -6.00000000 	0.0000000000
0.00000000 -5.50000000 	0.0000000000
0.00000000 -5.00000000 	0.0000000000
0.00000000 -4.50000000 	0.0000000000
0.00000000 -4.00000000 	0.0000000000
0.00000000 -3.50000000 	0.0000000000
0.00000000 -3.00000000 	0.0583622255
0.00000000 -2.50000000 	0.1174024134
0.00000000 -2.00000000 	0.5227704519
0.00000000 -1.50000000 	0.5550226982
0.00000000 -1.00000000 	1.0997968046
0.00000000 -0.50000000 	0.6994234090
0.00000000 0.00000000 	0.8783973105
0.00000000 0.50000000 	0.5083421503
0.00000000 1.00000000 	0.5212650550
0.00000000 1.50000000 	0.5212650550
0.00000000 2.00000000 	0.5212650550
0.00000000 2.50000000 	0.8783973105
0.00000000 3.00000000 	0.8273798633
0.00000000 3.50000000 	1.0997968046
0.00000000 4.00000000 	0.8024058004
0.00000000 4.50000000 	0.5227704519
0.00000000 5.00000000 	0.2362133076
0.00000000 5.50000000 	0.0583622255
0.00000000 6.00000000 	0.0116419170
0.00000000 6.50000000 	0.0000000000
0.00000000 7.00000000 	0.0000000000
0.00000000 7.50000000 	0.0000000000
0.00000000 8.00000000 	0.0000000000
0.50000000 -12.00000000 	0.0000000000
0.50000000 -11.50000000 	0.0000000000
0.50000000 -11.00000000 	0.0000000000
0.50000000 -10.50000000 	0.0000000000
0.50000000 -10.00000000 	0.0000000000
0.50000000 -9.50000000 	0.0000000000
0.50000000 -9.00000000 	0.0000000000
0.50000000 -8.50000000 	0.0000000000
0.50000000 -8.00000000 	0.0000000000
0.50000000 -7.50000000 	0.0000000000
0.50000000 -7.00000000 	0.0000000000
0.50000000 -6.50000000 	0.0000000000
0.50000000 -6.00000000 	0.0000000000
0.50000000 -5.50000000 	0.0000000000
0.50000000 -5.00000000 	0.0000000000
0.50000000 -4.50000000 	0.0000000000
0.50000000 -4.00000000 	0.0000000000
0.50000000 -3.50000000 	0.0116419170
0.50000000 -3.00000000 	0.0467198959
0.50000000 -2.50000000 	0.2362133076
0.50000000 -2.00000000 	0.3581700190
0.50000000 -1.50000000 	0.8024058004
0.50000000 -1.00000000 	0.5450105471
0.50000000 -0.50000000 	0.7526298754
0.50000000 0.00000000 	0.2425416266
0.50000000 0.50000000 	0.2559501434
0.50000000 1.00000000 	0.1156187515
0.50000000 1.50000000 	0.1156187177
0.50000000 2.00000000 	0.2559501434
0.50000000 2.50000000 	0.2430251053
0.50000000 3.00000000 	0.7526298754
0.50000000 3.50000000 	0.5491339931
0.50000000 4.00000000 	0.8024058004
0.50000000 4.50000000 	0.3611337674
0.50000000 5.00000000 	0.2362133076
0.50000000 5.50000000 	0.0469334268
0.50000000 6.00000000 	0.0116419170
0.50000000 6.50000000 	0.0000000000
0.50000000 7.00000000 	0.0000000000
0.50000000 7.50000000 	0.0000000000
0.50000000 8.00000000 	0.0000000000
1.00000000 -12.00000000 	0.0000000000
1.00000000 -11.50000000 	0.0000000000
1.00000000 -11.00000000 	0.0000000000
1.00000000 -10.50000000 	0.0000000000
1.00000000 -10.00000000 	0.0000000000
1.00000000 -9.50000000 	0.0000000000
1.00000000 -9.00000000 	0.0000000000
1.00000000 -8.50000000 	0.0000000000
1.00000000 -8.00000000 	0.0000000000
1.00000000 -7.50000000 	0.0000000000
1.00000000 -7.00000000 	0.0000000000
1.00000000 -6.50000000 	0.0000000000
1.00000000 -6.00000000 	0.0000000000
1.00000000 -5.50000000 	0.0000000000
1.00000000 -5.00000000 	0.0000000000
1.00000000 -4.50000000 	0.0000000000
1.00000000 -4.00000000 	0.0000000000
1.00000000 -3.50000000 	0.0116419170
1.00000000 -3.00000000 	0.0469334268
1.00000000 -2.50000000 	0.1891655802
1.00000000 -2.00000000 	0.3611337674
1.00000000 -1.50000000 	0.4890263278
1.00000000 -1.00000000 	0.5491339931
1.00000000 -0.50000000 	0.2662840194
1.00000000 0.00000000 	0.1920064535
1.00000000 0.50000000 	0.0258497079
1.00000000 1.00000000 	0.0129255359
1.00000000 1.50000000 	0.0129255359
1.00000000 2.00000000 	0.0129255359
1.00000000 2.50000000 	0.1920064535
1.00000000 3.00000000 	0.1403308818
1.00000000 3.50000000 	0.5491339931
1.00000000 4.00000000 	0.2467299971
1.00000000 4.50000000 	0.3611337674
1.00000000 5.00000000 	0.0713477163
1.00000000 5.50000000 	0.0469334268
1.00000000 6.00000000 	0.0000000000
1.00000000 6.50000000 	0.0000000000
1.00000000 7.00000000 	0.0000000000
1.00000000 7.50000000 	0.0000000000
1.00000000 8.00000000 	0.0000000000
1.50000000 -12.00000000 	0.0000000000
1.50000000 -11.50000000 	0.0000000000
1.50000000 -11.00000000 	0.0000000000
1.50000000 -10.50000000 	0.0000000000
1.50000000 -10.00000000 	0.0000000000
1.50000000 -9.50000000 	0.0000000000
1.50000000 -9.00000000 	0.0000000000
1.50000000 -8.50000000 	0.0000000000
1.50000000 -8.00000000 	0.0000000000
1.50000000 -7.50000000 	0.0000000000
1.50000000 -7.00000000 	0.0000000000
1.50000000 -6.50000000 	0.0000000000
1.50000000 -6.00000000 	0.0000000000
1.50000000 -5.50000000 	0.0000000000
1.50000000 -5.00000000 	0.0000000000
1.50000000 -4.50000000 	0.0000000000
1.50000000 -4.00000000 	0.0000000000
1.50000000 -3.50000000 	0.0000000000
1.50000000 -3.00000000 	0.0469334268
1.50000000 -2.50000000 	0.0713477163
1.50000000 -2.00000000 	0.2892301204
1.50000000 -1.50000000 	0.2479202828
1.50000000 -1.00000000 	0.3133725149
1.50000000 -0.50000000 	0.1403308818
1.50000000 0.00000000 	0.0514768131
1.50000000 0.50000000 	0.0000000000
1.50000000 1.00000000 	0.0000000000
1.50000000 1.50000000 	0.0000000000
1.50000000 2.00000000 	0.0000000000
1.50000000 2.50000000 	0.0000000000
1.50000000 3.00000000 	0.1403308818
1.50000000 3.50000000 	0.0632027210
1.50000000 4.00000000 	0.2467299971
1.50000000 4.50000000 	0.0485176851
1.50000000 5.00000000 	0.0713477163
1.50000000 5.50000000 	0.0000000000
1.50000000 6.00000000 	0.0000000000
1.50000000 6.50000000 	0.0000000000
1.50000000 7.00000000 	0.0000000000
1.50000000 7.50000000 	0.0000000000
1.50000000 8.00000000 	0.0000000000
2.00000000 -12.00000000 	0.0000000000
2.00000000 -11.50000000 	0.0000000000
2.00000000 -11.00000000 	0.0000000000
2.00000000 -10.50000000 	0.0000000000
2.00000000 -10.00000000 	0.0000000000
2.00000000 -9.50000000 	0.0000000000
2.00000000 -9.00000000 	0.0000000000
2.00000000 -8.50000000 	0.0000000000
2.00000000 -8.00000000 	0.0000000000
2.00000000 -7.50000000 	0.0000000000
2.00000000 -7.00000000 	0.0000000000
2.00000000 -6.50000000 	0.0000000000
2.00000000 -6.00000000 	0.0000000000
2.00000000 -5.50000000 	0.0000000000
2.00000000 -5.00000000 	0.0000000000
2.00000000 -4.50000000 	0.0000000000
2.00000000 -4.00000000 	0.0000000000
2.00000000 -3.50000000 	0.0000000000
2.00000000 -3.00000000 	0.0000000000
2.00000000 -2.50000000 	0.0713477163
2.00000000 -2.00000000 	0.0692298535
2.00000000 -1.50000000 	0.1987241037
2.00000000 -1.00000000 	0.0843971103
2.00000000 -0.50000000 	0.0766972400
2.00000000 0.00000000 	0.0000000000
2.00000000 0.50000000 	0.0000000000
2.00000000 1.00000000 	0.0000000000
2.00000000 1.50000000 	0.0000000000
2.00000000 2.00000000 	0.0000000000
2.00000000 2.50000000 	0.0000000000
2.00000000 3.00000000 	0.0000000000
2.00000000 3.50000000 	0.0632027210
2.00000000 4.00000000 	0.0190504380
2.00000000 4.50000000 	0.0485176851
2.00000000 5.00000000 	0.0000000000
2.00000000 5.50000000 	0.0000000000
2.00000000 6.00000000 	0.0000000000
2.00000000 6.50000000 	0.0000000000
2.00000000 7.00000000 	0.0000000000
2.00000000 7.50000000 	0.0000000000
2.00000000 8.00000000 	0.0000000000
