-8.00000000 -12.00000000 	0.0120090253
-8.00000000 -11.50000000 	0.0120090253
-8.00000000 -11.00000000 	0.0120090253
-8.00000000 -10.50000000 	0.0120090253
-8.00000000 -10.00000000 	0.0120090253
-8.00000000 -9.50000000 	0.0120090253
-8.00000000 -9.00000000 	0.0120090253
-8.00000000 -8.50000000 	0.0120090253
-8.00000000 -8.00000000 	0.0120090253
-8.00000000 -7.50000000 	0.0120090253
-8.00000000 -7.00000000 	0.0120090253
-8.00000000 -6.50000000 	0.0120090253
-8.00000000 -6.00000000 	0.0120090253
-8.00000000 -5.50000000 	0.0120090253
-8.00000000 -5.00000000 	0.0120090253
-8.00000000 -4.50000000 	0.0120090253
-8.00000000 -4.00000000 	0.0120090253
-8.00000000 -3.50000000 	0.0120090253
-8.00000000 -3.00000000 	0.0120090253
-8.00000000 -2.50000000 	0.0120090253
-8.00000000 -2.00000000 	0.0120090253
-8.00000000 -1.50000000 	0.0120090253
-8.00000000 -1.00000000 	0.0120090253
-8.00000000 -0.50000000 	0.0120090253
-8.00000000 0.00000000 	0.0120090253
-8.00000000 0.50000000 	0.0120090253
-8.00000000 1.00000000 	0.0120090253
-8.00000000 1.50000000 	0.0120090253
-8.00000000 2.00000000 	0.0120090253
-8.00000000 2.50000000 	0.0120090253
-8.00000000 3.00000000 	0.0120090253
-8.00000000 3.50000000 	0.0120090253
-8.00000000 4.00000000 	0.0120090253
-8.00000000 4.50000000 	0.0120090253
-8.00000000 5.00000000 	0.0120090253
-8.00000000 5.50000000 	0.0120090253
-8.00000000 6.00000000 	0.0120090253
-8.00000000 6.50000000 	0.0120090253
-8.00000000 7.00000000 	0.0120090253
-8.00000000 7.50000000 	0.0120090253
-8.00000000 8.00000000 	0.0120090253
-7.50000000 -12.00000000 	0.1023858436
-7.50000000 -11.50000000 	0.1023858436
-7.50000000 -11.00000000 	0.1023858436
-7.50000000 -10.50000000 	0.1023858436
-7.50000000 -10.00000000 	0.1023858436
-7.50000000 -9.50000000 	0.1023858436
-7.50000000 -9.00000000 	0.1023858436
-7.50000000 -8.50000000 	0.1023858436
-7.50000000 -8.00000000 	0.1023858436
-7.50000000 -7.50000000 	0.1023858436
-7.50000000 -7.00000000 	0.1023858436
-7.50000000 -6.50000000 	0.1023858436
-7.50000000 -6.00000000 	0.1023858436
-7.50000000 -5.50000000 	0.1023858436
-7.50000000 -5.00000000 	0.1023858436
-7.50000000 -4.50000000 	0.1023858436
-7.50000000 -4.00000000 	0.1023858436
-7.50000000 -3.50000000 	0.1023858436
-7.50000000 -3.00000000 	0.1023858436
-7.50000000 -2.50000000 	0.1023858436
-7.50000000 -2.00000000 	0.1023858436
-7.50000000 -1.50000000 	0.1023858436
-7.50000000 -1.00000000 	0.1023858436
-7.50000000 -0.50000000 	0.1023858436
-7.50000000 0.00000000 	0.1023858436
-7.50000000 0.50000000 	0.1023858436
-7.50000000 1.00000000 	0.1023858436
-7.50000000 1.50000000 	0.1023858436
-7.50000000 2.00000000 	0.1023858436
-7.50000000 2.50000000 	0.1023858436
-7.50000000 3.00000000 	0.1023858436
-7.50000000 3.50000000 	0.1023858436
-7.50000000 4.00000000 	0.1023858436
-7.50000000 4.50000000 	0.1023858436
-7.50000000 5.00000000 	0.1023858436
-7.50000000 5.50000000 	0.1023858436
-7.50000000 6.00000000 	0.1023858436
-7.50000000 6.50000000 	0.1023858436
-7.50000000 7.00000000 	0.1023858436
-7.50000000 7.50000000 	0.1023858436
-7.50000000 8.00000000 	0.1023858436
-7.00000000 -12.00000000 	-0.1854031873
-7.00000000 -11.50000000 	-0.1854031873
-7.00000000 -11.00000000 	-0.1854031873
-7.00000000 -10.50000000 	-0.1854031873
-7.00000000 -10.00000000 	-0.1854031873
-7.00000000 -9.50000000 	-0.1854031873
-7.00000000 -9.00000000 	-0.1854031873
-7.00000000 -8.50000000 	-0.1854031873
-7.00000000 -8.00000000 	-0.1854031873
-7.00000000 -7.50000000 	-0.1854031873
-7.00000000 -7.00000000 	-0.1854031873
-7.00000000 -6.50000000 	-0.1854031873
-7.00000000 -6.00000000 	-0.1854031873
-7.00000000 -5.50000000 	-0.1854031873
-7.00000000 -5.00000000 	-0.1854031873
-7.00000000 -4.50000000 	-0.1854031873
-7.00000000 -4.00000000 	-0.1854031873
-7.00000000 -3.50000000 	-0.1854031873
-7.00000000 -3.00000000 	-0.1854031873
-7.00000000 -2.50000000 	-0.1854031873
-7.00000000 -2.00000000 	-0.1854031873
-7.00000000 -1.50000000 	-0.1854031873
-7.00000000 -1.00000000 	-0.1854031873
-7.00000000 -0.50000000 	-0.1854031873
-7.00000000 0.00000000 	-0.1854031873
-7.00000000 0.50000000 	-0.1854031873
-7.00000000 1.00000000 	-0.1854031873
-7.00000000 1.50000000 	-0.1854031873
-7.00000000 2.00000000 	-0.1854031873
-7.00000000 2.50000000 	-0.1854031873
-7.00000000 3.00000000 	-0.1854031873
-7.00000000 3.50000000 	-0.1854031873
-7.00000000 4.00000000 	-0.1854031873
-7.00000000 4.50000000 	-0.1854031873
-7.00000000 5.00000000 	-0.1854031873
-7.00000000 5.50000000 	-0.1854031873
-7.00000000 6.00000000 	-0.1854031873
-7.00000000 6.50000000 	-0.1854031873
-7.00000000 7.00000000 	-0.1854031873
-7.00000000 7.50000000 	-0.1854031873
-7.00000000 8.00000000 	-0.1854031873
-6.50000000 -12.00000000 	-3.7882985530
-6.50000000 -11.50000000 	-3.7882985530
-6.50000000 -11.00000000 	-3.7882985530
-6.50000000 -10.50000000 	-3.7882985530
-6.50000000 -10.00000000 	-3.7882985530
-6.50000000 -9.50000000 	-3.7882985530
-6.50000000 -9.00000000 	-3.7882985530
-6.50000000 -8.50000000 	-3.7882985530
-6.50000000 -8.00000000 	-3.7882985530
-6.50000000 -7.50000000 	-3.7882985530
-6.50000000 -7.00000000 	-3.7882985530
-6.50000000 -6.50000000 	-3.7882985530
-6.50000000 -6.00000000 	-3.7882985530
-6.50000000 -5.50000000 	-3.7882985530
-6.50000000 -5.00000000 	-3.7882985530
-6.50000000 -4.50000000 	-3.7882985530
-6.50000000 -4.00000000 	-3.7882985530
-6.50000000 -3.50000000 	-3.7882985530
-6.50000000 -3.00000000 	-3.7882985530
-6.50000000 -2.50000000 	-3.7882985530
-6.50000000 -2.00000000 	-3.7882985530
-6.50000000 -1.50000000 	-3.7882985530
-6.50000000 -1.00000000 	-3.7882985530
-6.50000000 -0.50000000 	-3.7882985530
-6.50000000 0.00000000 	-3.7882985530
-6.50000000 0.50000000 	-3.7882985530
-6.50000000 1.00000000 	-3.7882985530
-6.50000000 1.50000000 	-3.7882985530
-6.50000000 2.00000000 	-3.7882985530
-6.50000000 2.50000000 	-3.7882985530
-6.50000000 3.00000000 	-3.7882985530
-6.50000000 3.50000000 	-3.7882985530
-6.50000000 4.00000000 	-3.7882985530
-6.50000000 4.50000000 	-3.7882985530
-6.50000000 5.00000000 	-3.7882985530
-6.50000000 5.50000000 	-3.7882985530
-6.50000000 6.00000000 	-3.7882985530
-6.50000000 6.50000000 	-3.7882985530
-6.50000000 7.00000000 	-3.7882985530
-6.50000000 7.50000000 	-3.7882985530
-6.50000000 8.00000000 	-3.7882985530
-6.00000000 -12.00000000 	-6.9300584538
-6.00000000 -11.50000000 	-6.9300584538
-6.00000000 -11.00000000 	-6.9300584538
-6.00000000 -10.50000000 	-6.9300584538
-6.00000000 -10.00000000 	-6.9300584538
-6.00000000 -9.50000000 	-6.9300584538
-6.00000000 -9.00000000 	-6.9300584538
-6.00000000 -8.50000000 	-6.9300584538
-6.00000000 -8.00000000 	-6.9300584538
-6.00000000 -7.50000000 	-6.9300584538
-6.00000000 -7.00000000 	-6.9300584538
-6.00000000 -6.50000000 	-6.9300584538
-6.00000000 -6.00000000 	-6.9300584538
-6.00000000 -5.50000000 	-6.9300584538
-6.00000000 -5.00000000 	-6.9300584538
-6.00000000 -4.50000000 	-6.9300584538
-6.00000000 -4.00000000 	-6.9300584538
-6.00000000 -3.50000000 	-6.9300584538
-6.00000000 -3.00000000 	-6.9300584538
-6.00000000 -2.50000000 	-6.9300584538
-6.00000000 -2.00000000 	-6.9300584538
-6.00000000 -1.50000000 	-6.9300584538
-6.00000000 -1.00000000 	-6.9300584538
-6.00000000 -0.50000000 	-6.9300584538
-6.00000000 0.00000000 	-6.9300584538
-6.00000000 0.50000000 	-6.9300584538
-6.00000000 1.00000000 	-6.9300584538
-6.00000000 1.50000000 	-6.9300584538
-6.00000000 2.00000000 	-6.9300584538
-6.00000000 2.50000000 	-6.9300584538
-6.00000000 3.00000000 	-6.9300584538
-6.00000000 3.50000000 	-6.9300584538
-6.00000000 4.00000000 	-6.9300584538
-6.00000000 4.50000000 	-6.9300584538
-6.00000000 5.00000000 	-6.9300584538
-6.00000000 5.50000000 	-6.9300584538
-6.00000000 6.00000000 	-6.9300584538
-6.00000000 6.50000000 	-6.9300584538
-6.00000000 7.00000000 	-6.9300584538
-6.00000000 7.50000000 	-6.9300584538
-6.00000000 8.00000000 	-6.9300584538
-5.50000000 -12.00000000 	-1.2329609619
-5.50000000 -11.50000000 	-1.2329609619
-5.50000000 -11.00000000 	-1.2329609619
-5.50000000 -10.50000000 	-1.2329609619
-5.50000000 -10.00000000 	-1.2329609619
-5.50000000 -9.50000000 	-1.2329609619
-5.50000000 -9.00000000 	-1.2329609619
-5.50000000 -8.50000000 	-1.2329609619
-5.50000000 -8.00000000 	-1.2329609619
-5.50000000 -7.50000000 	-1.2329609619
-5.50000000 -7.00000000 	-1.2329609619
-5.50000000 -6.50000000 	-1.2329609619
-5.50000000 -6.00000000 	-1.2329609619
-5.50000000 -5.50000000 	-1.2329609619
-5.50000000 -5.00000000 	-1.2329609619
-5.50000000 -4.50000000 	-1.2329609619
-5.50000000 -4.00000000 	-1.2329609619
-5.50000000 -3.50000000 	-1.2329609619
-5.50000000 -3.00000000 	-1.2329609619
-5.50000000 -2.50000000 	-1.2329609619
-5.50000000 -2.00000000 	-1.2329609619
-5.50000000 -1.50000000 	-1.2329609619
-5.50000000 -1.00000000 	-1.2329609619
-5.50000000 -0.50000000 	-1.2329609619
-5.50000000 0.00000000 	-1.2329609619
-5.50000000 0.50000000 	-1.2329609619
-5.50000000 1.00000000 	-1.2329609619
-5.50000000 1.50000000 	-1.2329609619
-5.50000000 2.00000000 	-1.2329609619
-5.50000000 2.50000000 	-1.2329609619
-5.50000000 3.00000000 	-1.2329609619
-5.50000000 3.50000000 	-1.2329609619
-5.50000000 4.00000000 	-1.2329609619
-5.50000000 4.50000000 	-1.2329609619
-5.50000000 5.00000000 	-1.2329609619
-5.50000000 5.50000000 	-1.2329609619
-5.50000000 6.00000000 	-1.2329609619
-5.50000000 6.50000000 	-1.2329609619
-5.50000000 7.00000000 	-1.2329609619
-5.50000000 7.50000000 	-1.2329609619
-5.50000000 8.00000000 	-1.2329609619
-5.00000000 -12.00000000 	6.1287331011
-5.00000000 -11.50000000 	6.1287331011
-5.00000000 -11.00000000 	6.1287331011
-5.00000000 -10.50000000 	6.1287331011
-5.00000000 -10.00000000 	6.1287331011
-5.00000000 -9.50000000 	6.1287331011
-5.00000000 -9.00000000 	6.1287331011
-5.00000000 -8.50000000 	6.1287331011
-5.00000000 -8.00000000 	6.1287331011
-5.00000000 -7.50000000 	6.1287331011
-5.00000000 -7.00000000 	6.1287331011
-5.00000000 -6.50000000 	6.1287331011
-5.00000000 -6.00000000 	6.1287331011
-5.00000000 -5.50000000 	6.1287331011
-5.00000000 -5.00000000 	6.1287331011
-5.00000000 -4.50000000 	6.1287331011
-5.00000000 -4.00000000 	6.1287331011
-5.00000000 -3.50000000 	6.1287331011
-5.00000000 -3.00000000 	6.1287331011
-5.00000000 -2.50000000 	6.1287331011
-5.00000000 -2.00000000 	6.1287331011
-5.00000000 -1.50000000 	6.1287331011
-5.00000000 -1.00000000 	6.1287331011
-5.00000000 -0.50000000 	6.1287331011
-5.00000000 0.00000000 	6.1287331011
-5.00000000 0.50000000 	6.1287331011
-5.00000000 1.00000000 	6.1287331011
-5.00000000 1.50000000 	6.1287331011
-5.00000000 2.00000000 	6.1287331011
-5.00000000 2.50000000 	6.1287331011
-5.00000000 3.00000000 	6.1287331011
-5.00000000 3.50000000 	6.1287331011
-5.00000000 4.00000000 	6.1287331011
-5.00000000 4.50000000 	6.1287331011
-5.00000000 5.00000000 	6.1287331011
-5.00000000 5.50000000 	6.1287331011
-5.00000000 6.00000000 	6.1287331011
-5.00000000 6.50000000 	6.1287331011
-5.00000000 7.00000000 	6.1287331011
-5.00000000 7.50000000 	6.1287331011
-5.00000000 8.00000000 	6.1287331011
-4.50000000 -12.00000000 	4.6995621990
-4.50000000 -11.50000000 	4.6995621990
-4.50000000 -11.00000000 	4.6995621990
-4.50000000 -10.50000000 	4.6995621990
-4.50000000 -10.00000000 	4.6995621990
-4.50000000 -9.50000000 	4.6995621990
-4.50000000 -9.00000000 	4.6995621990
-4.50000000 -8.50000000 	4.6995621990
-4.50000000 -8.00000000 	4.6995621990
-4.50000000 -7.50000000 	4.6995621990
-4.50000000 -7.00000000 	4.6995621990
-4.50000000 -6.50000000 	4.6995621990
-4.50000000 -6.00000000 	4.6995621990
-4.50000000 -5.50000000 	4.6995621990
-4.50000000 -5.00000000 	4.6995621990
-4.50000000 -4.50000000 	4.6995621990
-4.50000000 -4.00000000 	4.6995621990
-4.50000000 -3.50000000 	4.6995621990
-4.50000000 -3.00000000 	4.6995621990
-4.50000000 -2.50000000 	4.6995621990
-4.50000000 -2.00000000 	4.6995621990
-4.50000000 -1.50000000 	4.6995621990
-4.50000000 -1.00000000 	4.6995621990
-4.50000000 -0.50000000 	4.6995621990
-4.50000000 0.00000000 	4.6995621990
-4.50000000 0.50000000 	4.6995621990
-4.50000000 1.00000000 	4.6995621990
-4.50000000 1.50000000 	4.6995621990
-4.50000000 2.00000000 	4.6995621990
-4.50000000 2.50000000 	4.6995621990
-4.50000000 3.00000000 	4.6995621990
-4.50000000 3.50000000 	4.6995621990
-4.50000000 4.00000000 	4.6995621990
-4.50000000 4.50000000 	4.6995621990
-4.50000000 5.00000000 	4.6995621990
-4.50000000 5.50000000 	4.6995621990
-4.50000000 6.00000000 	4.6995621990
-4.50000000 6.50000000 	4.6995621990
-4.50000000 7.00000000 	4.6995621990
-4.50000000 7.50000000 	4.6995621990
-4.50000000 8.00000000 	4.6995621990
-4.00000000 -12.00000000 	1.1130014330
-4.00000000 -11.50000000 	1.1130014330
-4.00000000 -11.00000000 	1.1130014330
-4.00000000 -10.50000000 	1.1130014330
-4.00000000 -10.00000000 	1.1130014330
-4.00000000 -9.50000000 	1.1130014330
-4.00000000 -9.00000000 	1.1130014330
-4.00000000 -8.50000000 	1.1130014330
-4.00000000 -8.00000000 	1.1130014330
-4.00000000 -7.50000000 	1.1130014330
-4.00000000 -7.00000000 	1.1130014330
-4.00000000 -6.50000000 	1.1130014330
-4.00000000 -6.00000000 	1.1130014330
-4.00000000 -5.50000000 	1.1130014330
-4.00000000 -5.00000000 	1.1130014330
-4.00000000 -4.50000000 	1.1130014330
-4.00000000 -4.00000000 	1.1130014330
-4.00000000 -3.50000000 	1.1130014330
-4.00000000 -3.00000000 	1.1130014330
-4.00000000 -2.50000000 	1.1130014330
-4.00000000 -2.00000000 	1.1130014330
-4.00000000 -1.50000000 	1.1130014330
-4.00000000 -1.00000000 	1.1130014330
-4.00000000 -0.50000000 	1.1130014330
-4.00000000 0.00000000 	1.1130014330
-4.00000000 0.50000000 	1.1130014330
-4.00000000 1.00000000 	1.1130014330
-4.00000000 1.50000000 	1.1130014330
-4.00000000 2.00000000 	1.1130014330
-4.00000000 2.50000000 	1.1130014330
-4.00000000 3.00000000 	1.1130014330
-4.00000000 3.50000000 	1.1130014330
-4.00000000 4.00000000 	1.1130014330
-4.00000000 4.50000000 	1.1130014330
-4.00000000 5.00000000 	1.1130014330
-4.00000000 5.50000000 	1.1130014330
-4.00000000 6.00000000 	1.1130014330
-4.00000000 6.50000000 	1.1130014330
-4.00000000 7.00000000 	1.1130014330
-4.00000000 7.50000000 	1.1130014330
-4.00000000 8.00000000 	1.1130014330
-3.50000000 -12.00000000 	0.0810295541
-3.50000000 -11.50000000 	0.0810295541
-3.50000000 -11.00000000 	0.0810295541
-3.50000000 -10.50000000 	0.0810295541
-3.50000000 -10.00000000 	0.0810295541
-3.50000000 -9.50000000 	0.0810295541
-3.50000000 -9.00000000 	0.0810295541
-3.50000000 -8.50000000 	0.0810295541
-3.50000000 -8.00000000 	0.0810295541
-3.50000000 -7.50000000 	0.0810295541
-3.50000000 -7.00000000 	0.0810295541
-3.50000000 -6.50000000 	0.0810295541
-3.50000000 -6.00000000 	0.0810295541
-3.50000000 -5.50000000 	0.0810295541
-3.50000000 -5.00000000 	0.0810295541
-3.50000000 -4.50000000 	0.0810295541
-3.50000000 -4.00000000 	0.0810295541
-3.50000000 -3.50000000 	0.0810295541
-3.50000000 -3.00000000 	0.0810295541
-3.50000000 -2.50000000 	0.0810295541
-3.50000000 -2.00000000 	0.0810295541
-3.50000000 -1.50000000 	0.0810295541
-3.50000000 -1.00000000 	0.0810295541
-3.50000000 -0.50000000 	0.0810295541
-3.50000000 0.00000000 	0.0810295541
-3.50000000 0.50000000 	0.0810295541
-3.50000000 1.00000000 	0.0810295541
-3.50000000 1.50000000 	0.0810295541
-3.50000000 2.00000000 	0.0810295541
-3.50000000 2.50000000 	0.0810295541
-3.50000000 3.00000000 	0.0810295541
-3.50000000 3.50000000 	0.0810295541
-3.50000000 4.00000000 	0.0810295541
-3.50000000 4.50000000 	0.0810295541
-3.50000000 5.00000000 	0.0810295541
-3.50000000 5.50000000 	0.0810295541
-3.50000000 6.00000000 	0.0810295541
-3.50000000 6.50000000 	0.0810295541
-3.50000000 7.00000000 	0.0810295541
-3.50000000 7.50000000 	0.0810295541
-3.50000000 8.00000000 	0.0810295541
-3.00000000 -12.00000000 	0.0000000000
-3.00000000 -11.50000000 	0.0000000000
-3.00000000 -11.00000000 	0.0000000000
-3.00000000 -10.50000000 	0.0000000000
-3.00000000 -10.00000000 	0.0000000000
-3.00000000 -9.50000000 	0.0000000000
-3.00000000 -9.00000000 	0.0000000000
-3.00000000 -8.50000000 	0.0000000000
-3.00000000 -8.00000000 	0.0000000000
-3.00000000 -7.50000000 	0.0000000000
-3.00000000 -7.00000000 	0.0000000000
-3.00000000 -6.50000000 	0.0000000000
-3.00000000 -6.00000000 	0.0000000000
-3.00000000 -5.50000000 	0.0000000000
-3.00000000 -5.00000000 	0.0000000000
-3.00000000 -4.50000000 	0.0000000000
-3.00000000 -4.00000000 	0.0000000000
-3.00000000 -3.50000000 	0.0000000000
-3.00000000 -3.00000000 	0.0000000000
-3.00000000 -2.50000000 	0.0000000000
-3.00000000 -2.00000000 	0.0000009837
-3.00000000 -1.50000000 	0.0000245948
-3.00000000 -1.00000000 	0.0002410736
-3.00000000 -0.50000000 	0.0011623589
-3.00000000 0.00000000 	0.0028697299
-3.00000000 0.50000000 	0.0037917208
-3.00000000 1.00000000 	0.0040075362
-3.00000000 1.50000000 	0.0040075362
-3.00000000 2.00000000 	0.0037917208
-3.00000000 2.50000000 	0.0028697299
-3.00000000 3.00000000 	0.0011623589
-3.00000000 3.50000000 	0.0002410736
-3.00000000 4.00000000 	0.0000245948
-3.00000000 4.50000000 	0.0000009837
-3.00000000 5.00000000 	0.0000000000
-3.00000000 5.50000000 	0.0000000000
-3.00000000 6.00000000 	0.0000000000
-3.00000000 6.50000000 	0.0000000000
-3.00000000 7.00000000 	0.0000000000
-3.00000000 7.50000000 	0.0000000000
-3.00000000 8.00000000 	0.0000000000
-2.50000000 -12.00000000 	0.0000000000
-2.50000000 -11.50000000 	0.0000000000
-2.50000000 -11.00000000 	0.0000000000
-2.50000000 -10.50000000 	0.0000000000
-2.50000000 -10.00000000 	0.0000000000
-2.50000000 -9.50000000 	0.0000000000
-2.50000000 -9.00000000 	0.0000000000
-2.50000000 -8.50000000 	0.0000000000
-2.50000000 -8.00000000 	0.0000000000
-2.50000000 -7.50000000 	0.0000000000
-2.50000000 -7.00000000 	0.0000000000
-2.50000000 -6.50000000 	0.0000000000
-2.50000000 -6.00000000 	0.0000000000
-2.50000000 -5.50000000 	0.0000000000
-2.50000000 -5.00000000 	0.0000000000
-2.50000000 -4.50000000 	0.0000000000
-2.50000000 -4.00000000 	0.0000000000
-2.50000000 -3.50000000 	0.0000000000
-2.50000000 -3.00000000 	0.0000000000
-2.50000000 -2.50000000 	0.0000009837
-2.50000000 -2.00000000 	0.0000423249
-2.50000000 -1.50000000 	0.0006847245
-2.50000000 -1.00000000 	0.0055150738
-2.50000000 -0.50000000 	0.0238792127
-2.50000000 0.00000000 	0.0557151149
-2.50000000 0.50000000 	0.0726499246
-2.50000000 1.00000000 	0.0765917595
-2.50000000 1.50000000 	0.0765917595
-2.50000000 2.00000000 	0.0726499246
-2.50000000 2.50000000 	0.0557151149
-2.50000000 3.00000000 	0.0238792127
-2.50000000 3.50000000 	0.0055150738
-2.50000000 4.00000000 	0.0006847245
-2.50000000 4.50000000 	0.0000423249
-2.50000000 5.00000000 	0.0000009837
-2.50000000 5.50000000 	0.0000000000
-2.50000000 6.00000000 	0.0000000000
-2.50000000 6.50000000 	0.0000000000
-2.50000000 7.00000000 	0.0000000000
-2.50000000 7.50000000 	0.0000000000
-2.50000000 8.00000000 	0.0000000000
-2.00000000 -12.00000000 	0.0000000000
-2.00000000 -11.50000000 	0.0000000000
-2.00000000 -11.00000000 	0.0000000000
-2.00000000 -10.50000000 	0.0000000000
-2.00000000 -10.00000000 	0.0000000000
-2.00000000 -9.50000000 	0.0000000000
-2.00000000 -9.00000000 	0.0000000000
-2.00000000 -8.50000000 	0.0000000000
-2.00000000 -8.00000000 	0.0000000000
-2.00000000 -7.50000000 	0.0000000000
-2.00000000 -7.00000000 	0.0000000000
-2.00000000 -6.50000000 	0.0000000000
-2.00000000 -6.00000000 	0.0000000000
-2.00000000 -5.50000000 	0.0000000000
-2.00000000 -5.00000000 	0.0000000000
-2.00000000 -4.50000000 	0.0000000000
-2.00000000 -4.00000000 	0.0000000000
-2.00000000 -3.50000000 	0.0000000000
-2.00000000 -3.00000000 	0.0000009837
-2.00000000 -2.50000000 	0.0000423249
-2.00000000 -2.00000000 	0.0007933878
-2.00000000 -1.50000000 	0.0082384707
-2.00000000 -1.00000000 	0.0506552276
-2.00000000 -0.50000000 	0.1852783572
-2.00000000 0.00000000 	0.3936367437
-2.00000000 0.50000000 	0.5014544651
-2.00000000 1.00000000 	0.5262836023
-2.00000000 1.50000000 	0.5262836023
-2.00000000 2.00000000 	0.5014544651
-2.00000000 2.50000000 	0.3936367437
-2.00000000 3.00000000 	0.1852783572
-2.00000000 3.50000000 	0.0506552276
-2.00000000 4.00000000 	0.0082384707
-2.00000000 4.50000000 	0.0007933878
-2.00000000 5.00000000 	0.0000423249
-2.00000000 5.50000000 	0.0000009837
-2.00000000 6.00000000 	0.0000000000
-2.00000000 6.50000000 	0.0000000000
-2.00000000 7.00000000 	0.0000000000
-2.00000000 7.50000000 	0.0000000000
-2.00000000 8.00000000 	0.0000000000
-1.50000000 -12.00000000 	0.0000000000
-1.50000000 -11.50000000 	0.0000000000
-1.50000000 -11.00000000 	0.0000000000
-1.50000000 -10.50000000 	0.0000000000
-1.50000000 -10.00000000 	0.0000000000
-1.50000000 -9.50000000 	0.0000000000
-1.50000000 -9.00000000 	0.0000000000
-1.50000000 -8.50000000 	0.0000000000
-1.50000000 -8.00000000 	0.0000000000
-1.50000000 -7.50000000 	0.0000000000
-1.50000000 -7.00000000 	0.0000000000
-1.50000000 -6.50000000 	0.0000000000
-1.50000000 -6.00000000 	0.0000000000
-1.50000000 -5.50000000 	0.0000000000
-1.50000000 -5.00000000 	0.0000000000
-1.50000000 -4.50000000 	0.0000000000
-1.50000000 -4.00000000 	0.0000000000
-1.50000000 -3.50000000 	0.0000000000
-1.50000000 -3.00000000 	0.0000186998
-1.50000000 -2.50000000 	0.0005765973
-1.50000000 -2.00000000 	0.0075475071
-1.50000000 -1.50000000 	0.0547980117
-1.50000000 -1.00000000 	0.2422500757
-1.50000000 -0.50000000 	0.6752069030
-1.50000000 0.00000000 	1.2030222508
-1.50000000 0.50000000 	1.4570698447
-1.50000000 1.00000000 	1.5137756925
-1.50000000 1.50000000 	1.5137756925
-1.50000000 2.00000000 	1.4570708865
-1.50000000 2.50000000 	1.2030468317
-1.50000000 3.00000000 	0.6754289588
-1.50000000 3.50000000 	0.2431839047
-1.50000000 4.00000000 	0.0565142786
-1.50000000 4.50000000 	0.0084713372
-1.50000000 5.00000000 	0.0007933878
-1.50000000 5.50000000 	0.0000423249
-1.50000000 6.00000000 	0.0000009837
-1.50000000 6.50000000 	0.0000000000
-1.50000000 7.00000000 	0.0000000000
-1.50000000 7.50000000 	0.0000000000
-1.50000000 8.00000000 	0.0000000000
-1.00000000 -12.00000000 	0.0000000000
-1.00000000 -11.50000000 	0.0000000000
-1.00000000 -11.00000000 	0.0000000000
-1.00000000 -10.50000000 	0.0000000000
-1.00000000 -10.00000000 	0.0000000000
-1.00000000 -9.50000000 	0.0000000000
-1.00000000 -9.00000000 	0.0000000000
-1.00000000 -8.50000000 	0.0000000000
-1.00000000 -8.00000000 	0.0000000000
-1.00000000 -7.50000000 	0.0000000000
-1.00000000 -7.00000000 	0.0000000000
-1.00000000 -6.50000000 	0.0000000000
-1.00000000 -6.00000000 	0.0000000000
-1.00000000 -5.50000000 	0.0000000000
-1.00000000 -5.00000000 	0.0000000000
-1.00000000 -4.50000000 	0.0000000000
-1.00000000 -4.00000000 	0.0000000000
-1.00000000 -3.50000000 	0.0000009837
-1.00000000 -3.00000000 	0.0001507363
-1.00000000 -2.50000000 	0.0036341903
-1.00000000 -2.00000000 	0.0380888851
-1.00000000 -1.50000000 	0.2112393831
-1.00000000 -1.00000000 	0.6600091973
-1.00000000 -0.50000000 	1.2095759261
-1.00000000 0.00000000 	1.4852090871
-1.00000000 0.50000000 	1.5526409024
-1.00000000 1.00000000 	1.5610671778
-1.00000000 1.50000000 	1.5610671778
-1.00000000 2.00000000 	1.5526600817
-1.00000000 2.50000000 	1.4856617435
-1.00000000 3.00000000 	1.2136520609
-1.00000000 3.50000000 	0.6770602739
-1.00000000 4.00000000 	0.2423963890
-1.00000000 4.50000000 	0.0548022708
-1.00000000 5.00000000 	0.0075475071
-1.00000000 5.50000000 	0.0005765973
-1.00000000 6.00000000 	0.0000186998
-1.00000000 6.50000000 	0.0000000000
-1.00000000 7.00000000 	0.0000000000
-1.00000000 7.50000000 	0.0000000000
-1.00000000 8.00000000 	0.0000000000
-0.50000000 -12.00000000 	0.0000000000
-0.50000000 -11.50000000 	0.0000000000
-0.50000000 -11.00000000 	0.0000000000
-0.50000000 -10.50000000 	0.0000000000
-0.50000000 -10.00000000 	0.0000000000
-0.50000000 -9.50000000 	0.0000000000
-0.50000000 -9.00000000 	0.0000000000
-0.50000000 -8.50000000 	0.0000000000
-0.50000000 -8.00000000 	0.0000000000
-0.50000000 -7.50000000 	0.0000000000
-0.50000000 -7.00000000 	0.0000000000
-0.50000000 -6.50000000 	0.0000000000
-0.50000000 -6.00000000 	0.0000000000
-0.50000000 -5.50000000 	0.0000000000
-0.50000000 -5.00000000 	0.0000000000
-0.50000000 -4.50000000 	0.0000000000
-0.50000000 -4.00000000 	0.0000000000
-0.50000000 -3.50000000 	0.0000186998
-0.50000000 -3.00000000 	0.0008079993
-0.50000000 -2.50000000 	0.0131322993
-0.50000000 -2.00000000 	0.1062670774
-0.50000000 -1.50000000 	0.4601144363
-0.50000000 -1.00000000 	1.0451081797
-0.50000000 -0.50000000 	1.1774145728
-0.50000000 0.00000000 	0.8464398713
-0.50000000 0.50000000 	0.6276778904
-0.50000000 1.00000000 	0.5740752206
-0.50000000 1.50000000 	0.5740752206
-0.50000000 2.00000000 	0.6277968221
-0.50000000 2.50000000 	0.8492604219
-0.50000000 3.00000000 	1.2028635537
-0.50000000 3.50000000 	1.1513810038
-0.50000000 4.00000000 	0.6531990494
-0.50000000 4.50000000 	0.2092783748
-0.50000000 5.00000000 	0.0371620475
-0.50000000 5.50000000 	0.0034171083
-0.50000000 6.00000000 	0.0001271020
-0.50000000 6.50000000 	0.0000000000
-0.50000000 7.00000000 	0.0000000000
-0.50000000 7.50000000 	0.0000000000
-0.50000000 8.00000000 	0.0000000000
0.00000000 -12.00000000 	0.0000000000
0.00000000 -11.50000000 	0.0000000000
0.00000000 -11.00000000 	0.0000000000
0.00000000 -10.50000000 	0.0000000000
0.00000000 -10.00000000 	0.0000000000
0.00000000 -9.50000000 	0.0000000000
0.00000000 -9.00000000 	0.0000000000
0.00000000 -8.50000000 	0.0000000000
0.00000000 -8.00000000 	0.0000000000
0.00000000 -7.50000000 	0.0000000000
0.00000000 -7.00000000 	0.0000000000
0.00000000 -6.50000000 	0.0000000000
0.00000000 -6.00000000 	0.0000000000
0.00000000 -5.50000000 	0.0000000000
0.00000000 -5.00000000 	0.0000000000
0.00000000 -4.50000000 	0.0000000000
0.00000000 -4.00000000 	0.0000000000
0.00000000 -3.50000000 	0.0001271020
0.00000000 -3.00000000 	0.0034189338
0.00000000 -2.50000000 	0.0369964044
0.00000000 -2.00000000 	0.2044837521
0.00000000 -1.50000000 	0.6040954326
0.00000000 -1.00000000 	0.9133533761
0.00000000 -0.50000000 	0.6530949471
0.00000000 0.00000000 	0.2791971820
0.00000000 0.50000000 	0.1199330986
0.00000000 1.00000000 	0.0880876140
0.00000000 1.50000000 	0.0880876140
0.00000000 2.00000000 	0.1201886140
0.00000000 2.50000000 	0.2852900602
0.00000000 3.00000000 	0.7083612226
0.00000000 3.50000000 	1.1448325068
0.00000000 4.00000000 	1.0240003374
0.00000000 4.50000000 	0.4268859104
0.00000000 5.00000000 	0.0885725309
0.00000000 5.50000000 	0.0089973726
0.00000000 6.00000000 	0.0003583823
0.00000000 6.50000000 	0.0000000000
0.00000000 7.00000000 	0.0000000000
0.00000000 7.50000000 	0.0000000000
0.00000000 8.00000000 	0.0000000000
0.50000000 -12.00000000 	0.0000000000
0.50000000 -11.50000000 	0.0000000000
0.50000000 -11.00000000 	0.0000000000
0.50000000 -10.50000000 	0.0000000000
0.50000000 -10.00000000 	0.0000000000
0.50000000 -9.50000000 	0.0000000000
0.50000000 -9.00000000 	0.0000000000
0.50000000 -8.50000000 	0.0000000000
0.50000000 -8.00000000 	0.0000000000
0.50000000 -7.50000000 	0.0000000000
0.50000000 -7.00000000 	0.0000000000
0.50000000 -6.50000000 	0.0000000000
0.50000000 -6.00000000 	0.0000000000
0.50000000 -5.50000000 	0.0000000000
0.50000000 -5.00000000 	0.0000000000
0.50000000 -4.50000000 	0.0000000000
0.50000000 -4.00000000 	0.0000000000
0.50000000 -3.50000000 	0.0003583823
0.50000000 -3.00000000 	0.0087657276
0.50000000 -2.50000000 	0.0828764035
0.50000000 -2.00000000 	0.3725712227
0.50000000 -1.50000000 	0.7761843736
0.50000000 -1.00000000 	0.6127946541
0.50000000 -0.50000000 	0.2518645789
0.50000000 0.00000000 	0.0627131849
0.50000000 0.50000000 	0.0125564759
0.50000000 1.00000000 	0.0051245209
0.50000000 1.50000000 	0.0051245209
0.50000000 2.00000000 	0.0125586497
0.50000000 2.50000000 	0.0627910159
0.50000000 3.00000000 	0.2528734342
0.50000000 3.50000000 	0.6182514864
0.50000000 4.00000000 	0.7872975834
0.50000000 4.50000000 	0.3769689533
0.50000000 5.00000000 	0.0835707931
0.50000000 5.50000000 	0.0088153874
0.50000000 6.00000000 	0.0003597990
0.50000000 6.50000000 	0.0000000000
0.50000000 7.00000000 	0.0000000000
0.50000000 7.50000000 	0.0000000000
0.50000000 8.00000000 	0.0000000000
1.00000000 -12.00000000 	0.0000000000
1.00000000 -11.50000000 	0.0000000000
1.00000000 -11.00000000 	0.0000000000
1.00000000 -10.50000000 	0.0000000000
1.00000000 -10.00000000 	0.0000000000
1.00000000 -9.50000000 	0.0000000000
1.00000000 -9.00000000 	0.0000000000
1.00000000 -8.50000000 	0.0000000000
1.00000000 -8.00000000 	0.0000000000
1.00000000 -7.50000000 	0.0000000000
1.00000000 -7.00000000 	0.0000000000
1.00000000 -6.50000000 	0.0000000000
1.00000000 -6.00000000 	0.0000000000
1.00000000 -5.50000000 	0.0000000000
1.00000000 -5.00000000 	0.0000000000
1.00000000 -4.50000000 	0.0000000000
1.00000000 -4.00000000 	0.0000000000
1.00000000 -3.50000000 	0.0003597990
1.00000000 -3.00000000 	0.0087057310
1.00000000 -2.50000000 	0.0808949172
1.00000000 -2.00000000 	0.3518072598
1.00000000 -1.50000000 	0.6760522858
1.00000000 -1.00000000 	0.3977283442
1.00000000 -0.50000000 	0.1072420918
1.00000000 0.00000000 	0.0150564816
1.00000000 0.50000000 	0.0011373533
1.00000000 1.00000000 	0.0000482972
1.00000000 1.50000000 	0.0000482972
1.00000000 2.00000000 	0.0008818134
1.00000000 2.50000000 	0.0089656394
1.00000000 3.00000000 	0.0519939069
1.00000000 3.50000000 	0.1661848718
1.00000000 4.00000000 	0.2555236850
1.00000000 4.50000000 	0.1289930021
1.00000000 5.00000000 	0.0292191777
1.00000000 5.50000000 	0.0031168172
1.00000000 6.00000000 	0.0001281083
1.00000000 6.50000000 	0.0000000000
1.00000000 7.00000000 	0.0000000000
1.00000000 7.50000000 	0.0000000000
1.00000000 8.00000000 	0.0000000000
1.50000000 -12.00000000 	0.0000000000
1.50000000 -11.50000000 	0.0000000000
1.50000000 -11.00000000 	0.0000000000
1.50000000 -10.50000000 	0.0000000000
1.50000000 -10.00000000 	0.0000000000
1.50000000 -9.50000000 	0.0000000000
1.50000000 -9.00000000 	0.0000000000
1.50000000 -8.50000000 	0.0000000000
1.50000000 -8.00000000 	0.0000000000
1.50000000 -7.50000000 	0.0000000000
1.50000000 -7.00000000 	0.0000000000
1.50000000 -6.50000000 	0.0000000000
1.50000000 -6.00000000 	0.0000000000
1.50000000 -5.50000000 	0.0000000000
1.50000000 -5.00000000 	0.0000000000
1.50000000 -4.50000000 	0.0000000000
1.50000000 -4.00000000 	0.0000000000
1.50000000 -3.50000000 	0.0001281083
1.50000000 -3.00000000 	0.0030987635
1.50000000 -2.50000000 	0.0287784291
1.50000000 -2.00000000 	0.1248572990
1.50000000 -1.50000000 	0.2374409485
1.50000000 -1.00000000 	0.1315438237
1.50000000 -0.50000000 	0.0318077257
1.50000000 0.00000000 	0.0036205772
1.50000000 0.50000000 	0.0001677265
1.50000000 1.00000000 	0.0000010991
1.50000000 1.50000000 	0.0000010991
1.50000000 2.00000000 	0.0000471981
1.50000000 2.50000000 	0.0007401972
1.50000000 3.00000000 	0.0055769884
1.50000000 3.50000000 	0.0211013260
1.50000000 4.00000000 	0.0360981398
1.50000000 4.50000000 	0.0186978233
1.50000000 5.00000000 	0.0042772704
1.50000000 5.50000000 	0.0004584296
1.50000000 6.00000000 	0.0000188941
1.50000000 6.50000000 	0.0000000000
1.50000000 7.00000000 	0.0000000000
1.50000000 7.50000000 	0.0000000000
1.50000000 8.00000000 	0.0000000000
2.00000000 -12.00000000 	0.0000000000
2.00000000 -11.50000000 	0.0000000000
2.00000000 -11.00000000 	0.0000000000
2.00000000 -10.50000000 	0.0000000000
2.00000000 -10.00000000 	0.0000000000
2.00000000 -9.50000000 	0.0000000000
2.00000000 -9.00000000 	0.0000000000
2.00000000 -8.50000000 	0.0000000000
2.00000000 -8.00000000 	0.0000000000
2.00000000 -7.50000000 	0.0000000000
2.00000000 -7.00000000 	0.0000000000
2.00000000 -6.50000000 	0.0000000000
2.00000000 -6.00000000 	0.0000000000
2.00000000 -5.50000000 	0.0000000000
2.00000000 -5.00000000 	0.0000000000
2.00000000 -4.50000000 	0.0000000000
2.00000000 -4.00000000 	0.0000000000
2.00000000 -3.50000000 	0.0000193710
2.00000000 -3.00000000 	0.0004690656
2.00000000 -2.50000000 	0.0043610569
2.00000000 -2.00000000 	0.0189332366
2.00000000 -1.50000000 	0.0359617310
2.00000000 -1.00000000 	0.0196828907
2.00000000 -0.50000000 	0.0046642089
2.00000000 0.00000000 	0.0005112083
2.00000000 0.50000000 	0.0000213607
2.00000000 1.00000000 	0.0000000000
2.00000000 1.50000000 	0.0000000000
2.00000000 2.00000000 	0.0000010991
2.00000000 2.50000000 	0.0000263259
2.00000000 3.00000000 	0.0002404147
2.00000000 3.50000000 	0.0010153626
2.00000000 4.00000000 	0.0018558770
2.00000000 4.50000000 	0.0009758566
2.00000000 5.00000000 	0.0002245127
2.00000000 5.50000000 	0.0000241260
2.00000000 6.00000000 	0.0000009956
2.00000000 6.50000000 	0.0000000000
2.00000000 7.00000000 	0.0000000000
2.00000000 7.50000000 	0.0000000000
2.00000000 8.00000000 	0.0000000000
