-8.00000000 -12.00000000 	0.0000000000
-8.00000000 -11.50000000 	0.0000000000
-8.00000000 -11.00000000 	0.0000000000
-8.00000000 -10.50000000 	0.0000000000
-8.00000000 -10.00000000 	0.0000000000
-8.00000000 -9.50000000 	0.0000000000
-8.00000000 -9.00000000 	0.0000000000
-8.00000000 -8.50000000 	0.0000000000
-8.00000000 -8.00000000 	0.0000000000
-8.00000000 -7.50000000 	0.0000000000
-8.00000000 -7.00000000 	0.0000000000
-8.00000000 -6.50000000 	0.0000000000
-8.00000000 -6.00000000 	0.0000000000
-8.00000000 -5.50000000 	0.0000000000
-8.00000000 -5.00000000 	0.0000000000
-8.00000000 -4.50000000 	0.0000000000
-8.00000000 -4.00000000 	0.0000000000
-8.00000000 -3.50000000 	0.0000000000
-8.00000000 -3.00000000 	0.0000000000
-8.00000000 -2.50000000 	0.0000000000
-8.00000000 -2.00000000 	0.0000000000
-8.00000000 -1.50000000 	0.0000000000
-8.00000000 -1.00000000 	0.0000000000
-8.00000000 -0.50000000 	0.0000000000
-8.00000000 0.00000000 	0.0000000000
-8.00000000 0.50000000 	0.0000000000
-8.00000000 1.00000000 	0.0000000000
-8.00000000 1.50000000 	0.0000000000
-8.00000000 2.00000000 	0.0000000000
-8.00000000 2.50000000 	0.0000000000
-8.00000000 3.00000000 	0.0000000000
-8.00000000 3.50000000 	0.0000000000
-8.00000000 4.00000000 	0.0000000000
-8.00000000 4.50000000 	0.0000000000
-8.00000000 5.00000000 	0.0000000000
-8.00000000 5.50000000 	0.0000000000
-8.00000000 6.00000000 	0.0000000000
-8.00000000 6.50000000 	0.0000000000
-8.00000000 7.00000000 	0.0000000000
-8.00000000 7.50000000 	0.0000000000
-8.00000000 8.00000000 	0.0000000000
-7.50000000 -12.00000000 	0.0000000000
-7.50000000 -11.50000000 	0.0000000000
-7.50000000 -11.00000000 	0.0000000000
-7.50000000 -10.50000000 	0.0000000000
-7.50000000 -10.00000000 	0.0000000000
-7.50000000 -9.50000000 	0.0000000000
-7.50000000 -9.00000000 	0.0000000000
-7.50000000 -8.50000000 	0.0000000000
-7.50000000 -8.00000000 	0.0000000000
-7.50000000 -7.50000000 	0.0000000000
-7.50000000 -7.00000000 	0.0000000000
-7.50000000 -6.50000000 	0.0000000000
-7.50000000 -6.00000000 	0.0000000000
-7.50000000 -5.50000000 	0.0000000000
-7.50000000 -5.00000000 	0.0000000000
-7.50000000 -4.50000000 	0.0000000000
-7.50000000 -4.00000000 	0.0000000000
-7.50000000 -3.50000000 	0.0000000000
-7.50000000 -3.00000000 	0.0000000000
-7.50000000 -2.50000000 	0.0000000000
-7.50000000 -2.00000000 	0.0000000000
-7.50000000 -1.50000000 	0.0000000000
-7.50000000 -1.00000000 	0.0000000000
-7.50000000 -0.50000000 	0.0000000000
-7.50000000 0.00000000 	0.0000000000
-7.50000000 0.50000000 	0.0000000000
-7.50000000 1.00000000 	0.0000000000
-7.50000000 1.50000000 	0.0000000000
-7.50000000 2.00000000 	0.0000000000
-7.50000000 2.50000000 	0.0000000000
-7.50000000 3.00000000 	0.0000000000
-7.50000000 3.50000000 	0.0000000000
-7.50000000 4.00000000 	0.0000000000
-7.50000000 4.50000000 	0.0000000000
-7.50000000 5.00000000 	0.0000000000
-7.50000000 5.50000000 	0.0000000000
-7.50000000 6.00000000 	0.0000000000
-7.50000000 6.50000000 	0.0000000000
-7.50000000 7.00000000 	0.0000000000
-7.50000000 7.50000000 	0.0000000000
-7.50000000 8.00000000 	0.0000000000
-7.00000000 -12.00000000 	0.0000000000
-7.00000000 -11.50000000 	0.0000000000
-7.00000000 -11.00000000 	0.0000000000
-7.00000000 -10.50000000 	0.0000000000
-7.00000000 -10.00000000 	0.0000000000
-7.00000000 -9.50000000 	0.0000000000
-7.00000000 -9.00000000 	0.0000000000
-7.00000000 -8.50000000 	0.0000000000
-7.00000000 -8.00000000 	0.0000000000
-7.00000000 -7.50000000 	0.0000000000
-7.00000000 -7.00000000 	0.0000000000
-7.00000000 -6.50000000 	0.0000000000
-7.00000000 -6.00000000 	0.0000000000
-7.00000000 -5.50000000 	0.0000000000
-7.00000000 -5.00000000 	0.0000000000
-7.00000000 -4.50000000 	0.0000000000
-7.00000000 -4.00000000 	0.0000000000
-7.00000000 -3.50000000 	0.0000000000
-7.00000000 -3.00000000 	0.0000000000
-7.00000000 -2.50000000 	0.0000000000
-7.00000000 -2.00000000 	0.0000000000
-7.00000000 -1.50000000 	0.0000000000
-7.00000000 -1.00000000 	0.0000000000
-7.00000000 -0.50000000 	0.0000000000
-7.00000000 0.00000000 	0.0000000000
-7.00000000 0.50000000 	0.0000000000
-7.00000000 1.00000000 	0.0000000000
-7.00000000 1.50000000 	0.0000000000
-7.00000000 2.00000000 	0.0000000000
-7.00000000 2.50000000 	0.0000000000
-7.00000000 3.00000000 	0.0000000000
-7.00000000 3.50000000 	0.0000000000
-7.00000000 4.00000000 	0.0000000000
-7.00000000 4.50000000 	0.0000000000
-7.00000000 5.00000000 	0.0000000000
-7.00000000 5.50000000 	0.0000000000
-7.00000000 6.00000000 	0.0000000000
-7.00000000 6.50000000 	0.0000000000
-7.00000000 7.00000000 	0.0000000000
-7.00000000 7.50000000 	0.0000000000
-7.00000000 8.00000000 	0.0000000000
-6.50000000 -12.00000000 	0.0000000000
-6.50000000 -11.50000000 	0.0000000000
-6.50000000 -11.00000000 	0.0000000000
-6.50000000 -10.50000000 	0.0000000000
-6.50000000 -10.00000000 	0.0000000000
-6.50000000 -9.50000000 	0.0000000000
-6.50000000 -9.00000000 	0.0000000000
-6.50000000 -8.50000000 	0.0000000000
-6.50000000 -8.00000000 	0.0000000000
-6.50000000 -7.50000000 	0.0000000000
-6.50000000 -7.00000000 	0.0000000000
-6.50000000 -6.50000000 	0.0000000000
-6.50000000 -6.00000000 	0.0000000000
-6.50000000 -5.50000000 	0.0000000000
-6.50000000 -5.00000000 	0.0000000000
-6.50000000 -4.50000000 	0.0000000000
-6.50000000 -4.00000000 	0.0000000000
-6.50000000 -3.50000000 	0.0000000000
-6.50000000 -3.00000000 	0.0000000000
-6.50000000 -2.50000000 	0.0000000000
-6.50000000 -2.00000000 	0.0000000000
-6.50000000 -1.50000000 	0.0000000000
-6.50000000 -1.00000000 	0.0000000000
-6.50000000 -0.50000000 	0.0000000000
-6.50000000 0.00000000 	0.0000000000
-6.50000000 0.50000000 	0.0000000000
-6.50000000 1.00000000 	0.0000000000
-6.50000000 1.50000000 	0.0000000000
-6.50000000 2.00000000 	0.0000000000
-6.50000000 2.50000000 	0.0000000000
-6.50000000 3.00000000 	0.0000000000
-6.50000000 3.50000000 	0.0000000000
-6.50000000 4.00000000 	0.0000000000
-6.50000000 4.50000000 	0.0000000000
-6.50000000 5.00000000 	0.0000000000
-6.50000000 5.50000000 	0.0000000000
-6.50000000 6.00000000 	0.0000000000
-6.50000000 6.50000000 	0.0000000000
-6.50000000 7.00000000 	0.0000000000
-6.50000000 7.50000000 	0.0000000000
-6.50000000 8.00000000 	0.0000000000
-6.00000000 -12.00000000 	0.0000000000
-6.00000000 -11.50000000 	0.0000000000
-6.00000000 -11.00000000 	0.0000000000
-6.00000000 -10.50000000 	0.0000000000
-6.00000000 -10.00000000 	0.0000000000
-6.00000000 -9.50000000 	0.0000000000
-6.00000000 -9.00000000 	0.0000000000
-6.00000000 -8.50000000 	0.0000000000
-6.00000000 -8.00000000 	0.0000000000
-6.00000000 -7.50000000 	0.0000000000
-6.00000000 -7.00000000 	0.0000000000
-6.00000000 -6.50000000 	0.0000000000
-6.00000000 -6.00000000 	0.0000000000
-6.00000000 -5.50000000 	0.0000000000
-6.00000000 -5.00000000 	0.0000000000
-6.00000000 -4.50000000 	0.0000000000
-6.00000000 -4.00000000 	0.0000000000
-6.00000000 -3.50000000 	0.0000000000
-6.00000000 -3.00000000 	0.0000000000
-6.00000000 -2.50000000 	0.0000000000
-6.00000000 -2.00000000 	0.0000000000
-6.00000000 -1.50000000 	0.0000000000
-6.00000000 -1.00000000 	0.0000000000
-6.00000000 -0.50000000 	0.0000000000
-6.00000000 0.00000000 	0.0000000000
-6.00000000 0.50000000 	0.0000000000
-6.00000000 1.00000000 	0.0000000000
-6.00000000 1.50000000 	0.0000000000
-6.00000000 2.00000000 	0.0000000000
-6.00000000 2.50000000 	0.0000000000
-6.00000000 3.00000000 	0.0000000000
-6.00000000 3.50000000 	0.0000000000
-6.00000000 4.00000000 	0.0000000000
-6.00000000 4.50000000 	0.0000000000
-6.00000000 5.00000000 	0.0000000000
-6.00000000 5.50000000 	0.0000000000
-6.00000000 6.00000000 	0.0000000000
-6.00000000 6.50000000 	0.0000000000
-6.00000000 7.00000000 	0.0000000000
-6.00000000 7.50000000 	0.0000000000
-6.00000000 8.00000000 	0.0000000000
-5.50000000 -12.00000000 	0.0000000000
-5.50000000 -11.50000000 	0.0000000000
-5.50000000 -11.00000000 	0.0000000000
-5.50000000 -10.50000000 	0.0000000000
-5.50000000 -10.00000000 	0.0000000000
-5.50000000 -9.50000000 	0.0000000000
-5.50000000 -9.00000000 	0.0000000000
-5.50000000 -8.50000000 	0.0000000000
-5.50000000 -8.00000000 	0.0000000000
-5.50000000 -7.50000000 	0.0000000000
-5.50000000 -7.00000000 	0.0000000000
-5.50000000 -6.50000000 	0.0000000000
-5.50000000 -6.00000000 	0.0000000000
-5.50000000 -5.50000000 	0.0000000000
-5.50000000 -5.00000000 	0.0000000000
-5.50000000 -4.50000000 	0.0000000000
-5.50000000 -4.00000000 	0.0000000000
-5.50000000 -3.50000000 	0.0000000000
-5.50000000 -3.00000000 	0.0000000000
-5.50000000 -2.50000000 	0.0000000000
-5.50000000 -2.00000000 	0.0000000000
-5.50000000 -1.50000000 	0.0000000000
-5.50000000 -1.00000000 	0.0000000000
-5.50000000 -0.50000000 	0.0000000000
-5.50000000 0.00000000 	0.0000000000
-5.50000000 0.50000000 	0.0000000000
-5.50000000 1.00000000 	0.0000000000
-5.50000000 1.50000000 	0.0000000000
-5.50000000 2.00000000 	0.0000000000
-5.50000000 2.50000000 	0.0000000000
-5.50000000 3.00000000 	0.0000000000
-5.50000000 3.50000000 	0.0000000000
-5.50000000 4.00000000 	0.0000000000
-5.50000000 4.50000000 	0.0000000000
-5.50000000 5.00000000 	0.0000000000
-5.50000000 5.50000000 	0.0000000000
-5.50000000 6.00000000 	0.0000000000
-5.50000000 6.50000000 	0.0000000000
-5.50000000 7.00000000 	0.0000000000
-5.50000000 7.50000000 	0.0000000000
-5.50000000 8.00000000 	0.0000000000
-5.00000000 -12.00000000 	0.0000000000
-5.00000000 -11.50000000 	0.0000000000
-5.00000000 -11.00000000 	0.0000000000
-5.00000000 -10.50000000 	0.0000000000
-5.00000000 -10.00000000 	0.0000000000
-5.00000000 -9.50000000 	0.0000000000
-5.00000000 -9.00000000 	0.0000000000
-5.00000000 -8.50000000 	0.0000000000
-5.00000000 -8.00000000 	0.0000000000
-5.00000000 -7.50000000 	0.0000000000
-5.00000000 -7.00000000 	0.0000000000
-5.00000000 -6.50000000 	0.0000000000
-5.00000000 -6.00000000 	0.0000000000
-5.00000000 -5.50000000 	0.0000000000
-5.00000000 -5.00000000 	0.0000000000
-5.00000000 -4.50000000 	0.0000000000
-5.00000000 -4.00000000 	0.0000000000
-5.00000000 -3.50000000 	0.0000000000
-5.00000000 -3.00000000 	0.0000000000
-5.00000000 -2.50000000 	0.0000000000
-5.00000000 -2.00000000 	0.0000000000
-5.00000000 -1.50000000 	0.0000000000
-5.00000000 -1.00000000 	0.0000000000
-5.00000000 -0.50000000 	0.0000000000
-5.00000000 0.00000000 	0.0000000000
-5.00000000 0.50000000 	0.0000000000
-5.00000000 1.00000000 	0.0000000000
-5.00000000 1.50000000 	0.0000000000
-5.00000000 2.00000000 	0.0000000000
-5.00000000 2.50000000 	0.0000000000
-5.00000000 3.00000000 	0.0000000000
-5.00000000 3.50000000 	0.0000000000
-5.00000000 4.00000000 	0.0000000000
-5.00000000 4.50000000 	0.0000000000
-5.00000000 5.00000000 	0.0000000000
-5.00000000 5.50000000 	0.0000000000
-5.00000000 6.00000000 	0.0000000000
-5.00000000 6.50000000 	0.0000000000
-5.00000000 7.00000000 	0.0000000000
-5.00000000 7.50000000 	0.0000000000
-5.00000000 8.00000000 	0.0000000000
-4.50000000 -12.00000000 	0.0000000000
-4.50000000 -11.50000000 	0.0000000000
-4.50000000 -11.00000000 	0.0000000000
-4.50000000 -10.50000000 	0.0000000000
-4.50000000 -10.00000000 	0.0000000000
-4.50000000 -9.50000000 	0.0000000000
-4.50000000 -9.00000000 	0.0000000000
-4.50000000 -8.50000000 	0.0000000000
-4.50000000 -8.00000000 	0.0000000000
-4.50000000 -7.50000000 	0.0000000000
-4.50000000 -7.00000000 	0.0000000000
-4.50000000 -6.50000000 	0.0000000000
-4.50000000 -6.00000000 	0.0000000000
-4.50000000 -5.50000000 	0.0000000000
-4.50000000 -5.00000000 	0.0000000000
-4.50000000 -4.50000000 	0.0000000000
-4.50000000 -4.00000000 	0.0000000000
-4.50000000 -3.50000000 	0.0000000000
-4.50000000 -3.00000000 	0.0000000000
-4.50000000 -2.50000000 	0.0000000000
-4.50000000 -2.00000000 	0.0000000000
-4.50000000 -1.50000000 	0.0000000000
-4.50000000 -1.00000000 	0.0000000000
-4.50000000 -0.50000000 	0.0000000000
-4.50000000 0.00000000 	0.0000000000
-4.50000000 0.50000000 	0.0000000000
-4.50000000 1.00000000 	0.0000000000
-4.50000000 1.50000000 	0.0000000000
-4.50000000 2.00000000 	0.0000000000
-4.50000000 2.50000000 	0.0000000000
-4.50000000 3.00000000 	0.0000000000
-4.50000000 3.50000000 	0.0000000000
-4.50000000 4.00000000 	0.0000000000
-4.50000000 4.50000000 	0.0000000000
-4.50000000 5.00000000 	0.0000000000
-4.50000000 5.50000000 	0.0000000000
-4.50000000 6.00000000 	0.0000000000
-4.50000000 6.50000000 	0.0000000000
-4.50000000 7.00000000 	0.0000000000
-4.50000000 7.50000000 	0.0000000000
-4.50000000 8.00000000 	0.0000000000
-4.00000000 -12.00000000 	0.0000000000
-4.00000000 -11.50000000 	0.0000000000
-4.00000000 -11.00000000 	0.0000000000
-4.00000000 -10.50000000 	0.0000000000
-4.00000000 -10.00000000 	0.0000000000
-4.00000000 -9.50000000 	0.0000000000
-4.00000000 -9.00000000 	0.0000000000
-4.00000000 -8.50000000 	0.0000000000
-4.00000000 -8.00000000 	0.0000000000
-4.00000000 -7.50000000 	0.0000000000
-4.00000000 -7.00000000 	0.0000000000
-4.00000000 -6.50000000 	0.0000000000
-4.00000000 -6.00000000 	0.0000000000
-4.00000000 -5.50000000 	0.0000000000
-4.00000000 -5.00000000 	0.0000000000
-4.00000000 -4.50000000 	0.0000000000
-4.00000000 -4.00000000 	0.0000000000
-4.00000000 -3.50000000 	0.0000000000
-4.00000000 -3.00000000 	0.0000000000
-4.00000000 -2.50000000 	0.0000000000
-4.00000000 -2.00000000 	0.0000000000
-4.00000000 -1.50000000 	0.0000000000
-4.00000000 -1.00000000 	0.0000000000
-4.00000000 -0.50000000 	0.0000000000
-4.00000000 0.00000000 	0.0000000000
-4.00000000 0.50000000 	0.0000000000
-4.00000000 1.00000000 	0.0000000000
-4.00000000 1.50000000 	0.0000000000
-4.00000000 2.00000000 	0.0000000000
-4.00000000 2.50000000 	0.0000000000
-4.00000000 3.00000000 	0.0000000000
-4.00000000 3.50000000 	0.0000000000
-4.00000000 4.00000000 	0.0000000000
-4.00000000 4.50000000 	0.0000000000
-4.00000000 5.00000000 	0.0000000000
-4.00000000 5.50000000 	0.0000000000
-4.00000000 6.00000000 	0.0000000000
-4.00000000 6.50000000 	0.0000000000
-4.00000000 7.00000000 	0.0000000000
-4.00000000 7.50000000 	0.0000000000
-4.00000000 8.00000000 	0.0000000000
-3.50000000 -12.00000000 	0.0000000000
-3.50000000 -11.50000000 	0.0000000000
-3.50000000 -11.00000000 	0.0000000000
-3.50000000 -10.50000000 	0.0000000000
-3.50000000 -10.00000000 	0.0000000000
-3.50000000 -9.50000000 	0.0000000000
-3.50000000 -9.00000000 	0.0000000000
-3.50000000 -8.50000000 	0.0000000000
-3.50000000 -8.00000000 	0.0000000000
-3.50000000 -7.50000000 	0.0000000000
-3.50000000 -7.00000000 	0.0000000000
-3.50000000 -6.50000000 	0.0000000000
-3.50000000 -6.00000000 	0.0000000000
-3.50000000 -5.50000000 	0.0000000000
-3.50000000 -5.00000000 	0.0000000000
-3.50000000 -4.50000000 	0.0000000000
-3.50000000 -4.00000000 	0.0000000000
-3.50000000 -3.50000000 	0.0000000000
-3.50000000 -3.00000000 	0.0000000000
-3.50000000 -2.50000000 	0.0000000000
-3.50000000 -2.00000000 	0.0000000000
-3.50000000 -1.50000000 	0.0000000000
-3.50000000 -1.00000000 	0.0000000000
-3.50000000 -0.50000000 	0.0000000000
-3.50000000 0.00000000 	0.0000000000
-3.50000000 0.50000000 	0.0000000000
-3.50000000 1.00000000 	0.0000000000
-3.50000000 1.50000000 	0.0000000000
-3.50000000 2.00000000 	0.0000000000
-3.50000000 2.50000000 	0.0000000000
-3.50000000 3.00000000 	0.0000000000
-3.50000000 3.50000000 	0.0000000000
-3.50000000 4.00000000 	0.0000000000
-3.50000000 4.50000000 	0.0000000000
-3.50000000 5.00000000 	0.0000000000
-3.50000000 5.50000000 	0.0000000000
-3.50000000 6.00000000 	0.0000000000
-3.50000000 6.50000000 	0.0000000000
-3.50000000 7.00000000 	0.0000000000
-3.50000000 7.50000000 	0.0000000000
-3.50000000 8.00000000 	0.0000000000
-3.00000000 -12.00000000 	0.0000000000
-3.00000000 -11.50000000 	0.0000000000
-3.00000000 -11.00000000 	0.0000000000
-3.00000000 -10.50000000 	0.0000000000
-3.00000000 -10.00000000 	0.0000000000
-3.00000000 -9.50000000 	0.0000000000
-3.00000000 -9.00000000 	0.0000000000
-3.00000000 -8.50000000 	0.0000000000
-3.00000000 -8.00000000 	0.0000000000
-3.00000000 -7.50000000 	0.0000000000
-3.00000000 -7.00000000 	0.0000000000
-3.00000000 -6.50000000 	0.0000000000
-3.00000000 -6.00000000 	0.0000000000
-3.00000000 -5.50000000 	0.0000000000
-3.00000000 -5.00000000 	0.0000000000
-3.00000000 -4.50000000 	0.0000000000
-3.00000000 -4.00000000 	0.0000000000
-3.00000000 -3.50000000 	0.0000000000
-3.00000000 -3.00000000 	0.0000000000
-3.00000000 -2.50000000 	0.0000000000
-3.00000000 -2.00000000 	0.0000000000
-3.00000000 -1.50000000 	0.0000000000
-3.00000000 -1.00000000 	0.0000000000
-3.00000000 -0.50000000 	0.0000000000
-3.00000000 0.00000000 	0.0000000000
-3.00000000 0.50000000 	0.0000000000
-3.00000000 1.00000000 	0.0000000000
-3.00000000 1.50000000 	0.0000000000
-3.00000000 2.00000000 	0.0000000000
-3.00000000 2.50000000 	0.0000000000
-3.00000000 3.00000000 	0.0000000000
-3.00000000 3.50000000 	0.0000000000
-3.00000000 4.00000000 	0.0000000000
-3.00000000 4.50000000 	0.0000000000
-3.00000000 5.00000000 	0.0000000000
-3.00000000 5.50000000 	0.0000000000
-3.00000000 6.00000000 	0.0000000000
-3.00000000 6.50000000 	0.0000000000
-3.00000000 7.00000000 	0.0000000000
-3.00000000 7.50000000 	0.0000000000
-3.00000000 8.00000000 	0.0000000000
-2.50000000 -12.00000000 	0.0000000000
-2.50000000 -11.50000000 	0.0000000000
-2.50000000 -11.00000000 	0.0000000000
-2.50000000 -10.50000000 	0.0000000000
-2.50000000 -10.00000000 	0.0000000000
-2.50000000 -9.50000000 	0.0000000000
-2.50000000 -9.00000000 	0.0000000000
-2.50000000 -8.50000000 	0.0000000000
-2.50000000 -8.00000000 	0.0000000000
-2.50000000 -7.50000000 	0.0000000000
-2.50000000 -7.00000000 	0.0000000000
-2.50000000 -6.50000000 	0.0000000000
-2.50000000 -6.00000000 	0.0000000000
-2.50000000 -5.50000000 	0.0000000000
-2.50000000 -5.00000000 	0.0000000000
-2.50000000 -4.50000000 	0.0000000000
-2.50000000 -4.00000000 	0.0000000000
-2.50000000 -3.50000000 	0.0000000000
-2.50000000 -3.00000000 	0.0000000000
-2.50000000 -2.50000000 	0.0000000000
-2.50000000 -2.00000000 	0.0000000000
-2.50000000 -1.50000000 	0.0000000000
-2.50000000 -1.00000000 	0.0000000000
-2.50000000 -0.50000000 	0.0000000000
-2.50000000 0.00000000 	0.0000000000
-2.50000000 0.50000000 	0.0000000000
-2.50000000 1.00000000 	0.0000000000
-2.50000000 1.50000000 	0.0000000000
-2.50000000 2.00000000 	0.0000000000
-2.50000000 2.50000000 	0.0000000000
-2.50000000 3.00000000 	0.0000000000
-2.50000000 3.50000000 	0.0000000000
-2.50000000 4.00000000 	0.0000000000
-2.50000000 4.50000000 	0.0000000000
-2.50000000 5.00000000 	0.0000000000
-2.50000000 5.50000000 	0.0000000000
-2.50000000 6.00000000 	0.0000000000
-2.50000000 6.50000000 	0.0000000000
-2.50000000 7.00000000 	0.0000000000
-2.50000000 7.50000000 	0.0000000000
-2.50000000 8.00000000 	0.0000000000
-2.00000000 -12.00000000 	0.0374208966
-2.00000000 -11.50000000 	0.0374208966
-2.00000000 -11.00000000 	0.0374208966
-2.00000000 -10.50000000 	0.0374208966
-2.00000000 -10.00000000 	0.0374208966
-2.00000000 -9.50000000 	0.0374208966
-2.00000000 -9.00000000 	0.0374208966
-2.00000000 -8.50000000 	0.0374208966
-2.00000000 -8.00000000 	0.0374208966
-2.00000000 -7.50000000 	0.0374208966
-2.00000000 -7.00000000 	0.0374208966
-2.00000000 -6.50000000 	0.0374208966
-2.00000000 -6.00000000 	0.0374208966
-2.00000000 -5.50000000 	0.0374208966
-2.00000000 -5.00000000 	0.0374208966
-2.00000000 -4.50000000 	0.0374208966
-2.00000000 -4.00000000 	0.0374208966
-2.00000000 -3.50000000 	0.0374208966
-2.00000000 -3.00000000 	0.0374208966
-2.00000000 -2.50000000 	0.0374208966
-2.00000000 -2.00000000 	0.0374208966
-2.00000000 -1.50000000 	0.0374208966
-2.00000000 -1.00000000 	0.0374208966
-2.00000000 -0.50000000 	0.0374208966
-2.00000000 0.00000000 	0.0374208966
-2.00000000 0.50000000 	0.0374208966
-2.00000000 1.00000000 	0.0374208966
-2.00000000 1.50000000 	0.0374208966
-2.00000000 2.00000000 	0.0374208966
-2.00000000 2.50000000 	0.0374208966
-2.00000000 3.00000000 	0.0374208966
-2.00000000 3.50000000 	0.0374208966
-2.00000000 4.00000000 	0.0374208966
-2.00000000 4.50000000 	0.0374208966
-2.00000000 5.00000000 	0.0374208966
-2.00000000 5.50000000 	0.0374208966
-2.00000000 6.00000000 	0.0374208966
-2.00000000 6.50000000 	0.0374208966
-2.00000000 7.00000000 	0.0374208966
-2.00000000 7.50000000 	0.0374208966
-2.00000000 8.00000000 	0.0374208966
-1.50000000 -12.00000000 	0.5984144566
-1.50000000 -11.50000000 	0.5984144566
-1.50000000 -11.00000000 	0.5984144566
-1.50000000 -10.50000000 	0.5984144566
-1.50000000 -10.00000000 	0.5984144566
-1.50000000 -9.50000000 	0.5984144566
-1.50000000 -9.00000000 	0.5984144566
-1.50000000 -8.50000000 	0.5984144566
-1.50000000 -8.00000000 	0.5984144566
-1.50000000 -7.50000000 	0.5984144566
-1.50000000 -7.00000000 	0.5984144566
-1.50000000 -6.50000000 	0.5984144566
-1.50000000 -6.00000000 	0.5984144566
-1.50000000 -5.50000000 	0.5984144566
-1.50000000 -5.00000000 	0.5984144566
-1.50000000 -4.50000000 	0.5984144566
-1.50000000 -4.00000000 	0.5984144566
-1.50000000 -3.50000000 	0.5984144566
-1.50000000 -3.00000000 	0.5984144566
-1.50000000 -2.50000000 	0.5984144566
-1.50000000 -2.00000000 	0.5984144566
-1.50000000 -1.50000000 	0.5984144566
-1.50000000 -1.00000000 	0.5984144566
-1.50000000 -0.50000000 	0.5984144566
-1.50000000 0.00000000 	0.5984144566
-1.50000000 0.50000000 	0.5984144566
-1.50000000 1.00000000 	0.5984144566
-1.50000000 1.50000000 	0.5984144566
-1.50000000 2.00000000 	0.5984144566
-1.50000000 2.50000000 	0.5984144566
-1.50000000 3.00000000 	0.5984144566
-1.50000000 3.50000000 	0.5984144566
-1.50000000 4.00000000 	0.5984144566
-1.50000000 4.50000000 	0.5984144566
-1.50000000 5.00000000 	0.5984144566
-1.50000000 5.50000000 	0.5984144566
-1.50000000 6.00000000 	0.5984144566
-1.50000000 6.50000000 	0.5984144566
-1.50000000 7.00000000 	0.5984144566
-1.50000000 7.50000000 	0.5984144566
-1.50000000 8.00000000 	0.5984144566
-1.00000000 -12.00000000 	3.5902630501
-1.00000000 -11.50000000 	3.5902630501
-1.00000000 -11.00000000 	3.5902630501
-1.00000000 -10.50000000 	3.5902630501
-1.00000000 -10.00000000 	3.5902630501
-1.00000000 -9.50000000 	3.5902630501
-1.00000000 -9.00000000 	3.5902630501
-1.00000000 -8.50000000 	3.5902630501
-1.00000000 -8.00000000 	3.5902630501
-1.00000000 -7.50000000 	3.5902630501
-1.00000000 -7.00000000 	3.5902630501
-1.00000000 -6.50000000 	3.5902630501
-1.00000000 -6.00000000 	3.5902630501
-1.00000000 -5.50000000 	3.5902630501
-1.00000000 -5.00000000 	3.5902630501
-1.00000000 -4.50000000 	3.5902630501
-1.00000000 -4.00000000 	3.5902630501
-1.00000000 -3.50000000 	3.5902630501
-1.00000000 -3.00000000 	3.5902630501
-1.00000000 -2.50000000 	3.5902630501
-1.00000000 -2.00000000 	3.5902630501
-1.00000000 -1.50000000 	3.5902630501
-1.00000000 -1.00000000 	3.5902630501
-1.00000000 -0.50000000 	3.5902630501
-1.00000000 0.00000000 	3.5902630501
-1.00000000 0.50000000 	3.5902630501
-1.00000000 1.00000000 	3.5902630501
-1.00000000 1.50000000 	3.5902630501
-1.00000000 2.00000000 	3.5902630501
-1.00000000 2.50000000 	3.5902630501
-1.00000000 3.00000000 	3.5902630501
-1.00000000 3.50000000 	3.5902630501
-1.00000000 4.00000000 	3.5902630501
-1.00000000 4.50000000 	3.5902630501
-1.00000000 5.00000000 	3.5902630501
-1.00000000 5.50000000 	3.5902630501
-1.00000000 6.00000000 	3.5902630501
-1.00000000 6.50000000 	3.5902630501
-1.00000000 7.00000000 	3.5902630501
-1.00000000 7.50000000 	3.5902630501
-1.00000000 8.00000000 	3.5902630501
-0.50000000 -12.00000000 	9.2062147544
-0.50000000 -11.50000000 	9.2062147544
-0.50000000 -11.00000000 	9.2062147544
-0.50000000 -10.50000000 	9.2062147544
-0.50000000 -10.00000000 	9.2062147544
-0.50000000 -9.50000000 	9.2062147544
-0.50000000 -9.00000000 	9.2062147544
-0.50000000 -8.50000000 	9.2062147544
-0.50000000 -8.00000000 	9.2062147544
-0.50000000 -7.50000000 	9.2062147544
-0.50000000 -7.00000000 	9.2062147544
-0.50000000 -6.50000000 	9.2062147544
-0.50000000 -6.00000000 	9.2062147544
-0.50000000 -5.50000000 	9.2062147544
-0.50000000 -5.00000000 	9.2062147544
-0.50000000 -4.50000000 	9.2062147544
-0.50000000 -4.00000000 	9.2062147544
-0.50000000 -3.50000000 	9.2062147544
-0.50000000 -3.00000000 	9.2062147544
-0.50000000 -2.50000000 	9.2062147544
-0.50000000 -2.00000000 	9.2062147544
-0.50000000 -1.50000000 	9.2062147544
-0.50000000 -1.00000000 	9.2062147544
-0.50000000 -0.50000000 	9.2062147544
-0.50000000 0.00000000 	9.2062147544
-0.50000000 0.50000000 	9.2062147544
-0.50000000 1.00000000 	9.2062147544
-0.50000000 1.50000000 	9.2062147544
-0.50000000 2.00000000 	9.2062147544
-0.50000000 2.50000000 	9.2062147544
-0.50000000 3.00000000 	9.2062147544
-0.50000000 3.50000000 	9.2062147544
-0.50000000 4.00000000 	9.2062147544
-0.50000000 4.50000000 	9.2062147544
-0.50000000 5.00000000 	9.2062147544
-0.50000000 5.50000000 	9.2062147544
-0.50000000 6.00000000 	9.2062147544
-0.50000000 6.50000000 	9.2062147544
-0.50000000 7.00000000 	9.2062147544
-0.50000000 7.50000000 	9.2062147544
-0.50000000 8.00000000 	9.2062147544
0.00000000 -12.00000000 	6.2878786603
0.00000000 -11.50000000 	6.2878786603
0.00000000 -11.00000000 	6.2878786603
0.00000000 -10.50000000 	6.2878786603
0.00000000 -10.00000000 	6.2878786603
0.00000000 -9.50000000 	6.2878786603
0.00000000 -9.00000000 	6.2878786603
0.00000000 -8.50000000 	6.2878786603
0.00000000 -8.00000000 	6.2878786603
0.00000000 -7.50000000 	6.2878786603
0.00000000 -7.00000000 	6.2878786603
0.00000000 -6.50000000 	6.2878786603
0.00000000 -6.00000000 	6.2878786603
0.00000000 -5.50000000 	6.2878786603
0.00000000 -5.00000000 	6.2878786603
0.00000000 -4.50000000 	6.2878786603
0.00000000 -4.00000000 	6.2878786603
0.00000000 -3.50000000 	6.2878786603
0.00000000 -3.00000000 	6.2878786603
0.00000000 -2.50000000 	6.2878786603
0.00000000 -2.00000000 	6.2878786603
0.00000000 -1.50000000 	6.2878786603
0.00000000 -1.00000000 	6.2878786603
0.00000000 -0.50000000 	6.2878786603
0.00000000 0.00000000 	6.2878786603
0.00000000 0.50000000 	6.2878786603
0.00000000 1.00000000 	6.2878786603
0.00000000 1.50000000 	6.2878786603
0.00000000 2.00000000 	6.2878786603
0.00000000 2.50000000 	6.2878786603
0.00000000 3.00000000 	6.2878786603
0.00000000 3.50000000 	6.2878786603
0.00000000 4.00000000 	6.2878786603
0.00000000 4.50000000 	6.2878786603
0.00000000 5.00000000 	6.2878786603
0.00000000 5.50000000 	6.2878786603
0.00000000 6.00000000 	6.2878786603
0.00000000 6.50000000 	6.2878786603
0.00000000 7.00000000 	6.2878786603
0.00000000 7.50000000 	6.2878786603
0.00000000 8.00000000 	6.2878786603
0.50000000 -12.00000000 	-6.2878786603
0.50000000 -11.50000000 	-6.2878786603
0.50000000 -11.00000000 	-6.2878786603
0.50000000 -10.50000000 	-6.2878786603
0.50000000 -10.00000000 	-6.2878786603
0.50000000 -9.50000000 	-6.2878786603
0.50000000 -9.00000000 	-6.2878786603
0.50000000 -8.50000000 	-6.2878786603
0.50000000 -8.00000000 	-6.2878786603
0.50000000 -7.50000000 	-6.2878786603
0.50000000 -7.00000000 	-6.2878786603
0.50000000 -6.50000000 	-6.2878786603
0.50000000 -6.00000000 	-6.2878786603
0.50000000 -5.50000000 	-6.2878786603
0.50000000 -5.00000000 	-6.2878786603
0.50000000 -4.50000000 	-6.2878786603
0.50000000 -4.00000000 	-6.2878786603
0.50000000 -3.50000000 	-6.2878786603
0.50000000 -3.00000000 	-6.2878786603
0.50000000 -2.50000000 	-6.2878786603
0.50000000 -2.00000000 	-6.2878786603
0.50000000 -1.50000000 	-6.2878786603
0.50000000 -1.00000000 	-6.2878786603
0.50000000 -0.50000000 	-6.2878786603
0.50000000 0.00000000 	-6.2878786603
0.50000000 0.50000000 	-6.2878786603
0.50000000 1.00000000 	-6.2878786603
0.50000000 1.50000000 	-6.2878786603
0.50000000 2.00000000 	-6.2878786603
0.50000000 2.50000000 	-6.2878786603
0.50000000 3.00000000 	-6.2878786603
0.50000000 3.50000000 	-6.2878786603
0.50000000 4.00000000 	-6.2878786603
0.50000000 4.50000000 	-6.2878786603
0.50000000 5.00000000 	-6.2878786603
0.50000000 5.50000000 	-6.2878786603
0.50000000 6.00000000 	-6.2878786603
0.50000000 6.50000000 	-6.2878786603
0.50000000 7.00000000 	-6.2878786603
0.50000000 7.50000000 	-6.2878786603
0.50000000 8.00000000 	-6.2878786603
1.00000000 -12.00000000 	-9.2062147544
1.00000000 -11.50000000 	-9.2062147544
1.00000000 -11.00000000 	-9.2062147544
1.00000000 -10.50000000 	-9.2062147544
1.00000000 -10.00000000 	-9.2062147544
1.00000000 -9.50000000 	-9.2062147544
1.00000000 -9.00000000 	-9.2062147544
1.00000000 -8.50000000 	-9.2062147544
1.00000000 -8.00000000 	-9.2062147544
1.00000000 -7.50000000 	-9.2062147544
1.00000000 -7.00000000 	-9.2062147544
1.00000000 -6.50000000 	-9.2062147544
1.00000000 -6.00000000 	-9.2062147544
1.00000000 -5.50000000 	-9.2062147544
1.00000000 -5.00000000 	-9.2062147544
1.00000000 -4.50000000 	-9.2062147544
1.00000000 -4.00000000 	-9.2062147544
1.00000000 -3.50000000 	-9.2062147544
1.00000000 -3.00000000 	-9.2062147544
1.00000000 -2.50000000 	-9.2062147544
1.00000000 -2.00000000 	-9.2062147544
1.00000000 -1.50000000 	-9.2062147544
1.00000000 -1.00000000 	-9.2062147544
1.00000000 -0.50000000 	-9.2062147544
1.00000000 0.00000000 	-9.2062147544
1.00000000 0.50000000 	-9.2062147544
1.00000000 1.00000000 	-9.2062147544
1.00000000 1.50000000 	-9.2062147544
1.00000000 2.00000000 	-9.2062147544
1.00000000 2.50000000 	-9.2062147544
1.00000000 3.00000000 	-9.2062147544
1.00000000 3.50000000 	-9.2062147544
1.00000000 4.00000000 	-9.2062147544
1.00000000 4.50000000 	-9.2062147544
1.00000000 5.00000000 	-9.2062147544
1.00000000 5.50000000 	-9.2062147544
1.00000000 6.00000000 	-9.2062147544
1.00000000 6.50000000 	-9.2062147544
1.00000000 7.00000000 	-9.2062147544
1.00000000 7.50000000 	-9.2062147544
1.00000000 8.00000000 	-9.2062147544
1.50000000 -12.00000000 	-3.5902630501
1.50000000 -11.50000000 	-3.5902630501
1.50000000 -11.00000000 	-3.5902630501
1.50000000 -10.50000000 	-3.5902630501
1.50000000 -10.00000000 	-3.5902630501
1.50000000 -9.50000000 	-3.5902630501
1.50000000 -9.00000000 	-3.5902630501
1.50000000 -8.50000000 	-3.5902630501
1.50000000 -8.00000000 	-3.5902630501
1.50000000 -7.50000000 	-3.5902630501
1.50000000 -7.00000000 	-3.5902630501
1.50000000 -6.50000000 	-3.5902630501
1.50000000 -6.00000000 	-3.5902630501
1.50000000 -5.50000000 	-3.5902630501
1.50000000 -5.00000000 	-3.5902630501
1.50000000 -4.50000000 	-3.5902630501
1.50000000 -4.00000000 	-3.5902630501
1.50000000 -3.50000000 	-3.5902630501
1.50000000 -3.00000000 	-3.5902630501
1.50000000 -2.50000000 	-3.5902630501
1.50000000 -2.00000000 	-3.5902630501
1.50000000 -1.50000000 	-3.5902630501
1.50000000 -1.00000000 	-3.5902630501
1.50000000 -0.50000000 	-3.5902630501
1.50000000 0.00000000 	-3.5902630501
1.50000000 0.50000000 	-3.5902630501
1.50000000 1.00000000 	-3.5902630501
1.50000000 1.50000000 	-3.5902630501
1.50000000 2.00000000 	-3.5902630501
1.50000000 2.50000000 	-3.5902630501
1.50000000 3.00000000 	-3.5902630501
1.50000000 3.50000000 	-3.5902630501
1.50000000 4.00000000 	-3.5902630501
1.50000000 4.50000000 	-3.5902630501
1.50000000 5.00000000 	-3.5902630501
1.50000000 5.50000000 	-3.5902630501
1.50000000 6.00000000 	-3.5902630501
1.50000000 6.50000000 	-3.5902630501
1.50000000 7.00000000 	-3.5902630501
1.50000000 7.50000000 	-3.5902630501
1.50000000 8.00000000 	-3.5902630501
2.00000000 -12.00000000 	-0.5996252852
2.00000000 -11.50000000 	-0.5996252852
2.00000000 -11.00000000 	-0.5996252852
2.00000000 -10.50000000 	-0.5996252852
2.00000000 -10.00000000 	-0.5996252852
2.00000000 -9.50000000 	-0.5996252852
2.00000000 -9.00000000 	-0.5996252852
2.00000000 -8.50000000 	-0.5996252852
2.00000000 -8.00000000 	-0.5996252852
2.00000000 -7.50000000 	-0.5996252852
2.00000000 -7.00000000 	-0.5996252852
2.00000000 -6.50000000 	-0.5996252852
2.00000000 -6.00000000 	-0.5996252852
2.00000000 -5.50000000 	-0.5996252852
2.00000000 -5.00000000 	-0.5996252852
2.00000000 -4.50000000 	-0.5996252852
2.00000000 -4.00000000 	-0.5996252852
2.00000000 -3.50000000 	-0.5996252852
2.00000000 -3.00000000 	-0.5996252852
2.00000000 -2.50000000 	-0.5996252852
2.00000000 -2.00000000 	-0.5996252852
2.00000000 -1.50000000 	-0.5996252852
2.00000000 -1.00000000 	-0.5996252852
2.00000000 -0.50000000 	-0.5996252852
2.00000000 0.00000000 	-0.5996252852
2.00000000 0.50000000 	-0.5996252852
2.00000000 1.00000000 	-0.5996252852
2.00000000 1.50000000 	-0.5996252852
2.00000000 2.00000000 	-0.5996252852
2.00000000 2.50000000 	-0.5996252852
2.00000000 3.00000000 	-0.5996252852
2.00000000 3.50000000 	-0.5996252852
2.00000000 4.00000000 	-0.5996252852
2.00000000 4.50000000 	-0.5996252852
2.00000000 5.00000000 	-0.5996252852
2.00000000 5.50000000 	-0.5996252852
2.00000000 6.00000000 	-0.5996252852
2.00000000 6.50000000 	-0.5996252852
2.00000000 7.00000000 	-0.5996252852
2.00000000 7.50000000 	-0.5996252852
2.00000000 8.00000000 	-0.5996252852
