-8.00000000 -12.00000000 	0.0000000000
-8.00000000 -11.50000000 	0.0000000000
-8.00000000 -11.00000000 	0.0000000000
-8.00000000 -10.50000000 	0.0000000000
-8.00000000 -10.00000000 	0.0000000000
-8.00000000 -9.50000000 	0.0000000000
-8.00000000 -9.00000000 	0.0000000000
-8.00000000 -8.50000000 	0.0000000000
-8.00000000 -8.00000000 	0.0000000000
-8.00000000 -7.50000000 	0.0000000000
-8.00000000 -7.00000000 	0.0000000000
-8.00000000 -6.50000000 	0.0000000000
-8.00000000 -6.00000000 	0.0000000000
-8.00000000 -5.50000000 	0.0000000000
-8.00000000 -5.00000000 	0.0000000000
-8.00000000 -4.50000000 	0.0000000000
-8.00000000 -4.00000000 	0.0000000000
-8.00000000 -3.50000000 	0.0000000000
-8.00000000 -3.00000000 	0.0000000000
-8.00000000 -2.50000000 	0.0000000000
-8.00000000 -2.00000000 	0.0000000000
-8.00000000 -1.50000000 	0.0000000000
-8.00000000 -1.00000000 	0.0000000000
-8.00000000 -0.50000000 	0.0000000000
-8.00000000 0.00000000 	0.0000000000
-8.00000000 0.50000000 	0.0000000000
-8.00000000 1.00000000 	0.0000000000
-8.00000000 1.50000000 	0.0000000000
-8.00000000 2.00000000 	0.0000000000
-8.00000000 2.50000000 	0.0000000000
-8.00000000 3.00000000 	0.0000000000
-8.00000000 3.50000000 	0.0000000000
-8.00000000 4.00000000 	0.0000000000
-8.00000000 4.50000000 	0.0000000000
-8.00000000 5.00000000 	0.0000000000
-8.00000000 5.50000000 	0.0000000000
-8.00000000 6.00000000 	0.0000000000
-8.00000000 6.50000000 	0.0000000000
-8.00000000 7.00000000 	0.0000000000
-8.00000000 7.50000000 	0.0000000000
-8.00000000 8.00000000 	0.0000000000
-7.50000000 -12.00000000 	0.1540529831
-7.50000000 -11.50000000 	0.1273918719
-7.50000000 -11.00000000 	0.0845747206
-7.50000000 -10.50000000 	0.0427712444
-7.50000000 -10.00000000 	0.0152772806
-7.50000000 -9.50000000 	0.0034018911
-7.50000000 -9.00000000 	0.0003530079
-7.50000000 -8.50000000 	0.0000000000
-7.50000000 -8.00000000 	0.0000000000
-7.50000000 -7.50000000 	0.0000000000
-7.50000000 -7.00000000 	0.0000000000
-7.50000000 -6.50000000 	0.0000000000
-7.50000000 -6.00000000 	0.0000000000
-7.50000000 -5.50000000 	0.0000000000
-7.50000000 -5.00000000 	0.0000000000
-7.50000000 -4.50000000 	0.0000000000
-7.50000000 -4.00000000 	0.0000000000
-7.50000000 -3.50000000 	0.0000000000
-7.50000000 -3.00000000 	0.0000000000
-7.50000000 -2.50000000 	0.0000000000
-7.50000000 -2.00000000 	0.0000000000
-7.50000000 -1.50000000 	0.0000000000
-7.50000000 -1.00000000 	0.0000000000
-7.50000000 -0.50000000 	0.0000000000
-7.50000000 0.00000000 	0.0000000000
-7.50000000 0.50000000 	0.0000000000
-7.50000000 1.00000000 	0.0000000000
-7.50000000 1.50000000 	0.0000000000
-7.50000000 2.00000000 	0.0000000000
-7.50000000 2.50000000 	0.0000000000
-7.50000000 3.00000000 	0.0000000000
-7.50000000 3.50000000 	0.0000000000
-7.50000000 4.00000000 	0.0000000000
-7.50000000 4.50000000 	0.0000000000
-7.50000000 5.00000000 	0.0000000000
-7.50000000 5.50000000 	0.0000000000
-7.50000000 6.00000000 	0.0000000000
-7.50000000 6.50000000 	0.0000000000
-7.50000000 7.00000000 	0.0000000000
-7.50000000 7.50000000 	0.0000000000
-7.50000000 8.00000000 	0.0000000000
-7.00000000 -12.00000000 	1.0837594171
-7.00000000 -11.50000000 	0.9298799571
-7.00000000 -11.00000000 	0.6687796209
-7.00000000 -10.50000000 	0.3902128962
-7.00000000 -10.00000000 	0.1797715065
-7.00000000 -9.50000000 	0.0642981974
-7.00000000 -9.00000000 	0.0175460622
-7.00000000 -8.50000000 	0.0034018911
-7.00000000 -8.00000000 	0.0003530079
-7.00000000 -7.50000000 	0.0000000000
-7.00000000 -7.00000000 	0.0000000000
-7.00000000 -6.50000000 	0.0000000000
-7.00000000 -6.00000000 	0.0000000000
-7.00000000 -5.50000000 	0.0000000000
-7.00000000 -5.00000000 	0.0000000000
-7.00000000 -4.50000000 	0.0000000000
-7.00000000 -4.00000000 	0.0000000000
-7.00000000 -3.50000000 	0.0000000000
-7.00000000 -3.00000000 	0.0000000000
-7.00000000 -2.50000000 	0.0000000000
-7.00000000 -2.00000000 	0.0000000000
-7.00000000 -1.50000000 	0.0000000000
-7.00000000 -1.00000000 	0.0000000000
-7.00000000 -0.50000000 	0.0000000000
-7.00000000 0.00000000 	0.0000000000
-7.00000000 0.50000000 	0.0000000000
-7.00000000 1.00000000 	0.0000000000
-7.00000000 1.50000000 	0.0000000000
-7.00000000 2.00000000 	0.0000000000
-7.00000000 2.50000000 	0.0000000000
-7.00000000 3.00000000 	0.0000000000
-7.00000000 3.50000000 	0.0000000000
-7.00000000 4.00000000 	0.0000000000
-7.00000000 4.50000000 	0.0000000000
-7.00000000 5.00000000 	0.0000000000
-7.00000000 5.50000000 	0.0000000000
-7.00000000 6.00000000 	0.0000000000
-7.00000000 6.50000000 	0.0000000000
-7.00000000 7.00000000 	0.0000000000
-7.00000000 7.50000000 	0.0000000000
-7.00000000 8.00000000 	0.0000000000
-6.50000000 -12.00000000 	3.1986702747
-6.50000000 -11.50000000 	2.8816006751
-6.50000000 -11.00000000 	2.2862260455
-6.50000000 -10.50000000 	1.5580414259
-6.50000000 -10.00000000 	0.9024011276
-6.50000000 -9.50000000 	0.4444456039
-6.50000000 -9.00000000 	0.1856322858
-6.50000000 -8.50000000 	0.0642981974
-6.50000000 -8.00000000 	0.0175460622
-6.50000000 -7.50000000 	0.0034018911
-6.50000000 -7.00000000 	0.0003530079
-6.50000000 -6.50000000 	0.0000000000
-6.50000000 -6.00000000 	0.0000000000
-6.50000000 -5.50000000 	0.0000000000
-6.50000000 -5.00000000 	0.0000000000
-6.50000000 -4.50000000 	0.0000000000
-6.50000000 -4.00000000 	0.0000000000
-6.50000000 -3.50000000 	0.0000000000
-6.50000000 -3.00000000 	0.0000000000
-6.50000000 -2.50000000 	0.0000000000
-6.50000000 -2.00000000 	0.0000000000
-6.50000000 -1.50000000 	0.0000000000
-6.50000000 -1.00000000 	0.0000000000
-6.50000000 -0.50000000 	0.0000000000
-6.50000000 0.00000000 	0.0000000000
-6.50000000 0.50000000 	0.0000000000
-6.50000000 1.00000000 	0.0000000000
-6.50000000 1.50000000 	0.0000000000
-6.50000000 2.00000000 	0.0000000000
-6.50000000 2.50000000 	0.0000000000
-6.50000000 3.00000000 	0.0000000000
-6.50000000 3.50000000 	0.0000000000
-6.50000000 4.00000000 	0.0000000000
-6.50000000 4.50000000 	0.0000000000
-6.50000000 5.00000000 	0.0000000000
-6.50000000 5.50000000 	0.0000000000
-6.50000000 6.00000000 	0.0000000000
-6.50000000 6.50000000 	0.0000000000
-6.50000000 7.00000000 	0.0000000000
-6.50000000 7.50000000 	0.0000000000
-6.50000000 8.00000000 	0.0000000000
-6.00000000 -12.00000000 	4.8786681338
-6.00000000 -11.50000000 	4.7338950202
-6.00000000 -11.00000000 	4.2919671514
-6.00000000 -10.50000000 	3.5045420277
-6.00000000 -10.00000000 	2.5363747972
-6.00000000 -9.50000000 	1.6199645321
-6.00000000 -9.00000000 	0.9094749755
-6.00000000 -8.50000000 	0.4444456039
-6.00000000 -8.00000000 	0.1856322858
-6.00000000 -7.50000000 	0.0642981974
-6.00000000 -7.00000000 	0.0175460622
-6.00000000 -6.50000000 	0.0034018911
-6.00000000 -6.00000000 	0.0003530079
-6.00000000 -5.50000000 	0.0000000000
-6.00000000 -5.00000000 	0.0000000000
-6.00000000 -4.50000000 	0.0000000000
-6.00000000 -4.00000000 	0.0000000000
-6.00000000 -3.50000000 	0.0000000000
-6.00000000 -3.00000000 	0.0000000000
-6.00000000 -2.50000000 	0.0000000000
-6.00000000 -2.00000000 	0.0000000000
-6.00000000 -1.50000000 	0.0000000000
-6.00000000 -1.00000000 	0.0000000000
-6.00000000 -0.50000000 	0.0000000000
-6.00000000 0.00000000 	0.0000000000
-6.00000000 0.50000000 	0.0000000000
-6.00000000 1.00000000 	0.0000000000
-6.00000000 1.50000000 	0.0000000000
-6.00000000 2.00000000 	0.0000000000
-6.00000000 2.50000000 	0.0000000000
-6.00000000 3.00000000 	0.0000000000
-6.00000000 3.50000000 	0.0000000000
-6.00000000 4.00000000 	0.0000000000
-6.00000000 4.50000000 	0.0000000000
-6.00000000 5.00000000 	0.0000000000
-6.00000000 5.50000000 	0.0000000000
-6.00000000 6.00000000 	0.0000000000
-6.00000000 6.50000000 	0.0000000000
-6.00000000 7.00000000 	0.0000000000
-6.00000000 7.50000000 	0.0000000000
-6.00000000 8.00000000 	0.0000000000
-5.50000000 -12.00000000 	3.3101071915
-5.50000000 -11.50000000 	3.8115166843
-5.50000000 -11.00000000 	4.4023175224
-5.50000000 -10.50000000 	4.6285774899
-5.50000000 -10.00000000 	4.2986580598
-5.50000000 -9.50000000 	3.5151129037
-5.50000000 -9.00000000 	2.5383958207
-5.50000000 -8.50000000 	1.6199645321
-5.50000000 -8.00000000 	0.9094749755
-5.50000000 -7.50000000 	0.4444456039
-5.50000000 -7.00000000 	0.1856322858
-5.50000000 -6.50000000 	0.0642981974
-5.50000000 -6.00000000 	0.0175460622
-5.50000000 -5.50000000 	0.0034018911
-5.50000000 -5.00000000 	0.0003530079
-5.50000000 -4.50000000 	0.0000000000
-5.50000000 -4.00000000 	0.0000000000
-5.50000000 -3.50000000 	0.0000000000
-5.50000000 -3.00000000 	0.0000000000
-5.50000000 -2.50000000 	0.0000000000
-5.50000000 -2.00000000 	0.0000000000
-5.50000000 -1.50000000 	0.0000000000
-5.50000000 -1.00000000 	0.0000000000
-5.50000000 -0.50000000 	0.0000000000
-5.50000000 0.00000000 	0.0000000000
-5.50000000 0.50000000 	0.0000000000
-5.50000000 1.00000000 	0.0000000000
-5.50000000 1.50000000 	0.0000000000
-5.50000000 2.00000000 	0.0000000000
-5.50000000 2.50000000 	0.0000000000
-5.50000000 3.00000000 	0.0000000000
-5.50000000 3.50000000 	0.0000000000
-5.50000000 4.00000000 	0.0000000000
-5.50000000 4.50000000 	0.0000000000
-5.50000000 5.00000000 	0.0000000000
-5.50000000 5.50000000 	0.0000000000
-5.50000000 6.00000000 	0.0000000000
-5.50000000 6.50000000 	0.0000000000
-5.50000000 7.00000000 	0.0000000000
-5.50000000 7.50000000 	0.0000000000
-5.50000000 8.00000000 	0.0000000000
-5.00000000 -12.00000000 	-1.1737614137
-5.00000000 -11.50000000 	-0.2319672984
-5.00000000 -11.00000000 	1.3196552565
-5.00000000 -10.50000000 	2.9473877200
-5.00000000 -10.00000000 	4.1292979800
-5.00000000 -9.50000000 	4.5738910297
-5.00000000 -9.00000000 	4.2935744684
-5.00000000 -8.50000000 	3.5151129037
-5.00000000 -8.00000000 	2.5383958207
-5.00000000 -7.50000000 	1.6199645321
-5.00000000 -7.00000000 	0.9094749755
-5.00000000 -6.50000000 	0.4444456039
-5.00000000 -6.00000000 	0.1856322858
-5.00000000 -5.50000000 	0.0642981974
-5.00000000 -5.00000000 	0.0175460622
-5.00000000 -4.50000000 	0.0034018911
-5.00000000 -4.00000000 	0.0003530079
-5.00000000 -3.50000000 	0.0000000000
-5.00000000 -3.00000000 	0.0000000000
-5.00000000 -2.50000000 	0.0000000000
-5.00000000 -2.00000000 	0.0000000000
-5.00000000 -1.50000000 	0.0000000000
-5.00000000 -1.00000000 	0.0000000000
-5.00000000 -0.50000000 	0.0000000000
-5.00000000 0.00000000 	0.0000000000
-5.00000000 0.50000000 	0.0000000000
-5.00000000 1.00000000 	0.0000000000
-5.00000000 1.50000000 	0.0000000000
-5.00000000 2.00000000 	0.0000000000
-5.00000000 2.50000000 	0.0000000000
-5.00000000 3.00000000 	0.0000000000
-5.00000000 3.50000000 	0.0000000000
-5.00000000 4.00000000 	0.0000000000
-5.00000000 4.50000000 	0.0000000000
-5.00000000 5.00000000 	0.0000000000
-5.00000000 5.50000000 	0.0000000000
-5.00000000 6.00000000 	0.0000000000
-5.00000000 6.50000000 	0.0000000000
-5.00000000 7.00000000 	0.0000000000
-5.00000000 7.50000000 	0.0000000000
-5.00000000 8.00000000 	0.0000000000
-4.50000000 -12.00000000 	-4.4996108301
-4.50000000 -11.50000000 	-3.9753565354
-4.50000000 -11.00000000 	-2.7977766563
-4.50000000 -10.50000000 	-1.0121197227
-4.50000000 -10.00000000 	1.0407300171
-4.50000000 -9.50000000 	2.8839967739
-4.50000000 -9.00000000 	4.1225872147
-4.50000000 -8.50000000 	4.5738910297
-4.50000000 -8.00000000 	4.2935744684
-4.50000000 -7.50000000 	3.5151129037
-4.50000000 -7.00000000 	2.5383958207
-4.50000000 -6.50000000 	1.6199645321
-4.50000000 -6.00000000 	0.9094749755
-4.50000000 -5.50000000 	0.4444456039
-4.50000000 -5.00000000 	0.1856322858
-4.50000000 -4.50000000 	0.0642981974
-4.50000000 -4.00000000 	0.0175460622
-4.50000000 -3.50000000 	0.0034018911
-4.50000000 -3.00000000 	0.0003530079
-4.50000000 -2.50000000 	0.0000000000
-4.50000000 -2.00000000 	0.0000000000
-4.50000000 -1.50000000 	0.0000000000
-4.50000000 -1.00000000 	0.0000000000
-4.50000000 -0.50000000 	0.0000000000
-4.50000000 0.00000000 	0.0000000000
-4.50000000 0.50000000 	0.0000000000
-4.50000000 1.00000000 	0.0000000000
-4.50000000 1.50000000 	0.0000000000
-4.50000000 2.00000000 	0.0000000000
-4.50000000 2.50000000 	0.0000000000
-4.50000000 3.00000000 	0.0000000000
-4.50000000 3.50000000 	0.0000000000
-4.50000000 4.00000000 	0.0000000000
-4.50000000 4.50000000 	0.0000000000
-4.50000000 5.00000000 	0.0000000000
-4.50000000 5.50000000 	0.0000000000
-4.50000000 6.00000000 	0.0000000000
-4.50000000 6.50000000 	0.0000000000
-4.50000000 7.00000000 	0.0000000000
-4.50000000 7.50000000 	0.0000000000
-4.50000000 8.00000000 	0.0000000000
-4.00000000 -12.00000000 	-4.2293594403
-4.00000000 -11.50000000 	-4.5012041559
-4.00000000 -11.00000000 	-4.6106434480
-4.00000000 -10.50000000 	-4.1250350466
-4.00000000 -10.00000000 	-2.8838184539
-4.00000000 -9.50000000 	-1.0375470966
-4.00000000 -9.00000000 	1.0375470966
-4.00000000 -8.50000000 	2.8839967739
-4.00000000 -8.00000000 	4.1225872147
-4.00000000 -7.50000000 	4.5738910297
-4.00000000 -7.00000000 	4.2935744684
-4.00000000 -6.50000000 	3.5151129037
-4.00000000 -6.00000000 	2.5383958207
-4.00000000 -5.50000000 	1.6199645321
-4.00000000 -5.00000000 	0.9094749755
-4.00000000 -4.50000000 	0.4444456039
-4.00000000 -4.00000000 	0.1856322858
-4.00000000 -3.50000000 	0.0642981974
-4.00000000 -3.00000000 	0.0175460622
-4.00000000 -2.50000000 	0.0034018911
-4.00000000 -2.00000000 	0.0003530079
-4.00000000 -1.50000000 	0.0000000000
-4.00000000 -1.00000000 	0.0000000000
-4.00000000 -0.50000000 	0.0000000000
-4.00000000 0.00000000 	0.0000000000
-4.00000000 0.50000000 	0.0000000000
-4.00000000 1.00000000 	0.0000000000
-4.00000000 1.50000000 	0.0000000000
-4.00000000 2.00000000 	0.0000000000
-4.00000000 2.50000000 	0.0000000000
-4.00000000 3.00000000 	0.0000000000
-4.00000000 3.50000000 	0.0000000000
-4.00000000 4.00000000 	0.0000000000
-4.00000000 4.50000000 	0.0000000000
-4.00000000 5.00000000 	0.0000000000
-4.00000000 5.50000000 	0.0000000000
-4.00000000 6.00000000 	0.0000000000
-4.00000000 6.50000000 	0.0000000000
-4.00000000 7.00000000 	0.0000000000
-4.00000000 7.50000000 	0.0000000000
-4.00000000 8.00000000 	0.0000000000
-3.50000000 -12.00000000 	-2.1120520680
-3.50000000 -11.50000000 	-2.6910198946
-3.50000000 -11.00000000 	-3.5496624846
-3.50000000 -10.50000000 	-4.2986696435
-3.50000000 -10.00000000 	-4.5742562523
-3.50000000 -9.50000000 	-4.1225872147
-3.50000000 -9.00000000 	-2.8839967739
-3.50000000 -8.50000000 	-1.0375470966
-3.50000000 -8.00000000 	1.0375470966
-3.50000000 -7.50000000 	2.8839967739
-3.50000000 -7.00000000 	4.1225872147
-3.50000000 -6.50000000 	4.5738910297
-3.50000000 -6.00000000 	4.2935744684
-3.50000000 -5.50000000 	3.5151129037
-3.50000000 -5.00000000 	2.5383958207
-3.50000000 -4.50000000 	1.6199645321
-3.50000000 -4.00000000 	0.9094749755
-3.50000000 -3.50000000 	0.4444456039
-3.50000000 -3.00000000 	0.1856322858
-3.50000000 -2.50000000 	0.0642981974
-3.50000000 -2.00000000 	0.0175460622
-3.50000000 -1.50000000 	0.0034018911
-3.50000000 -1.00000000 	0.0003530079
-3.50000000 -0.50000000 	0.0000000000
-3.50000000 0.00000000 	0.0000000000
-3.50000000 0.50000000 	0.0000000000
-3.50000000 1.00000000 	0.0000000000
-3.50000000 1.50000000 	0.0000000000
-3.50000000 2.00000000 	0.0000000000
-3.50000000 2.50000000 	0.0000000000
-3.50000000 3.00000000 	0.0000000000
-3.50000000 3.50000000 	0.0000000000
-3.50000000 4.00000000 	0.0000000000
-3.50000000 4.50000000 	0.0000000000
-3.50000000 5.00000000 	0.0000000000
-3.50000000 5.50000000 	0.0000000000
-3.50000000 6.00000000 	0.0000000000
-3.50000000 6.50000000 	0.0000000000
-3.50000000 7.00000000 	0.0000000000
-3.50000000 7.50000000 	0.0000000000
-3.50000000 8.00000000 	0.0000000000
-3.00000000 -12.00000000 	-0.5836893719
-3.00000000 -11.50000000 	-0.9473836345
-3.00000000 -11.00000000 	-1.6278971741
-3.00000000 -10.50000000 	-2.5395755805
-3.00000000 -10.00000000 	-3.5152097801
-3.00000000 -9.50000000 	-4.2935744684
-3.00000000 -9.00000000 	-4.5738910297
-3.00000000 -8.50000000 	-4.1225872147
-3.00000000 -8.00000000 	-2.8839967739
-3.00000000 -7.50000000 	-1.0375470966
-3.00000000 -7.00000000 	1.0375470966
-3.00000000 -6.50000000 	2.8839967739
-3.00000000 -6.00000000 	4.1225872147
-3.00000000 -5.50000000 	4.5738910297
-3.00000000 -5.00000000 	4.2935744684
-3.00000000 -4.50000000 	3.5151129037
-3.00000000 -4.00000000 	2.5383958207
-3.00000000 -3.50000000 	1.6199645321
-3.00000000 -3.00000000 	0.9094749755
-3.00000000 -2.50000000 	0.4444456039
-3.00000000 -2.00000000 	0.1856322858
-3.00000000 -1.50000000 	0.0642981974
-3.00000000 -1.00000000 	0.0175460622
-3.00000000 -0.50000000 	0.0034018911
-3.00000000 0.00000000 	0.0003530079
-3.00000000 0.50000000 	0.0000000000
-3.00000000 1.00000000 	0.0000000000
-3.00000000 1.50000000 	0.0000000000
-3.00000000 2.00000000 	0.0000000000
-3.00000000 2.50000000 	0.0000000000
-3.00000000 3.00000000 	0.0000000000
-3.00000000 3.50000000 	0.0000000000
-3.00000000 4.00000000 	0.0000000000
-3.00000000 4.50000000 	0.0000000000
-3.00000000 5.00000000 	0.0000000000
-3.00000000 5.50000000 	0.0000000000
-3.00000000 6.00000000 	0.0000000000
-3.00000000 6.50000000 	0.0000000000
-3.00000000 7.00000000 	0.0000000000
-3.00000000 7.50000000 	0.0000000000
-3.00000000 8.00000000 	0.0000000000
-2.50000000 -12.00000000 	-0.0792797819
-2.50000000 -11.50000000 	-0.1880860869
-2.50000000 -11.00000000 	-0.4446604315
-2.50000000 -10.50000000 	-0.9094749755
-2.50000000 -10.00000000 	-1.6199645321
-2.50000000 -9.50000000 	-2.5383958207
-2.50000000 -9.00000000 	-3.5151129037
-2.50000000 -8.50000000 	-4.2935744684
-2.50000000 -8.00000000 	-4.5738910297
-2.50000000 -7.50000000 	-4.1225872147
-2.50000000 -7.00000000 	-2.8839967739
-2.50000000 -6.50000000 	-1.0375470966
-2.50000000 -6.00000000 	1.0375470966
-2.50000000 -5.50000000 	2.8839967739
-2.50000000 -5.00000000 	4.1225872147
-2.50000000 -4.50000000 	4.5738910297
-2.50000000 -4.00000000 	4.2935744684
-2.50000000 -3.50000000 	3.5151129037
-2.50000000 -3.00000000 	2.5383958207
-2.50000000 -2.50000000 	1.6199645321
-2.50000000 -2.00000000 	0.9094749755
-2.50000000 -1.50000000 	0.4444456039
-2.50000000 -1.00000000 	0.1856322858
-2.50000000 -0.50000000 	0.0642981974
-2.50000000 0.00000000 	0.0175460622
-2.50000000 0.50000000 	0.0034018911
-2.50000000 1.00000000 	0.0003530079
-2.50000000 1.50000000 	0.0000000000
-2.50000000 2.00000000 	0.0000000000
-2.50000000 2.50000000 	0.0000000000
-2.50000000 3.00000000 	0.0000000000
-2.50000000 3.50000000 	0.0000000000
-2.50000000 4.00000000 	0.0000000000
-2.50000000 4.50000000 	0.0000000000
-2.50000000 5.00000000 	0.0000000000
-2.50000000 5.50000000 	0.0000000000
-2.50000000 6.00000000 	0.0000000000
-2.50000000 6.50000000 	0.0000000000
-2.50000000 7.00000000 	0.0000000000
-2.50000000 7.50000000 	0.0000000000
-2.50000000 8.00000000 	0.0000000000
-2.00000000 -12.00000000 	-0.0037275914
-2.00000000 -11.50000000 	-0.0175460622
-2.00000000 -11.00000000 	-0.0642981974
-2.00000000 -10.50000000 	-0.1856322858
-2.00000000 -10.00000000 	-0.4444456039
-2.00000000 -9.50000000 	-0.9094749755
-2.00000000 -9.00000000 	-1.6199645321
-2.00000000 -8.50000000 	-2.5383958207
-2.00000000 -8.00000000 	-3.5151129037
-2.00000000 -7.50000000 	-4.2935744684
-2.00000000 -7.00000000 	-4.5738910297
-2.00000000 -6.50000000 	-4.1225872147
-2.00000000 -6.00000000 	-2.8839967739
-2.00000000 -5.50000000 	-1.0375470966
-2.00000000 -5.00000000 	1.0375470966
-2.00000000 -4.50000000 	2.8839967739
-2.00000000 -4.00000000 	4.1225872147
-2.00000000 -3.50000000 	4.5738910297
-2.00000000 -3.00000000 	4.2935744684
-2.00000000 -2.50000000 	3.5151129037
-2.00000000 -2.00000000 	2.5383958207
-2.00000000 -1.50000000 	1.6199645321
-2.00000000 -1.00000000 	0.9094749755
-2.00000000 -0.50000000 	0.4444456039
-2.00000000 0.00000000 	0.1856322858
-2.00000000 0.50000000 	0.0642981974
-2.00000000 1.00000000 	0.0175460622
-2.00000000 1.50000000 	0.0034018911
-2.00000000 2.00000000 	0.0003530079
-2.00000000 2.50000000 	0.0000000000
-2.00000000 3.00000000 	0.0000000000
-2.00000000 3.50000000 	0.0000000000
-2.00000000 4.00000000 	0.0000000000
-2.00000000 4.50000000 	0.0000000000
-2.00000000 5.00000000 	0.0000000000
-2.00000000 5.50000000 	0.0000000000
-2.00000000 6.00000000 	0.0000000000
-2.00000000 6.50000000 	0.0000000000
-2.00000000 7.00000000 	0.0000000000
-2.00000000 7.50000000 	0.0000000000
-2.00000000 8.00000000 	0.0000000000
-1.50000000 -12.00000000 	0.0000000000
-1.50000000 -11.50000000 	-0.0003530079
-1.50000000 -11.00000000 	-0.0034018911
-1.50000000 -10.50000000 	-0.0175460622
-1.50000000 -10.00000000 	-0.0642981974
-1.50000000 -9.50000000 	-0.1856322858
-1.50000000 -9.00000000 	-0.4444456039
-1.50000000 -8.50000000 	-0.9094749755
-1.50000000 -8.00000000 	-1.6199645321
-1.50000000 -7.50000000 	-2.5383958207
-1.50000000 -7.00000000 	-3.5151129037
-1.50000000 -6.50000000 	-4.2935744684
-1.50000000 -6.00000000 	-4.5738910297
-1.50000000 -5.50000000 	-4.1225872147
-1.50000000 -5.00000000 	-2.8839967739
-1.50000000 -4.50000000 	-1.0375470966
-1.50000000 -4.00000000 	1.0375470966
-1.50000000 -3.50000000 	2.8839967739
-1.50000000 -3.00000000 	4.1225872147
-1.50000000 -2.50000000 	4.5738910297
-1.50000000 -2.00000000 	4.2935744684
-1.50000000 -1.50000000 	3.5151129037
-1.50000000 -1.00000000 	2.5383958207
-1.50000000 -0.50000000 	1.6199645321
-1.50000000 0.00000000 	0.9094749755
-1.50000000 0.50000000 	0.4444456039
-1.50000000 1.00000000 	0.1856322858
-1.50000000 1.50000000 	0.0642981974
-1.50000000 2.00000000 	0.0175460622
-1.50000000 2.50000000 	0.0034018911
-1.50000000 3.00000000 	0.0003530079
-1.50000000 3.50000000 	0.0000000000
-1.50000000 4.00000000 	0.0000000000
-1.50000000 4.50000000 	0.0000000000
-1.50000000 5.00000000 	0.0000000000
-1.50000000 5.50000000 	0.0000000000
-1.50000000 6.00000000 	0.0000000000
-1.50000000 6.50000000 	0.0000000000
-1.50000000 7.00000000 	0.0000000000
-1.50000000 7.50000000 	0.0000000000
-1.50000000 8.00000000 	0.0000000000
-1.00000000 -12.00000000 	0.0000000000
-1.00000000 -11.50000000 	0.0000000000
-1.00000000 -11.00000000 	0.0000000000
-1.00000000 -10.50000000 	-0.0003530079
-1.00000000 -10.00000000 	-0.0034018911
-1.00000000 -9.50000000 	-0.0175460622
-1.00000000 -9.00000000 	-0.0642981974
-1.00000000 -8.50000000 	-0.1856322858
-1.00000000 -8.00000000 	-0.4444456039
-1.00000000 -7.50000000 	-0.9094749755
-1.00000000 -7.00000000 	-1.6199645321
-1.00000000 -6.50000000 	-2.5383958207
-1.00000000 -6.00000000 	-3.5151129037
-1.00000000 -5.50000000 	-4.2935744684
-1.00000000 -5.00000000 	-4.5738910297
-1.00000000 -4.50000000 	-4.1225872147
-1.00000000 -4.00000000 	-2.8839967739
-1.00000000 -3.50000000 	-1.0375470966
-1.00000000 -3.00000000 	1.0375470966
-1.00000000 -2.50000000 	2.8839967739
-1.00000000 -2.00000000 	4.1225872147
-1.00000000 -1.50000000 	4.5738910297
-1.00000000 -1.00000000 	4.2935744684
-1.00000000 -0.50000000 	3.5151129037
-1.00000000 0.00000000 	2.5383958207
-1.00000000 0.50000000 	1.6199645321
-1.00000000 1.00000000 	0.9094749755
-1.00000000 1.50000000 	0.4444456039
-1.00000000 2.00000000 	0.1856322858
-1.00000000 2.50000000 	0.0642981974
-1.00000000 3.00000000 	0.0175460622
-1.00000000 3.50000000 	0.0034018911
-1.00000000 4.00000000 	0.0003530079
-1.00000000 4.50000000 	0.0000000000
-1.00000000 5.00000000 	0.0000000000
-1.00000000 5.50000000 	0.0000000000
-1.00000000 6.00000000 	0.0000000000
-1.00000000 6.50000000 	0.0000000000
-1.00000000 7.00000000 	0.0000000000
-1.00000000 7.50000000 	0.0000000000
-1.00000000 8.00000000 	0.0000000000
-0.50000000 -12.00000000 	0.0000000000
-0.50000000 -11.50000000 	0.0000000000
-0.50000000 -11.00000000 	0.0000000000
-0.50000000 -10.50000000 	0.0000000000
-0.50000000 -10.00000000 	0.0000000000
-0.50000000 -9.50000000 	-0.0003530079
-0.50000000 -9.00000000 	-0.0034018911
-0.50000000 -8.50000000 	-0.0175460622
-0.50000000 -8.00000000 	-0.0642981974
-0.50000000 -7.50000000 	-0.1856322858
-0.50000000 -7.00000000 	-0.4444456039
-0.50000000 -6.50000000 	-0.9094749755
-0.50000000 -6.00000000 	-1.6199645321
-0.50000000 -5.50000000 	-2.5383958207
-0.50000000 -5.00000000 	-3.5151129037
-0.50000000 -4.50000000 	-4.2935744684
-0.50000000 -4.00000000 	-4.5738910297
-0.50000000 -3.50000000 	-4.1225872147
-0.50000000 -3.00000000 	-2.8839967739
-0.50000000 -2.50000000 	-1.0375470966
-0.50000000 -2.00000000 	1.0375470966
-0.50000000 -1.50000000 	2.8839967739
-0.50000000 -1.00000000 	4.1225872147
-0.50000000 -0.50000000 	4.5738910297
-0.50000000 0.00000000 	4.2935744684
-0.50000000 0.50000000 	3.5151129037
-0.50000000 1.00000000 	2.5383958207
-0.50000000 1.50000000 	1.6199645321
-0.50000000 2.00000000 	0.9094749755
-0.50000000 2.50000000 	0.4444456039
-0.50000000 3.00000000 	0.1856322858
-0.50000000 3.50000000 	0.0642981974
-0.50000000 4.00000000 	0.0175460622
-0.50000000 4.50000000 	0.0034018911
-0.50000000 5.00000000 	0.0003530079
-0.50000000 5.50000000 	0.0000000000
-0.50000000 6.00000000 	0.0000000000
-0.50000000 6.50000000 	0.0000000000
-0.50000000 7.00000000 	0.0000000000
-0.50000000 7.50000000 	0.0000000000
-0.50000000 8.00000000 	0.0000000000
0.00000000 -12.00000000 	0.0000000000
0.00000000 -11.50000000 	0.0000000000
0.00000000 -11.00000000 	0.0000000000
0.00000000 -10.50000000 	0.0000000000
0.00000000 -10.00000000 	0.0000000000
0.00000000 -9.50000000 	0.0000000000
0.00000000 -9.00000000 	0.0000000000
0.00000000 -8.50000000 	-0.0003530079
0.00000000 -8.00000000 	-0.0034018911
0.00000000 -7.50000000 	-0.0175460622
0.00000000 -7.00000000 	-0.0642981974
0.00000000 -6.50000000 	-0.1856322858
0.00000000 -6.00000000 	-0.4444456039
0.00000000 -5.50000000 	-0.9094749755
0.00000000 -5.00000000 	-1.6199645321
0.00000000 -4.50000000 	-2.5383958207
0.00000000 -4.00000000 	-3.5151129037
0.00000000 -3.50000000 	-4.2935744684
0.00000000 -3.00000000 	-4.5738910297
0.00000000 -2.50000000 	-4.1225872147
0.00000000 -2.00000000 	-2.8839967739
0.00000000 -1.50000000 	-1.0375470966
0.00000000 -1.00000000 	1.0375470966
0.00000000 -0.50000000 	2.8839967739
0.00000000 0.00000000 	4.1225872147
0.00000000 0.50000000 	4.5737933752
0.00000000 1.00000000 	4.2923862036
0.00000000 1.50000000 	3.5085439817
0.00000000 2.00000000 	2.5165511703
0.00000000 2.50000000 	1.5713185810
0.00000000 3.00000000 	0.8332400368
0.00000000 3.50000000 	0.3586550807
0.00000000 4.00000000 	0.1163463503
0.00000000 4.50000000 	0.0249793082
0.00000000 5.00000000 	0.0026290284
0.00000000 5.50000000 	0.0000000000
0.00000000 6.00000000 	0.0000000000
0.00000000 6.50000000 	0.0000000000
0.00000000 7.00000000 	0.0000000000
0.00000000 7.50000000 	0.0000000000
0.00000000 8.00000000 	0.0000000000
0.50000000 -12.00000000 	0.0000000000
0.50000000 -11.50000000 	0.0000000000
0.50000000 -11.00000000 	0.0000000000
0.50000000 -10.50000000 	0.0000000000
0.50000000 -10.00000000 	0.0000000000
0.50000000 -9.50000000 	0.0000000000
0.50000000 -9.00000000 	0.0000000000
0.50000000 -8.50000000 	0.0000000000
0.50000000 -8.00000000 	0.0000000000
0.50000000 -7.50000000 	-0.0003530079
0.50000000 -7.00000000 	-0.0034018911
0.50000000 -6.50000000 	-0.0175460622
0.50000000 -6.00000000 	-0.0642981974
0.50000000 -5.50000000 	-0.1856322858
0.50000000 -5.00000000 	-0.4444456039
0.50000000 -4.50000000 	-0.9094749755
0.50000000 -4.00000000 	-1.6199645321
0.50000000 -3.50000000 	-2.5383958207
0.50000000 -3.00000000 	-3.5151129037
0.50000000 -2.50000000 	-4.2935744684
0.50000000 -2.00000000 	-4.5738910297
0.50000000 -1.50000000 	-4.1225872147
0.50000000 -1.00000000 	-2.8839967739
0.50000000 -0.50000000 	-1.0374664534
0.50000000 0.00000000 	1.0381841243
0.50000000 0.50000000 	2.8855573954
0.50000000 1.00000000 	4.1190712978
0.50000000 1.50000000 	4.5353061950
0.50000000 2.00000000 	4.1495240450
0.50000000 2.50000000 	3.1801291168
0.50000000 3.00000000 	1.9940627511
0.50000000 3.50000000 	0.9760096087
0.50000000 4.00000000 	0.3461133710
0.50000000 4.50000000 	0.0782742224
0.50000000 5.00000000 	0.0084015923
0.50000000 5.50000000 	0.0000000000
0.50000000 6.00000000 	0.0000000000
0.50000000 6.50000000 	0.0000000000
0.50000000 7.00000000 	0.0000000000
0.50000000 7.50000000 	0.0000000000
0.50000000 8.00000000 	0.0000000000
1.00000000 -12.00000000 	0.0000000000
1.00000000 -11.50000000 	0.0000000000
1.00000000 -11.00000000 	0.0000000000
1.00000000 -10.50000000 	0.0000000000
1.00000000 -10.00000000 	0.0000000000
1.00000000 -9.50000000 	0.0000000000
1.00000000 -9.00000000 	0.0000000000
1.00000000 -8.50000000 	0.0000000000
1.00000000 -8.00000000 	0.0000000000
1.00000000 -7.50000000 	0.0000000000
1.00000000 -7.00000000 	0.0000000000
1.00000000 -6.50000000 	-0.0003530079
1.00000000 -6.00000000 	-0.0034018911
1.00000000 -5.50000000 	-0.0175460622
1.00000000 -5.00000000 	-0.0642981974
1.00000000 -4.50000000 	-0.1856322858
1.00000000 -4.00000000 	-0.4444456039
1.00000000 -3.50000000 	-0.9094749755
1.00000000 -3.00000000 	-1.6199645321
1.00000000 -2.50000000 	-2.5383958207
1.00000000 -2.00000000 	-3.5151129037
1.00000000 -1.50000000 	-4.2934484289
1.00000000 -1.00000000 	-4.5727469149
1.00000000 -0.50000000 	-4.1170694067
1.00000000 0.00000000 	-2.8653513670
1.00000000 0.50000000 	-0.9924518883
1.00000000 1.00000000 	1.1041924340
1.00000000 1.50000000 	2.8875837629
1.00000000 2.00000000 	3.8403515612
1.00000000 2.50000000 	3.7109095540
1.00000000 3.00000000 	2.7229311658
1.00000000 3.50000000 	1.4855180071
1.00000000 4.00000000 	0.5672731937
1.00000000 4.50000000 	0.1346739236
1.00000000 5.00000000 	0.0148864270
1.00000000 5.50000000 	0.0000000000
1.00000000 6.00000000 	0.0000000000
1.00000000 6.50000000 	0.0000000000
1.00000000 7.00000000 	0.0000000000
1.00000000 7.50000000 	0.0000000000
1.00000000 8.00000000 	0.0000000000
1.50000000 -12.00000000 	0.0000000000
1.50000000 -11.50000000 	0.0000000000
1.50000000 -11.00000000 	0.0000000000
1.50000000 -10.50000000 	0.0000000000
1.50000000 -10.00000000 	0.0000000000
1.50000000 -9.50000000 	0.0000000000
1.50000000 -9.00000000 	0.0000000000
1.50000000 -8.50000000 	0.0000000000
1.50000000 -8.00000000 	0.0000000000
1.50000000 -7.50000000 	0.0000000000
1.50000000 -7.00000000 	0.0000000000
1.50000000 -6.50000000 	0.0000000000
1.50000000 -6.00000000 	0.0000000000
1.50000000 -5.50000000 	-0.0003530079
1.50000000 -5.00000000 	-0.0034018911
1.50000000 -4.50000000 	-0.0175460622
1.50000000 -4.00000000 	-0.0642981974
1.50000000 -3.50000000 	-0.1856322858
1.50000000 -3.00000000 	-0.4444456039
1.50000000 -2.50000000 	-0.9093844146
1.50000000 -2.00000000 	-1.6191273286
1.50000000 -1.50000000 	-2.5339009370
1.50000000 -1.00000000 	-3.4970451796
1.50000000 -0.50000000 	-4.2358456001
1.50000000 0.00000000 	-4.4229495622
1.50000000 0.50000000 	-3.7987422325
1.50000000 1.00000000 	-2.3358426642
1.50000000 1.50000000 	-0.3818664242
1.50000000 2.00000000 	1.3756943788
1.50000000 2.50000000 	2.2597032330
1.50000000 3.00000000 	2.0883634805
1.50000000 3.50000000 	1.3026724103
1.50000000 4.00000000 	0.5437618869
1.50000000 4.50000000 	0.1375232663
1.50000000 5.00000000 	0.0159186262
1.50000000 5.50000000 	0.0000000000
1.50000000 6.00000000 	0.0000000000
1.50000000 6.50000000 	0.0000000000
1.50000000 7.00000000 	0.0000000000
1.50000000 7.50000000 	0.0000000000
1.50000000 8.00000000 	0.0000000000
2.00000000 -12.00000000 	0.0000000000
2.00000000 -11.50000000 	0.0000000000
2.00000000 -11.00000000 	0.0000000000
2.00000000 -10.50000000 	0.0000000000
2.00000000 -10.00000000 	0.0000000000
2.00000000 -9.50000000 	0.0000000000
2.00000000 -9.00000000 	0.0000000000
2.00000000 -8.50000000 	0.0000000000
2.00000000 -8.00000000 	0.0000000000
2.00000000 -7.50000000 	0.0000000000
2.00000000 -7.00000000 	0.0000000000
2.00000000 -6.50000000 	0.0000000000
2.00000000 -6.00000000 	0.0000000000
2.00000000 -5.50000000 	0.0000000000
2.00000000 -5.00000000 	0.0000000000
2.00000000 -4.50000000 	-0.0003530079
2.00000000 -4.00000000 	-0.0034018911
2.00000000 -3.50000000 	-0.0175886299
2.00000000 -3.00000000 	-0.0647281859
2.00000000 -2.50000000 	-0.1874754954
2.00000000 -2.00000000 	-0.4486210778
2.00000000 -1.50000000 	-0.9115483836
2.00000000 -1.00000000 	-1.5947214509
2.00000000 -0.50000000 	-2.4110313184
2.00000000 0.00000000 	-3.1284412114
2.00000000 0.50000000 	-3.4047981405
2.00000000 1.00000000 	-2.9496799312
2.00000000 1.50000000 	-1.7808242602
2.00000000 2.00000000 	-0.3532850520
2.00000000 2.50000000 	0.6891141727
2.00000000 3.00000000 	0.9997530234
2.00000000 3.50000000 	0.7443324733
2.00000000 4.00000000 	0.3458494908
2.00000000 4.50000000 	0.0945074229
2.00000000 5.00000000 	0.0116111192
2.00000000 5.50000000 	0.0000000000
2.00000000 6.00000000 	0.0000000000
2.00000000 6.50000000 	0.0000000000
2.00000000 7.00000000 	0.0000000000
2.00000000 7.50000000 	0.0000000000
2.00000000 8.00000000 	0.0000000000
