-8.00000000 -12.00000000 	0.0000000000
-8.00000000 -11.00000000 	-0.0020366642
-8.00000000 -10.00000000 	-1.1498881530
-8.00000000 -9.00000000 	1.4118638242
-8.00000000 -8.00000000 	-0.3763356954
-8.00000000 -7.00000000 	-2.8094468087
-8.00000000 -6.00000000 	4.5838334170
-8.00000000 -5.00000000 	0.0000000000
-8.00000000 -4.00000000 	0.0000000000
-8.00000000 -3.00000000 	0.0000000000
-8.00000000 -2.00000000 	0.0000000000
-8.00000000 -1.00000000 	0.0000000000
-8.00000000 0.00000000 	0.0000000000
-8.00000000 1.00000000 	0.0000000000
-8.00000000 2.00000000 	0.0000000000
-8.00000000 3.00000000 	0.0000000000
-8.00000000 4.00000000 	0.0000000000
-8.00000000 5.00000000 	0.0000000000
-8.00000000 6.00000000 	0.0000000000
-8.00000000 7.00000000 	0.0000000000
-8.00000000 8.00000000 	0.0000000000
-7.00000000 -12.00000000 	0.0000000000
-7.00000000 -11.00000000 	0.0000000000
-7.00000000 -10.00000000 	-1.1248640451
-7.00000000 -9.00000000 	-1.1936598563
-7.00000000 -8.00000000 	4.1093253594
-7.00000000 -7.00000000 	-4.5106851627
-7.00000000 -6.00000000 	0.0731482543
-7.00000000 -5.00000000 	4.5838334170
-7.00000000 -4.00000000 	0.0000000000
-7.00000000 -3.00000000 	0.0000000000
-7.00000000 -2.00000000 	0.0000000000
-7.00000000 -1.00000000 	0.0000000000
-7.00000000 0.00000000 	0.0000000000
-7.00000000 1.00000000 	0.0000000000
-7.00000000 2.00000000 	0.0000000000
-7.00000000 3.00000000 	0.0000000000
-7.00000000 4.00000000 	0.0000000000
-7.00000000 5.00000000 	0.0000000000
-7.00000000 6.00000000 	0.0000000000
-7.00000000 7.00000000 	0.0000000000
-7.00000000 8.00000000 	0.0000000000
-6.00000000 -12.00000000 	0.0000000000
-6.00000000 -11.00000000 	0.0000000000
-6.00000000 -10.00000000 	0.0000000000
-6.00000000 -9.00000000 	-3.4166506497
-6.00000000 -8.00000000 	-0.0731482543
-6.00000000 -7.00000000 	4.5106851627
-6.00000000 -6.00000000 	-4.5106851627
-6.00000000 -5.00000000 	0.0731482543
-6.00000000 -4.00000000 	4.5838334170
-6.00000000 -3.00000000 	0.0000000000
-6.00000000 -2.00000000 	0.0000000000
-6.00000000 -1.00000000 	0.0000000000
-6.00000000 0.00000000 	0.0000000000
-6.00000000 1.00000000 	0.0000000000
-6.00000000 2.00000000 	0.0000000000
-6.00000000 3.00000000 	0.0000000000
-6.00000000 4.00000000 	0.0000000000
-6.00000000 5.00000000 	0.0000000000
-6.00000000 6.00000000 	0.0000000000
-6.00000000 7.00000000 	0.0000000000
-6.00000000 8.00000000 	0.0000000000
-5.00000000 -12.00000000 	0.0000000000
-5.00000000 -11.00000000 	0.0000000000
-5.00000000 -10.00000000 	0.0000000000
-5.00000000 -9.00000000 	0.0000000000
-5.00000000 -8.00000000 	-4.5838334170
-5.00000000 -7.00000000 	-0.0731482543
-5.00000000 -6.00000000 	4.5106851627
-5.00000000 -5.00000000 	-4.5106851627
-5.00000000 -4.00000000 	0.0731482543
-5.00000000 -3.00000000 	4.5838334170
-5.00000000 -2.00000000 	0.0000000000
-5.00000000 -1.00000000 	0.0000000000
-5.00000000 0.00000000 	0.0000000000
-5.00000000 1.00000000 	0.0000000000
-5.00000000 2.00000000 	0.0000000000
-5.00000000 3.00000000 	0.0000000000
-5.00000000 4.00000000 	0.0000000000
-5.00000000 5.00000000 	0.0000000000
-5.00000000 6.00000000 	0.0000000000
-5.00000000 7.00000000 	0.0000000000
-5.00000000 8.00000000 	0.0000000000
-4.00000000 -12.00000000 	0.0000000000
-4.00000000 -11.00000000 	0.0000000000
-4.00000000 -10.00000000 	0.0000000000
-4.00000000 -9.00000000 	0.0000000000
-4.00000000 -8.00000000 	0.0000000000
-4.00000000 -7.00000000 	-4.5838334170
-4.00000000 -6.00000000 	-0.0731482543
-4.00000000 -5.00000000 	4.5106851627
-4.00000000 -4.00000000 	-4.5106851627
-4.00000000 -3.00000000 	0.0731482543
-4.00000000 -2.00000000 	4.5838334170
-4.00000000 -1.00000000 	0.0000000000
-4.00000000 0.00000000 	0.0000000000
-4.00000000 1.00000000 	0.0000000000
-4.00000000 2.00000000 	0.0000000000
-4.00000000 3.00000000 	0.0000000000
-4.00000000 4.00000000 	0.0000000000
-4.00000000 5.00000000 	0.0000000000
-4.00000000 6.00000000 	0.0000000000
-4.00000000 7.00000000 	0.0000000000
-4.00000000 8.00000000 	0.0000000000
-3.00000000 -12.00000000 	0.0000000000
-3.00000000 -11.00000000 	0.0000000000
-3.00000000 -10.00000000 	0.0000000000
-3.00000000 -9.00000000 	0.0000000000
-3.00000000 -8.00000000 	0.0000000000
-3.00000000 -7.00000000 	0.0000000000
-3.00000000 -6.00000000 	-4.5838334170
-3.00000000 -5.00000000 	-0.0731482543
-3.00000000 -4.00000000 	4.5106851627
-3.00000000 -3.00000000 	-4.5106851627
-3.00000000 -2.00000000 	0.0731482543
-3.00000000 -1.00000000 	4.5838334170
-3.00000000 0.00000000 	0.0000000000
-3.00000000 1.00000000 	0.0000000000
-3.00000000 2.00000000 	0.0000000000
-3.00000000 3.00000000 	0.0000000000
-3.00000000 4.00000000 	0.0000000000
-3.00000000 5.00000000 	0.0000000000
-3.00000000 6.00000000 	0.0000000000
-3.00000000 7.00000000 	0.0000000000
-3.00000000 8.00000000 	0.0000000000
-2.00000000 -12.00000000 	0.0000000000
-2.00000000 -11.00000000 	0.0000000000
-2.00000000 -10.00000000 	0.0000000000
-2.00000000 -9.00000000 	0.0000000000
-2.00000000 -8.00000000 	0.0000000000
-2.00000000 -7.00000000 	0.0000000000
-2.00000000 -6.00000000 	0.0000000000
-2.00000000 -5.00000000 	-4.5838334170
-2.00000000 -4.00000000 	-0.0731482543
-2.00000000 -3.00000000 	4.5106851627
-2.00000000 -2.00000000 	-4.5106851627
-2.00000000 -1.00000000 	0.0731482543
-2.00000000 0.00000000 	4.5838334170
-2.00000000 1.00000000 	0.0000000000
-2.00000000 2.00000000 	0.0000000000
-2.00000000 3.00000000 	0.0000000000
-2.00000000 4.00000000 	0.0000000000
-2.00000000 5.00000000 	0.0000000000
-2.00000000 6.00000000 	0.0000000000
-2.00000000 7.00000000 	0.0000000000
-2.00000000 8.00000000 	0.0000000000
-1.00000000 -12.00000000 	0.0000000000
-1.00000000 -11.00000000 	0.0000000000
-1.00000000 -10.00000000 	0.0000000000
-1.00000000 -9.00000000 	0.0000000000
-1.00000000 -8.00000000 	0.0000000000
-1.00000000 -7.00000000 	0.0000000000
-1.00000000 -6.00000000 	0.0000000000
-1.00000000 -5.00000000 	0.0000000000
-1.00000000 -4.00000000 	-4.5838334170
-1.00000000 -3.00000000 	-0.0731482543
-1.00000000 -2.00000000 	4.5106851627
-1.00000000 -1.00000000 	-4.5106851627
-1.00000000 0.00000000 	0.0731482543
-1.00000000 1.00000000 	4.5838334170
-1.00000000 2.00000000 	0.0000000000
-1.00000000 3.00000000 	0.0000000000
-1.00000000 4.00000000 	0.0000000000
-1.00000000 5.00000000 	0.0000000000
-1.00000000 6.00000000 	0.0000000000
-1.00000000 7.00000000 	0.0000000000
-1.00000000 8.00000000 	0.0000000000
0.00000000 -12.00000000 	0.0000000000
0.00000000 -11.00000000 	0.0000000000
0.00000000 -10.00000000 	0.0000000000
0.00000000 -9.00000000 	0.0000000000
0.00000000 -8.00000000 	0.0000000000
0.00000000 -7.00000000 	0.0000000000
0.00000000 -6.00000000 	0.0000000000
0.00000000 -5.00000000 	0.0000000000
0.00000000 -4.00000000 	0.0000000000
0.00000000 -3.00000000 	-4.5838334170
0.00000000 -2.00000000 	-0.0731482543
0.00000000 -1.00000000 	4.5106851627
0.00000000 0.00000000 	-4.5106851627
0.00000000 1.00000000 	0.0731482543
0.00000000 2.00000000 	3.4166506497
0.00000000 3.00000000 	0.0000000000
0.00000000 4.00000000 	0.0000000000
0.00000000 5.00000000 	0.0000000000
0.00000000 6.00000000 	0.0000000000
0.00000000 7.00000000 	0.0000000000
0.00000000 8.00000000 	0.0000000000
1.00000000 -12.00000000 	0.0000000000
1.00000000 -11.00000000 	0.0000000000
1.00000000 -10.00000000 	0.0000000000
1.00000000 -9.00000000 	0.0000000000
1.00000000 -8.00000000 	0.0000000000
1.00000000 -7.00000000 	0.0000000000
1.00000000 -6.00000000 	0.0000000000
1.00000000 -5.00000000 	0.0000000000
1.00000000 -4.00000000 	0.0000000000
1.00000000 -3.00000000 	0.0000000000
1.00000000 -2.00000000 	-4.5838334170
1.00000000 -1.00000000 	-0.0731482543
1.00000000 0.00000000 	4.5106851627
1.00000000 1.00000000 	-4.1093253594
1.00000000 2.00000000 	1.1936598563
1.00000000 3.00000000 	1.1248640451
1.00000000 4.00000000 	0.0000000000
1.00000000 5.00000000 	0.0000000000
1.00000000 6.00000000 	0.0000000000
1.00000000 7.00000000 	0.0000000000
1.00000000 8.00000000 	0.0000000000
2.00000000 -12.00000000 	0.0000000000
2.00000000 -11.00000000 	0.0000000000
2.00000000 -10.00000000 	0.0000000000
2.00000000 -9.00000000 	0.0000000000
2.00000000 -8.00000000 	0.0000000000
2.00000000 -7.00000000 	0.0000000000
2.00000000 -6.00000000 	0.0000000000
2.00000000 -5.00000000 	0.0000000000
2.00000000 -4.00000000 	0.0000000000
2.00000000 -3.00000000 	0.0000000000
2.00000000 -2.00000000 	0.0000000000
2.00000000 -1.00000000 	-4.5838334170
2.00000000 0.00000000 	2.8094468087
2.00000000 1.00000000 	0.3763356954
2.00000000 2.00000000 	-1.4118638242
2.00000000 3.00000000 	1.1498881530
2.00000000 4.00000000 	0.0020366642
2.00000000 5.00000000 	0.0000000000
2.00000000 6.00000000 	0.0000000000
2.00000000 7.00000000 	0.0000000000
2.00000000 8.00000000 	0.0000000000
