-8.00000000 -12.00000000 	0.0000000000
-8.00000000 -11.50000000 	0.0000000000
-8.00000000 -11.00000000 	0.0000000000
-8.00000000 -10.50000000 	0.0000000000
-8.00000000 -10.00000000 	0.0000000000
-8.00000000 -9.50000000 	0.0000000000
-8.00000000 -9.00000000 	0.0000000000
-8.00000000 -8.50000000 	0.0000000000
-8.00000000 -8.00000000 	0.0000000000
-8.00000000 -7.50000000 	0.0000000000
-8.00000000 -7.00000000 	0.0000000000
-8.00000000 -6.50000000 	0.0000000000
-8.00000000 -6.00000000 	0.0000000000
-8.00000000 -5.50000000 	0.0000000000
-8.00000000 -5.00000000 	0.0000000000
-8.00000000 -4.50000000 	0.0000000000
-8.00000000 -4.00000000 	0.0000000000
-8.00000000 -3.50000000 	0.0000000000
-8.00000000 -3.00000000 	0.0000000000
-8.00000000 -2.50000000 	0.0000000000
-8.00000000 -2.00000000 	0.0000000000
-8.00000000 -1.50000000 	0.0000000000
-8.00000000 -1.00000000 	0.0000000000
-8.00000000 -0.50000000 	0.0000000000
-8.00000000 0.00000000 	0.0000000000
-8.00000000 0.50000000 	0.0000000000
-8.00000000 1.00000000 	0.0000000000
-8.00000000 1.50000000 	0.0000000000
-8.00000000 2.00000000 	0.0000000000
-8.00000000 2.50000000 	0.0000000000
-8.00000000 3.00000000 	0.0000000000
-8.00000000 3.50000000 	0.0000000000
-8.00000000 4.00000000 	0.0000000000
-8.00000000 4.50000000 	0.0000000000
-8.00000000 5.00000000 	0.0000000000
-8.00000000 5.50000000 	0.0000000000
-8.00000000 6.00000000 	0.0000000000
-8.00000000 6.50000000 	0.0000000000
-8.00000000 7.00000000 	0.0000000000
-8.00000000 7.50000000 	0.0000000000
-8.00000000 8.00000000 	0.0000000000
-7.50000000 -12.00000000 	0.0000000000
-7.50000000 -11.50000000 	0.0000000000
-7.50000000 -11.00000000 	0.0000000000
-7.50000000 -10.50000000 	0.0000000000
-7.50000000 -10.00000000 	0.0000000000
-7.50000000 -9.50000000 	0.0000000000
-7.50000000 -9.00000000 	0.0000000000
-7.50000000 -8.50000000 	0.0000000000
-7.50000000 -8.00000000 	0.0000000000
-7.50000000 -7.50000000 	0.0000000000
-7.50000000 -7.00000000 	0.0000000000
-7.50000000 -6.50000000 	0.0000000000
-7.50000000 -6.00000000 	0.0000000000
-7.50000000 -5.50000000 	0.0000000000
-7.50000000 -5.00000000 	0.0000000000
-7.50000000 -4.50000000 	0.0000000000
-7.50000000 -4.00000000 	0.0000000000
-7.50000000 -3.50000000 	0.0000000000
-7.50000000 -3.00000000 	0.0000000000
-7.50000000 -2.50000000 	0.0000000000
-7.50000000 -2.00000000 	0.0000000000
-7.50000000 -1.50000000 	0.0000000000
-7.50000000 -1.00000000 	0.0000000000
-7.50000000 -0.50000000 	0.0000000000
-7.50000000 0.00000000 	0.0000000000
-7.50000000 0.50000000 	0.0000000000
-7.50000000 1.00000000 	0.0000000000
-7.50000000 1.50000000 	0.0000000000
-7.50000000 2.00000000 	0.0000000000
-7.50000000 2.50000000 	0.0000000000
-7.50000000 3.00000000 	0.0000000000
-7.50000000 3.50000000 	0.0000000000
-7.50000000 4.00000000 	0.0000000000
-7.50000000 4.50000000 	0.0000000000
-7.50000000 5.00000000 	0.0000000000
-7.50000000 5.50000000 	0.0000000000
-7.50000000 6.00000000 	0.0000000000
-7.50000000 6.50000000 	0.0000000000
-7.50000000 7.00000000 	0.0000000000
-7.50000000 7.50000000 	0.0000000000
-7.50000000 8.00000000 	0.0000000000
-7.00000000 -12.00000000 	0.3698886055
-7.00000000 -11.50000000 	0.3014178597
-7.00000000 -11.00000000 	0.1901519403
-7.00000000 -10.50000000 	0.0849993255
-7.00000000 -10.00000000 	0.0235119982
-7.00000000 -9.50000000 	0.0029918730
-7.00000000 -9.00000000 	0.0000000000
-7.00000000 -8.50000000 	0.0000000000
-7.00000000 -8.00000000 	0.0000000000
-7.00000000 -7.50000000 	0.0000000000
-7.00000000 -7.00000000 	0.0000000000
-7.00000000 -6.50000000 	0.0000000000
-7.00000000 -6.00000000 	0.0000000000
-7.00000000 -5.50000000 	0.0000000000
-7.00000000 -5.00000000 	0.0000000000
-7.00000000 -4.50000000 	0.0000000000
-7.00000000 -4.00000000 	0.0000000000
-7.00000000 -3.50000000 	0.0000000000
-7.00000000 -3.00000000 	0.0000000000
-7.00000000 -2.50000000 	0.0000000000
-7.00000000 -2.00000000 	0.0000000000
-7.00000000 -1.50000000 	0.0000000000
-7.00000000 -1.00000000 	0.0000000000
-7.00000000 -0.50000000 	0.0000000000
-7.00000000 0.00000000 	0.0000000000
-7.00000000 0.50000000 	0.0000000000
-7.00000000 1.00000000 	0.0000000000
-7.00000000 1.50000000 	0.0000000000
-7.00000000 2.00000000 	0.0000000000
-7.00000000 2.50000000 	0.0000000000
-7.00000000 3.00000000 	0.0000000000
-7.00000000 3.50000000 	0.0000000000
-7.00000000 4.00000000 	0.0000000000
-7.00000000 4.50000000 	0.0000000000
-7.00000000 5.00000000 	0.0000000000
-7.00000000 5.50000000 	0.0000000000
-7.00000000 6.00000000 	0.0000000000
-7.00000000 6.50000000 	0.0000000000
-7.00000000 7.00000000 	0.0000000000
-7.00000000 7.50000000 	0.0000000000
-7.00000000 8.00000000 	0.0000000000
-6.50000000 -12.00000000 	1.9060047125
-6.50000000 -11.50000000 	1.6467769024
-6.50000000 -11.00000000 	1.1816531764
-6.50000000 -10.50000000 	0.6723838851
-6.50000000 -10.00000000 	0.2954462662
-6.50000000 -9.50000000 	0.0987449740
-6.50000000 -9.00000000 	0.0235119982
-6.50000000 -8.50000000 	0.0029918730
-6.50000000 -8.00000000 	0.0000000000
-6.50000000 -7.50000000 	0.0000000000
-6.50000000 -7.00000000 	0.0000000000
-6.50000000 -6.50000000 	0.0000000000
-6.50000000 -6.00000000 	0.0000000000
-6.50000000 -5.50000000 	0.0000000000
-6.50000000 -5.00000000 	0.0000000000
-6.50000000 -4.50000000 	0.0000000000
-6.50000000 -4.00000000 	0.0000000000
-6.50000000 -3.50000000 	0.0000000000
-6.50000000 -3.00000000 	0.0000000000
-6.50000000 -2.50000000 	0.0000000000
-6.50000000 -2.00000000 	0.0000000000
-6.50000000 -1.50000000 	0.0000000000
-6.50000000 -1.00000000 	0.0000000000
-6.50000000 -0.50000000 	0.0000000000
-6.50000000 0.00000000 	0.0000000000
-6.50000000 0.50000000 	0.0000000000
-6.50000000 1.00000000 	0.0000000000
-6.50000000 1.50000000 	0.0000000000
-6.50000000 2.00000000 	0.0000000000
-6.50000000 2.50000000 	0.0000000000
-6.50000000 3.00000000 	0.0000000000
-6.50000000 3.50000000 	0.0000000000
-6.50000000 4.00000000 	0.0000000000
-6.50000000 4.50000000 	0.0000000000
-6.50000000 5.00000000 	0.0000000000
-6.50000000 5.50000000 	0.0000000000
-6.50000000 6.00000000 	0.0000000000
-6.50000000 6.50000000 	0.0000000000
-6.50000000 7.00000000 	0.0000000000
-6.50000000 7.50000000 	0.0000000000
-6.50000000 8.00000000 	0.0000000000
-6.00000000 -12.00000000 	3.6926167966
-6.00000000 -11.50000000 	3.4878347977
-6.00000000 -11.00000000 	2.9628504355
-6.00000000 -10.50000000 	2.1652872583
-6.00000000 -10.00000000 	1.3386733335
-6.00000000 -9.50000000 	0.6940622970
-6.00000000 -9.00000000 	0.2954462662
-6.00000000 -8.50000000 	0.0987449740
-6.00000000 -8.00000000 	0.0235119982
-6.00000000 -7.50000000 	0.0029918730
-6.00000000 -7.00000000 	0.0000000000
-6.00000000 -6.50000000 	0.0000000000
-6.00000000 -6.00000000 	0.0000000000
-6.00000000 -5.50000000 	0.0000000000
-6.00000000 -5.00000000 	0.0000000000
-6.00000000 -4.50000000 	0.0000000000
-6.00000000 -4.00000000 	0.0000000000
-6.00000000 -3.50000000 	0.0000000000
-6.00000000 -3.00000000 	0.0000000000
-6.00000000 -2.50000000 	0.0000000000
-6.00000000 -2.00000000 	0.0000000000
-6.00000000 -1.50000000 	0.0000000000
-6.00000000 -1.00000000 	0.0000000000
-6.00000000 -0.50000000 	0.0000000000
-6.00000000 0.00000000 	0.0000000000
-6.00000000 0.50000000 	0.0000000000
-6.00000000 1.00000000 	0.0000000000
-6.00000000 1.50000000 	0.0000000000
-6.00000000 2.00000000 	0.0000000000
-6.00000000 2.50000000 	0.0000000000
-6.00000000 3.00000000 	0.0000000000
-6.00000000 3.50000000 	0.0000000000
-6.00000000 4.00000000 	0.0000000000
-6.00000000 4.50000000 	0.0000000000
-6.00000000 5.00000000 	0.0000000000
-6.00000000 5.50000000 	0.0000000000
-6.00000000 6.00000000 	0.0000000000
-6.00000000 6.50000000 	0.0000000000
-6.00000000 7.00000000 	0.0000000000
-6.00000000 7.50000000 	0.0000000000
-6.00000000 8.00000000 	0.0000000000
-5.50000000 -12.00000000 	2.6496607739
-5.50000000 -11.50000000 	3.0787678149
-5.50000000 -11.00000000 	3.5061150413
-5.50000000 -10.50000000 	3.5090689874
-5.50000000 -10.00000000 	2.9949793392
-5.50000000 -9.50000000 	2.1724555020
-5.50000000 -9.00000000 	1.3386733335
-5.50000000 -8.50000000 	0.6940622970
-5.50000000 -8.00000000 	0.2954462662
-5.50000000 -7.50000000 	0.0987449740
-5.50000000 -7.00000000 	0.0235119982
-5.50000000 -6.50000000 	0.0029918730
-5.50000000 -6.00000000 	0.0000000000
-5.50000000 -5.50000000 	0.0000000000
-5.50000000 -5.00000000 	0.0000000000
-5.50000000 -4.50000000 	0.0000000000
-5.50000000 -4.00000000 	0.0000000000
-5.50000000 -3.50000000 	0.0000000000
-5.50000000 -3.00000000 	0.0000000000
-5.50000000 -2.50000000 	0.0000000000
-5.50000000 -2.00000000 	0.0000000000
-5.50000000 -1.50000000 	0.0000000000
-5.50000000 -1.00000000 	0.0000000000
-5.50000000 -0.50000000 	0.0000000000
-5.50000000 0.00000000 	0.0000000000
-5.50000000 0.50000000 	0.0000000000
-5.50000000 1.00000000 	0.0000000000
-5.50000000 1.50000000 	0.0000000000
-5.50000000 2.00000000 	0.0000000000
-5.50000000 2.50000000 	0.0000000000
-5.50000000 3.00000000 	0.0000000000
-5.50000000 3.50000000 	0.0000000000
-5.50000000 4.00000000 	0.0000000000
-5.50000000 4.50000000 	0.0000000000
-5.50000000 5.00000000 	0.0000000000
-5.50000000 5.50000000 	0.0000000000
-5.50000000 6.00000000 	0.0000000000
-5.50000000 6.50000000 	0.0000000000
-5.50000000 7.00000000 	0.0000000000
-5.50000000 7.50000000 	0.0000000000
-5.50000000 8.00000000 	0.0000000000
-5.00000000 -12.00000000 	-1.2541792261
-5.00000000 -11.50000000 	-0.3795804916
-5.00000000 -11.00000000 	1.0457758429
-5.00000000 -10.50000000 	2.4674947054
-5.00000000 -10.00000000 	3.3570098570
-5.00000000 -9.50000000 	3.4921041503
-5.00000000 -9.00000000 	2.9949793392
-5.00000000 -8.50000000 	2.1724555020
-5.00000000 -8.00000000 	1.3386733335
-5.00000000 -7.50000000 	0.6940622970
-5.00000000 -7.00000000 	0.2954462662
-5.00000000 -6.50000000 	0.0987449740
-5.00000000 -6.00000000 	0.0235119982
-5.00000000 -5.50000000 	0.0029918730
-5.00000000 -5.00000000 	0.0000000000
-5.00000000 -4.50000000 	0.0000000000
-5.00000000 -4.00000000 	0.0000000000
-5.00000000 -3.50000000 	0.0000000000
-5.00000000 -3.00000000 	0.0000000000
-5.00000000 -2.50000000 	0.0000000000
-5.00000000 -2.00000000 	0.0000000000
-5.00000000 -1.50000000 	0.0000000000
-5.00000000 -1.00000000 	0.0000000000
-5.00000000 -0.50000000 	0.0000000000
-5.00000000 0.00000000 	0.0000000000
-5.00000000 0.50000000 	0.0000000000
-5.00000000 1.00000000 	0.0000000000
-5.00000000 1.50000000 	0.0000000000
-5.00000000 2.00000000 	0.0000000000
-5.00000000 2.50000000 	0.0000000000
-5.00000000 3.00000000 	0.0000000000
-5.00000000 3.50000000 	0.0000000000
-5.00000000 4.00000000 	0.0000000000
-5.00000000 4.50000000 	0.0000000000
-5.00000000 5.00000000 	0.0000000000
-5.00000000 5.50000000 	0.0000000000
-5.00000000 6.00000000 	0.0000000000
-5.00000000 6.50000000 	0.0000000000
-5.00000000 7.00000000 	0.0000000000
-5.00000000 7.50000000 	0.0000000000
-5.00000000 8.00000000 	0.0000000000
-4.50000000 -12.00000000 	-3.6694892436
-4.50000000 -11.50000000 	-3.3348709885
-4.50000000 -11.00000000 	-2.4198110905
-4.50000000 -10.50000000 	-0.8928529857
-4.50000000 -10.00000000 	0.8986242567
-4.50000000 -9.50000000 	2.4478862544
-4.50000000 -9.00000000 	3.3570098570
-4.50000000 -8.50000000 	3.4921041503
-4.50000000 -8.00000000 	2.9949793392
-4.50000000 -7.50000000 	2.1724555020
-4.50000000 -7.00000000 	1.3386733335
-4.50000000 -6.50000000 	0.6940622970
-4.50000000 -6.00000000 	0.2954462662
-4.50000000 -5.50000000 	0.0987449740
-4.50000000 -5.00000000 	0.0235119982
-4.50000000 -4.50000000 	0.0029918730
-4.50000000 -4.00000000 	0.0000000000
-4.50000000 -3.50000000 	0.0000000000
-4.50000000 -3.00000000 	0.0000000000
-4.50000000 -2.50000000 	0.0000000000
-4.50000000 -2.00000000 	0.0000000000
-4.50000000 -1.50000000 	0.0000000000
-4.50000000 -1.00000000 	0.0000000000
-4.50000000 -0.50000000 	0.0000000000
-4.50000000 0.00000000 	0.0000000000
-4.50000000 0.50000000 	0.0000000000
-4.50000000 1.00000000 	0.0000000000
-4.50000000 1.50000000 	0.0000000000
-4.50000000 2.00000000 	0.0000000000
-4.50000000 2.50000000 	0.0000000000
-4.50000000 3.00000000 	0.0000000000
-4.50000000 3.50000000 	0.0000000000
-4.50000000 4.00000000 	0.0000000000
-4.50000000 4.50000000 	0.0000000000
-4.50000000 5.00000000 	0.0000000000
-4.50000000 5.50000000 	0.0000000000
-4.50000000 6.00000000 	0.0000000000
-4.50000000 6.50000000 	0.0000000000
-4.50000000 7.00000000 	0.0000000000
-4.50000000 7.50000000 	0.0000000000
-4.50000000 8.00000000 	0.0000000000
-4.00000000 -12.00000000 	-2.7074847795
-4.00000000 -11.50000000 	-3.1344603132
-4.00000000 -11.00000000 	-3.5140035608
-4.00000000 -10.50000000 	-3.3584834111
-4.00000000 -10.00000000 	-2.4478862544
-4.00000000 -9.50000000 	-0.8986242567
-4.00000000 -9.00000000 	0.8986242567
-4.00000000 -8.50000000 	2.4478862544
-4.00000000 -8.00000000 	3.3570098570
-4.00000000 -7.50000000 	3.4921041503
-4.00000000 -7.00000000 	2.9949793392
-4.00000000 -6.50000000 	2.1724555020
-4.00000000 -6.00000000 	1.3386733335
-4.00000000 -5.50000000 	0.6940622970
-4.00000000 -5.00000000 	0.2954462662
-4.00000000 -4.50000000 	0.0987449740
-4.00000000 -4.00000000 	0.0235119982
-4.00000000 -3.50000000 	0.0029918730
-4.00000000 -3.00000000 	0.0000000000
-4.00000000 -2.50000000 	0.0000000000
-4.00000000 -2.00000000 	0.0000000000
-4.00000000 -1.50000000 	0.0000000000
-4.00000000 -1.00000000 	0.0000000000
-4.00000000 -0.50000000 	0.0000000000
-4.00000000 0.00000000 	0.0000000000
-4.00000000 0.50000000 	0.0000000000
-4.00000000 1.00000000 	0.0000000000
-4.00000000 1.50000000 	0.0000000000
-4.00000000 2.00000000 	0.0000000000
-4.00000000 2.50000000 	0.0000000000
-4.00000000 3.00000000 	0.0000000000
-4.00000000 3.50000000 	0.0000000000
-4.00000000 4.00000000 	0.0000000000
-4.00000000 4.50000000 	0.0000000000
-4.00000000 5.00000000 	0.0000000000
-4.00000000 5.50000000 	0.0000000000
-4.00000000 6.00000000 	0.0000000000
-4.00000000 6.50000000 	0.0000000000
-4.00000000 7.00000000 	0.0000000000
-4.00000000 7.50000000 	0.0000000000
-4.00000000 8.00000000 	0.0000000000
-3.50000000 -12.00000000 	-0.9016497735
-3.50000000 -11.50000000 	-1.3895820870
-3.50000000 -11.00000000 	-2.1811584572
-3.50000000 -10.50000000 	-2.9958053469
-3.50000000 -10.00000000 	-3.4921041503
-3.50000000 -9.50000000 	-3.3570098570
-3.50000000 -9.00000000 	-2.4478862544
-3.50000000 -8.50000000 	-0.8986242567
-3.50000000 -8.00000000 	0.8986242567
-3.50000000 -7.50000000 	2.4478862544
-3.50000000 -7.00000000 	3.3570098570
-3.50000000 -6.50000000 	3.4921041503
-3.50000000 -6.00000000 	2.9949793392
-3.50000000 -5.50000000 	2.1724555020
-3.50000000 -5.00000000 	1.3386733335
-3.50000000 -4.50000000 	0.6940622970
-3.50000000 -4.00000000 	0.2954462662
-3.50000000 -3.50000000 	0.0987449740
-3.50000000 -3.00000000 	0.0235119982
-3.50000000 -2.50000000 	0.0029918730
-3.50000000 -2.00000000 	0.0000000000
-3.50000000 -1.50000000 	0.0000000000
-3.50000000 -1.00000000 	0.0000000000
-3.50000000 -0.50000000 	0.0000000000
-3.50000000 0.00000000 	0.0000000000
-3.50000000 0.50000000 	0.0000000000
-3.50000000 1.00000000 	0.0000000000
-3.50000000 1.50000000 	0.0000000000
-3.50000000 2.00000000 	0.0000000000
-3.50000000 2.50000000 	0.0000000000
-3.50000000 3.00000000 	0.0000000000
-3.50000000 3.50000000 	0.0000000000
-3.50000000 4.00000000 	0.0000000000
-3.50000000 4.50000000 	0.0000000000
-3.50000000 5.00000000 	0.0000000000
-3.50000000 5.50000000 	0.0000000000
-3.50000000 6.00000000 	0.0000000000
-3.50000000 6.50000000 	0.0000000000
-3.50000000 7.00000000 	0.0000000000
-3.50000000 7.50000000 	0.0000000000
-3.50000000 8.00000000 	0.0000000000
-3.00000000 -12.00000000 	-0.1192168267
-3.00000000 -11.50000000 	-0.2976397161
-3.00000000 -11.00000000 	-0.6940622970
-3.00000000 -10.50000000 	-1.3386733335
-3.00000000 -10.00000000 	-2.1724555020
-3.00000000 -9.50000000 	-2.9949793392
-3.00000000 -9.00000000 	-3.4921041503
-3.00000000 -8.50000000 	-3.3570098570
-3.00000000 -8.00000000 	-2.4478862544
-3.00000000 -7.50000000 	-0.8986242567
-3.00000000 -7.00000000 	0.8986242567
-3.00000000 -6.50000000 	2.4478862544
-3.00000000 -6.00000000 	3.3570098570
-3.00000000 -5.50000000 	3.4921041503
-3.00000000 -5.00000000 	2.9949793392
-3.00000000 -4.50000000 	2.1724555020
-3.00000000 -4.00000000 	1.3386733335
-3.00000000 -3.50000000 	0.6940622970
-3.00000000 -3.00000000 	0.2954462662
-3.00000000 -2.50000000 	0.0987449740
-3.00000000 -2.00000000 	0.0235119982
-3.00000000 -1.50000000 	0.0029918730
-3.00000000 -1.00000000 	0.0000000000
-3.00000000 -0.50000000 	0.0000000000
-3.00000000 0.00000000 	0.0000000000
-3.00000000 0.50000000 	0.0000000000
-3.00000000 1.00000000 	0.0000000000
-3.00000000 1.50000000 	0.0000000000
-3.00000000 2.00000000 	0.0000000000
-3.00000000 2.50000000 	0.0000000000
-3.00000000 3.00000000 	0.0000000000
-3.00000000 3.50000000 	0.0000000000
-3.00000000 4.00000000 	0.0000000000
-3.00000000 4.50000000 	0.0000000000
-3.00000000 5.00000000 	0.0000000000
-3.00000000 5.50000000 	0.0000000000
-3.00000000 6.00000000 	0.0000000000
-3.00000000 6.50000000 	0.0000000000
-3.00000000 7.00000000 	0.0000000000
-3.00000000 7.50000000 	0.0000000000
-3.00000000 8.00000000 	0.0000000000
-2.50000000 -12.00000000 	-0.0029918730
-2.50000000 -11.50000000 	-0.0235119982
-2.50000000 -11.00000000 	-0.0987449740
-2.50000000 -10.50000000 	-0.2954462662
-2.50000000 -10.00000000 	-0.6940622970
-2.50000000 -9.50000000 	-1.3386733335
-2.50000000 -9.00000000 	-2.1724555020
-2.50000000 -8.50000000 	-2.9949793392
-2.50000000 -8.00000000 	-3.4921041503
-2.50000000 -7.50000000 	-3.3570098570
-2.50000000 -7.00000000 	-2.4478862544
-2.50000000 -6.50000000 	-0.8986242567
-2.50000000 -6.00000000 	0.8986242567
-2.50000000 -5.50000000 	2.4478862544
-2.50000000 -5.00000000 	3.3570098570
-2.50000000 -4.50000000 	3.4921041503
-2.50000000 -4.00000000 	2.9949793392
-2.50000000 -3.50000000 	2.1724555020
-2.50000000 -3.00000000 	1.3386733335
-2.50000000 -2.50000000 	0.6940622970
-2.50000000 -2.00000000 	0.2954462662
-2.50000000 -1.50000000 	0.0987449740
-2.50000000 -1.00000000 	0.0235119982
-2.50000000 -0.50000000 	0.0029918730
-2.50000000 0.00000000 	0.0000000000
-2.50000000 0.50000000 	0.0000000000
-2.50000000 1.00000000 	0.0000000000
-2.50000000 1.50000000 	0.0000000000
-2.50000000 2.00000000 	0.0000000000
-2.50000000 2.50000000 	0.0000000000
-2.50000000 3.00000000 	0.0000000000
-2.50000000 3.50000000 	0.0000000000
-2.50000000 4.00000000 	0.0000000000
-2.50000000 4.50000000 	0.0000000000
-2.50000000 5.00000000 	0.0000000000
-2.50000000 5.50000000 	0.0000000000
-2.50000000 6.00000000 	0.0000000000
-2.50000000 6.50000000 	0.0000000000
-2.50000000 7.00000000 	0.0000000000
-2.50000000 7.50000000 	0.0000000000
-2.50000000 8.00000000 	0.0000000000
-2.00000000 -12.00000000 	0.0000000000
-2.00000000 -11.50000000 	0.0000000000
-2.00000000 -11.00000000 	-0.0029918730
-2.00000000 -10.50000000 	-0.0235119982
-2.00000000 -10.00000000 	-0.0987449740
-2.00000000 -9.50000000 	-0.2954462662
-2.00000000 -9.00000000 	-0.6940622970
-2.00000000 -8.50000000 	-1.3386733335
-2.00000000 -8.00000000 	-2.1724555020
-2.00000000 -7.50000000 	-2.9949793392
-2.00000000 -7.00000000 	-3.4921041503
-2.00000000 -6.50000000 	-3.3570098570
-2.00000000 -6.00000000 	-2.4478862544
-2.00000000 -5.50000000 	-0.8986242567
-2.00000000 -5.00000000 	0.8986242567
-2.00000000 -4.50000000 	2.4478862544
-2.00000000 -4.00000000 	3.3570098570
-2.00000000 -3.50000000 	3.4921041503
-2.00000000 -3.00000000 	2.9949793392
-2.00000000 -2.50000000 	2.1724555020
-2.00000000 -2.00000000 	1.3386733335
-2.00000000 -1.50000000 	0.6940622970
-2.00000000 -1.00000000 	0.2954462662
-2.00000000 -0.50000000 	0.0987449740
-2.00000000 0.00000000 	0.0235119982
-2.00000000 0.50000000 	0.0029918730
-2.00000000 1.00000000 	0.0000000000
-2.00000000 1.50000000 	0.0000000000
-2.00000000 2.00000000 	0.0000000000
-2.00000000 2.50000000 	0.0000000000
-2.00000000 3.00000000 	0.0000000000
-2.00000000 3.50000000 	0.0000000000
-2.00000000 4.00000000 	0.0000000000
-2.00000000 4.50000000 	0.0000000000
-2.00000000 5.00000000 	0.0000000000
-2.00000000 5.50000000 	0.0000000000
-2.00000000 6.00000000 	0.0000000000
-2.00000000 6.50000000 	0.0000000000
-2.00000000 7.00000000 	0.0000000000
-2.00000000 7.50000000 	0.0000000000
-2.00000000 8.00000000 	0.0000000000
-1.50000000 -12.00000000 	0.0000000000
-1.50000000 -11.50000000 	0.0000000000
-1.50000000 -11.00000000 	0.0000000000
-1.50000000 -10.50000000 	0.0000000000
-1.50000000 -10.00000000 	-0.0029918730
-1.50000000 -9.50000000 	-0.0235119982
-1.50000000 -9.00000000 	-0.0987449740
-1.50000000 -8.50000000 	-0.2954462662
-1.50000000 -8.00000000 	-0.6940622970
-1.50000000 -7.50000000 	-1.3386733335
-1.50000000 -7.00000000 	-2.1724555020
-1.50000000 -6.50000000 	-2.9949793392
-1.50000000 -6.00000000 	-3.4921041503
-1.50000000 -5.50000000 	-3.3570098570
-1.50000000 -5.00000000 	-2.4478862544
-1.50000000 -4.50000000 	-0.8986242567
-1.50000000 -4.00000000 	0.8986242567
-1.50000000 -3.50000000 	2.4478862544
-1.50000000 -3.00000000 	3.3570098570
-1.50000000 -2.50000000 	3.4921041503
-1.50000000 -2.00000000 	2.9949793392
-1.50000000 -1.50000000 	2.1724555020
-1.50000000 -1.00000000 	1.3386733335
-1.50000000 -0.50000000 	0.6940622970
-1.50000000 0.00000000 	0.2954462662
-1.50000000 0.50000000 	0.0987449740
-1.50000000 1.00000000 	0.0235119982
-1.50000000 1.50000000 	0.0029918730
-1.50000000 2.00000000 	0.0000000000
-1.50000000 2.50000000 	0.0000000000
-1.50000000 3.00000000 	0.0000000000
-1.50000000 3.50000000 	0.0000000000
-1.50000000 4.00000000 	0.0000000000
-1.50000000 4.50000000 	0.0000000000
-1.50000000 5.00000000 	0.0000000000
-1.50000000 5.50000000 	0.0000000000
-1.50000000 6.00000000 	0.0000000000
-1.50000000 6.50000000 	0.0000000000
-1.50000000 7.00000000 	0.0000000000
-1.50000000 7.50000000 	0.0000000000
-1.50000000 8.00000000 	0.0000000000
-1.00000000 -12.00000000 	0.0000000000
-1.00000000 -11.50000000 	0.0000000000
-1.00000000 -11.00000000 	0.0000000000
-1.00000000 -10.50000000 	0.0000000000
-1.00000000 -10.00000000 	0.0000000000
-1.00000000 -9.50000000 	0.0000000000
-1.00000000 -9.00000000 	-0.0029918730
-1.00000000 -8.50000000 	-0.0235119982
-1.00000000 -8.00000000 	-0.0987449740
-1.00000000 -7.50000000 	-0.2954462662
-1.00000000 -7.00000000 	-0.6940622970
-1.00000000 -6.50000000 	-1.3386733335
-1.00000000 -6.00000000 	-2.1724555020
-1.00000000 -5.50000000 	-2.9949793392
-1.00000000 -5.00000000 	-3.4921041503
-1.00000000 -4.50000000 	-3.3570098570
-1.00000000 -4.00000000 	-2.4478862544
-1.00000000 -3.50000000 	-0.8986242567
-1.00000000 -3.00000000 	0.8986242567
-1.00000000 -2.50000000 	2.4478862544
-1.00000000 -2.00000000 	3.3570098570
-1.00000000 -1.50000000 	3.4921041503
-1.00000000 -1.00000000 	2.9949793392
-1.00000000 -0.50000000 	2.1724555020
-1.00000000 0.00000000 	1.3386733335
-1.00000000 0.50000000 	0.6940622970
-1.00000000 1.00000000 	0.2954462662
-1.00000000 1.50000000 	0.0987449740
-1.00000000 2.00000000 	0.0235119982
-1.00000000 2.50000000 	0.0029918730
-1.00000000 3.00000000 	0.0000000000
-1.00000000 3.50000000 	0.0000000000
-1.00000000 4.00000000 	0.0000000000
-1.00000000 4.50000000 	0.0000000000
-1.00000000 5.00000000 	0.0000000000
-1.00000000 5.50000000 	0.0000000000
-1.00000000 6.00000000 	0.0000000000
-1.00000000 6.50000000 	0.0000000000
-1.00000000 7.00000000 	0.0000000000
-1.00000000 7.50000000 	0.0000000000
-1.00000000 8.00000000 	0.0000000000
-0.50000000 -12.00000000 	0.0000000000
-0.50000000 -11.50000000 	0.0000000000
-0.50000000 -11.00000000 	0.0000000000
-0.50000000 -10.50000000 	0.0000000000
-0.50000000 -10.00000000 	0.0000000000
-0.50000000 -9.50000000 	0.0000000000
-0.50000000 -9.00000000 	0.0000000000
-0.50000000 -8.50000000 	0.0000000000
-0.50000000 -8.00000000 	-0.0029918730
-0.50000000 -7.50000000 	-0.0235119982
-0.50000000 -7.00000000 	-0.0987449740
-0.50000000 -6.50000000 	-0.2954462662
-0.50000000 -6.00000000 	-0.6940622970
-0.50000000 -5.50000000 	-1.3386733335
-0.50000000 -5.00000000 	-2.1724555020
-0.50000000 -4.50000000 	-2.9949793392
-0.50000000 -4.00000000 	-3.4921041503
-0.50000000 -3.50000000 	-3.3570098570
-0.50000000 -3.00000000 	-2.4478862544
-0.50000000 -2.50000000 	-0.8986242567
-0.50000000 -2.00000000 	0.8986242567
-0.50000000 -1.50000000 	2.4478862544
-0.50000000 -1.00000000 	3.3570098570
-0.50000000 -0.50000000 	3.4921041503
-0.50000000 0.00000000 	2.9949793392
-0.50000000 0.50000000 	2.1724555020
-0.50000000 1.00000000 	1.3386733335
-0.50000000 1.50000000 	0.6940622970
-0.50000000 2.00000000 	0.2954462662
-0.50000000 2.50000000 	0.0987449740
-0.50000000 3.00000000 	0.0235119982
-0.50000000 3.50000000 	0.0029918730
-0.50000000 4.00000000 	0.0000000000
-0.50000000 4.50000000 	0.0000000000
-0.50000000 5.00000000 	0.0000000000
-0.50000000 5.50000000 	0.0000000000
-0.50000000 6.00000000 	0.0000000000
-0.50000000 6.50000000 	0.0000000000
-0.50000000 7.00000000 	0.0000000000
-0.50000000 7.50000000 	0.0000000000
-0.50000000 8.00000000 	0.0000000000
0.00000000 -12.00000000 	0.0000000000
0.00000000 -11.50000000 	0.0000000000
0.00000000 -11.00000000 	0.0000000000
0.00000000 -10.50000000 	0.0000000000
0.00000000 -10.00000000 	0.0000000000
0.00000000 -9.50000000 	0.0000000000
0.00000000 -9.00000000 	0.0000000000
0.00000000 -8.50000000 	0.0000000000
0.00000000 -8.00000000 	0.0000000000
0.00000000 -7.50000000 	0.0000000000
0.00000000 -7.00000000 	-0.0029918730
0.00000000 -6.50000000 	-0.0235119982
0.00000000 -6.00000000 	-0.0987449740
0.00000000 -5.50000000 	-0.2954462662
0.00000000 -5.00000000 	-0.6940622970
0.00000000 -4.50000000 	-1.3386733335
0.00000000 -4.00000000 	-2.1724555020
0.00000000 -3.50000000 	-2.9949793392
0.00000000 -3.00000000 	-3.4921041503
0.00000000 -2.50000000 	-3.3570098570
0.00000000 -2.00000000 	-2.4478862544
0.00000000 -1.50000000 	-0.8986242567
0.00000000 -1.00000000 	0.8986242567
0.00000000 -0.50000000 	2.4478862544
0.00000000 0.00000000 	3.3570098570
0.00000000 0.50000000 	3.4921041503
0.00000000 1.00000000 	2.9949793392
0.00000000 1.50000000 	2.1724555020
0.00000000 2.00000000 	1.3386733335
0.00000000 2.50000000 	0.6940622970
0.00000000 3.00000000 	0.2954462662
0.00000000 3.50000000 	0.0987449740
0.00000000 4.00000000 	0.0235119982
0.00000000 4.50000000 	0.0029918730
0.00000000 5.00000000 	0.0000000000
0.00000000 5.50000000 	0.0000000000
0.00000000 6.00000000 	0.0000000000
0.00000000 6.50000000 	0.0000000000
0.00000000 7.00000000 	0.0000000000
0.00000000 7.50000000 	0.0000000000
0.00000000 8.00000000 	0.0000000000
0.50000000 -12.00000000 	0.0000000000
0.50000000 -11.50000000 	0.0000000000
0.50000000 -11.00000000 	0.0000000000
0.50000000 -10.50000000 	0.0000000000
0.50000000 -10.00000000 	0.0000000000
0.50000000 -9.50000000 	0.0000000000
0.50000000 -9.00000000 	0.0000000000
0.50000000 -8.50000000 	0.0000000000
0.50000000 -8.00000000 	0.0000000000
0.50000000 -7.50000000 	0.0000000000
0.50000000 -7.00000000 	0.0000000000
0.50000000 -6.50000000 	0.0000000000
0.50000000 -6.00000000 	-0.0029918730
0.50000000 -5.50000000 	-0.0235119982
0.50000000 -5.00000000 	-0.0987449740
0.50000000 -4.50000000 	-0.2954462662
0.50000000 -4.00000000 	-0.6940622970
0.50000000 -3.50000000 	-1.3386733335
0.50000000 -3.00000000 	-2.1724555020
0.50000000 -2.50000000 	-2.9949793392
0.50000000 -2.00000000 	-3.4921041503
0.50000000 -1.50000000 	-3.3570098570
0.50000000 -1.00000000 	-2.4478862544
0.50000000 -0.50000000 	-0.8986242567
0.50000000 0.00000000 	0.8986242567
0.50000000 0.50000000 	2.4478862544
0.50000000 1.00000000 	3.3561730648
0.50000000 1.50000000 	3.4832883834
0.50000000 2.00000000 	2.9541587854
0.50000000 2.50000000 	2.0627698019
0.50000000 3.00000000 	1.1495452134
0.50000000 3.50000000 	0.4767126952
0.50000000 4.00000000 	0.1289267810
0.50000000 4.50000000 	0.0167709663
0.50000000 5.00000000 	0.0000000000
0.50000000 5.50000000 	0.0000000000
0.50000000 6.00000000 	0.0000000000
0.50000000 6.50000000 	0.0000000000
0.50000000 7.00000000 	0.0000000000
0.50000000 7.50000000 	0.0000000000
0.50000000 8.00000000 	0.0000000000
1.00000000 -12.00000000 	0.0000000000
1.00000000 -11.50000000 	0.0000000000
1.00000000 -11.00000000 	0.0000000000
1.00000000 -10.50000000 	0.0000000000
1.00000000 -10.00000000 	0.0000000000
1.00000000 -9.50000000 	0.0000000000
1.00000000 -9.00000000 	0.0000000000
1.00000000 -8.50000000 	0.0000000000
1.00000000 -8.00000000 	0.0000000000
1.00000000 -7.50000000 	0.0000000000
1.00000000 -7.00000000 	0.0000000000
1.00000000 -6.50000000 	0.0000000000
1.00000000 -6.00000000 	0.0000000000
1.00000000 -5.50000000 	0.0000000000
1.00000000 -5.00000000 	-0.0029918730
1.00000000 -4.50000000 	-0.0235119982
1.00000000 -4.00000000 	-0.0987449740
1.00000000 -3.50000000 	-0.2954462662
1.00000000 -3.00000000 	-0.6940622970
1.00000000 -2.50000000 	-1.3386733335
1.00000000 -2.00000000 	-2.1724555020
1.00000000 -1.50000000 	-2.9949793392
1.00000000 -1.00000000 	-3.4921041503
1.00000000 -0.50000000 	-3.3570098570
1.00000000 0.00000000 	-2.4468856454
1.00000000 0.50000000 	-0.8917670671
1.00000000 1.00000000 	0.9156245411
1.00000000 1.50000000 	2.4438603861
1.00000000 2.00000000 	3.2046117637
1.00000000 2.50000000 	2.9826331670
1.00000000 3.00000000 	2.0296280750
1.00000000 3.50000000 	0.9601003439
1.00000000 4.00000000 	0.2803313165
1.00000000 4.50000000 	0.0377452188
1.00000000 5.00000000 	0.0000000000
1.00000000 5.50000000 	0.0000000000
1.00000000 6.00000000 	0.0000000000
1.00000000 6.50000000 	0.0000000000
1.00000000 7.00000000 	0.0000000000
1.00000000 7.50000000 	0.0000000000
1.00000000 8.00000000 	0.0000000000
1.50000000 -12.00000000 	0.0000000000
1.50000000 -11.50000000 	0.0000000000
1.50000000 -11.00000000 	0.0000000000
1.50000000 -10.50000000 	0.0000000000
1.50000000 -10.00000000 	0.0000000000
1.50000000 -9.50000000 	0.0000000000
1.50000000 -9.00000000 	0.0000000000
1.50000000 -8.50000000 	0.0000000000
1.50000000 -8.00000000 	0.0000000000
1.50000000 -7.50000000 	0.0000000000
1.50000000 -7.00000000 	0.0000000000
1.50000000 -6.50000000 	0.0000000000
1.50000000 -6.00000000 	0.0000000000
1.50000000 -5.50000000 	0.0000000000
1.50000000 -5.00000000 	0.0000000000
1.50000000 -4.50000000 	0.0000000000
1.50000000 -4.00000000 	-0.0029918730
1.50000000 -3.50000000 	-0.0235119982
1.50000000 -3.00000000 	-0.0987449740
1.50000000 -2.50000000 	-0.2954462662
1.50000000 -2.00000000 	-0.6940622970
1.50000000 -1.50000000 	-1.3386733335
1.50000000 -1.00000000 	-2.1712560820
1.50000000 -0.50000000 	-2.9858044413
1.50000000 0.00000000 	-3.4532790894
1.50000000 0.50000000 	-3.2380694072
1.50000000 1.00000000 	-2.1831412307
1.50000000 1.50000000 	-0.5144917964
1.50000000 2.00000000 	1.1102100533
1.50000000 2.50000000 	1.9360467525
1.50000000 3.00000000 	1.7155553344
1.50000000 3.50000000 	0.9398826489
1.50000000 4.00000000 	0.3005696889
1.50000000 4.50000000 	0.0429273716
1.50000000 5.00000000 	0.0000000000
1.50000000 5.50000000 	0.0000000000
1.50000000 6.00000000 	0.0000000000
1.50000000 6.50000000 	0.0000000000
1.50000000 7.00000000 	0.0000000000
1.50000000 7.50000000 	0.0000000000
1.50000000 8.00000000 	0.0000000000
2.00000000 -12.00000000 	0.0000000000
2.00000000 -11.50000000 	0.0000000000
2.00000000 -11.00000000 	0.0000000000
2.00000000 -10.50000000 	0.0000000000
2.00000000 -10.00000000 	0.0000000000
2.00000000 -9.50000000 	0.0000000000
2.00000000 -9.00000000 	0.0000000000
2.00000000 -8.50000000 	0.0000000000
2.00000000 -8.00000000 	0.0000000000
2.00000000 -7.50000000 	0.0000000000
2.00000000 -7.00000000 	0.0000000000
2.00000000 -6.50000000 	0.0000000000
2.00000000 -6.00000000 	0.0000000000
2.00000000 -5.50000000 	0.0000000000
2.00000000 -5.00000000 	0.0000000000
2.00000000 -4.50000000 	0.0000000000
2.00000000 -4.00000000 	0.0000000000
2.00000000 -3.50000000 	0.0000000000
2.00000000 -3.00000000 	-0.0029918730
2.00000000 -2.50000000 	-0.0235119982
2.00000000 -2.00000000 	-0.0986461080
2.00000000 -1.50000000 	-0.2946554980
2.00000000 -1.00000000 	-0.6864794647
2.00000000 -0.50000000 	-1.2942221867
2.00000000 0.00000000 	-2.0038609743
2.00000000 0.50000000 	-2.5216992009
2.00000000 1.00000000 	-2.4660418216
2.00000000 1.50000000 	-1.6698173615
2.00000000 2.00000000 	-0.4633443351
2.00000000 2.50000000 	0.4853584180
2.00000000 3.00000000 	0.7545937112
2.00000000 3.50000000 	0.5059597373
2.00000000 4.00000000 	0.1826712228
2.00000000 4.50000000 	0.0284884473
2.00000000 5.00000000 	0.0000000000
2.00000000 5.50000000 	0.0000000000
2.00000000 6.00000000 	0.0000000000
2.00000000 6.50000000 	0.0000000000
2.00000000 7.00000000 	0.0000000000
2.00000000 7.50000000 	0.0000000000
2.00000000 8.00000000 	0.0000000000
