-8.00000000 -12.00000000 	0.0000000000
-8.00000000 -11.50000000 	0.0000000000
-8.00000000 -11.00000000 	0.0000000000
-8.00000000 -10.50000000 	0.0000000000
-8.00000000 -10.00000000 	0.0000000000
-8.00000000 -9.50000000 	0.0000000000
-8.00000000 -9.00000000 	0.0000000000
-8.00000000 -8.50000000 	0.0000000000
-8.00000000 -8.00000000 	0.0000000000
-8.00000000 -7.50000000 	0.0000000000
-8.00000000 -7.00000000 	0.0000000000
-8.00000000 -6.50000000 	0.0000000000
-8.00000000 -6.00000000 	0.0000000000
-8.00000000 -5.50000000 	0.0000000000
-8.00000000 -5.00000000 	0.0000000000
-8.00000000 -4.50000000 	0.0000000000
-8.00000000 -4.00000000 	0.0000000000
-8.00000000 -3.50000000 	0.0000000000
-8.00000000 -3.00000000 	0.0000000000
-8.00000000 -2.50000000 	0.0000000000
-8.00000000 -2.00000000 	0.0000000000
-8.00000000 -1.50000000 	0.0000000000
-8.00000000 -1.00000000 	0.0000000000
-8.00000000 -0.50000000 	0.0000000000
-8.00000000 0.00000000 	0.0000000000
-8.00000000 0.50000000 	0.0000000000
-8.00000000 1.00000000 	0.0000000000
-8.00000000 1.50000000 	0.0000000000
-8.00000000 2.00000000 	0.0000000000
-8.00000000 2.50000000 	0.0000000000
-8.00000000 3.00000000 	0.0000000000
-8.00000000 3.50000000 	0.0000000000
-8.00000000 4.00000000 	0.0000000000
-8.00000000 4.50000000 	0.0000000000
-8.00000000 5.00000000 	0.0000000000
-8.00000000 5.50000000 	0.0000000000
-8.00000000 6.00000000 	0.0000000000
-8.00000000 6.50000000 	0.0000000000
-8.00000000 7.00000000 	0.0000000000
-8.00000000 7.50000000 	0.0000000000
-8.00000000 8.00000000 	0.0000000000
-7.50000000 -12.00000000 	0.0000000000
-7.50000000 -11.50000000 	0.0000000000
-7.50000000 -11.00000000 	0.0000000000
-7.50000000 -10.50000000 	0.0000000000
-7.50000000 -10.00000000 	0.0000000000
-7.50000000 -9.50000000 	0.0000000000
-7.50000000 -9.00000000 	0.0000000000
-7.50000000 -8.50000000 	0.0000000000
-7.50000000 -8.00000000 	0.0000000000
-7.50000000 -7.50000000 	0.0000000000
-7.50000000 -7.00000000 	0.0000000000
-7.50000000 -6.50000000 	0.0000000000
-7.50000000 -6.00000000 	0.0000000000
-7.50000000 -5.50000000 	0.0000000000
-7.50000000 -5.00000000 	0.0000000000
-7.50000000 -4.50000000 	0.0000000000
-7.50000000 -4.00000000 	0.0000000000
-7.50000000 -3.50000000 	0.0000000000
-7.50000000 -3.00000000 	0.0000000000
-7.50000000 -2.50000000 	0.0000000000
-7.50000000 -2.00000000 	0.0000000000
-7.50000000 -1.50000000 	0.0000000000
-7.50000000 -1.00000000 	0.0000000000
-7.50000000 -0.50000000 	0.0000000000
-7.50000000 0.00000000 	0.0000000000
-7.50000000 0.50000000 	0.0000000000
-7.50000000 1.00000000 	0.0000000000
-7.50000000 1.50000000 	0.0000000000
-7.50000000 2.00000000 	0.0000000000
-7.50000000 2.50000000 	0.0000000000
-7.50000000 3.00000000 	0.0000000000
-7.50000000 3.50000000 	0.0000000000
-7.50000000 4.00000000 	0.0000000000
-7.50000000 4.50000000 	0.0000000000
-7.50000000 5.00000000 	0.0000000000
-7.50000000 5.50000000 	0.0000000000
-7.50000000 6.00000000 	0.0000000000
-7.50000000 6.50000000 	0.0000000000
-7.50000000 7.00000000 	0.0000000000
-7.50000000 7.50000000 	0.0000000000
-7.50000000 8.00000000 	0.0000000000
-7.00000000 -12.00000000 	0.0000000000
-7.00000000 -11.50000000 	0.0000000000
-7.00000000 -11.00000000 	0.0000000000
-7.00000000 -10.50000000 	0.0000000000
-7.00000000 -10.00000000 	0.0000000000
-7.00000000 -9.50000000 	0.0000000000
-7.00000000 -9.00000000 	0.0000000000
-7.00000000 -8.50000000 	0.0000000000
-7.00000000 -8.00000000 	0.0000000000
-7.00000000 -7.50000000 	0.0000000000
-7.00000000 -7.00000000 	0.0000000000
-7.00000000 -6.50000000 	0.0000000000
-7.00000000 -6.00000000 	0.0000000000
-7.00000000 -5.50000000 	0.0000000000
-7.00000000 -5.00000000 	0.0000000000
-7.00000000 -4.50000000 	0.0000000000
-7.00000000 -4.00000000 	0.0000000000
-7.00000000 -3.50000000 	0.0000000000
-7.00000000 -3.00000000 	0.0000000000
-7.00000000 -2.50000000 	0.0000000000
-7.00000000 -2.00000000 	0.0000000000
-7.00000000 -1.50000000 	0.0000000000
-7.00000000 -1.00000000 	0.0000000000
-7.00000000 -0.50000000 	0.0000000000
-7.00000000 0.00000000 	0.0000000000
-7.00000000 0.50000000 	0.0000000000
-7.00000000 1.00000000 	0.0000000000
-7.00000000 1.50000000 	0.0000000000
-7.00000000 2.00000000 	0.0000000000
-7.00000000 2.50000000 	0.0000000000
-7.00000000 3.00000000 	0.0000000000
-7.00000000 3.50000000 	0.0000000000
-7.00000000 4.00000000 	0.0000000000
-7.00000000 4.50000000 	0.0000000000
-7.00000000 5.00000000 	0.0000000000
-7.00000000 5.50000000 	0.0000000000
-7.00000000 6.00000000 	0.0000000000
-7.00000000 6.50000000 	0.0000000000
-7.00000000 7.00000000 	0.0000000000
-7.00000000 7.50000000 	0.0000000000
-7.00000000 8.00000000 	0.0000000000
-6.50000000 -12.00000000 	0.4346760731
-6.50000000 -11.50000000 	0.4346760731
-6.50000000 -11.00000000 	0.0000000000
-6.50000000 -10.50000000 	0.0000000000
-6.50000000 -10.00000000 	0.0000000000
-6.50000000 -9.50000000 	0.0000000000
-6.50000000 -9.00000000 	0.0000000000
-6.50000000 -8.50000000 	0.0000000000
-6.50000000 -8.00000000 	0.0000000000
-6.50000000 -7.50000000 	0.0000000000
-6.50000000 -7.00000000 	0.0000000000
-6.50000000 -6.50000000 	0.0000000000
-6.50000000 -6.00000000 	0.0000000000
-6.50000000 -5.50000000 	0.0000000000
-6.50000000 -5.00000000 	0.0000000000
-6.50000000 -4.50000000 	0.0000000000
-6.50000000 -4.00000000 	0.0000000000
-6.50000000 -3.50000000 	0.0000000000
-6.50000000 -3.00000000 	0.0000000000
-6.50000000 -2.50000000 	0.0000000000
-6.50000000 -2.00000000 	0.0000000000
-6.50000000 -1.50000000 	0.0000000000
-6.50000000 -1.00000000 	0.0000000000
-6.50000000 -0.50000000 	0.0000000000
-6.50000000 0.00000000 	0.0000000000
-6.50000000 0.50000000 	0.0000000000
-6.50000000 1.00000000 	0.0000000000
-6.50000000 1.50000000 	0.0000000000
-6.50000000 2.00000000 	0.0000000000
-6.50000000 2.50000000 	0.0000000000
-6.50000000 3.00000000 	0.0000000000
-6.50000000 3.50000000 	0.0000000000
-6.50000000 4.00000000 	0.0000000000
-6.50000000 4.50000000 	0.0000000000
-6.50000000 5.00000000 	0.0000000000
-6.50000000 5.50000000 	0.0000000000
-6.50000000 6.00000000 	0.0000000000
-6.50000000 6.50000000 	0.0000000000
-6.50000000 7.00000000 	0.0000000000
-6.50000000 7.50000000 	0.0000000000
-6.50000000 8.00000000 	0.0000000000
-6.00000000 -12.00000000 	2.9875069453
-6.00000000 -11.50000000 	2.7974188445
-6.00000000 -11.00000000 	1.1192623922
-6.00000000 -10.50000000 	0.4346760731
-6.00000000 -10.00000000 	0.0000000000
-6.00000000 -9.50000000 	0.0000000000
-6.00000000 -9.00000000 	0.0000000000
-6.00000000 -8.50000000 	0.0000000000
-6.00000000 -8.00000000 	0.0000000000
-6.00000000 -7.50000000 	0.0000000000
-6.00000000 -7.00000000 	0.0000000000
-6.00000000 -6.50000000 	0.0000000000
-6.00000000 -6.00000000 	0.0000000000
-6.00000000 -5.50000000 	0.0000000000
-6.00000000 -5.00000000 	0.0000000000
-6.00000000 -4.50000000 	0.0000000000
-6.00000000 -4.00000000 	0.0000000000
-6.00000000 -3.50000000 	0.0000000000
-6.00000000 -3.00000000 	0.0000000000
-6.00000000 -2.50000000 	0.0000000000
-6.00000000 -2.00000000 	0.0000000000
-6.00000000 -1.50000000 	0.0000000000
-6.00000000 -1.00000000 	0.0000000000
-6.00000000 -0.50000000 	0.0000000000
-6.00000000 0.00000000 	0.0000000000
-6.00000000 0.50000000 	0.0000000000
-6.00000000 1.00000000 	0.0000000000
-6.00000000 1.50000000 	0.0000000000
-6.00000000 2.00000000 	0.0000000000
-6.00000000 2.50000000 	0.0000000000
-6.00000000 3.00000000 	0.0000000000
-6.00000000 3.50000000 	0.0000000000
-6.00000000 4.00000000 	0.0000000000
-6.00000000 4.50000000 	0.0000000000
-6.00000000 5.00000000 	0.0000000000
-6.00000000 5.50000000 	0.0000000000
-6.00000000 6.00000000 	0.0000000000
-6.00000000 6.50000000 	0.0000000000
-6.00000000 7.00000000 	0.0000000000
-6.00000000 7.50000000 	0.0000000000
-6.00000000 8.00000000 	0.0000000000
-5.50000000 -12.00000000 	2.9766688051
-5.50000000 -11.50000000 	3.8625452347
-5.50000000 -11.00000000 	4.2380650517
-5.50000000 -10.50000000 	3.0619277648
-5.50000000 -10.00000000 	1.1192623922
-5.50000000 -9.50000000 	0.4346760731
-5.50000000 -9.00000000 	0.0000000000
-5.50000000 -8.50000000 	0.0000000000
-5.50000000 -8.00000000 	0.0000000000
-5.50000000 -7.50000000 	0.0000000000
-5.50000000 -7.00000000 	0.0000000000
-5.50000000 -6.50000000 	0.0000000000
-5.50000000 -6.00000000 	0.0000000000
-5.50000000 -5.50000000 	0.0000000000
-5.50000000 -5.00000000 	0.0000000000
-5.50000000 -4.50000000 	0.0000000000
-5.50000000 -4.00000000 	0.0000000000
-5.50000000 -3.50000000 	0.0000000000
-5.50000000 -3.00000000 	0.0000000000
-5.50000000 -2.50000000 	0.0000000000
-5.50000000 -2.00000000 	0.0000000000
-5.50000000 -1.50000000 	0.0000000000
-5.50000000 -1.00000000 	0.0000000000
-5.50000000 -0.50000000 	0.0000000000
-5.50000000 0.00000000 	0.0000000000
-5.50000000 0.50000000 	0.0000000000
-5.50000000 1.00000000 	0.0000000000
-5.50000000 1.50000000 	0.0000000000
-5.50000000 2.00000000 	0.0000000000
-5.50000000 2.50000000 	0.0000000000
-5.50000000 3.00000000 	0.0000000000
-5.50000000 3.50000000 	0.0000000000
-5.50000000 4.00000000 	0.0000000000
-5.50000000 4.50000000 	0.0000000000
-5.50000000 5.00000000 	0.0000000000
-5.50000000 5.50000000 	0.0000000000
-5.50000000 6.00000000 	0.0000000000
-5.50000000 6.50000000 	0.0000000000
-5.50000000 7.00000000 	0.0000000000
-5.50000000 7.50000000 	0.0000000000
-5.50000000 8.00000000 	0.0000000000
-5.00000000 -12.00000000 	-2.7272222923
-5.00000000 -11.50000000 	-1.7508848170
-5.00000000 -11.00000000 	1.9748938204
-5.00000000 -10.50000000 	3.8378145840
-5.00000000 -10.00000000 	4.2409700880
-5.00000000 -9.50000000 	3.0619277648
-5.00000000 -9.00000000 	1.1192623922
-5.00000000 -8.50000000 	0.4346760731
-5.00000000 -8.00000000 	0.0000000000
-5.00000000 -7.50000000 	0.0000000000
-5.00000000 -7.00000000 	0.0000000000
-5.00000000 -6.50000000 	0.0000000000
-5.00000000 -6.00000000 	0.0000000000
-5.00000000 -5.50000000 	0.0000000000
-5.00000000 -5.00000000 	0.0000000000
-5.00000000 -4.50000000 	0.0000000000
-5.00000000 -4.00000000 	0.0000000000
-5.00000000 -3.50000000 	0.0000000000
-5.00000000 -3.00000000 	0.0000000000
-5.00000000 -2.50000000 	0.0000000000
-5.00000000 -2.00000000 	0.0000000000
-5.00000000 -1.50000000 	0.0000000000
-5.00000000 -1.00000000 	0.0000000000
-5.00000000 -0.50000000 	0.0000000000
-5.00000000 0.00000000 	0.0000000000
-5.00000000 0.50000000 	0.0000000000
-5.00000000 1.00000000 	0.0000000000
-5.00000000 1.50000000 	0.0000000000
-5.00000000 2.00000000 	0.0000000000
-5.00000000 2.50000000 	0.0000000000
-5.00000000 3.00000000 	0.0000000000
-5.00000000 3.50000000 	0.0000000000
-5.00000000 4.00000000 	0.0000000000
-5.00000000 4.50000000 	0.0000000000
-5.00000000 5.00000000 	0.0000000000
-5.00000000 5.50000000 	0.0000000000
-5.00000000 6.00000000 	0.0000000000
-5.00000000 6.50000000 	0.0000000000
-5.00000000 7.00000000 	0.0000000000
-5.00000000 7.50000000 	0.0000000000
-5.00000000 8.00000000 	0.0000000000
-4.50000000 -12.00000000 	-3.2523823066
-4.50000000 -11.50000000 	-4.2409700880
-4.50000000 -11.00000000 	-3.8378145840
-4.50000000 -10.50000000 	-1.9748938204
-4.50000000 -10.00000000 	1.9748938204
-4.50000000 -9.50000000 	3.8378145840
-4.50000000 -9.00000000 	4.2409700880
-4.50000000 -8.50000000 	3.0619277648
-4.50000000 -8.00000000 	1.1192623922
-4.50000000 -7.50000000 	0.4346760731
-4.50000000 -7.00000000 	0.0000000000
-4.50000000 -6.50000000 	0.0000000000
-4.50000000 -6.00000000 	0.0000000000
-4.50000000 -5.50000000 	0.0000000000
-4.50000000 -5.00000000 	0.0000000000
-4.50000000 -4.50000000 	0.0000000000
-4.50000000 -4.00000000 	0.0000000000
-4.50000000 -3.50000000 	0.0000000000
-4.50000000 -3.00000000 	0.0000000000
-4.50000000 -2.50000000 	0.0000000000
-4.50000000 -2.00000000 	0.0000000000
-4.50000000 -1.50000000 	0.0000000000
-4.50000000 -1.00000000 	0.0000000000
-4.50000000 -0.50000000 	0.0000000000
-4.50000000 0.00000000 	0.0000000000
-4.50000000 0.50000000 	0.0000000000
-4.50000000 1.00000000 	0.0000000000
-4.50000000 1.50000000 	0.0000000000
-4.50000000 2.00000000 	0.0000000000
-4.50000000 2.50000000 	0.0000000000
-4.50000000 3.00000000 	0.0000000000
-4.50000000 3.50000000 	0.0000000000
-4.50000000 4.00000000 	0.0000000000
-4.50000000 4.50000000 	0.0000000000
-4.50000000 5.00000000 	0.0000000000
-4.50000000 5.50000000 	0.0000000000
-4.50000000 6.00000000 	0.0000000000
-4.50000000 6.50000000 	0.0000000000
-4.50000000 7.00000000 	0.0000000000
-4.50000000 7.50000000 	0.0000000000
-4.50000000 8.00000000 	0.0000000000
-4.00000000 -12.00000000 	-0.4346760731
-4.00000000 -11.50000000 	-1.1192623922
-4.00000000 -11.00000000 	-3.0619277648
-4.00000000 -10.50000000 	-4.2409700880
-4.00000000 -10.00000000 	-3.8378145840
-4.00000000 -9.50000000 	-1.9748938204
-4.00000000 -9.00000000 	1.9748938204
-4.00000000 -8.50000000 	3.8378145840
-4.00000000 -8.00000000 	4.2409700880
-4.00000000 -7.50000000 	3.0619277648
-4.00000000 -7.00000000 	1.1192623922
-4.00000000 -6.50000000 	0.4346760731
-4.00000000 -6.00000000 	0.0000000000
-4.00000000 -5.50000000 	0.0000000000
-4.00000000 -5.00000000 	0.0000000000
-4.00000000 -4.50000000 	0.0000000000
-4.00000000 -4.00000000 	0.0000000000
-4.00000000 -3.50000000 	0.0000000000
-4.00000000 -3.00000000 	0.0000000000
-4.00000000 -2.50000000 	0.0000000000
-4.00000000 -2.00000000 	0.0000000000
-4.00000000 -1.50000000 	0.0000000000
-4.00000000 -1.00000000 	0.0000000000
-4.00000000 -0.50000000 	0.0000000000
-4.00000000 0.00000000 	0.0000000000
-4.00000000 0.50000000 	0.0000000000
-4.00000000 1.00000000 	0.0000000000
-4.00000000 1.50000000 	0.0000000000
-4.00000000 2.00000000 	0.0000000000
-4.00000000 2.50000000 	0.0000000000
-4.00000000 3.00000000 	0.0000000000
-4.00000000 3.50000000 	0.0000000000
-4.00000000 4.00000000 	0.0000000000
-4.00000000 4.50000000 	0.0000000000
-4.00000000 5.00000000 	0.0000000000
-4.00000000 5.50000000 	0.0000000000
-4.00000000 6.00000000 	0.0000000000
-4.00000000 6.50000000 	0.0000000000
-4.00000000 7.00000000 	0.0000000000
-4.00000000 7.50000000 	0.0000000000
-4.00000000 8.00000000 	0.0000000000
-3.50000000 -12.00000000 	0.0000000000
-3.50000000 -11.50000000 	0.0000000000
-3.50000000 -11.00000000 	-0.4346760731
-3.50000000 -10.50000000 	-1.1192623922
-3.50000000 -10.00000000 	-3.0619277648
-3.50000000 -9.50000000 	-4.2409700880
-3.50000000 -9.00000000 	-3.8378145840
-3.50000000 -8.50000000 	-1.9748938204
-3.50000000 -8.00000000 	1.9748938204
-3.50000000 -7.50000000 	3.8378145840
-3.50000000 -7.00000000 	4.2409700880
-3.50000000 -6.50000000 	3.0619277648
-3.50000000 -6.00000000 	1.1192623922
-3.50000000 -5.50000000 	0.4346760731
-3.50000000 -5.00000000 	0.0000000000
-3.50000000 -4.50000000 	0.0000000000
-3.50000000 -4.00000000 	0.0000000000
-3.50000000 -3.50000000 	0.0000000000
-3.50000000 -3.00000000 	0.0000000000
-3.50000000 -2.50000000 	0.0000000000
-3.50000000 -2.00000000 	0.0000000000
-3.50000000 -1.50000000 	0.0000000000
-3.50000000 -1.00000000 	0.0000000000
-3.50000000 -0.50000000 	0.0000000000
-3.50000000 0.00000000 	0.0000000000
-3.50000000 0.50000000 	0.0000000000
-3.50000000 1.00000000 	0.0000000000
-3.50000000 1.50000000 	0.0000000000
-3.50000000 2.00000000 	0.0000000000
-3.50000000 2.50000000 	0.0000000000
-3.50000000 3.00000000 	0.0000000000
-3.50000000 3.50000000 	0.0000000000
-3.50000000 4.00000000 	0.0000000000
-3.50000000 4.50000000 	0.0000000000
-3.50000000 5.00000000 	0.0000000000
-3.50000000 5.50000000 	0.0000000000
-3.50000000 6.00000000 	0.0000000000
-3.50000000 6.50000000 	0.0000000000
-3.50000000 7.00000000 	0.0000000000
-3.50000000 7.50000000 	0.0000000000
-3.50000000 8.00000000 	0.0000000000
-3.00000000 -12.00000000 	0.0000000000
-3.00000000 -11.50000000 	0.0000000000
-3.00000000 -11.00000000 	0.0000000000
-3.00000000 -10.50000000 	0.0000000000
-3.00000000 -10.00000000 	-0.4346760731
-3.00000000 -9.50000000 	-1.1192623922
-3.00000000 -9.00000000 	-3.0619277648
-3.00000000 -8.50000000 	-4.2409700880
-3.00000000 -8.00000000 	-3.8378145840
-3.00000000 -7.50000000 	-1.9748938204
-3.00000000 -7.00000000 	1.9748938204
-3.00000000 -6.50000000 	3.8378145840
-3.00000000 -6.00000000 	4.2409700880
-3.00000000 -5.50000000 	3.0619277648
-3.00000000 -5.00000000 	1.1192623922
-3.00000000 -4.50000000 	0.4346760731
-3.00000000 -4.00000000 	0.0000000000
-3.00000000 -3.50000000 	0.0000000000
-3.00000000 -3.00000000 	0.0000000000
-3.00000000 -2.50000000 	0.0000000000
-3.00000000 -2.00000000 	0.0000000000
-3.00000000 -1.50000000 	0.0000000000
-3.00000000 -1.00000000 	0.0000000000
-3.00000000 -0.50000000 	0.0000000000
-3.00000000 0.00000000 	0.0000000000
-3.00000000 0.50000000 	0.0000000000
-3.00000000 1.00000000 	0.0000000000
-3.00000000 1.50000000 	0.0000000000
-3.00000000 2.00000000 	0.0000000000
-3.00000000 2.50000000 	0.0000000000
-3.00000000 3.00000000 	0.0000000000
-3.00000000 3.50000000 	0.0000000000
-3.00000000 4.00000000 	0.0000000000
-3.00000000 4.50000000 	0.0000000000
-3.00000000 5.00000000 	0.0000000000
-3.00000000 5.50000000 	0.0000000000
-3.00000000 6.00000000 	0.0000000000
-3.00000000 6.50000000 	0.0000000000
-3.00000000 7.00000000 	0.0000000000
-3.00000000 7.50000000 	0.0000000000
-3.00000000 8.00000000 	0.0000000000
-2.50000000 -12.00000000 	0.0000000000
-2.50000000 -11.50000000 	0.0000000000
-2.50000000 -11.00000000 	0.0000000000
-2.50000000 -10.50000000 	0.0000000000
-2.50000000 -10.00000000 	0.0000000000
-2.50000000 -9.50000000 	0.0000000000
-2.50000000 -9.00000000 	-0.4346760731
-2.50000000 -8.50000000 	-1.1192623922
-2.50000000 -8.00000000 	-3.0619277648
-2.50000000 -7.50000000 	-4.2409700880
-2.50000000 -7.00000000 	-3.8378145840
-2.50000000 -6.50000000 	-1.9748938204
-2.50000000 -6.00000000 	1.9748938204
-2.50000000 -5.50000000 	3.8378145840
-2.50000000 -5.00000000 	4.2409700880
-2.50000000 -4.50000000 	3.0619277648
-2.50000000 -4.00000000 	1.1192623922
-2.50000000 -3.50000000 	0.4346760731
-2.50000000 -3.00000000 	0.0000000000
-2.50000000 -2.50000000 	0.0000000000
-2.50000000 -2.00000000 	0.0000000000
-2.50000000 -1.50000000 	0.0000000000
-2.50000000 -1.00000000 	0.0000000000
-2.50000000 -0.50000000 	0.0000000000
-2.50000000 0.00000000 	0.0000000000
-2.50000000 0.50000000 	0.0000000000
-2.50000000 1.00000000 	0.0000000000
-2.50000000 1.50000000 	0.0000000000
-2.50000000 2.00000000 	0.0000000000
-2.50000000 2.50000000 	0.0000000000
-2.50000000 3.00000000 	0.0000000000
-2.50000000 3.50000000 	0.0000000000
-2.50000000 4.00000000 	0.0000000000
-2.50000000 4.50000000 	0.0000000000
-2.50000000 5.00000000 	0.0000000000
-2.50000000 5.50000000 	0.0000000000
-2.50000000 6.00000000 	0.0000000000
-2.50000000 6.50000000 	0.0000000000
-2.50000000 7.00000000 	0.0000000000
-2.50000000 7.50000000 	0.0000000000
-2.50000000 8.00000000 	0.0000000000
-2.00000000 -12.00000000 	0.0000000000
-2.00000000 -11.50000000 	0.0000000000
-2.00000000 -11.00000000 	0.0000000000
-2.00000000 -10.50000000 	0.0000000000
-2.00000000 -10.00000000 	0.0000000000
-2.00000000 -9.50000000 	0.0000000000
-2.00000000 -9.00000000 	0.0000000000
-2.00000000 -8.50000000 	0.0000000000
-2.00000000 -8.00000000 	-0.4346760731
-2.00000000 -7.50000000 	-1.1192623922
-2.00000000 -7.00000000 	-3.0619277648
-2.00000000 -6.50000000 	-4.2409700880
-2.00000000 -6.00000000 	-3.8378145840
-2.00000000 -5.50000000 	-1.9748938204
-2.00000000 -5.00000000 	1.9748938204
-2.00000000 -4.50000000 	3.8378145840
-2.00000000 -4.00000000 	4.2409700880
-2.00000000 -3.50000000 	3.0619277648
-2.00000000 -3.00000000 	1.1192623922
-2.00000000 -2.50000000 	0.4346760731
-2.00000000 -2.00000000 	0.0000000000
-2.00000000 -1.50000000 	0.0000000000
-2.00000000 -1.00000000 	0.0000000000
-2.00000000 -0.50000000 	0.0000000000
-2.00000000 0.00000000 	0.0000000000
-2.00000000 0.50000000 	0.0000000000
-2.00000000 1.00000000 	0.0000000000
-2.00000000 1.50000000 	0.0000000000
-2.00000000 2.00000000 	0.0000000000
-2.00000000 2.50000000 	0.0000000000
-2.00000000 3.00000000 	0.0000000000
-2.00000000 3.50000000 	0.0000000000
-2.00000000 4.00000000 	0.0000000000
-2.00000000 4.50000000 	0.0000000000
-2.00000000 5.00000000 	0.0000000000
-2.00000000 5.50000000 	0.0000000000
-2.00000000 6.00000000 	0.0000000000
-2.00000000 6.50000000 	0.0000000000
-2.00000000 7.00000000 	0.0000000000
-2.00000000 7.50000000 	0.0000000000
-2.00000000 8.00000000 	0.0000000000
-1.50000000 -12.00000000 	0.0000000000
-1.50000000 -11.50000000 	0.0000000000
-1.50000000 -11.00000000 	0.0000000000
-1.50000000 -10.50000000 	0.0000000000
-1.50000000 -10.00000000 	0.0000000000
-1.50000000 -9.50000000 	0.0000000000
-1.50000000 -9.00000000 	0.0000000000
-1.50000000 -8.50000000 	0.0000000000
-1.50000000 -8.00000000 	0.0000000000
-1.50000000 -7.50000000 	0.0000000000
-1.50000000 -7.00000000 	-0.4346760731
-1.50000000 -6.50000000 	-1.1192623922
-1.50000000 -6.00000000 	-3.0619277648
-1.50000000 -5.50000000 	-4.2409700880
-1.50000000 -5.00000000 	-3.8378145840
-1.50000000 -4.50000000 	-1.9748938204
-1.50000000 -4.00000000 	1.9748938204
-1.50000000 -3.50000000 	3.8378145840
-1.50000000 -3.00000000 	4.2409700880
-1.50000000 -2.50000000 	3.0619277648
-1.50000000 -2.00000000 	1.1192623922
-1.50000000 -1.50000000 	0.4346760731
-1.50000000 -1.00000000 	0.0000000000
-1.50000000 -0.50000000 	0.0000000000
-1.50000000 0.00000000 	0.0000000000
-1.50000000 0.50000000 	0.0000000000
-1.50000000 1.00000000 	0.0000000000
-1.50000000 1.50000000 	0.0000000000
-1.50000000 2.00000000 	0.0000000000
-1.50000000 2.50000000 	0.0000000000
-1.50000000 3.00000000 	0.0000000000
-1.50000000 3.50000000 	0.0000000000
-1.50000000 4.00000000 	0.0000000000
-1.50000000 4.50000000 	0.0000000000
-1.50000000 5.00000000 	0.0000000000
-1.50000000 5.50000000 	0.0000000000
-1.50000000 6.00000000 	0.0000000000
-1.50000000 6.50000000 	0.0000000000
-1.50000000 7.00000000 	0.0000000000
-1.50000000 7.50000000 	0.0000000000
-1.50000000 8.00000000 	0.0000000000
-1.00000000 -12.00000000 	0.0000000000
-1.00000000 -11.50000000 	0.0000000000
-1.00000000 -11.00000000 	0.0000000000
-1.00000000 -10.50000000 	0.0000000000
-1.00000000 -10.00000000 	0.0000000000
-1.00000000 -9.50000000 	0.0000000000
-1.00000000 -9.00000000 	0.0000000000
-1.00000000 -8.50000000 	0.0000000000
-1.00000000 -8.00000000 	0.0000000000
-1.00000000 -7.50000000 	0.0000000000
-1.00000000 -7.00000000 	0.0000000000
-1.00000000 -6.50000000 	0.0000000000
-1.00000000 -6.00000000 	-0.4346760731
-1.00000000 -5.50000000 	-1.1192623922
-1.00000000 -5.00000000 	-3.0619277648
-1.00000000 -4.50000000 	-4.2409700880
-1.00000000 -4.00000000 	-3.8378145840
-1.00000000 -3.50000000 	-1.9748938204
-1.00000000 -3.00000000 	1.9748938204
-1.00000000 -2.50000000 	3.8378145840
-1.00000000 -2.00000000 	4.2409700880
-1.00000000 -1.50000000 	3.0619277648
-1.00000000 -1.00000000 	1.1192623922
-1.00000000 -0.50000000 	0.4346760731
-1.00000000 0.00000000 	0.0000000000
-1.00000000 0.50000000 	0.0000000000
-1.00000000 1.00000000 	0.0000000000
-1.00000000 1.50000000 	0.0000000000
-1.00000000 2.00000000 	0.0000000000
-1.00000000 2.50000000 	0.0000000000
-1.00000000 3.00000000 	0.0000000000
-1.00000000 3.50000000 	0.0000000000
-1.00000000 4.00000000 	0.0000000000
-1.00000000 4.50000000 	0.0000000000
-1.00000000 5.00000000 	0.0000000000
-1.00000000 5.50000000 	0.0000000000
-1.00000000 6.00000000 	0.0000000000
-1.00000000 6.50000000 	0.0000000000
-1.00000000 7.00000000 	0.0000000000
-1.00000000 7.50000000 	0.0000000000
-1.00000000 8.00000000 	0.0000000000
-0.50000000 -12.00000000 	0.0000000000
-0.50000000 -11.50000000 	0.0000000000
-0.50000000 -11.00000000 	0.0000000000
-0.50000000 -10.50000000 	0.0000000000
-0.50000000 -10.00000000 	0.0000000000
-0.50000000 -9.50000000 	0.0000000000
-0.50000000 -9.00000000 	0.0000000000
-0.50000000 -8.50000000 	0.0000000000
-0.50000000 -8.00000000 	0.0000000000
-0.50000000 -7.50000000 	0.0000000000
-0.50000000 -7.00000000 	0.0000000000
-0.50000000 -6.50000000 	0.0000000000
-0.50000000 -6.00000000 	0.0000000000
-0.50000000 -5.50000000 	0.0000000000
-0.50000000 -5.00000000 	-0.4346760731
-0.50000000 -4.50000000 	-1.1192623922
-0.50000000 -4.00000000 	-3.0619277648
-0.50000000 -3.50000000 	-4.2409700880
-0.50000000 -3.00000000 	-3.8378145840
-0.50000000 -2.50000000 	-1.9748938204
-0.50000000 -2.00000000 	1.9748938204
-0.50000000 -1.50000000 	3.8378145840
-0.50000000 -1.00000000 	4.2409700880
-0.50000000 -0.50000000 	3.0619277648
-0.50000000 0.00000000 	1.1192623922
-0.50000000 0.50000000 	0.4346760731
-0.50000000 1.00000000 	0.0000000000
-0.50000000 1.50000000 	0.0000000000
-0.50000000 2.00000000 	0.0000000000
-0.50000000 2.50000000 	0.0000000000
-0.50000000 3.00000000 	0.0000000000
-0.50000000 3.50000000 	0.0000000000
-0.50000000 4.00000000 	0.0000000000
-0.50000000 4.50000000 	0.0000000000
-0.50000000 5.00000000 	0.0000000000
-0.50000000 5.50000000 	0.0000000000
-0.50000000 6.00000000 	0.0000000000
-0.50000000 6.50000000 	0.0000000000
-0.50000000 7.00000000 	0.0000000000
-0.50000000 7.50000000 	0.0000000000
-0.50000000 8.00000000 	0.0000000000
0.00000000 -12.00000000 	0.0000000000
0.00000000 -11.50000000 	0.0000000000
0.00000000 -11.00000000 	0.0000000000
0.00000000 -10.50000000 	0.0000000000
0.00000000 -10.00000000 	0.0000000000
0.00000000 -9.50000000 	0.0000000000
0.00000000 -9.00000000 	0.0000000000
0.00000000 -8.50000000 	0.0000000000
0.00000000 -8.00000000 	0.0000000000
0.00000000 -7.50000000 	0.0000000000
0.00000000 -7.00000000 	0.0000000000
0.00000000 -6.50000000 	0.0000000000
0.00000000 -6.00000000 	0.0000000000
0.00000000 -5.50000000 	0.0000000000
0.00000000 -5.00000000 	0.0000000000
0.00000000 -4.50000000 	0.0000000000
0.00000000 -4.00000000 	-0.4346760731
0.00000000 -3.50000000 	-1.1192623922
0.00000000 -3.00000000 	-3.0619277648
0.00000000 -2.50000000 	-4.2409700880
0.00000000 -2.00000000 	-3.8378145840
0.00000000 -1.50000000 	-1.9748938204
0.00000000 -1.00000000 	1.9748938204
0.00000000 -0.50000000 	3.8378145840
0.00000000 0.00000000 	4.2409700880
0.00000000 0.50000000 	3.0619277648
0.00000000 1.00000000 	1.1192623922
0.00000000 1.50000000 	0.4346760731
0.00000000 2.00000000 	0.0000000000
0.00000000 2.50000000 	0.0000000000
0.00000000 3.00000000 	0.0000000000
0.00000000 3.50000000 	0.0000000000
0.00000000 4.00000000 	0.0000000000
0.00000000 4.50000000 	0.0000000000
0.00000000 5.00000000 	0.0000000000
0.00000000 5.50000000 	0.0000000000
0.00000000 6.00000000 	0.0000000000
0.00000000 6.50000000 	0.0000000000
0.00000000 7.00000000 	0.0000000000
0.00000000 7.50000000 	0.0000000000
0.00000000 8.00000000 	0.0000000000
0.50000000 -12.00000000 	0.0000000000
0.50000000 -11.50000000 	0.0000000000
0.50000000 -11.00000000 	0.0000000000
0.50000000 -10.50000000 	0.0000000000
0.50000000 -10.00000000 	0.0000000000
0.50000000 -9.50000000 	0.0000000000
0.50000000 -9.00000000 	0.0000000000
0.50000000 -8.50000000 	0.0000000000
0.50000000 -8.00000000 	0.0000000000
0.50000000 -7.50000000 	0.0000000000
0.50000000 -7.00000000 	0.0000000000
0.50000000 -6.50000000 	0.0000000000
0.50000000 -6.00000000 	0.0000000000
0.50000000 -5.50000000 	0.0000000000
0.50000000 -5.00000000 	0.0000000000
0.50000000 -4.50000000 	0.0000000000
0.50000000 -4.00000000 	0.0000000000
0.50000000 -3.50000000 	0.0000000000
0.50000000 -3.00000000 	-0.4346760731
0.50000000 -2.50000000 	-1.1192623922
0.50000000 -2.00000000 	-3.0619277648
0.50000000 -1.50000000 	-4.2409700880
0.50000000 -1.00000000 	-3.8378145840
0.50000000 -0.50000000 	-1.9748938204
0.50000000 0.00000000 	1.9748938204
0.50000000 0.50000000 	3.8378145840
0.50000000 1.00000000 	4.2409700880
0.50000000 1.50000000 	3.0619277648
0.50000000 2.00000000 	1.1192623922
0.50000000 2.50000000 	0.4346760731
0.50000000 3.00000000 	0.0000000000
0.50000000 3.50000000 	0.0000000000
0.50000000 4.00000000 	0.0000000000
0.50000000 4.50000000 	0.0000000000
0.50000000 5.00000000 	0.0000000000
0.50000000 5.50000000 	0.0000000000
0.50000000 6.00000000 	0.0000000000
0.50000000 6.50000000 	0.0000000000
0.50000000 7.00000000 	0.0000000000
0.50000000 7.50000000 	0.0000000000
0.50000000 8.00000000 	0.0000000000
1.00000000 -12.00000000 	0.0000000000
1.00000000 -11.50000000 	0.0000000000
1.00000000 -11.00000000 	0.0000000000
1.00000000 -10.50000000 	0.0000000000
1.00000000 -10.00000000 	0.0000000000
1.00000000 -9.50000000 	0.0000000000
1.00000000 -9.00000000 	0.0000000000
1.00000000 -8.50000000 	0.0000000000
1.00000000 -8.00000000 	0.0000000000
1.00000000 -7.50000000 	0.0000000000
1.00000000 -7.00000000 	0.0000000000
1.00000000 -6.50000000 	0.0000000000
1.00000000 -6.00000000 	0.0000000000
1.00000000 -5.50000000 	0.0000000000
1.00000000 -5.00000000 	0.0000000000
1.00000000 -4.50000000 	0.0000000000
1.00000000 -4.00000000 	0.0000000000
1.00000000 -3.50000000 	0.0000000000
1.00000000 -3.00000000 	0.0000000000
1.00000000 -2.50000000 	0.0000000000
1.00000000 -2.00000000 	-0.4346760731
1.00000000 -1.50000000 	-1.1192623922
1.00000000 -1.00000000 	-3.0619277648
1.00000000 -0.50000000 	-4.2409700880
1.00000000 0.00000000 	-3.8378145840
1.00000000 0.50000000 	-1.9748938204
1.00000000 1.00000000 	1.9748938204
1.00000000 1.50000000 	3.8378145840
1.00000000 2.00000000 	4.2409700880
1.00000000 2.50000000 	3.0619277648
1.00000000 3.00000000 	0.6825374036
1.00000000 3.50000000 	0.0000000000
1.00000000 4.00000000 	0.0000000000
1.00000000 4.50000000 	0.0000000000
1.00000000 5.00000000 	0.0000000000
1.00000000 5.50000000 	0.0000000000
1.00000000 6.00000000 	0.0000000000
1.00000000 6.50000000 	0.0000000000
1.00000000 7.00000000 	0.0000000000
1.00000000 7.50000000 	0.0000000000
1.00000000 8.00000000 	0.0000000000
1.50000000 -12.00000000 	0.0000000000
1.50000000 -11.50000000 	0.0000000000
1.50000000 -11.00000000 	0.0000000000
1.50000000 -10.50000000 	0.0000000000
1.50000000 -10.00000000 	0.0000000000
1.50000000 -9.50000000 	0.0000000000
1.50000000 -9.00000000 	0.0000000000
1.50000000 -8.50000000 	0.0000000000
1.50000000 -8.00000000 	0.0000000000
1.50000000 -7.50000000 	0.0000000000
1.50000000 -7.00000000 	0.0000000000
1.50000000 -6.50000000 	0.0000000000
1.50000000 -6.00000000 	0.0000000000
1.50000000 -5.50000000 	0.0000000000
1.50000000 -5.00000000 	0.0000000000
1.50000000 -4.50000000 	0.0000000000
1.50000000 -4.00000000 	0.0000000000
1.50000000 -3.50000000 	0.0000000000
1.50000000 -3.00000000 	0.0000000000
1.50000000 -2.50000000 	0.0000000000
1.50000000 -2.00000000 	0.0000000000
1.50000000 -1.50000000 	0.0000000000
1.50000000 -1.00000000 	-0.4346760731
1.50000000 -0.50000000 	-1.1192623922
1.50000000 0.00000000 	-3.0619277648
1.50000000 0.50000000 	-4.2409700880
1.50000000 1.00000000 	-3.8378145840
1.50000000 1.50000000 	-1.9748938204
1.50000000 2.00000000 	2.0929670748
1.50000000 2.50000000 	3.7604456903
1.50000000 3.00000000 	1.9124847791
1.50000000 3.50000000 	0.2607098712
1.50000000 4.00000000 	0.0000000000
1.50000000 4.50000000 	0.0000000000
1.50000000 5.00000000 	0.0000000000
1.50000000 5.50000000 	0.0000000000
1.50000000 6.00000000 	0.0000000000
1.50000000 6.50000000 	0.0000000000
1.50000000 7.00000000 	0.0000000000
1.50000000 7.50000000 	0.0000000000
1.50000000 8.00000000 	0.0000000000
2.00000000 -12.00000000 	0.0000000000
2.00000000 -11.50000000 	0.0000000000
2.00000000 -11.00000000 	0.0000000000
2.00000000 -10.50000000 	0.0000000000
2.00000000 -10.00000000 	0.0000000000
2.00000000 -9.50000000 	0.0000000000
2.00000000 -9.00000000 	0.0000000000
2.00000000 -8.50000000 	0.0000000000
2.00000000 -8.00000000 	0.0000000000
2.00000000 -7.50000000 	0.0000000000
2.00000000 -7.00000000 	0.0000000000
2.00000000 -6.50000000 	0.0000000000
2.00000000 -6.00000000 	0.0000000000
2.00000000 -5.50000000 	0.0000000000
2.00000000 -5.00000000 	0.0000000000
2.00000000 -4.50000000 	0.0000000000
2.00000000 -4.00000000 	0.0000000000
2.00000000 -3.50000000 	0.0000000000
2.00000000 -3.00000000 	0.0000000000
2.00000000 -2.50000000 	0.0000000000
2.00000000 -2.00000000 	0.0000000000
2.00000000 -1.50000000 	0.0000000000
2.00000000 -1.00000000 	0.0000000000
2.00000000 -0.50000000 	0.0000000000
2.00000000 0.00000000 	-0.4346760731
2.00000000 0.50000000 	-1.1192623922
2.00000000 1.00000000 	-2.9288545081
2.00000000 1.50000000 	-3.6384055401
2.00000000 2.00000000 	-1.4882281950
2.00000000 2.50000000 	0.8934948705
2.00000000 3.00000000 	1.1941049731
2.00000000 3.50000000 	0.2359815985
2.00000000 4.00000000 	0.0051906163
2.00000000 4.50000000 	0.0000000000
2.00000000 5.00000000 	0.0000000000
2.00000000 5.50000000 	0.0000000000
2.00000000 6.00000000 	0.0000000000
2.00000000 6.50000000 	0.0000000000
2.00000000 7.00000000 	0.0000000000
2.00000000 7.50000000 	0.0000000000
2.00000000 8.00000000 	0.0000000000
