-8.00000000 -12.00000000 	50.0000000000
-8.00000000 -11.00000000 	50.0000000000
-8.00000000 -10.00000000 	50.0000000000
-8.00000000 -9.00000000 	50.0000000000
-8.00000000 -8.00000000 	50.0000000000
-8.00000000 -7.00000000 	50.0000000000
-8.00000000 -6.00000000 	50.0000000000
-8.00000000 -5.00000000 	50.0000000000
-8.00000000 -4.00000000 	50.0000000000
-8.00000000 -3.00000000 	50.0000000000
-8.00000000 -2.00000000 	50.0000000000
-8.00000000 -1.00000000 	50.0000000000
-8.00000000 0.00000000 	50.0000000000
-8.00000000 1.00000000 	50.0000000000
-8.00000000 2.00000000 	50.0000000000
-8.00000000 3.00000000 	50.0000000000
-8.00000000 4.00000000 	50.0000000000
-8.00000000 5.00000000 	50.0000000000
-8.00000000 6.00000000 	50.0000000000
-8.00000000 7.00000000 	50.0000000000
-8.00000000 8.00000000 	50.0000000000
-7.00000000 -12.00000000 	49.7902405561
-7.00000000 -11.00000000 	49.7902405561
-7.00000000 -10.00000000 	50.0000000000
-7.00000000 -9.00000000 	50.0000000000
-7.00000000 -8.00000000 	50.0000000000
-7.00000000 -7.00000000 	50.0000000000
-7.00000000 -6.00000000 	50.0000000000
-7.00000000 -5.00000000 	50.0000000000
-7.00000000 -4.00000000 	50.0000000000
-7.00000000 -3.00000000 	50.0000000000
-7.00000000 -2.00000000 	50.0000000000
-7.00000000 -1.00000000 	50.0000000000
-7.00000000 0.00000000 	50.0000000000
-7.00000000 1.00000000 	50.0000000000
-7.00000000 2.00000000 	50.0000000000
-7.00000000 3.00000000 	50.0000000000
-7.00000000 4.00000000 	50.0000000000
-7.00000000 5.00000000 	50.0000000000
-7.00000000 6.00000000 	50.0000000000
-7.00000000 7.00000000 	50.0000000000
-7.00000000 8.00000000 	50.0000000000
-6.00000000 -12.00000000 	46.2272272058
-6.00000000 -11.00000000 	46.4141829223
-6.00000000 -10.00000000 	48.7099841116
-6.00000000 -9.00000000 	49.7902405561
-6.00000000 -8.00000000 	50.0000000000
-6.00000000 -7.00000000 	50.0000000000
-6.00000000 -6.00000000 	50.0000000000
-6.00000000 -5.00000000 	50.0000000000
-6.00000000 -4.00000000 	50.0000000000
-6.00000000 -3.00000000 	50.0000000000
-6.00000000 -2.00000000 	50.0000000000
-6.00000000 -1.00000000 	50.0000000000
-6.00000000 0.00000000 	50.0000000000
-6.00000000 1.00000000 	50.0000000000
-6.00000000 2.00000000 	50.0000000000
-6.00000000 3.00000000 	50.0000000000
-6.00000000 4.00000000 	50.0000000000
-6.00000000 5.00000000 	50.0000000000
-6.00000000 6.00000000 	50.0000000000
-6.00000000 7.00000000 	50.0000000000
-6.00000000 8.00000000 	50.0000000000
-5.00000000 -12.00000000 	25.1985922822
-5.00000000 -11.00000000 	28.3739428805
-5.00000000 -10.00000000 	38.4906545706
-5.00000000 -9.00000000 	45.0665981571
-5.00000000 -8.00000000 	48.7099841116
-5.00000000 -7.00000000 	49.7902405561
-5.00000000 -6.00000000 	50.0000000000
-5.00000000 -5.00000000 	50.0000000000
-5.00000000 -4.00000000 	50.0000000000
-5.00000000 -3.00000000 	50.0000000000
-5.00000000 -2.00000000 	50.0000000000
-5.00000000 -1.00000000 	50.0000000000
-5.00000000 0.00000000 	50.0000000000
-5.00000000 1.00000000 	50.0000000000
-5.00000000 2.00000000 	50.0000000000
-5.00000000 3.00000000 	50.0000000000
-5.00000000 4.00000000 	50.0000000000
-5.00000000 5.00000000 	50.0000000000
-5.00000000 6.00000000 	50.0000000000
-5.00000000 7.00000000 	50.0000000000
-5.00000000 8.00000000 	50.0000000000
-4.00000000 -12.00000000 	-20.5590339533
-4.00000000 -11.00000000 	-9.6312499971
-4.00000000 -10.00000000 	10.1055304613
-4.00000000 -9.00000000 	24.3767405947
-4.00000000 -8.00000000 	38.0035872745
-4.00000000 -7.00000000 	45.0665981571
-4.00000000 -6.00000000 	48.7099841116
-4.00000000 -5.00000000 	49.7902405561
-4.00000000 -4.00000000 	50.0000000000
-4.00000000 -3.00000000 	50.0000000000
-4.00000000 -2.00000000 	50.0000000000
-4.00000000 -1.00000000 	50.0000000000
-4.00000000 0.00000000 	50.0000000000
-4.00000000 1.00000000 	50.0000000000
-4.00000000 2.00000000 	50.0000000000
-4.00000000 3.00000000 	50.0000000000
-4.00000000 4.00000000 	50.0000000000
-4.00000000 5.00000000 	50.0000000000
-4.00000000 6.00000000 	50.0000000000
-4.00000000 7.00000000 	50.0000000000
-4.00000000 8.00000000 	50.0000000000
-3.00000000 -12.00000000 	-44.8791397352
-3.00000000 -11.00000000 	-38.0035872745
-3.00000000 -10.00000000 	-24.3767405947
-3.00000000 -9.00000000 	-10.1055304613
-3.00000000 -8.00000000 	10.1055304613
-3.00000000 -7.00000000 	24.3767405947
-3.00000000 -6.00000000 	38.0035872745
-3.00000000 -5.00000000 	45.0665981571
-3.00000000 -4.00000000 	48.7099841116
-3.00000000 -3.00000000 	49.7902405561
-3.00000000 -2.00000000 	50.0000000000
-3.00000000 -1.00000000 	50.0000000000
-3.00000000 0.00000000 	50.0000000000
-3.00000000 1.00000000 	50.0000000000
-3.00000000 2.00000000 	50.0000000000
-3.00000000 3.00000000 	50.0000000000
-3.00000000 4.00000000 	50.0000000000
-3.00000000 5.00000000 	50.0000000000
-3.00000000 6.00000000 	50.0000000000
-3.00000000 7.00000000 	50.0000000000
-3.00000000 8.00000000 	50.0000000000
-2.00000000 -12.00000000 	-49.7902405561
-2.00000000 -11.00000000 	-48.7099841116
-2.00000000 -10.00000000 	-45.0665981571
-2.00000000 -9.00000000 	-38.0035872745
-2.00000000 -8.00000000 	-24.3767405947
-2.00000000 -7.00000000 	-10.1055304613
-2.00000000 -6.00000000 	10.1055304613
-2.00000000 -5.00000000 	24.3767405947
-2.00000000 -4.00000000 	38.0035872745
-2.00000000 -3.00000000 	45.0665981571
-2.00000000 -2.00000000 	48.7099841116
-2.00000000 -1.00000000 	49.7902405561
-2.00000000 0.00000000 	50.0000000000
-2.00000000 1.00000000 	50.0000000000
-2.00000000 2.00000000 	50.0000000000
-2.00000000 3.00000000 	50.0000000000
-2.00000000 4.00000000 	50.0000000000
-2.00000000 5.00000000 	50.0000000000
-2.00000000 6.00000000 	50.0000000000
-2.00000000 7.00000000 	50.0000000000
-2.00000000 8.00000000 	50.0000000000
-1.00000000 -12.00000000 	-50.0000000000
-1.00000000 -11.00000000 	-50.0000000000
-1.00000000 -10.00000000 	-49.7902405561
-1.00000000 -9.00000000 	-48.7099841116
-1.00000000 -8.00000000 	-45.0665981571
-1.00000000 -7.00000000 	-38.0035872745
-1.00000000 -6.00000000 	-24.3767405947
-1.00000000 -5.00000000 	-10.1055304613
-1.00000000 -4.00000000 	10.1055304613
-1.00000000 -3.00000000 	24.3767405947
-1.00000000 -2.00000000 	38.0035872745
-1.00000000 -1.00000000 	45.0665981571
-1.00000000 0.00000000 	48.7099841116
-1.00000000 1.00000000 	49.7902405561
-1.00000000 2.00000000 	50.0000000000
-1.00000000 3.00000000 	50.0000000000
-1.00000000 4.00000000 	50.0000000000
-1.00000000 5.00000000 	50.0000000000
-1.00000000 6.00000000 	50.0000000000
-1.00000000 7.00000000 	50.0000000000
-1.00000000 8.00000000 	50.0000000000
0.00000000 -12.00000000 	-50.0000000000
0.00000000 -11.00000000 	-50.0000000000
0.00000000 -10.00000000 	-50.0000000000
0.00000000 -9.00000000 	-50.0000000000
0.00000000 -8.00000000 	-49.7902405561
0.00000000 -7.00000000 	-48.7099841116
0.00000000 -6.00000000 	-45.0665981571
0.00000000 -5.00000000 	-38.0035872745
0.00000000 -4.00000000 	-24.3767405947
0.00000000 -3.00000000 	-10.1055304613
0.00000000 -2.00000000 	10.1055304613
0.00000000 -1.00000000 	24.3767405947
0.00000000 0.00000000 	38.0035872745
0.00000000 1.00000000 	45.0665981571
0.00000000 2.00000000 	48.9144238622
0.00000000 3.00000000 	50.0000000000
0.00000000 4.00000000 	50.0000000000
0.00000000 5.00000000 	50.0000000000
0.00000000 6.00000000 	50.0000000000
0.00000000 7.00000000 	50.0000000000
0.00000000 8.00000000 	50.0000000000
1.00000000 -12.00000000 	-50.0000000000
1.00000000 -11.00000000 	-50.0000000000
1.00000000 -10.00000000 	-50.0000000000
1.00000000 -9.00000000 	-50.0000000000
1.00000000 -8.00000000 	-50.0000000000
1.00000000 -7.00000000 	-50.0000000000
1.00000000 -6.00000000 	-49.7902405561
1.00000000 -5.00000000 	-48.7099841116
1.00000000 -4.00000000 	-45.0665981571
1.00000000 -3.00000000 	-38.0035872745
1.00000000 -2.00000000 	-24.3767405947
1.00000000 -1.00000000 	-10.1055304613
1.00000000 0.00000000 	10.2875641750
1.00000000 1.00000000 	24.7462827480
1.00000000 2.00000000 	40.6902055773
1.00000000 3.00000000 	48.6495619943
1.00000000 4.00000000 	50.0000000000
1.00000000 5.00000000 	50.0000000000
1.00000000 6.00000000 	50.0000000000
1.00000000 7.00000000 	50.0000000000
1.00000000 8.00000000 	50.0000000000
2.00000000 -12.00000000 	-50.0000000000
2.00000000 -11.00000000 	-50.0000000000
2.00000000 -10.00000000 	-50.0000000000
2.00000000 -9.00000000 	-50.0000000000
2.00000000 -8.00000000 	-50.0000000000
2.00000000 -7.00000000 	-50.0000000000
2.00000000 -6.00000000 	-50.0000000000
2.00000000 -5.00000000 	-50.0000000000
2.00000000 -4.00000000 	-49.7902405561
2.00000000 -3.00000000 	-48.7099841116
2.00000000 -2.00000000 	-44.8761936936
2.00000000 -1.00000000 	-37.0807060368
2.00000000 0.00000000 	-20.7762540696
2.00000000 1.00000000 	-3.2617125147
2.00000000 2.00000000 	26.9083810898
2.00000000 3.00000000 	44.7612158089
2.00000000 4.00000000 	49.5155548857
2.00000000 5.00000000 	50.0000000000
2.00000000 6.00000000 	50.0000000000
2.00000000 7.00000000 	50.0000000000
2.00000000 8.00000000 	50.0000000000
