-8.00000000 -12.00000000 	0.0000000000
-8.00000000 -11.50000000 	0.0000000000
-8.00000000 -11.00000000 	0.0000000000
-8.00000000 -10.50000000 	0.0000000000
-8.00000000 -10.00000000 	0.0000000000
-8.00000000 -9.50000000 	0.0000000000
-8.00000000 -9.00000000 	0.0000000000
-8.00000000 -8.50000000 	0.0000000000
-8.00000000 -8.00000000 	0.0000000000
-8.00000000 -7.50000000 	0.0000000000
-8.00000000 -7.00000000 	0.0000000000
-8.00000000 -6.50000000 	0.0000000000
-8.00000000 -6.00000000 	0.0000000000
-8.00000000 -5.50000000 	0.0000000000
-8.00000000 -5.00000000 	0.0000000000
-8.00000000 -4.50000000 	0.0000000000
-8.00000000 -4.00000000 	0.0000000000
-8.00000000 -3.50000000 	0.0000000000
-8.00000000 -3.00000000 	0.0000000000
-8.00000000 -2.50000000 	0.0000000000
-8.00000000 -2.00000000 	0.0000000000
-8.00000000 -1.50000000 	0.0000000000
-8.00000000 -1.00000000 	0.0000000000
-8.00000000 -0.50000000 	0.0000000000
-8.00000000 0.00000000 	0.0000000000
-8.00000000 0.50000000 	0.0000000000
-8.00000000 1.00000000 	0.0000000000
-8.00000000 1.50000000 	0.0000000000
-8.00000000 2.00000000 	0.0000000000
-8.00000000 2.50000000 	0.0000000000
-8.00000000 3.00000000 	0.0000000000
-8.00000000 3.50000000 	0.0000000000
-8.00000000 4.00000000 	0.0000000000
-8.00000000 4.50000000 	0.0000000000
-8.00000000 5.00000000 	0.0000000000
-8.00000000 5.50000000 	0.0000000000
-8.00000000 6.00000000 	0.0000000000
-8.00000000 6.50000000 	0.0000000000
-8.00000000 7.00000000 	0.0000000000
-8.00000000 7.50000000 	0.0000000000
-8.00000000 8.00000000 	0.0000000000
-7.50000000 -12.00000000 	-0.0028406502
-7.50000000 -11.50000000 	-0.0028406502
-7.50000000 -11.00000000 	0.0000000000
-7.50000000 -10.50000000 	0.0000000000
-7.50000000 -10.00000000 	0.0000000000
-7.50000000 -9.50000000 	0.0000000000
-7.50000000 -9.00000000 	0.0000000000
-7.50000000 -8.50000000 	0.0000000000
-7.50000000 -8.00000000 	0.0000000000
-7.50000000 -7.50000000 	0.0000000000
-7.50000000 -7.00000000 	0.0000000000
-7.50000000 -6.50000000 	0.0000000000
-7.50000000 -6.00000000 	0.0000000000
-7.50000000 -5.50000000 	0.0000000000
-7.50000000 -5.00000000 	0.0000000000
-7.50000000 -4.50000000 	0.0000000000
-7.50000000 -4.00000000 	0.0000000000
-7.50000000 -3.50000000 	0.0000000000
-7.50000000 -3.00000000 	0.0000000000
-7.50000000 -2.50000000 	0.0000000000
-7.50000000 -2.00000000 	0.0000000000
-7.50000000 -1.50000000 	0.0000000000
-7.50000000 -1.00000000 	0.0000000000
-7.50000000 -0.50000000 	0.0000000000
-7.50000000 0.00000000 	0.0000000000
-7.50000000 0.50000000 	0.0000000000
-7.50000000 1.00000000 	0.0000000000
-7.50000000 1.50000000 	0.0000000000
-7.50000000 2.00000000 	0.0000000000
-7.50000000 2.50000000 	0.0000000000
-7.50000000 3.00000000 	0.0000000000
-7.50000000 3.50000000 	0.0000000000
-7.50000000 4.00000000 	0.0000000000
-7.50000000 4.50000000 	0.0000000000
-7.50000000 5.00000000 	0.0000000000
-7.50000000 5.50000000 	0.0000000000
-7.50000000 6.00000000 	0.0000000000
-7.50000000 6.50000000 	0.0000000000
-7.50000000 7.00000000 	0.0000000000
-7.50000000 7.50000000 	0.0000000000
-7.50000000 8.00000000 	0.0000000000
-7.00000000 -12.00000000 	-0.0127547346
-7.00000000 -11.50000000 	-0.1930071009
-7.00000000 -11.00000000 	-0.1930071009
-7.00000000 -10.50000000 	-0.0028406502
-7.00000000 -10.00000000 	0.0000000000
-7.00000000 -9.50000000 	0.0000000000
-7.00000000 -9.00000000 	0.0000000000
-7.00000000 -8.50000000 	0.0000000000
-7.00000000 -8.00000000 	0.0000000000
-7.00000000 -7.50000000 	0.0000000000
-7.00000000 -7.00000000 	0.0000000000
-7.00000000 -6.50000000 	0.0000000000
-7.00000000 -6.00000000 	0.0000000000
-7.00000000 -5.50000000 	0.0000000000
-7.00000000 -5.00000000 	0.0000000000
-7.00000000 -4.50000000 	0.0000000000
-7.00000000 -4.00000000 	0.0000000000
-7.00000000 -3.50000000 	0.0000000000
-7.00000000 -3.00000000 	0.0000000000
-7.00000000 -2.50000000 	0.0000000000
-7.00000000 -2.00000000 	0.0000000000
-7.00000000 -1.50000000 	0.0000000000
-7.00000000 -1.00000000 	0.0000000000
-7.00000000 -0.50000000 	0.0000000000
-7.00000000 0.00000000 	0.0000000000
-7.00000000 0.50000000 	0.0000000000
-7.00000000 1.00000000 	0.0000000000
-7.00000000 1.50000000 	0.0000000000
-7.00000000 2.00000000 	0.0000000000
-7.00000000 2.50000000 	0.0000000000
-7.00000000 3.00000000 	0.0000000000
-7.00000000 3.50000000 	0.0000000000
-7.00000000 4.00000000 	0.0000000000
-7.00000000 4.50000000 	0.0000000000
-7.00000000 5.00000000 	0.0000000000
-7.00000000 5.50000000 	0.0000000000
-7.00000000 6.00000000 	0.0000000000
-7.00000000 6.50000000 	0.0000000000
-7.00000000 7.00000000 	0.0000000000
-7.00000000 7.50000000 	0.0000000000
-7.00000000 8.00000000 	0.0000000000
-6.50000000 -12.00000000 	-0.4297244692
-6.50000000 -11.50000000 	-0.4297244692
-6.50000000 -11.00000000 	-0.6527714078
-6.50000000 -10.50000000 	-0.8335384737
-6.50000000 -10.00000000 	-0.1930071009
-6.50000000 -9.50000000 	-0.0028406502
-6.50000000 -9.00000000 	0.0000000000
-6.50000000 -8.50000000 	0.0000000000
-6.50000000 -8.00000000 	0.0000000000
-6.50000000 -7.50000000 	0.0000000000
-6.50000000 -7.00000000 	0.0000000000
-6.50000000 -6.50000000 	0.0000000000
-6.50000000 -6.00000000 	0.0000000000
-6.50000000 -5.50000000 	0.0000000000
-6.50000000 -5.00000000 	0.0000000000
-6.50000000 -4.50000000 	0.0000000000
-6.50000000 -4.00000000 	0.0000000000
-6.50000000 -3.50000000 	0.0000000000
-6.50000000 -3.00000000 	0.0000000000
-6.50000000 -2.50000000 	0.0000000000
-6.50000000 -2.00000000 	0.0000000000
-6.50000000 -1.50000000 	0.0000000000
-6.50000000 -1.00000000 	0.0000000000
-6.50000000 -0.50000000 	0.0000000000
-6.50000000 0.00000000 	0.0000000000
-6.50000000 0.50000000 	0.0000000000
-6.50000000 1.00000000 	0.0000000000
-6.50000000 1.50000000 	0.0000000000
-6.50000000 2.00000000 	0.0000000000
-6.50000000 2.50000000 	0.0000000000
-6.50000000 3.00000000 	0.0000000000
-6.50000000 3.50000000 	0.0000000000
-6.50000000 4.00000000 	0.0000000000
-6.50000000 4.50000000 	0.0000000000
-6.50000000 5.00000000 	0.0000000000
-6.50000000 5.50000000 	0.0000000000
-6.50000000 6.00000000 	0.0000000000
-6.50000000 6.50000000 	0.0000000000
-6.50000000 7.00000000 	0.0000000000
-6.50000000 7.50000000 	0.0000000000
-6.50000000 8.00000000 	0.0000000000
-6.00000000 -12.00000000 	-0.3051187184
-6.00000000 -11.50000000 	-1.3224020750
-6.00000000 -11.00000000 	-1.7374058020
-6.00000000 -10.50000000 	-1.2653245320
-6.00000000 -10.00000000 	-1.4881296029
-6.00000000 -9.50000000 	-0.8335384737
-6.00000000 -9.00000000 	-0.1930071009
-6.00000000 -8.50000000 	-0.0028406502
-6.00000000 -8.00000000 	0.0000000000
-6.00000000 -7.50000000 	0.0000000000
-6.00000000 -7.00000000 	0.0000000000
-6.00000000 -6.50000000 	0.0000000000
-6.00000000 -6.00000000 	0.0000000000
-6.00000000 -5.50000000 	0.0000000000
-6.00000000 -5.00000000 	0.0000000000
-6.00000000 -4.50000000 	0.0000000000
-6.00000000 -4.00000000 	0.0000000000
-6.00000000 -3.50000000 	0.0000000000
-6.00000000 -3.00000000 	0.0000000000
-6.00000000 -2.50000000 	0.0000000000
-6.00000000 -2.00000000 	0.0000000000
-6.00000000 -1.50000000 	0.0000000000
-6.00000000 -1.00000000 	0.0000000000
-6.00000000 -0.50000000 	0.0000000000
-6.00000000 0.00000000 	0.0000000000
-6.00000000 0.50000000 	0.0000000000
-6.00000000 1.00000000 	0.0000000000
-6.00000000 1.50000000 	0.0000000000
-6.00000000 2.00000000 	0.0000000000
-6.00000000 2.50000000 	0.0000000000
-6.00000000 3.00000000 	0.0000000000
-6.00000000 3.50000000 	0.0000000000
-6.00000000 4.00000000 	0.0000000000
-6.00000000 4.50000000 	0.0000000000
-6.00000000 5.00000000 	0.0000000000
-6.00000000 5.50000000 	0.0000000000
-6.00000000 6.00000000 	0.0000000000
-6.00000000 6.50000000 	0.0000000000
-6.00000000 7.00000000 	0.0000000000
-6.00000000 7.50000000 	0.0000000000
-6.00000000 8.00000000 	0.0000000000
-5.50000000 -12.00000000 	-0.4208653240
-5.50000000 -11.50000000 	-0.6373362865
-5.50000000 -11.00000000 	-1.7547624575
-5.50000000 -10.50000000 	-2.8635920816
-5.50000000 -10.00000000 	-2.2269228823
-5.50000000 -9.50000000 	-1.7529403736
-5.50000000 -9.00000000 	-1.4881296029
-5.50000000 -8.50000000 	-0.8335384737
-5.50000000 -8.00000000 	-0.1930071009
-5.50000000 -7.50000000 	-0.0028406502
-5.50000000 -7.00000000 	0.0000000000
-5.50000000 -6.50000000 	0.0000000000
-5.50000000 -6.00000000 	0.0000000000
-5.50000000 -5.50000000 	0.0000000000
-5.50000000 -5.00000000 	0.0000000000
-5.50000000 -4.50000000 	0.0000000000
-5.50000000 -4.00000000 	0.0000000000
-5.50000000 -3.50000000 	0.0000000000
-5.50000000 -3.00000000 	0.0000000000
-5.50000000 -2.50000000 	0.0000000000
-5.50000000 -2.00000000 	0.0000000000
-5.50000000 -1.50000000 	0.0000000000
-5.50000000 -1.00000000 	0.0000000000
-5.50000000 -0.50000000 	0.0000000000
-5.50000000 0.00000000 	0.0000000000
-5.50000000 0.50000000 	0.0000000000
-5.50000000 1.00000000 	0.0000000000
-5.50000000 1.50000000 	0.0000000000
-5.50000000 2.00000000 	0.0000000000
-5.50000000 2.50000000 	0.0000000000
-5.50000000 3.00000000 	0.0000000000
-5.50000000 3.50000000 	0.0000000000
-5.50000000 4.00000000 	0.0000000000
-5.50000000 4.50000000 	0.0000000000
-5.50000000 5.00000000 	0.0000000000
-5.50000000 5.50000000 	0.0000000000
-5.50000000 6.00000000 	0.0000000000
-5.50000000 6.50000000 	0.0000000000
-5.50000000 7.00000000 	0.0000000000
-5.50000000 7.50000000 	0.0000000000
-5.50000000 8.00000000 	0.0000000000
-5.00000000 -12.00000000 	0.5728464379
-5.00000000 -11.50000000 	0.1032488306
-5.00000000 -11.00000000 	-0.4241501874
-5.00000000 -10.50000000 	-1.3790050703
-5.00000000 -10.00000000 	-2.5177670649
-5.00000000 -9.50000000 	-2.9697008906
-5.00000000 -9.00000000 	-2.3325146560
-5.00000000 -8.50000000 	-1.7529403736
-5.00000000 -8.00000000 	-1.4881296029
-5.00000000 -7.50000000 	-0.8335384737
-5.00000000 -7.00000000 	-0.1930071009
-5.00000000 -6.50000000 	-0.0028406502
-5.00000000 -6.00000000 	0.0000000000
-5.00000000 -5.50000000 	0.0000000000
-5.00000000 -5.00000000 	0.0000000000
-5.00000000 -4.50000000 	0.0000000000
-5.00000000 -4.00000000 	0.0000000000
-5.00000000 -3.50000000 	0.0000000000
-5.00000000 -3.00000000 	0.0000000000
-5.00000000 -2.50000000 	0.0000000000
-5.00000000 -2.00000000 	0.0000000000
-5.00000000 -1.50000000 	0.0000000000
-5.00000000 -1.00000000 	0.0000000000
-5.00000000 -0.50000000 	0.0000000000
-5.00000000 0.00000000 	0.0000000000
-5.00000000 0.50000000 	0.0000000000
-5.00000000 1.00000000 	0.0000000000
-5.00000000 1.50000000 	0.0000000000
-5.00000000 2.00000000 	0.0000000000
-5.00000000 2.50000000 	0.0000000000
-5.00000000 3.00000000 	0.0000000000
-5.00000000 3.50000000 	0.0000000000
-5.00000000 4.00000000 	0.0000000000
-5.00000000 4.50000000 	0.0000000000
-5.00000000 5.00000000 	0.0000000000
-5.00000000 5.50000000 	0.0000000000
-5.00000000 6.00000000 	0.0000000000
-5.00000000 6.50000000 	0.0000000000
-5.00000000 7.00000000 	0.0000000000
-5.00000000 7.50000000 	0.0000000000
-5.00000000 8.00000000 	0.0000000000
-4.50000000 -12.00000000 	1.4992152120
-4.50000000 -11.50000000 	2.1397859790
-4.50000000 -11.00000000 	1.2833138061
-4.50000000 -10.50000000 	0.5273990767
-4.50000000 -10.00000000 	-0.5273990767
-4.50000000 -9.50000000 	-1.4997971133
-4.50000000 -9.00000000 	-2.5177670649
-4.50000000 -8.50000000 	-2.9697008906
-4.50000000 -8.00000000 	-2.3325146560
-4.50000000 -7.50000000 	-1.7529403736
-4.50000000 -7.00000000 	-1.4881296029
-4.50000000 -6.50000000 	-0.8335384737
-4.50000000 -6.00000000 	-0.1930071009
-4.50000000 -5.50000000 	-0.0028406502
-4.50000000 -5.00000000 	0.0000000000
-4.50000000 -4.50000000 	0.0000000000
-4.50000000 -4.00000000 	0.0000000000
-4.50000000 -3.50000000 	0.0000000000
-4.50000000 -3.00000000 	0.0000000000
-4.50000000 -2.50000000 	0.0000000000
-4.50000000 -2.00000000 	0.0000000000
-4.50000000 -1.50000000 	0.0000000000
-4.50000000 -1.00000000 	0.0000000000
-4.50000000 -0.50000000 	0.0000000000
-4.50000000 0.00000000 	0.0000000000
-4.50000000 0.50000000 	0.0000000000
-4.50000000 1.00000000 	0.0000000000
-4.50000000 1.50000000 	0.0000000000
-4.50000000 2.00000000 	0.0000000000
-4.50000000 2.50000000 	0.0000000000
-4.50000000 3.00000000 	0.0000000000
-4.50000000 3.50000000 	0.0000000000
-4.50000000 4.00000000 	0.0000000000
-4.50000000 4.50000000 	0.0000000000
-4.50000000 5.00000000 	0.0000000000
-4.50000000 5.50000000 	0.0000000000
-4.50000000 6.00000000 	0.0000000000
-4.50000000 6.50000000 	0.0000000000
-4.50000000 7.00000000 	0.0000000000
-4.50000000 7.50000000 	0.0000000000
-4.50000000 8.00000000 	0.0000000000
-4.00000000 -12.00000000 	1.2197447584
-4.00000000 -11.50000000 	1.9174650011
-4.00000000 -11.00000000 	2.9697008906
-4.00000000 -10.50000000 	2.5177670649
-4.00000000 -10.00000000 	1.4997971133
-4.00000000 -9.50000000 	0.5273990767
-4.00000000 -9.00000000 	-0.5273990767
-4.00000000 -8.50000000 	-1.4997971133
-4.00000000 -8.00000000 	-2.5177670649
-4.00000000 -7.50000000 	-2.9697008906
-4.00000000 -7.00000000 	-2.3325146560
-4.00000000 -6.50000000 	-1.7529403736
-4.00000000 -6.00000000 	-1.4881296029
-4.00000000 -5.50000000 	-0.8335384737
-4.00000000 -5.00000000 	-0.1930071009
-4.00000000 -4.50000000 	-0.0028406502
-4.00000000 -4.00000000 	0.0000000000
-4.00000000 -3.50000000 	0.0000000000
-4.00000000 -3.00000000 	0.0000000000
-4.00000000 -2.50000000 	0.0000000000
-4.00000000 -2.00000000 	0.0000000000
-4.00000000 -1.50000000 	0.0000000000
-4.00000000 -1.00000000 	0.0000000000
-4.00000000 -0.50000000 	0.0000000000
-4.00000000 0.00000000 	0.0000000000
-4.00000000 0.50000000 	0.0000000000
-4.00000000 1.00000000 	0.0000000000
-4.00000000 1.50000000 	0.0000000000
-4.00000000 2.00000000 	0.0000000000
-4.00000000 2.50000000 	0.0000000000
-4.00000000 3.00000000 	0.0000000000
-4.00000000 3.50000000 	0.0000000000
-4.00000000 4.00000000 	0.0000000000
-4.00000000 4.50000000 	0.0000000000
-4.00000000 5.00000000 	0.0000000000
-4.00000000 5.50000000 	0.0000000000
-4.00000000 6.00000000 	0.0000000000
-4.00000000 6.50000000 	0.0000000000
-4.00000000 7.00000000 	0.0000000000
-4.00000000 7.50000000 	0.0000000000
-4.00000000 8.00000000 	0.0000000000
-3.50000000 -12.00000000 	0.6527714078
-3.50000000 -11.50000000 	1.4881296029
-3.50000000 -11.00000000 	1.7529403736
-3.50000000 -10.50000000 	2.3325146560
-3.50000000 -10.00000000 	2.9697008906
-3.50000000 -9.50000000 	2.5177670649
-3.50000000 -9.00000000 	1.4997971133
-3.50000000 -8.50000000 	0.5273990767
-3.50000000 -8.00000000 	-0.5273990767
-3.50000000 -7.50000000 	-1.4997971133
-3.50000000 -7.00000000 	-2.5177670649
-3.50000000 -6.50000000 	-2.9697008906
-3.50000000 -6.00000000 	-2.3325146560
-3.50000000 -5.50000000 	-1.7529403736
-3.50000000 -5.00000000 	-1.4881296029
-3.50000000 -4.50000000 	-0.8335384737
-3.50000000 -4.00000000 	-0.1930071009
-3.50000000 -3.50000000 	-0.0028406502
-3.50000000 -3.00000000 	0.0000000000
-3.50000000 -2.50000000 	0.0000000000
-3.50000000 -2.00000000 	0.0000000000
-3.50000000 -1.50000000 	0.0000000000
-3.50000000 -1.00000000 	0.0000000000
-3.50000000 -0.50000000 	0.0000000000
-3.50000000 0.00000000 	0.0000000000
-3.50000000 0.50000000 	0.0000000000
-3.50000000 1.00000000 	0.0000000000
-3.50000000 1.50000000 	0.0000000000
-3.50000000 2.00000000 	0.0000000000
-3.50000000 2.50000000 	0.0000000000
-3.50000000 3.00000000 	0.0000000000
-3.50000000 3.50000000 	0.0000000000
-3.50000000 4.00000000 	0.0000000000
-3.50000000 4.50000000 	0.0000000000
-3.50000000 5.00000000 	0.0000000000
-3.50000000 5.50000000 	0.0000000000
-3.50000000 6.00000000 	0.0000000000
-3.50000000 6.50000000 	0.0000000000
-3.50000000 7.00000000 	0.0000000000
-3.50000000 7.50000000 	0.0000000000
-3.50000000 8.00000000 	0.0000000000
-3.00000000 -12.00000000 	0.0028406502
-3.00000000 -11.50000000 	0.1930071009
-3.00000000 -11.00000000 	0.8335384737
-3.00000000 -10.50000000 	1.4881296029
-3.00000000 -10.00000000 	1.7529403736
-3.00000000 -9.50000000 	2.3325146560
-3.00000000 -9.00000000 	2.9697008906
-3.00000000 -8.50000000 	2.5177670649
-3.00000000 -8.00000000 	1.4997971133
-3.00000000 -7.50000000 	0.5273990767
-3.00000000 -7.00000000 	-0.5273990767
-3.00000000 -6.50000000 	-1.4997971133
-3.00000000 -6.00000000 	-2.5177670649
-3.00000000 -5.50000000 	-2.9697008906
-3.00000000 -5.00000000 	-2.3325146560
-3.00000000 -4.50000000 	-1.7529403736
-3.00000000 -4.00000000 	-1.4881296029
-3.00000000 -3.50000000 	-0.8335384737
-3.00000000 -3.00000000 	-0.1930071009
-3.00000000 -2.50000000 	-0.0028406502
-3.00000000 -2.00000000 	0.0000000000
-3.00000000 -1.50000000 	0.0000000000
-3.00000000 -1.00000000 	0.0000000000
-3.00000000 -0.50000000 	0.0000000000
-3.00000000 0.00000000 	0.0000000000
-3.00000000 0.50000000 	0.0000000000
-3.00000000 1.00000000 	0.0000000000
-3.00000000 1.50000000 	0.0000000000
-3.00000000 2.00000000 	0.0000000000
-3.00000000 2.50000000 	0.0000000000
-3.00000000 3.00000000 	0.0000000000
-3.00000000 3.50000000 	0.0000000000
-3.00000000 4.00000000 	0.0000000000
-3.00000000 4.50000000 	0.0000000000
-3.00000000 5.00000000 	0.0000000000
-3.00000000 5.50000000 	0.0000000000
-3.00000000 6.00000000 	0.0000000000
-3.00000000 6.50000000 	0.0000000000
-3.00000000 7.00000000 	0.0000000000
-3.00000000 7.50000000 	0.0000000000
-3.00000000 8.00000000 	0.0000000000
-2.50000000 -12.00000000 	0.0000000000
-2.50000000 -11.50000000 	0.0000000000
-2.50000000 -11.00000000 	0.0028406502
-2.50000000 -10.50000000 	0.1930071009
-2.50000000 -10.00000000 	0.8335384737
-2.50000000 -9.50000000 	1.4881296029
-2.50000000 -9.00000000 	1.7529403736
-2.50000000 -8.50000000 	2.3325146560
-2.50000000 -8.00000000 	2.9697008906
-2.50000000 -7.50000000 	2.5177670649
-2.50000000 -7.00000000 	1.4997971133
-2.50000000 -6.50000000 	0.5273990767
-2.50000000 -6.00000000 	-0.5273990767
-2.50000000 -5.50000000 	-1.4997971133
-2.50000000 -5.00000000 	-2.5177670649
-2.50000000 -4.50000000 	-2.9697008906
-2.50000000 -4.00000000 	-2.3325146560
-2.50000000 -3.50000000 	-1.7529403736
-2.50000000 -3.00000000 	-1.4881296029
-2.50000000 -2.50000000 	-0.8335384737
-2.50000000 -2.00000000 	-0.1930071009
-2.50000000 -1.50000000 	-0.0028406502
-2.50000000 -1.00000000 	0.0000000000
-2.50000000 -0.50000000 	0.0000000000
-2.50000000 0.00000000 	0.0000000000
-2.50000000 0.50000000 	0.0000000000
-2.50000000 1.00000000 	0.0000000000
-2.50000000 1.50000000 	0.0000000000
-2.50000000 2.00000000 	0.0000000000
-2.50000000 2.50000000 	0.0000000000
-2.50000000 3.00000000 	0.0000000000
-2.50000000 3.50000000 	0.0000000000
-2.50000000 4.00000000 	0.0000000000
-2.50000000 4.50000000 	0.0000000000
-2.50000000 5.00000000 	0.0000000000
-2.50000000 5.50000000 	0.0000000000
-2.50000000 6.00000000 	0.0000000000
-2.50000000 6.50000000 	0.0000000000
-2.50000000 7.00000000 	0.0000000000
-2.50000000 7.50000000 	0.0000000000
-2.50000000 8.00000000 	0.0000000000
-2.00000000 -12.00000000 	0.0000000000
-2.00000000 -11.50000000 	0.0000000000
-2.00000000 -11.00000000 	0.0000000000
-2.00000000 -10.50000000 	0.0000000000
-2.00000000 -10.00000000 	0.0028406502
-2.00000000 -9.50000000 	0.1930071009
-2.00000000 -9.00000000 	0.8335384737
-2.00000000 -8.50000000 	1.4881296029
-2.00000000 -8.00000000 	1.7529403736
-2.00000000 -7.50000000 	2.3325146560
-2.00000000 -7.00000000 	2.9697008906
-2.00000000 -6.50000000 	2.5177670649
-2.00000000 -6.00000000 	1.4997971133
-2.00000000 -5.50000000 	0.5273990767
-2.00000000 -5.00000000 	-0.5273990767
-2.00000000 -4.50000000 	-1.4997971133
-2.00000000 -4.00000000 	-2.5177670649
-2.00000000 -3.50000000 	-2.9697008906
-2.00000000 -3.00000000 	-2.3325146560
-2.00000000 -2.50000000 	-1.7529403736
-2.00000000 -2.00000000 	-1.4881296029
-2.00000000 -1.50000000 	-0.8335384737
-2.00000000 -1.00000000 	-0.1930071009
-2.00000000 -0.50000000 	-0.0028406502
-2.00000000 0.00000000 	0.0000000000
-2.00000000 0.50000000 	0.0000000000
-2.00000000 1.00000000 	0.0000000000
-2.00000000 1.50000000 	0.0000000000
-2.00000000 2.00000000 	0.0000000000
-2.00000000 2.50000000 	0.0000000000
-2.00000000 3.00000000 	0.0000000000
-2.00000000 3.50000000 	0.0000000000
-2.00000000 4.00000000 	0.0000000000
-2.00000000 4.50000000 	0.0000000000
-2.00000000 5.00000000 	0.0000000000
-2.00000000 5.50000000 	0.0000000000
-2.00000000 6.00000000 	0.0000000000
-2.00000000 6.50000000 	0.0000000000
-2.00000000 7.00000000 	0.0000000000
-2.00000000 7.50000000 	0.0000000000
-2.00000000 8.00000000 	0.0000000000
-1.50000000 -12.00000000 	0.0000000000
-1.50000000 -11.50000000 	0.0000000000
-1.50000000 -11.00000000 	0.0000000000
-1.50000000 -10.50000000 	0.0000000000
-1.50000000 -10.00000000 	0.0000000000
-1.50000000 -9.50000000 	0.0000000000
-1.50000000 -9.00000000 	0.0028406502
-1.50000000 -8.50000000 	0.1930071009
-1.50000000 -8.00000000 	0.8335384737
-1.50000000 -7.50000000 	1.4881296029
-1.50000000 -7.00000000 	1.7529403736
-1.50000000 -6.50000000 	2.3325146560
-1.50000000 -6.00000000 	2.9697008906
-1.50000000 -5.50000000 	2.5177670649
-1.50000000 -5.00000000 	1.4997971133
-1.50000000 -4.50000000 	0.5273990767
-1.50000000 -4.00000000 	-0.5273990767
-1.50000000 -3.50000000 	-1.4997971133
-1.50000000 -3.00000000 	-2.5177670649
-1.50000000 -2.50000000 	-2.9697008906
-1.50000000 -2.00000000 	-2.3325146560
-1.50000000 -1.50000000 	-1.7529403736
-1.50000000 -1.00000000 	-1.4881296029
-1.50000000 -0.50000000 	-0.8335384737
-1.50000000 0.00000000 	-0.1930071009
-1.50000000 0.50000000 	-0.0028406502
-1.50000000 1.00000000 	0.0000000000
-1.50000000 1.50000000 	0.0000000000
-1.50000000 2.00000000 	0.0000000000
-1.50000000 2.50000000 	0.0000000000
-1.50000000 3.00000000 	0.0000000000
-1.50000000 3.50000000 	0.0000000000
-1.50000000 4.00000000 	0.0000000000
-1.50000000 4.50000000 	0.0000000000
-1.50000000 5.00000000 	0.0000000000
-1.50000000 5.50000000 	0.0000000000
-1.50000000 6.00000000 	0.0000000000
-1.50000000 6.50000000 	0.0000000000
-1.50000000 7.00000000 	0.0000000000
-1.50000000 7.50000000 	0.0000000000
-1.50000000 8.00000000 	0.0000000000
-1.00000000 -12.00000000 	0.0000000000
-1.00000000 -11.50000000 	0.0000000000
-1.00000000 -11.00000000 	0.0000000000
-1.00000000 -10.50000000 	0.0000000000
-1.00000000 -10.00000000 	0.0000000000
-1.00000000 -9.50000000 	0.0000000000
-1.00000000 -9.00000000 	0.0000000000
-1.00000000 -8.50000000 	0.0000000000
-1.00000000 -8.00000000 	0.0028406502
-1.00000000 -7.50000000 	0.1930071009
-1.00000000 -7.00000000 	0.8335384737
-1.00000000 -6.50000000 	1.4881296029
-1.00000000 -6.00000000 	1.7529403736
-1.00000000 -5.50000000 	2.3325146560
-1.00000000 -5.00000000 	2.9697008906
-1.00000000 -4.50000000 	2.5177670649
-1.00000000 -4.00000000 	1.4997971133
-1.00000000 -3.50000000 	0.5273990767
-1.00000000 -3.00000000 	-0.5273990767
-1.00000000 -2.50000000 	-1.4997971133
-1.00000000 -2.00000000 	-2.5177670649
-1.00000000 -1.50000000 	-2.9697008906
-1.00000000 -1.00000000 	-2.3325146560
-1.00000000 -0.50000000 	-1.7529403736
-1.00000000 0.00000000 	-1.4881296029
-1.00000000 0.50000000 	-0.8335384737
-1.00000000 1.00000000 	-0.1930071009
-1.00000000 1.50000000 	-0.0028406502
-1.00000000 2.00000000 	0.0000000000
-1.00000000 2.50000000 	0.0000000000
-1.00000000 3.00000000 	0.0000000000
-1.00000000 3.50000000 	0.0000000000
-1.00000000 4.00000000 	0.0000000000
-1.00000000 4.50000000 	0.0000000000
-1.00000000 5.00000000 	0.0000000000
-1.00000000 5.50000000 	0.0000000000
-1.00000000 6.00000000 	0.0000000000
-1.00000000 6.50000000 	0.0000000000
-1.00000000 7.00000000 	0.0000000000
-1.00000000 7.50000000 	0.0000000000
-1.00000000 8.00000000 	0.0000000000
-0.50000000 -12.00000000 	0.0000000000
-0.50000000 -11.50000000 	0.0000000000
-0.50000000 -11.00000000 	0.0000000000
-0.50000000 -10.50000000 	0.0000000000
-0.50000000 -10.00000000 	0.0000000000
-0.50000000 -9.50000000 	0.0000000000
-0.50000000 -9.00000000 	0.0000000000
-0.50000000 -8.50000000 	0.0000000000
-0.50000000 -8.00000000 	0.0000000000
-0.50000000 -7.50000000 	0.0000000000
-0.50000000 -7.00000000 	0.0028406502
-0.50000000 -6.50000000 	0.1930071009
-0.50000000 -6.00000000 	0.8335384737
-0.50000000 -5.50000000 	1.4881296029
-0.50000000 -5.00000000 	1.7529403736
-0.50000000 -4.50000000 	2.3325146560
-0.50000000 -4.00000000 	2.9697008906
-0.50000000 -3.50000000 	2.5177670649
-0.50000000 -3.00000000 	1.4997971133
-0.50000000 -2.50000000 	0.5273990767
-0.50000000 -2.00000000 	-0.5273990767
-0.50000000 -1.50000000 	-1.4997971133
-0.50000000 -1.00000000 	-2.5177670649
-0.50000000 -0.50000000 	-2.9697008906
-0.50000000 0.00000000 	-2.3325146560
-0.50000000 0.50000000 	-1.7529403736
-0.50000000 1.00000000 	-1.4881296029
-0.50000000 1.50000000 	-0.8335384737
-0.50000000 2.00000000 	-0.1930071009
-0.50000000 2.50000000 	-0.0028406502
-0.50000000 3.00000000 	0.0000000000
-0.50000000 3.50000000 	0.0000000000
-0.50000000 4.00000000 	0.0000000000
-0.50000000 4.50000000 	0.0000000000
-0.50000000 5.00000000 	0.0000000000
-0.50000000 5.50000000 	0.0000000000
-0.50000000 6.00000000 	0.0000000000
-0.50000000 6.50000000 	0.0000000000
-0.50000000 7.00000000 	0.0000000000
-0.50000000 7.50000000 	0.0000000000
-0.50000000 8.00000000 	0.0000000000
0.00000000 -12.00000000 	0.0000000000
0.00000000 -11.50000000 	0.0000000000
0.00000000 -11.00000000 	0.0000000000
0.00000000 -10.50000000 	0.0000000000
0.00000000 -10.00000000 	0.0000000000
0.00000000 -9.50000000 	0.0000000000
0.00000000 -9.00000000 	0.0000000000
0.00000000 -8.50000000 	0.0000000000
0.00000000 -8.00000000 	0.0000000000
0.00000000 -7.50000000 	0.0000000000
0.00000000 -7.00000000 	0.0000000000
0.00000000 -6.50000000 	0.0000000000
0.00000000 -6.00000000 	0.0028406502
0.00000000 -5.50000000 	0.1930071009
0.00000000 -5.00000000 	0.8335384737
0.00000000 -4.50000000 	1.4881296029
0.00000000 -4.00000000 	1.7529403736
0.00000000 -3.50000000 	2.3325146560
0.00000000 -3.00000000 	2.9697008906
0.00000000 -2.50000000 	2.5177670649
0.00000000 -2.00000000 	1.4997971133
0.00000000 -1.50000000 	0.5273990767
0.00000000 -1.00000000 	-0.5273990767
0.00000000 -0.50000000 	-1.4997971133
0.00000000 0.00000000 	-2.5177670649
0.00000000 0.50000000 	-2.9697008906
0.00000000 1.00000000 	-2.3325146560
0.00000000 1.50000000 	-1.7529403736
0.00000000 2.00000000 	-1.4881296029
0.00000000 2.50000000 	-0.8335384737
0.00000000 3.00000000 	-0.1906882233
0.00000000 3.50000000 	0.0000000000
0.00000000 4.00000000 	0.0000000000
0.00000000 4.50000000 	0.0000000000
0.00000000 5.00000000 	0.0000000000
0.00000000 5.50000000 	0.0000000000
0.00000000 6.00000000 	0.0000000000
0.00000000 6.50000000 	0.0000000000
0.00000000 7.00000000 	0.0000000000
0.00000000 7.50000000 	0.0000000000
0.00000000 8.00000000 	0.0000000000
0.50000000 -12.00000000 	0.0000000000
0.50000000 -11.50000000 	0.0000000000
0.50000000 -11.00000000 	0.0000000000
0.50000000 -10.50000000 	0.0000000000
0.50000000 -10.00000000 	0.0000000000
0.50000000 -9.50000000 	0.0000000000
0.50000000 -9.00000000 	0.0000000000
0.50000000 -8.50000000 	0.0000000000
0.50000000 -8.00000000 	0.0000000000
0.50000000 -7.50000000 	0.0000000000
0.50000000 -7.00000000 	0.0000000000
0.50000000 -6.50000000 	0.0000000000
0.50000000 -6.00000000 	0.0000000000
0.50000000 -5.50000000 	0.0000000000
0.50000000 -5.00000000 	0.0028406502
0.50000000 -4.50000000 	0.1930071009
0.50000000 -4.00000000 	0.8335384737
0.50000000 -3.50000000 	1.4881296029
0.50000000 -3.00000000 	1.7529403736
0.50000000 -2.50000000 	2.3325146560
0.50000000 -2.00000000 	2.9697008906
0.50000000 -1.50000000 	2.5177670649
0.50000000 -1.00000000 	1.4997971133
0.50000000 -0.50000000 	0.5273990767
0.50000000 0.00000000 	-0.5273990767
0.50000000 0.50000000 	-1.4997971133
0.50000000 1.00000000 	-2.5177670649
0.50000000 1.50000000 	-2.9697008906
0.50000000 2.00000000 	-2.3325705016
0.50000000 2.50000000 	-1.9336279046
0.50000000 3.00000000 	-1.6677924818
0.50000000 3.50000000 	-0.6436733397
0.50000000 4.00000000 	0.0000000000
0.50000000 4.50000000 	0.0000000000
0.50000000 5.00000000 	0.0000000000
0.50000000 5.50000000 	0.0000000000
0.50000000 6.00000000 	0.0000000000
0.50000000 6.50000000 	0.0000000000
0.50000000 7.00000000 	0.0000000000
0.50000000 7.50000000 	0.0000000000
0.50000000 8.00000000 	0.0000000000
1.00000000 -12.00000000 	0.0000000000
1.00000000 -11.50000000 	0.0000000000
1.00000000 -11.00000000 	0.0000000000
1.00000000 -10.50000000 	0.0000000000
1.00000000 -10.00000000 	0.0000000000
1.00000000 -9.50000000 	0.0000000000
1.00000000 -9.00000000 	0.0000000000
1.00000000 -8.50000000 	0.0000000000
1.00000000 -8.00000000 	0.0000000000
1.00000000 -7.50000000 	0.0000000000
1.00000000 -7.00000000 	0.0000000000
1.00000000 -6.50000000 	0.0000000000
1.00000000 -6.00000000 	0.0000000000
1.00000000 -5.50000000 	0.0000000000
1.00000000 -5.00000000 	0.0000000000
1.00000000 -4.50000000 	0.0000000000
1.00000000 -4.00000000 	0.0028406502
1.00000000 -3.50000000 	0.1930071009
1.00000000 -3.00000000 	0.8335384737
1.00000000 -2.50000000 	1.4881296029
1.00000000 -2.00000000 	1.7529403736
1.00000000 -1.50000000 	2.3325146560
1.00000000 -1.00000000 	2.9697008906
1.00000000 -0.50000000 	2.5177670649
1.00000000 0.00000000 	1.4997971133
1.00000000 0.50000000 	0.5273990767
1.00000000 1.00000000 	-0.5269396569
1.00000000 1.50000000 	-1.5259653579
1.00000000 2.00000000 	-2.9627307063
1.00000000 2.50000000 	-3.5393912603
1.00000000 3.00000000 	-2.7045378316
1.00000000 3.50000000 	-1.9672372431
1.00000000 4.00000000 	-0.8378398373
1.00000000 4.50000000 	0.0000000000
1.00000000 5.00000000 	0.0000000000
1.00000000 5.50000000 	0.0000000000
1.00000000 6.00000000 	0.0000000000
1.00000000 6.50000000 	0.0000000000
1.00000000 7.00000000 	0.0000000000
1.00000000 7.50000000 	0.0000000000
1.00000000 8.00000000 	0.0000000000
1.50000000 -12.00000000 	0.0000000000
1.50000000 -11.50000000 	0.0000000000
1.50000000 -11.00000000 	0.0000000000
1.50000000 -10.50000000 	0.0000000000
1.50000000 -10.00000000 	0.0000000000
1.50000000 -9.50000000 	0.0000000000
1.50000000 -9.00000000 	0.0000000000
1.50000000 -8.50000000 	0.0000000000
1.50000000 -8.00000000 	0.0000000000
1.50000000 -7.50000000 	0.0000000000
1.50000000 -7.00000000 	0.0000000000
1.50000000 -6.50000000 	0.0000000000
1.50000000 -6.00000000 	0.0000000000
1.50000000 -5.50000000 	0.0000000000
1.50000000 -5.00000000 	0.0000000000
1.50000000 -4.50000000 	0.0000000000
1.50000000 -4.00000000 	0.0000000000
1.50000000 -3.50000000 	0.0000000000
1.50000000 -3.00000000 	0.0028406502
1.50000000 -2.50000000 	0.1930071009
1.50000000 -2.00000000 	0.8335384737
1.50000000 -1.50000000 	1.4881296029
1.50000000 -1.00000000 	1.7529403736
1.50000000 -0.50000000 	2.3325146560
1.50000000 0.00000000 	2.9693377437
1.50000000 0.50000000 	2.5803869656
1.50000000 1.00000000 	1.6677158984
1.50000000 1.50000000 	0.3239250843
1.50000000 2.00000000 	-1.4360320278
1.50000000 2.50000000 	-3.3674674711
1.50000000 3.00000000 	-4.3238938293
1.50000000 3.50000000 	-3.0242174732
1.50000000 4.00000000 	-1.4286482706
1.50000000 4.50000000 	-0.4858947670
1.50000000 5.00000000 	0.0000000000
1.50000000 5.50000000 	0.0000000000
1.50000000 6.00000000 	0.0000000000
1.50000000 6.50000000 	0.0000000000
1.50000000 7.00000000 	0.0000000000
1.50000000 7.50000000 	0.0000000000
1.50000000 8.00000000 	0.0000000000
2.00000000 -12.00000000 	0.0000000000
2.00000000 -11.50000000 	0.0000000000
2.00000000 -11.00000000 	0.0000000000
2.00000000 -10.50000000 	0.0000000000
2.00000000 -10.00000000 	0.0000000000
2.00000000 -9.50000000 	0.0000000000
2.00000000 -9.00000000 	0.0000000000
2.00000000 -8.50000000 	0.0000000000
2.00000000 -8.00000000 	0.0000000000
2.00000000 -7.50000000 	0.0000000000
2.00000000 -7.00000000 	0.0000000000
2.00000000 -6.50000000 	0.0000000000
2.00000000 -6.00000000 	0.0000000000
2.00000000 -5.50000000 	0.0000000000
2.00000000 -5.00000000 	0.0000000000
2.00000000 -4.50000000 	0.0000000000
2.00000000 -4.00000000 	0.0000000000
2.00000000 -3.50000000 	0.0000000000
2.00000000 -3.00000000 	0.0000000000
2.00000000 -2.50000000 	0.0000000000
2.00000000 -2.00000000 	0.0028406502
2.00000000 -1.50000000 	0.1930071009
2.00000000 -1.00000000 	0.8328480328
2.00000000 -0.50000000 	1.6153570226
2.00000000 0.00000000 	2.2970709787
2.00000000 0.50000000 	3.1375339854
2.00000000 1.00000000 	3.3858655061
2.00000000 1.50000000 	2.1961481881
2.00000000 2.00000000 	-0.2128185448
2.00000000 2.50000000 	-2.8399671833
2.00000000 3.00000000 	-4.2131309527
2.00000000 3.50000000 	-3.6812315362
2.00000000 4.00000000 	-1.9577434588
2.00000000 4.50000000 	-0.5900808709
2.00000000 5.00000000 	-0.1041652023
2.00000000 5.50000000 	0.0000000000
2.00000000 6.00000000 	0.0000000000
2.00000000 6.50000000 	0.0000000000
2.00000000 7.00000000 	0.0000000000
2.00000000 7.50000000 	0.0000000000
2.00000000 8.00000000 	0.0000000000
