-8.00000000 -12.00000000 	0.0000000000
-8.00000000 -11.00000000 	0.3990488347
-8.00000000 -10.00000000 	2.6855240462
-8.00000000 -9.00000000 	4.4621771544
-8.00000000 -8.00000000 	-1.3430035097
-8.00000000 -7.00000000 	-4.6421409939
-8.00000000 -6.00000000 	-1.5931446803
-8.00000000 -5.00000000 	0.0000000000
-8.00000000 -4.00000000 	0.0000000000
-8.00000000 -3.00000000 	0.0000000000
-8.00000000 -2.00000000 	0.0000000000
-8.00000000 -1.00000000 	0.0000000000
-8.00000000 0.00000000 	0.0000000000
-8.00000000 1.00000000 	0.0000000000
-8.00000000 2.00000000 	0.0000000000
-8.00000000 3.00000000 	0.0000000000
-8.00000000 4.00000000 	0.0000000000
-8.00000000 5.00000000 	0.0000000000
-8.00000000 6.00000000 	0.0000000000
-8.00000000 7.00000000 	0.0000000000
-8.00000000 8.00000000 	0.0000000000
-7.00000000 -12.00000000 	0.0000000000
-7.00000000 -11.00000000 	0.0000000000
-7.00000000 -10.00000000 	1.1830436970
-7.00000000 -9.00000000 	4.5157668177
-7.00000000 -8.00000000 	3.1368763652
-7.00000000 -7.00000000 	-2.8367831320
-7.00000000 -6.00000000 	-4.4298348019
-7.00000000 -5.00000000 	-1.5931446803
-7.00000000 -4.00000000 	0.0000000000
-7.00000000 -3.00000000 	0.0000000000
-7.00000000 -2.00000000 	0.0000000000
-7.00000000 -1.00000000 	0.0000000000
-7.00000000 0.00000000 	0.0000000000
-7.00000000 1.00000000 	0.0000000000
-7.00000000 2.00000000 	0.0000000000
-7.00000000 3.00000000 	0.0000000000
-7.00000000 4.00000000 	0.0000000000
-7.00000000 5.00000000 	0.0000000000
-7.00000000 6.00000000 	0.0000000000
-7.00000000 7.00000000 	0.0000000000
-7.00000000 8.00000000 	0.0000000000
-6.00000000 -12.00000000 	0.0000000000
-6.00000000 -11.00000000 	0.0000000000
-6.00000000 -10.00000000 	0.0000000000
-6.00000000 -9.00000000 	1.5861836605
-6.00000000 -8.00000000 	4.4298348019
-6.00000000 -7.00000000 	2.8367831320
-6.00000000 -6.00000000 	-2.8367831320
-6.00000000 -5.00000000 	-4.4298348019
-6.00000000 -4.00000000 	-1.5931446803
-6.00000000 -3.00000000 	0.0000000000
-6.00000000 -2.00000000 	0.0000000000
-6.00000000 -1.00000000 	0.0000000000
-6.00000000 0.00000000 	0.0000000000
-6.00000000 1.00000000 	0.0000000000
-6.00000000 2.00000000 	0.0000000000
-6.00000000 3.00000000 	0.0000000000
-6.00000000 4.00000000 	0.0000000000
-6.00000000 5.00000000 	0.0000000000
-6.00000000 6.00000000 	0.0000000000
-6.00000000 7.00000000 	0.0000000000
-6.00000000 8.00000000 	0.0000000000
-5.00000000 -12.00000000 	0.0000000000
-5.00000000 -11.00000000 	0.0000000000
-5.00000000 -10.00000000 	0.0000000000
-5.00000000 -9.00000000 	0.0000000000
-5.00000000 -8.00000000 	1.5931446803
-5.00000000 -7.00000000 	4.4298348019
-5.00000000 -6.00000000 	2.8367831320
-5.00000000 -5.00000000 	-2.8367831320
-5.00000000 -4.00000000 	-4.4298348019
-5.00000000 -3.00000000 	-1.5931446803
-5.00000000 -2.00000000 	0.0000000000
-5.00000000 -1.00000000 	0.0000000000
-5.00000000 0.00000000 	0.0000000000
-5.00000000 1.00000000 	0.0000000000
-5.00000000 2.00000000 	0.0000000000
-5.00000000 3.00000000 	0.0000000000
-5.00000000 4.00000000 	0.0000000000
-5.00000000 5.00000000 	0.0000000000
-5.00000000 6.00000000 	0.0000000000
-5.00000000 7.00000000 	0.0000000000
-5.00000000 8.00000000 	0.0000000000
-4.00000000 -12.00000000 	0.0000000000
-4.00000000 -11.00000000 	0.0000000000
-4.00000000 -10.00000000 	0.0000000000
-4.00000000 -9.00000000 	0.0000000000
-4.00000000 -8.00000000 	0.0000000000
-4.00000000 -7.00000000 	1.5931446803
-4.00000000 -6.00000000 	4.4298348019
-4.00000000 -5.00000000 	2.8367831320
-4.00000000 -4.00000000 	-2.8367831320
-4.00000000 -3.00000000 	-4.4298348019
-4.00000000 -2.00000000 	-1.5931446803
-4.00000000 -1.00000000 	0.0000000000
-4.00000000 0.00000000 	0.0000000000
-4.00000000 1.00000000 	0.0000000000
-4.00000000 2.00000000 	0.0000000000
-4.00000000 3.00000000 	0.0000000000
-4.00000000 4.00000000 	0.0000000000
-4.00000000 5.00000000 	0.0000000000
-4.00000000 6.00000000 	0.0000000000
-4.00000000 7.00000000 	0.0000000000
-4.00000000 8.00000000 	0.0000000000
-3.00000000 -12.00000000 	0.0000000000
-3.00000000 -11.00000000 	0.0000000000
-3.00000000 -10.00000000 	0.0000000000
-3.00000000 -9.00000000 	0.0000000000
-3.00000000 -8.00000000 	0.0000000000
-3.00000000 -7.00000000 	0.0000000000
-3.00000000 -6.00000000 	1.5931446803
-3.00000000 -5.00000000 	4.4298348019
-3.00000000 -4.00000000 	2.8367831320
-3.00000000 -3.00000000 	-2.8367831320
-3.00000000 -2.00000000 	-4.4298348019
-3.00000000 -1.00000000 	-1.5931446803
-3.00000000 0.00000000 	0.0000000000
-3.00000000 1.00000000 	0.0000000000
-3.00000000 2.00000000 	0.0000000000
-3.00000000 3.00000000 	0.0000000000
-3.00000000 4.00000000 	0.0000000000
-3.00000000 5.00000000 	0.0000000000
-3.00000000 6.00000000 	0.0000000000
-3.00000000 7.00000000 	0.0000000000
-3.00000000 8.00000000 	0.0000000000
-2.00000000 -12.00000000 	0.0000000000
-2.00000000 -11.00000000 	0.0000000000
-2.00000000 -10.00000000 	0.0000000000
-2.00000000 -9.00000000 	0.0000000000
-2.00000000 -8.00000000 	0.0000000000
-2.00000000 -7.00000000 	0.0000000000
-2.00000000 -6.00000000 	0.0000000000
-2.00000000 -5.00000000 	1.5931446803
-2.00000000 -4.00000000 	4.4298348019
-2.00000000 -3.00000000 	2.8367831320
-2.00000000 -2.00000000 	-2.8367831320
-2.00000000 -1.00000000 	-4.4298348019
-2.00000000 0.00000000 	-1.5931446803
-2.00000000 1.00000000 	0.0000000000
-2.00000000 2.00000000 	0.0000000000
-2.00000000 3.00000000 	0.0000000000
-2.00000000 4.00000000 	0.0000000000
-2.00000000 5.00000000 	0.0000000000
-2.00000000 6.00000000 	0.0000000000
-2.00000000 7.00000000 	0.0000000000
-2.00000000 8.00000000 	0.0000000000
-1.00000000 -12.00000000 	0.0000000000
-1.00000000 -11.00000000 	0.0000000000
-1.00000000 -10.00000000 	0.0000000000
-1.00000000 -9.00000000 	0.0000000000
-1.00000000 -8.00000000 	0.0000000000
-1.00000000 -7.00000000 	0.0000000000
-1.00000000 -6.00000000 	0.0000000000
-1.00000000 -5.00000000 	0.0000000000
-1.00000000 -4.00000000 	1.5931446803
-1.00000000 -3.00000000 	4.4298348019
-1.00000000 -2.00000000 	2.8367831320
-1.00000000 -1.00000000 	-2.8367831320
-1.00000000 0.00000000 	-4.4298348019
-1.00000000 1.00000000 	-1.5931446803
-1.00000000 2.00000000 	0.0000000000
-1.00000000 3.00000000 	0.0000000000
-1.00000000 4.00000000 	0.0000000000
-1.00000000 5.00000000 	0.0000000000
-1.00000000 6.00000000 	0.0000000000
-1.00000000 7.00000000 	0.0000000000
-1.00000000 8.00000000 	0.0000000000
0.00000000 -12.00000000 	0.0000000000
0.00000000 -11.00000000 	0.0000000000
0.00000000 -10.00000000 	0.0000000000
0.00000000 -9.00000000 	0.0000000000
0.00000000 -8.00000000 	0.0000000000
0.00000000 -7.00000000 	0.0000000000
0.00000000 -6.00000000 	0.0000000000
0.00000000 -5.00000000 	0.0000000000
0.00000000 -4.00000000 	0.0000000000
0.00000000 -3.00000000 	1.5931446803
0.00000000 -2.00000000 	4.4298348019
0.00000000 -1.00000000 	2.8367831320
0.00000000 0.00000000 	-2.8367831320
0.00000000 1.00000000 	-4.4298348019
0.00000000 2.00000000 	-1.5861836605
0.00000000 3.00000000 	0.0000000000
0.00000000 4.00000000 	0.0000000000
0.00000000 5.00000000 	0.0000000000
0.00000000 6.00000000 	0.0000000000
0.00000000 7.00000000 	0.0000000000
0.00000000 8.00000000 	0.0000000000
1.00000000 -12.00000000 	0.0000000000
1.00000000 -11.00000000 	0.0000000000
1.00000000 -10.00000000 	0.0000000000
1.00000000 -9.00000000 	0.0000000000
1.00000000 -8.00000000 	0.0000000000
1.00000000 -7.00000000 	0.0000000000
1.00000000 -6.00000000 	0.0000000000
1.00000000 -5.00000000 	0.0000000000
1.00000000 -4.00000000 	0.0000000000
1.00000000 -3.00000000 	0.0000000000
1.00000000 -2.00000000 	1.5931446803
1.00000000 -1.00000000 	4.4298348019
1.00000000 0.00000000 	2.8367831320
1.00000000 1.00000000 	-3.1368763652
1.00000000 2.00000000 	-4.5157668177
1.00000000 3.00000000 	-1.1830436970
1.00000000 4.00000000 	0.0000000000
1.00000000 5.00000000 	0.0000000000
1.00000000 6.00000000 	0.0000000000
1.00000000 7.00000000 	0.0000000000
1.00000000 8.00000000 	0.0000000000
2.00000000 -12.00000000 	0.0000000000
2.00000000 -11.00000000 	0.0000000000
2.00000000 -10.00000000 	0.0000000000
2.00000000 -9.00000000 	0.0000000000
2.00000000 -8.00000000 	0.0000000000
2.00000000 -7.00000000 	0.0000000000
2.00000000 -6.00000000 	0.0000000000
2.00000000 -5.00000000 	0.0000000000
2.00000000 -4.00000000 	0.0000000000
2.00000000 -3.00000000 	0.0000000000
2.00000000 -2.00000000 	0.0000000000
2.00000000 -1.00000000 	1.5931446803
2.00000000 0.00000000 	4.6421409939
2.00000000 1.00000000 	1.3430035097
2.00000000 2.00000000 	-4.4621771544
2.00000000 3.00000000 	-2.6855240462
2.00000000 4.00000000 	-0.3990488347
2.00000000 5.00000000 	0.0000000000
2.00000000 6.00000000 	0.0000000000
2.00000000 7.00000000 	0.0000000000
2.00000000 8.00000000 	0.0000000000
