-8.00000000 -12.00000000 	10.0000000000
-8.00000000 -11.00000000 	10.0000000000
-8.00000000 -10.00000000 	10.0000000000
-8.00000000 -9.00000000 	10.0000000000
-8.00000000 -8.00000000 	10.0000000000
-8.00000000 -7.00000000 	10.0000000000
-8.00000000 -6.00000000 	10.0000000000
-8.00000000 -5.00000000 	10.0000000000
-8.00000000 -4.00000000 	10.0000000000
-8.00000000 -3.00000000 	10.0000000000
-8.00000000 -2.00000000 	10.0000000000
-8.00000000 -1.00000000 	10.0000000000
-8.00000000 0.00000000 	10.0000000000
-8.00000000 1.00000000 	10.0000000000
-8.00000000 2.00000000 	10.0000000000
-8.00000000 3.00000000 	10.0000000000
-8.00000000 4.00000000 	10.0000000000
-8.00000000 5.00000000 	10.0000000000
-8.00000000 6.00000000 	10.0000000000
-8.00000000 7.00000000 	10.0000000000
-8.00000000 8.00000000 	10.0000000000
-7.00000000 -12.00000000 	10.0000000000
-7.00000000 -11.00000000 	10.0000000000
-7.00000000 -10.00000000 	10.0000000000
-7.00000000 -9.00000000 	10.0000000000
-7.00000000 -8.00000000 	10.0000000000
-7.00000000 -7.00000000 	10.0000000000
-7.00000000 -6.00000000 	10.0000000000
-7.00000000 -5.00000000 	10.0000000000
-7.00000000 -4.00000000 	10.0000000000
-7.00000000 -3.00000000 	10.0000000000
-7.00000000 -2.00000000 	10.0000000000
-7.00000000 -1.00000000 	10.0000000000
-7.00000000 0.00000000 	10.0000000000
-7.00000000 1.00000000 	10.0000000000
-7.00000000 2.00000000 	10.0000000000
-7.00000000 3.00000000 	10.0000000000
-7.00000000 4.00000000 	10.0000000000
-7.00000000 5.00000000 	10.0000000000
-7.00000000 6.00000000 	10.0000000000
-7.00000000 7.00000000 	10.0000000000
-7.00000000 8.00000000 	10.0000000000
-6.00000000 -12.00000000 	12.4981861199
-6.00000000 -11.00000000 	12.4981861199
-6.00000000 -10.00000000 	12.4981861199
-6.00000000 -9.00000000 	12.4981861199
-6.00000000 -8.00000000 	12.4981861199
-6.00000000 -7.00000000 	12.4981861199
-6.00000000 -6.00000000 	12.4981861199
-6.00000000 -5.00000000 	12.4981861199
-6.00000000 -4.00000000 	12.4981861199
-6.00000000 -3.00000000 	12.4981861199
-6.00000000 -2.00000000 	12.4981861199
-6.00000000 -1.00000000 	12.4981861199
-6.00000000 0.00000000 	12.4981861199
-6.00000000 1.00000000 	12.4981861199
-6.00000000 2.00000000 	12.4981861199
-6.00000000 3.00000000 	12.4981861199
-6.00000000 4.00000000 	12.4981861199
-6.00000000 5.00000000 	12.4981861199
-6.00000000 6.00000000 	12.4981861199
-6.00000000 7.00000000 	12.4981861199
-6.00000000 8.00000000 	12.4981861199
-5.00000000 -12.00000000 	10.0000000000
-5.00000000 -11.00000000 	10.0000000000
-5.00000000 -10.00000000 	10.0000000000
-5.00000000 -9.00000000 	10.0000000000
-5.00000000 -8.00000000 	10.0000000000
-5.00000000 -7.00000000 	10.0000000000
-5.00000000 -6.00000000 	10.0000000000
-5.00000000 -5.00000000 	10.0000000000
-5.00000000 -4.00000000 	10.0000000000
-5.00000000 -3.00000000 	10.0000000000
-5.00000000 -2.00000000 	10.0000000000
-5.00000000 -1.00000000 	10.0000000000
-5.00000000 0.00000000 	10.0000000000
-5.00000000 1.00000000 	10.0000000000
-5.00000000 2.00000000 	10.0000000000
-5.00000000 3.00000000 	10.0000000000
-5.00000000 4.00000000 	10.0000000000
-5.00000000 5.00000000 	10.0000000000
-5.00000000 6.00000000 	10.0000000000
-5.00000000 7.00000000 	10.0000000000
-5.00000000 8.00000000 	10.0000000000
-4.00000000 -12.00000000 	14.9633994399
-4.00000000 -11.00000000 	14.9633994399
-4.00000000 -10.00000000 	14.9633994399
-4.00000000 -9.00000000 	14.9633994399
-4.00000000 -8.00000000 	14.9633994399
-4.00000000 -7.00000000 	14.9633994399
-4.00000000 -6.00000000 	14.9633994399
-4.00000000 -5.00000000 	14.9633994399
-4.00000000 -4.00000000 	14.9633994399
-4.00000000 -3.00000000 	14.9633994399
-4.00000000 -2.00000000 	14.9633994399
-4.00000000 -1.00000000 	14.9633994399
-4.00000000 0.00000000 	14.9633994399
-4.00000000 1.00000000 	14.9633994399
-4.00000000 2.00000000 	14.9633994399
-4.00000000 3.00000000 	14.9633994399
-4.00000000 4.00000000 	14.9633994399
-4.00000000 5.00000000 	14.9633994399
-4.00000000 6.00000000 	14.9633994399
-4.00000000 7.00000000 	14.9633994399
-4.00000000 8.00000000 	14.9633994399
-3.00000000 -12.00000000 	10.0000000000
-3.00000000 -11.00000000 	10.0000000000
-3.00000000 -10.00000000 	10.0000000000
-3.00000000 -9.00000000 	10.0000000000
-3.00000000 -8.00000000 	10.0000000000
-3.00000000 -7.00000000 	10.0000000000
-3.00000000 -6.00000000 	10.0000000000
-3.00000000 -5.00000000 	10.0000000000
-3.00000000 -4.00000000 	10.0000000000
-3.00000000 -3.00000000 	10.0000000000
-3.00000000 -2.00000000 	10.0000000000
-3.00000000 -1.00000000 	10.0000000000
-3.00000000 0.00000000 	10.0000000000
-3.00000000 1.00000000 	10.0000000000
-3.00000000 2.00000000 	10.0000000000
-3.00000000 3.00000000 	10.0000000000
-3.00000000 4.00000000 	10.0000000000
-3.00000000 5.00000000 	10.0000000000
-3.00000000 6.00000000 	10.0000000000
-3.00000000 7.00000000 	10.0000000000
-3.00000000 8.00000000 	10.0000000000
-2.00000000 -12.00000000 	12.5384144402
-2.00000000 -11.00000000 	12.5384144402
-2.00000000 -10.00000000 	12.5384144402
-2.00000000 -9.00000000 	12.5384144402
-2.00000000 -8.00000000 	12.5384144402
-2.00000000 -7.00000000 	12.5384144402
-2.00000000 -6.00000000 	12.5384144402
-2.00000000 -5.00000000 	12.5384144402
-2.00000000 -4.00000000 	12.5384144402
-2.00000000 -3.00000000 	12.5384144402
-2.00000000 -2.00000000 	12.5384144402
-2.00000000 -1.00000000 	12.5384144402
-2.00000000 0.00000000 	12.0354219385
-2.00000000 1.00000000 	12.5384144402
-2.00000000 2.00000000 	12.5384144402
-2.00000000 3.00000000 	12.5384144402
-2.00000000 4.00000000 	12.5384144402
-2.00000000 5.00000000 	12.5384144402
-2.00000000 6.00000000 	12.5384144402
-2.00000000 7.00000000 	12.5384144402
-2.00000000 8.00000000 	12.5384144402
-1.00000000 -12.00000000 	10.0000000000
-1.00000000 -11.00000000 	10.0000000000
-1.00000000 -10.00000000 	10.0000000000
-1.00000000 -9.00000000 	10.0000000000
-1.00000000 -8.00000000 	10.0000000000
-1.00000000 -7.00000000 	10.0000000000
-1.00000000 -6.00000000 	10.0000000000
-1.00000000 -5.00000000 	10.0000000000
-1.00000000 -4.00000000 	10.0000000000
-1.00000000 -3.00000000 	10.0000000000
-1.00000000 -2.00000000 	9.4970074983
-1.00000000 -1.00000000 	8.4970074983
-1.00000000 0.00000000 	11.4970074983
-1.00000000 1.00000000 	8.4970074983
-1.00000000 2.00000000 	9.4970074983
-1.00000000 3.00000000 	10.0000000000
-1.00000000 4.00000000 	10.0000000000
-1.00000000 5.00000000 	10.0000000000
-1.00000000 6.00000000 	10.0000000000
-1.00000000 7.00000000 	10.0000000000
-1.00000000 8.00000000 	10.0000000000
0.00000000 -12.00000000 	10.0000000000
0.00000000 -11.00000000 	10.0000000000
0.00000000 -10.00000000 	10.0000000000
0.00000000 -9.00000000 	10.0000000000
0.00000000 -8.00000000 	10.0000000000
0.00000000 -7.00000000 	10.0000000000
0.00000000 -6.00000000 	10.0000000000
0.00000000 -5.00000000 	10.0000000000
0.00000000 -4.00000000 	10.0000000000
0.00000000 -3.00000000 	9.0000000000
0.00000000 -2.00000000 	9.9940149966
0.00000000 -1.00000000 	11.4970074983
0.00000000 0.00000000 	5.5089775051
0.00000000 1.00000000 	11.4970074983
0.00000000 2.00000000 	9.9940149966
0.00000000 3.00000000 	9.0000000000
0.00000000 4.00000000 	10.0000000000
0.00000000 5.00000000 	10.0000000000
0.00000000 6.00000000 	10.0000000000
0.00000000 7.00000000 	10.0000000000
0.00000000 8.00000000 	10.0000000000
1.00000000 -12.00000000 	10.0000000000
1.00000000 -11.00000000 	10.0000000000
1.00000000 -10.00000000 	10.0000000000
1.00000000 -9.00000000 	10.0000000000
1.00000000 -8.00000000 	10.0000000000
1.00000000 -7.00000000 	10.0000000000
1.00000000 -6.00000000 	10.0000000000
1.00000000 -5.00000000 	10.0000000000
1.00000000 -4.00000000 	9.4970074983
1.00000000 -3.00000000 	10.4970074983
1.00000000 -2.00000000 	8.0059850034
1.00000000 -1.00000000 	8.0059850034
1.00000000 0.00000000 	10.5029925017
1.00000000 1.00000000 	8.0059850034
1.00000000 2.00000000 	8.0059850034
1.00000000 3.00000000 	10.4970074983
1.00000000 4.00000000 	9.4970074983
1.00000000 5.00000000 	10.0000000000
1.00000000 6.00000000 	10.0000000000
1.00000000 7.00000000 	10.0000000000
1.00000000 8.00000000 	10.0000000000
2.00000000 -12.00000000 	10.0000000000
2.00000000 -11.00000000 	10.0000000000
2.00000000 -10.00000000 	10.0000000000
2.00000000 -9.00000000 	10.0000000000
2.00000000 -8.00000000 	10.0000000000
2.00000000 -7.00000000 	10.0000000000
2.00000000 -6.00000000 	10.0000000000
2.00000000 -5.00000000 	10.0000000000
2.00000000 -4.00000000 	9.4970074983
2.00000000 -3.00000000 	9.4970074983
2.00000000 -2.00000000 	9.0059850034
2.00000000 -1.00000000 	9.0059850034
2.00000000 0.00000000 	8.0000000000
2.00000000 1.00000000 	9.0059850034
2.00000000 2.00000000 	9.0059850034
2.00000000 3.00000000 	9.4970074983
2.00000000 4.00000000 	9.4970074983
2.00000000 5.00000000 	10.0000000000
2.00000000 6.00000000 	10.0000000000
2.00000000 7.00000000 	10.0000000000
2.00000000 8.00000000 	10.0000000000
