-11.31370850 	800.0000000000
-10.60660172 	800.0000000000
-9.89949494 	800.0000000000
-9.19238816 	800.0000000000
-8.48528137 	800.0000000000
-7.77817459 	800.0000000000
-7.07106781 	800.0000000000
-6.36396103 	800.0000000000
-5.65685425 	800.0000000000
-4.94974747 	800.0000000000
-4.24264069 	800.0000000000
-3.53553391 	800.0000000000
-2.82842712 	800.0000000000
-2.12132034 	800.0000000000
-1.41421356 	799.2866676964
-0.70710678 	794.6739654261
0.00000000 	785.9171758701
0.70710678 	782.1045991157
1.41421356 	788.5908485244
2.12132034 	796.8882109941
2.82842712 	799.8689796221
