-8.00000000 -12.00000000 	9.9783683995
-8.00000000 -11.50000000 	9.9783683995
-8.00000000 -11.00000000 	9.9783683995
-8.00000000 -10.50000000 	9.9783683995
-8.00000000 -10.00000000 	9.9783683995
-8.00000000 -9.50000000 	9.9783683995
-8.00000000 -9.00000000 	9.9783683995
-8.00000000 -8.50000000 	9.9783683995
-8.00000000 -8.00000000 	9.9783683995
-8.00000000 -7.50000000 	9.9783683995
-8.00000000 -7.00000000 	9.9783683995
-8.00000000 -6.50000000 	9.9783683995
-8.00000000 -6.00000000 	9.9783683995
-8.00000000 -5.50000000 	9.9783683995
-8.00000000 -5.00000000 	9.9783683995
-8.00000000 -4.50000000 	9.9783683995
-8.00000000 -4.00000000 	9.9783683995
-8.00000000 -3.50000000 	9.9783683995
-8.00000000 -3.00000000 	9.9783683995
-8.00000000 -2.50000000 	9.9783683995
-8.00000000 -2.00000000 	9.9783683995
-8.00000000 -1.50000000 	9.9783683995
-8.00000000 -1.00000000 	9.9783683995
-8.00000000 -0.50000000 	9.9783683995
-8.00000000 0.00000000 	9.9783683995
-8.00000000 0.50000000 	9.9783683995
-8.00000000 1.00000000 	9.9783683995
-8.00000000 1.50000000 	9.9783683995
-8.00000000 2.00000000 	9.9783683995
-8.00000000 2.50000000 	9.9783683995
-8.00000000 3.00000000 	9.9783683995
-8.00000000 3.50000000 	9.9783683995
-8.00000000 4.00000000 	9.9783683995
-8.00000000 4.50000000 	9.9783683995
-8.00000000 5.00000000 	9.9783683995
-8.00000000 5.50000000 	9.9783683995
-8.00000000 6.00000000 	9.9783683995
-8.00000000 6.50000000 	9.9783683995
-8.00000000 7.00000000 	9.9783683995
-8.00000000 7.50000000 	9.9783683995
-8.00000000 8.00000000 	9.9783683995
-7.50000000 -12.00000000 	9.8048543437
-7.50000000 -11.50000000 	9.8048543437
-7.50000000 -11.00000000 	9.8048543437
-7.50000000 -10.50000000 	9.8048543437
-7.50000000 -10.00000000 	9.8048543437
-7.50000000 -9.50000000 	9.8048543437
-7.50000000 -9.00000000 	9.8048543437
-7.50000000 -8.50000000 	9.8048543437
-7.50000000 -8.00000000 	9.8048543437
-7.50000000 -7.50000000 	9.8048543437
-7.50000000 -7.00000000 	9.8048543437
-7.50000000 -6.50000000 	9.8048543437
-7.50000000 -6.00000000 	9.8048543437
-7.50000000 -5.50000000 	9.8048543437
-7.50000000 -5.00000000 	9.8048543437
-7.50000000 -4.50000000 	9.8048543437
-7.50000000 -4.00000000 	9.8048543437
-7.50000000 -3.50000000 	9.8048543437
-7.50000000 -3.00000000 	9.8048543437
-7.50000000 -2.50000000 	9.8048543437
-7.50000000 -2.00000000 	9.8048543437
-7.50000000 -1.50000000 	9.8048543437
-7.50000000 -1.00000000 	9.8048543437
-7.50000000 -0.50000000 	9.8048543437
-7.50000000 0.00000000 	9.8048543437
-7.50000000 0.50000000 	9.8048543437
-7.50000000 1.00000000 	9.8048543437
-7.50000000 1.50000000 	9.8048543437
-7.50000000 2.00000000 	9.8048543437
-7.50000000 2.50000000 	9.8048543437
-7.50000000 3.00000000 	9.8048543437
-7.50000000 3.50000000 	9.8048543437
-7.50000000 4.00000000 	9.8048543437
-7.50000000 4.50000000 	9.8048543437
-7.50000000 5.00000000 	9.8048543437
-7.50000000 5.50000000 	9.8048543437
-7.50000000 6.00000000 	9.8048543437
-7.50000000 6.50000000 	9.8048543437
-7.50000000 7.00000000 	9.8048543437
-7.50000000 7.50000000 	9.8048543437
-7.50000000 8.00000000 	9.8048543437
-7.00000000 -12.00000000 	9.1318959438
-7.00000000 -11.50000000 	9.1318959438
-7.00000000 -11.00000000 	9.1318959438
-7.00000000 -10.50000000 	9.1318959438
-7.00000000 -10.00000000 	9.1318959438
-7.00000000 -9.50000000 	9.1318959438
-7.00000000 -9.00000000 	9.1318959438
-7.00000000 -8.50000000 	9.1318959438
-7.00000000 -8.00000000 	9.1318959438
-7.00000000 -7.50000000 	9.1318959438
-7.00000000 -7.00000000 	9.1318959438
-7.00000000 -6.50000000 	9.1318959438
-7.00000000 -6.00000000 	9.1318959438
-7.00000000 -5.50000000 	9.1318959438
-7.00000000 -5.00000000 	9.1318959438
-7.00000000 -4.50000000 	9.1318959438
-7.00000000 -4.00000000 	9.1318959438
-7.00000000 -3.50000000 	9.1318959438
-7.00000000 -3.00000000 	9.1318959438
-7.00000000 -2.50000000 	9.1318959438
-7.00000000 -2.00000000 	9.1318959438
-7.00000000 -1.50000000 	9.1318959438
-7.00000000 -1.00000000 	9.1318959438
-7.00000000 -0.50000000 	9.1318959438
-7.00000000 0.00000000 	9.1318959438
-7.00000000 0.50000000 	9.1318959438
-7.00000000 1.00000000 	9.1318959438
-7.00000000 1.50000000 	9.1318959438
-7.00000000 2.00000000 	9.1318959438
-7.00000000 2.50000000 	9.1318959438
-7.00000000 3.00000000 	9.1318959438
-7.00000000 3.50000000 	9.1318959438
-7.00000000 4.00000000 	9.1318959438
-7.00000000 4.50000000 	9.1318959438
-7.00000000 5.00000000 	9.1318959438
-7.00000000 5.50000000 	9.1318959438
-7.00000000 6.00000000 	9.1318959438
-7.00000000 6.50000000 	9.1318959438
-7.00000000 7.00000000 	9.1318959438
-7.00000000 7.50000000 	9.1318959438
-7.00000000 8.00000000 	9.1318959438
-6.50000000 -12.00000000 	8.2694599056
-6.50000000 -11.50000000 	8.2694599056
-6.50000000 -11.00000000 	8.2694599056
-6.50000000 -10.50000000 	8.2694599056
-6.50000000 -10.00000000 	8.2694599056
-6.50000000 -9.50000000 	8.2694599056
-6.50000000 -9.00000000 	8.2694599056
-6.50000000 -8.50000000 	8.2694599056
-6.50000000 -8.00000000 	8.2694599056
-6.50000000 -7.50000000 	8.2694599056
-6.50000000 -7.00000000 	8.2694599056
-6.50000000 -6.50000000 	8.2694599056
-6.50000000 -6.00000000 	8.2694599056
-6.50000000 -5.50000000 	8.2694599056
-6.50000000 -5.00000000 	8.2694599056
-6.50000000 -4.50000000 	8.2694599056
-6.50000000 -4.00000000 	8.2694599056
-6.50000000 -3.50000000 	8.2694599056
-6.50000000 -3.00000000 	8.2694599056
-6.50000000 -2.50000000 	8.2694599056
-6.50000000 -2.00000000 	8.2694599056
-6.50000000 -1.50000000 	8.2694599056
-6.50000000 -1.00000000 	8.2694599056
-6.50000000 -0.50000000 	8.2694599056
-6.50000000 0.00000000 	8.2694599056
-6.50000000 0.50000000 	8.2694599056
-6.50000000 1.00000000 	8.2694599056
-6.50000000 1.50000000 	8.2694599056
-6.50000000 2.00000000 	8.2694599056
-6.50000000 2.50000000 	8.2694599056
-6.50000000 3.00000000 	8.2694599056
-6.50000000 3.50000000 	8.2694599056
-6.50000000 4.00000000 	8.2694599056
-6.50000000 4.50000000 	8.2694599056
-6.50000000 5.00000000 	8.2694599056
-6.50000000 5.50000000 	8.2694599056
-6.50000000 6.00000000 	8.2694599056
-6.50000000 6.50000000 	8.2694599056
-6.50000000 7.00000000 	8.2694599056
-6.50000000 7.50000000 	8.2694599056
-6.50000000 8.00000000 	8.2694599056
-6.00000000 -12.00000000 	10.9772411067
-6.00000000 -11.50000000 	10.9772411067
-6.00000000 -11.00000000 	10.9772411067
-6.00000000 -10.50000000 	10.9772411067
-6.00000000 -10.00000000 	10.9772411067
-6.00000000 -9.50000000 	10.9772411067
-6.00000000 -9.00000000 	10.9772411067
-6.00000000 -8.50000000 	10.9772411067
-6.00000000 -8.00000000 	10.9772411067
-6.00000000 -7.50000000 	10.9772411067
-6.00000000 -7.00000000 	10.9772411067
-6.00000000 -6.50000000 	10.9772411067
-6.00000000 -6.00000000 	10.9772411067
-6.00000000 -5.50000000 	10.9772411067
-6.00000000 -5.00000000 	10.9772411067
-6.00000000 -4.50000000 	10.9772411067
-6.00000000 -4.00000000 	10.9772411067
-6.00000000 -3.50000000 	10.9772411067
-6.00000000 -3.00000000 	10.9772411067
-6.00000000 -2.50000000 	10.9772411067
-6.00000000 -2.00000000 	10.9772411067
-6.00000000 -1.50000000 	10.9772411067
-6.00000000 -1.00000000 	10.9772411067
-6.00000000 -0.50000000 	10.9772411067
-6.00000000 0.00000000 	10.9772411067
-6.00000000 0.50000000 	10.9772411067
-6.00000000 1.00000000 	10.9772411067
-6.00000000 1.50000000 	10.9772411067
-6.00000000 2.00000000 	10.9772411067
-6.00000000 2.50000000 	10.9772411067
-6.00000000 3.00000000 	10.9772411067
-6.00000000 3.50000000 	10.9772411067
-6.00000000 4.00000000 	10.9772411067
-6.00000000 4.50000000 	10.9772411067
-6.00000000 5.00000000 	10.9772411067
-6.00000000 5.50000000 	10.9772411067
-6.00000000 6.00000000 	10.9772411067
-6.00000000 6.50000000 	10.9772411067
-6.00000000 7.00000000 	10.9772411067
-6.00000000 7.50000000 	10.9772411067
-6.00000000 8.00000000 	10.9772411067
-5.50000000 -12.00000000 	17.2275502785
-5.50000000 -11.50000000 	17.2275502785
-5.50000000 -11.00000000 	17.2275502785
-5.50000000 -10.50000000 	17.2275502785
-5.50000000 -10.00000000 	17.2275502785
-5.50000000 -9.50000000 	17.2275502785
-5.50000000 -9.00000000 	17.2275502785
-5.50000000 -8.50000000 	17.2275502785
-5.50000000 -8.00000000 	17.2275502785
-5.50000000 -7.50000000 	17.2275502785
-5.50000000 -7.00000000 	17.2275502785
-5.50000000 -6.50000000 	17.2275502785
-5.50000000 -6.00000000 	17.2275502785
-5.50000000 -5.50000000 	17.2275502785
-5.50000000 -5.00000000 	17.2275502785
-5.50000000 -4.50000000 	17.2275502785
-5.50000000 -4.00000000 	17.2275502785
-5.50000000 -3.50000000 	17.2275502785
-5.50000000 -3.00000000 	17.2275502785
-5.50000000 -2.50000000 	17.2275502785
-5.50000000 -2.00000000 	17.2275502785
-5.50000000 -1.50000000 	17.2275502785
-5.50000000 -1.00000000 	17.2275502785
-5.50000000 -0.50000000 	17.2275502785
-5.50000000 0.00000000 	17.2275502785
-5.50000000 0.50000000 	17.2275502785
-5.50000000 1.00000000 	17.2275502785
-5.50000000 1.50000000 	17.2275502785
-5.50000000 2.00000000 	17.2275502785
-5.50000000 2.50000000 	17.2275502785
-5.50000000 3.00000000 	17.2275502785
-5.50000000 3.50000000 	17.2275502785
-5.50000000 4.00000000 	17.2275502785
-5.50000000 4.50000000 	17.2275502785
-5.50000000 5.00000000 	17.2275502785
-5.50000000 5.50000000 	17.2275502785
-5.50000000 6.00000000 	17.2275502785
-5.50000000 6.50000000 	17.2275502785
-5.50000000 7.00000000 	17.2275502785
-5.50000000 7.50000000 	17.2275502785
-5.50000000 8.00000000 	17.2275502785
-5.00000000 -12.00000000 	18.8657874973
-5.00000000 -11.50000000 	18.8657874973
-5.00000000 -11.00000000 	18.8657874973
-5.00000000 -10.50000000 	18.8657874973
-5.00000000 -10.00000000 	18.8657874973
-5.00000000 -9.50000000 	18.8657874973
-5.00000000 -9.00000000 	18.8657874973
-5.00000000 -8.50000000 	18.8657874973
-5.00000000 -8.00000000 	18.8657874973
-5.00000000 -7.50000000 	18.8657874973
-5.00000000 -7.00000000 	18.8657874973
-5.00000000 -6.50000000 	18.8657874973
-5.00000000 -6.00000000 	18.8657874973
-5.00000000 -5.50000000 	18.8657874973
-5.00000000 -5.00000000 	18.8657874973
-5.00000000 -4.50000000 	18.8657874973
-5.00000000 -4.00000000 	18.8657874973
-5.00000000 -3.50000000 	18.8657874973
-5.00000000 -3.00000000 	18.8657874973
-5.00000000 -2.50000000 	18.8657874973
-5.00000000 -2.00000000 	18.8657874973
-5.00000000 -1.50000000 	18.8657874973
-5.00000000 -1.00000000 	18.8657874973
-5.00000000 -0.50000000 	18.8657874973
-5.00000000 0.00000000 	18.8657874973
-5.00000000 0.50000000 	18.8657874973
-5.00000000 1.00000000 	18.8657874973
-5.00000000 1.50000000 	18.8657874973
-5.00000000 2.00000000 	18.8657874973
-5.00000000 2.50000000 	18.8657874973
-5.00000000 3.00000000 	18.8657874973
-5.00000000 3.50000000 	18.8657874973
-5.00000000 4.00000000 	18.8657874973
-5.00000000 4.50000000 	18.8657874973
-5.00000000 5.00000000 	18.8657874973
-5.00000000 5.50000000 	18.8657874973
-5.00000000 6.00000000 	18.8657874973
-5.00000000 6.50000000 	18.8657874973
-5.00000000 7.00000000 	18.8657874973
-5.00000000 7.50000000 	18.8657874973
-5.00000000 8.00000000 	18.8657874973
-4.50000000 -12.00000000 	14.5684727337
-4.50000000 -11.50000000 	14.5684727337
-4.50000000 -11.00000000 	14.5684727337
-4.50000000 -10.50000000 	14.5684727337
-4.50000000 -10.00000000 	14.5684727337
-4.50000000 -9.50000000 	14.5684727337
-4.50000000 -9.00000000 	14.5684727337
-4.50000000 -8.50000000 	14.5684727337
-4.50000000 -8.00000000 	14.5684727337
-4.50000000 -7.50000000 	14.5684727337
-4.50000000 -7.00000000 	14.5684727337
-4.50000000 -6.50000000 	14.5684727337
-4.50000000 -6.00000000 	14.5684727337
-4.50000000 -5.50000000 	14.5684727337
-4.50000000 -5.00000000 	14.5684727337
-4.50000000 -4.50000000 	14.5684727337
-4.50000000 -4.00000000 	14.5684727337
-4.50000000 -3.50000000 	14.5684727337
-4.50000000 -3.00000000 	14.5684727337
-4.50000000 -2.50000000 	14.5684727337
-4.50000000 -2.00000000 	14.5684727337
-4.50000000 -1.50000000 	14.5684727337
-4.50000000 -1.00000000 	14.5684727337
-4.50000000 -0.50000000 	14.5684727337
-4.50000000 0.00000000 	14.5684727337
-4.50000000 0.50000000 	14.5684727337
-4.50000000 1.00000000 	14.5684727337
-4.50000000 1.50000000 	14.5684727337
-4.50000000 2.00000000 	14.5684727337
-4.50000000 2.50000000 	14.5684727337
-4.50000000 3.00000000 	14.5684727337
-4.50000000 3.50000000 	14.5684727337
-4.50000000 4.00000000 	14.5684727337
-4.50000000 4.50000000 	14.5684727337
-4.50000000 5.00000000 	14.5684727337
-4.50000000 5.50000000 	14.5684727337
-4.50000000 6.00000000 	14.5684727337
-4.50000000 6.50000000 	14.5684727337
-4.50000000 7.00000000 	14.5684727337
-4.50000000 7.50000000 	14.5684727337
-4.50000000 8.00000000 	14.5684727337
-4.00000000 -12.00000000 	11.0633187487
-4.00000000 -11.50000000 	11.0633187487
-4.00000000 -11.00000000 	11.0633187487
-4.00000000 -10.50000000 	11.0633187487
-4.00000000 -10.00000000 	11.0633187487
-4.00000000 -9.50000000 	11.0633187487
-4.00000000 -9.00000000 	11.0633187487
-4.00000000 -8.50000000 	11.0633187487
-4.00000000 -8.00000000 	11.0633187487
-4.00000000 -7.50000000 	11.0633187487
-4.00000000 -7.00000000 	11.0633187487
-4.00000000 -6.50000000 	11.0633187487
-4.00000000 -6.00000000 	11.0633187487
-4.00000000 -5.50000000 	11.0633187487
-4.00000000 -5.00000000 	11.0633187487
-4.00000000 -4.50000000 	11.0633187487
-4.00000000 -4.00000000 	11.0633187487
-4.00000000 -3.50000000 	11.0633187487
-4.00000000 -3.00000000 	11.0633187487
-4.00000000 -2.50000000 	11.0633187487
-4.00000000 -2.00000000 	11.0633187487
-4.00000000 -1.50000000 	11.0633187487
-4.00000000 -1.00000000 	11.0633187487
-4.00000000 -0.50000000 	11.0633187487
-4.00000000 0.00000000 	11.0633187487
-4.00000000 0.50000000 	11.0633187487
-4.00000000 1.00000000 	11.0633187487
-4.00000000 1.50000000 	11.0633187487
-4.00000000 2.00000000 	11.0633187487
-4.00000000 2.50000000 	11.0633187487
-4.00000000 3.00000000 	11.0633187487
-4.00000000 3.50000000 	11.0633187487
-4.00000000 4.00000000 	11.0633187487
-4.00000000 4.50000000 	11.0633187487
-4.00000000 5.00000000 	11.0633187487
-4.00000000 5.50000000 	11.0633187487
-4.00000000 6.00000000 	11.0633187487
-4.00000000 6.50000000 	11.0633187487
-4.00000000 7.00000000 	11.0633187487
-4.00000000 7.50000000 	11.0633187487
-4.00000000 8.00000000 	11.0633187487
-3.50000000 -12.00000000 	10.1092758125
-3.50000000 -11.50000000 	10.1092758125
-3.50000000 -11.00000000 	10.1092758125
-3.50000000 -10.50000000 	10.1092758125
-3.50000000 -10.00000000 	10.1092758125
-3.50000000 -9.50000000 	10.1092758125
-3.50000000 -9.00000000 	10.1092758125
-3.50000000 -8.50000000 	10.1092758125
-3.50000000 -8.00000000 	10.1092758125
-3.50000000 -7.50000000 	10.1092758125
-3.50000000 -7.00000000 	10.1092758125
-3.50000000 -6.50000000 	10.1092758125
-3.50000000 -6.00000000 	10.1092758125
-3.50000000 -5.50000000 	10.1092758125
-3.50000000 -5.00000000 	10.1092758125
-3.50000000 -4.50000000 	10.1092758125
-3.50000000 -4.00000000 	10.1092758125
-3.50000000 -3.50000000 	10.1092758125
-3.50000000 -3.00000000 	10.1092758125
-3.50000000 -2.50000000 	10.1092758106
-3.50000000 -2.00000000 	10.1092757541
-3.50000000 -1.50000000 	10.1092750674
-3.50000000 -1.00000000 	10.1092707816
-3.50000000 -0.50000000 	10.1092565586
-3.50000000 0.00000000 	10.1092334961
-3.50000000 0.50000000 	10.1092192750
-3.50000000 1.00000000 	10.1092150457
-3.50000000 1.50000000 	10.1092150457
-3.50000000 2.00000000 	10.1092192750
-3.50000000 2.50000000 	10.1092334961
-3.50000000 3.00000000 	10.1092565586
-3.50000000 3.50000000 	10.1092707816
-3.50000000 4.00000000 	10.1092750674
-3.50000000 4.50000000 	10.1092757541
-3.50000000 5.00000000 	10.1092758106
-3.50000000 5.50000000 	10.1092758125
-3.50000000 6.00000000 	10.1092758125
-3.50000000 6.50000000 	10.1092758125
-3.50000000 7.00000000 	10.1092758125
-3.50000000 7.50000000 	10.1092758125
-3.50000000 8.00000000 	10.1092758125
-3.00000000 -12.00000000 	10.0041839946
-3.00000000 -11.50000000 	10.0041839946
-3.00000000 -11.00000000 	10.0041839946
-3.00000000 -10.50000000 	10.0041839946
-3.00000000 -10.00000000 	10.0041839946
-3.00000000 -9.50000000 	10.0041839946
-3.00000000 -9.00000000 	10.0041839946
-3.00000000 -8.50000000 	10.0041839946
-3.00000000 -8.00000000 	10.0041839946
-3.00000000 -7.50000000 	10.0041839946
-3.00000000 -7.00000000 	10.0041839946
-3.00000000 -6.50000000 	10.0041839946
-3.00000000 -6.00000000 	10.0041839946
-3.00000000 -5.50000000 	10.0041839946
-3.00000000 -5.00000000 	10.0041839946
-3.00000000 -4.50000000 	10.0041839946
-3.00000000 -4.00000000 	10.0041839946
-3.00000000 -3.50000000 	10.0041839946
-3.00000000 -3.00000000 	10.0041839927
-3.00000000 -2.50000000 	10.0041838797
-3.00000000 -2.00000000 	10.0041815022
-3.00000000 -1.50000000 	10.0041566791
-3.00000000 -1.00000000 	10.0040143133
-3.00000000 -0.50000000 	10.0035660538
-3.00000000 0.00000000 	10.0028623994
-3.00000000 0.50000000 	10.0024329767
-3.00000000 1.00000000 	10.0023058423
-3.00000000 1.50000000 	10.0023058423
-3.00000000 2.00000000 	10.0024329767
-3.00000000 2.50000000 	10.0028623994
-3.00000000 3.00000000 	10.0035660538
-3.00000000 3.50000000 	10.0040143133
-3.00000000 4.00000000 	10.0041566791
-3.00000000 4.50000000 	10.0041815022
-3.00000000 5.00000000 	10.0041838797
-3.00000000 5.50000000 	10.0041839927
-3.00000000 6.00000000 	10.0041839946
-3.00000000 6.50000000 	10.0041839946
-3.00000000 7.00000000 	10.0041839946
-3.00000000 7.50000000 	10.0041839946
-3.00000000 8.00000000 	10.0041839946
-2.50000000 -12.00000000 	10.0000000000
-2.50000000 -11.50000000 	10.0000000000
-2.50000000 -11.00000000 	10.0000000000
-2.50000000 -10.50000000 	10.0000000000
-2.50000000 -10.00000000 	10.0000000000
-2.50000000 -9.50000000 	10.0000000000
-2.50000000 -9.00000000 	10.0000000000
-2.50000000 -8.50000000 	10.0000000000
-2.50000000 -8.00000000 	10.0000000000
-2.50000000 -7.50000000 	10.0000000000
-2.50000000 -7.00000000 	10.0000000000
-2.50000000 -6.50000000 	10.0000000000
-2.50000000 -6.00000000 	10.0000000000
-2.50000000 -5.50000000 	10.0000000000
-2.50000000 -5.00000000 	10.0000000000
-2.50000000 -4.50000000 	10.0000000000
-2.50000000 -4.00000000 	10.0000000000
-2.50000000 -3.50000000 	9.9999999981
-2.50000000 -3.00000000 	9.9999998851
-2.50000000 -2.50000000 	9.9999968214
-2.50000000 -2.00000000 	9.9999514668
-2.50000000 -1.50000000 	9.9995598017
-2.50000000 -1.00000000 	9.9975563978
-2.50000000 -0.50000000 	9.9916932037
-2.50000000 0.00000000 	9.9828981001
-2.50000000 0.50000000 	9.9776104672
-2.50000000 1.00000000 	9.9760553514
-2.50000000 1.50000000 	9.9760553514
-2.50000000 2.00000000 	9.9776104672
-2.50000000 2.50000000 	9.9828981001
-2.50000000 3.00000000 	9.9916932037
-2.50000000 3.50000000 	9.9975563978
-2.50000000 4.00000000 	9.9995598017
-2.50000000 4.50000000 	9.9999514668
-2.50000000 5.00000000 	9.9999968214
-2.50000000 5.50000000 	9.9999998851
-2.50000000 6.00000000 	9.9999999981
-2.50000000 6.50000000 	10.0000000000
-2.50000000 7.00000000 	10.0000000000
-2.50000000 7.50000000 	10.0000000000
-2.50000000 8.00000000 	10.0000000000
-2.00000000 -12.00000000 	10.0000000000
-2.00000000 -11.50000000 	10.0000000000
-2.00000000 -11.00000000 	10.0000000000
-2.00000000 -10.50000000 	10.0000000000
-2.00000000 -10.00000000 	10.0000000000
-2.00000000 -9.50000000 	10.0000000000
-2.00000000 -9.00000000 	10.0000000000
-2.00000000 -8.50000000 	10.0000000000
-2.00000000 -8.00000000 	10.0000000000
-2.00000000 -7.50000000 	10.0000000000
-2.00000000 -7.00000000 	10.0000000000
-2.00000000 -6.50000000 	10.0000000000
-2.00000000 -6.00000000 	10.0000000000
-2.00000000 -5.50000000 	10.0000000000
-2.00000000 -5.00000000 	10.0000000000
-2.00000000 -4.50000000 	10.0000000000
-2.00000000 -4.00000000 	10.0000000000
-2.00000000 -3.50000000 	9.9999999416
-2.00000000 -3.00000000 	9.9999975081
-2.00000000 -2.50000000 	9.9999514692
-2.00000000 -2.00000000 	9.9994416358
-2.00000000 -1.50000000 	9.9958920834
-2.00000000 -1.00000000 	9.9803220538
-2.00000000 -0.50000000 	9.9393454902
-2.00000000 0.00000000 	9.8818923254
-2.00000000 0.50000000 	9.8481488553
-2.00000000 1.00000000 	9.8383287452
-2.00000000 1.50000000 	9.8383287433
-2.00000000 2.00000000 	9.8481487988
-2.00000000 2.50000000 	9.8818916389
-2.00000000 3.00000000 	9.9393412049
-2.00000000 3.50000000 	9.9803078317
-2.00000000 4.00000000 	9.9958690216
-2.00000000 4.50000000 	9.9994274131
-2.00000000 5.00000000 	9.9999471834
-2.00000000 5.50000000 	9.9999968214
-2.00000000 6.00000000 	9.9999998851
-2.00000000 6.50000000 	9.9999999981
-2.00000000 7.00000000 	10.0000000000
-2.00000000 7.50000000 	10.0000000000
-2.00000000 8.00000000 	10.0000000000
-1.50000000 -12.00000000 	10.0000000000
-1.50000000 -11.50000000 	10.0000000000
-1.50000000 -11.00000000 	10.0000000000
-1.50000000 -10.50000000 	10.0000000000
-1.50000000 -10.00000000 	10.0000000000
-1.50000000 -9.50000000 	10.0000000000
-1.50000000 -9.00000000 	10.0000000000
-1.50000000 -8.50000000 	10.0000000000
-1.50000000 -8.00000000 	10.0000000000
-1.50000000 -7.50000000 	10.0000000000
-1.50000000 -7.00000000 	10.0000000000
-1.50000000 -6.50000000 	10.0000000000
-1.50000000 -6.00000000 	10.0000000000
-1.50000000 -5.50000000 	10.0000000000
-1.50000000 -5.00000000 	10.0000000000
-1.50000000 -4.50000000 	10.0000000000
-1.50000000 -4.00000000 	9.9999999981
-1.50000000 -3.50000000 	9.9999991989
-1.50000000 -3.00000000 	9.9999720064
-1.50000000 -2.50000000 	9.9995555563
-1.50000000 -2.00000000 	9.9958778931
-1.50000000 -1.50000000 	9.9754127957
-1.50000000 -1.00000000 	9.9020010165
-1.50000000 -0.50000000 	9.7375391732
-1.50000000 0.00000000 	9.5306703215
-1.50000000 0.50000000 	9.4140043840
-1.50000000 1.00000000 	9.3806856431
-1.50000000 1.50000000 	9.3806855867
-1.50000000 2.00000000 	9.4140026937
-1.50000000 2.50000000 	9.5306497878
-1.50000000 3.00000000 	9.7374110430
-1.50000000 3.50000000 	9.9015758421
-1.50000000 4.00000000 	9.9747233801
-1.50000000 4.50000000 	9.9954527025
-1.50000000 5.00000000 	9.9994274147
-1.50000000 5.50000000 	9.9999514692
-1.50000000 6.00000000 	9.9999975081
-1.50000000 6.50000000 	9.9999999416
-1.50000000 7.00000000 	10.0000000000
-1.50000000 7.50000000 	10.0000000000
-1.50000000 8.00000000 	10.0000000000
-1.00000000 -12.00000000 	10.0000000000
-1.00000000 -11.50000000 	10.0000000000
-1.00000000 -11.00000000 	10.0000000000
-1.00000000 -10.50000000 	10.0000000000
-1.00000000 -10.00000000 	10.0000000000
-1.00000000 -9.50000000 	10.0000000000
-1.00000000 -9.00000000 	10.0000000000
-1.00000000 -8.50000000 	10.0000000000
-1.00000000 -8.00000000 	10.0000000000
-1.00000000 -7.50000000 	10.0000000000
-1.00000000 -7.00000000 	10.0000000000
-1.00000000 -6.50000000 	10.0000000000
-1.00000000 -6.00000000 	10.0000000000
-1.00000000 -5.50000000 	10.0000000000
-1.00000000 -5.00000000 	10.0000000000
-1.00000000 -4.50000000 	10.0000000000
-1.00000000 -4.00000000 	9.9999999416
-1.00000000 -3.50000000 	9.9999932247
-1.00000000 -3.00000000 	9.9998091412
-1.00000000 -2.50000000 	9.9974241829
-1.00000000 -2.00000000 	9.9798827352
-1.00000000 -1.50000000 	9.9013019121
-1.00000000 -1.00000000 	9.6814618605
-1.00000000 -0.50000000 	9.2979722850
-1.00000000 0.00000000 	8.8994799501
-1.00000000 0.50000000 	8.6925109754
-1.00000000 1.00000000 	8.6357443622
-1.00000000 1.50000000 	8.6357436763
-1.00000000 2.00000000 	8.6924904492
-1.00000000 2.50000000 	8.8992306841
-1.00000000 3.00000000 	9.2964172392
-1.00000000 3.50000000 	9.6763024707
-1.00000000 4.00000000 	9.8929363699
-1.00000000 4.50000000 	9.9747232306
-1.00000000 5.00000000 	9.9958690451
-1.00000000 5.50000000 	9.9995598420
-1.00000000 6.00000000 	9.9999726931
-1.00000000 6.50000000 	9.9999992554
-1.00000000 7.00000000 	10.0000000000
-1.00000000 7.50000000 	10.0000000000
-1.00000000 8.00000000 	10.0000000000
-0.50000000 -12.00000000 	10.0000000000
-0.50000000 -11.50000000 	10.0000000000
-0.50000000 -11.00000000 	10.0000000000
-0.50000000 -10.50000000 	10.0000000000
-0.50000000 -10.00000000 	10.0000000000
-0.50000000 -9.50000000 	10.0000000000
-0.50000000 -9.00000000 	10.0000000000
-0.50000000 -8.50000000 	10.0000000000
-0.50000000 -8.00000000 	10.0000000000
-0.50000000 -7.50000000 	10.0000000000
-0.50000000 -7.00000000 	10.0000000000
-0.50000000 -6.50000000 	10.0000000000
-0.50000000 -6.00000000 	10.0000000000
-0.50000000 -5.50000000 	10.0000000000
-0.50000000 -5.00000000 	10.0000000000
-0.50000000 -4.50000000 	10.0000000000
-0.50000000 -4.00000000 	9.9999992554
-0.50000000 -3.50000000 	9.9999584716
-0.50000000 -3.00000000 	9.9991116032
-0.50000000 -2.50000000 	9.9900059175
-0.50000000 -2.00000000 	9.9337465330
-0.50000000 -1.50000000 	9.7284641272
-0.50000000 -1.00000000 	9.2925069381
-0.50000000 -0.50000000 	8.7647160884
-0.50000000 0.00000000 	8.3765437077
-0.50000000 0.50000000 	8.2109445320
-0.50000000 1.00000000 	8.1703019547
-0.50000000 1.50000000 	8.1702976733
-0.50000000 2.00000000 	8.2108164568
-0.50000000 2.50000000 	8.3749888647
-0.50000000 3.00000000 	8.7550183143
-0.50000000 3.50000000 	9.2603354504
-0.50000000 4.00000000 	9.6763027985
-0.50000000 4.50000000 	9.9015750258
-0.50000000 5.00000000 	9.9803079233
-0.50000000 5.50000000 	9.9975566091
-0.50000000 6.00000000 	9.9998303650
-0.50000000 6.50000000 	9.9999949720
-0.50000000 7.00000000 	10.0000000000
-0.50000000 7.50000000 	10.0000000000
-0.50000000 8.00000000 	10.0000000000
0.00000000 -12.00000000 	10.0000000000
0.00000000 -11.50000000 	10.0000000000
0.00000000 -11.00000000 	10.0000000000
0.00000000 -10.50000000 	10.0000000000
0.00000000 -10.00000000 	10.0000000000
0.00000000 -9.50000000 	10.0000000000
0.00000000 -9.00000000 	10.0000000000
0.00000000 -8.50000000 	10.0000000000
0.00000000 -8.00000000 	10.0000000000
0.00000000 -7.50000000 	10.0000000000
0.00000000 -7.00000000 	10.0000000000
0.00000000 -6.50000000 	10.0000000000
0.00000000 -6.00000000 	10.0000000000
0.00000000 -5.50000000 	10.0000000000
0.00000000 -5.00000000 	10.0000000000
0.00000000 -4.50000000 	10.0000000000
0.00000000 -4.00000000 	9.9999949720
0.00000000 -3.50000000 	9.9998072935
0.00000000 -3.00000000 	9.9968528106
0.00000000 -2.50000000 	9.9715121260
0.00000000 -2.00000000 	9.8441213046
0.00000000 -1.50000000 	9.4694325888
0.00000000 -1.00000000 	8.8617319344
0.00000000 -0.50000000 	8.3654287014
0.00000000 0.00000000 	8.1203929864
0.00000000 0.50000000 	8.0423795636
0.00000000 1.00000000 	8.0265458930
0.00000000 1.50000000 	8.0265316785
0.00000000 2.00000000 	8.0419544990
0.00000000 2.50000000 	8.1152340516
0.00000000 3.00000000 	8.3332576095
0.00000000 3.50000000 	8.7550186103
0.00000000 4.00000000 	9.2964184517
0.00000000 4.50000000 	9.7374097284
0.00000000 5.00000000 	9.9393411405
0.00000000 5.50000000 	9.9916934750
0.00000000 6.00000000 	9.9993821255
0.00000000 6.50000000 	9.9999807505
0.00000000 7.00000000 	10.0000000000
0.00000000 7.50000000 	10.0000000000
0.00000000 8.00000000 	10.0000000000
0.50000000 -12.00000000 	10.0000000000
0.50000000 -11.50000000 	10.0000000000
0.50000000 -11.00000000 	10.0000000000
0.50000000 -10.50000000 	10.0000000000
0.50000000 -10.00000000 	10.0000000000
0.50000000 -9.50000000 	10.0000000000
0.50000000 -9.00000000 	10.0000000000
0.50000000 -8.50000000 	10.0000000000
0.50000000 -8.00000000 	10.0000000000
0.50000000 -7.50000000 	10.0000000000
0.50000000 -7.00000000 	10.0000000000
0.50000000 -6.50000000 	10.0000000000
0.50000000 -6.00000000 	10.0000000000
0.50000000 -5.50000000 	10.0000000000
0.50000000 -5.00000000 	10.0000000000
0.50000000 -4.50000000 	10.0000000000
0.50000000 -4.00000000 	9.9999807505
0.50000000 -3.50000000 	9.9993679043
0.50000000 -3.00000000 	9.9912640353
0.50000000 -2.50000000 	9.9340531237
0.50000000 -2.00000000 	9.7036627494
0.50000000 -1.50000000 	9.1797373439
0.50000000 -1.00000000 	8.5480043580
0.50000000 -0.50000000 	8.1673964297
0.50000000 0.00000000 	8.0355418164
0.50000000 0.50000000 	8.0065858674
0.50000000 1.00000000 	8.0023672864
0.50000000 1.50000000 	8.0023442269
0.50000000 2.00000000 	8.0058964656
0.50000000 2.50000000 	8.0271760968
0.50000000 3.00000000 	8.1152337423
0.50000000 3.50000000 	8.3749884583
0.50000000 4.00000000 	8.8992317572
0.50000000 4.50000000 	9.5306507306
0.50000000 5.00000000 	9.8818909855
0.50000000 5.50000000 	9.9828976571
0.50000000 6.00000000 	9.9986783244
0.50000000 6.50000000 	9.9999576789
0.50000000 7.00000000 	10.0000000000
0.50000000 7.50000000 	10.0000000000
0.50000000 8.00000000 	10.0000000000
1.00000000 -12.00000000 	10.0000000000
1.00000000 -11.50000000 	10.0000000000
1.00000000 -11.00000000 	10.0000000000
1.00000000 -10.50000000 	10.0000000000
1.00000000 -10.00000000 	10.0000000000
1.00000000 -9.50000000 	10.0000000000
1.00000000 -9.00000000 	10.0000000000
1.00000000 -8.50000000 	10.0000000000
1.00000000 -8.00000000 	10.0000000000
1.00000000 -7.50000000 	10.0000000000
1.00000000 -7.00000000 	10.0000000000
1.00000000 -6.50000000 	10.0000000000
1.00000000 -6.00000000 	10.0000000000
1.00000000 -5.50000000 	10.0000000000
1.00000000 -5.00000000 	10.0000000000
1.00000000 -4.50000000 	10.0000000000
1.00000000 -4.00000000 	9.9999576789
1.00000000 -3.50000000 	9.9986740412
1.00000000 -3.00000000 	9.9827688721
1.00000000 -2.50000000 	9.8803154810
1.00000000 -2.00000000 	9.5207019332
1.00000000 -1.50000000 	8.8654828664
1.00000000 -1.00000000 	8.3175169933
1.00000000 -0.50000000 	8.0741215511
1.00000000 0.00000000 	8.0110546885
1.00000000 0.50000000 	8.0010963334
1.00000000 1.00000000 	8.0001259501
1.00000000 1.50000000 	8.0001117360
1.00000000 2.00000000 	8.0006712811
1.00000000 2.50000000 	8.0058958541
1.00000000 3.00000000 	8.0419505367
1.00000000 3.50000000 	8.2108023066
1.00000000 4.00000000 	8.6924659101
1.00000000 4.50000000 	9.4139892864
1.00000000 5.00000000 	9.8481446084
1.00000000 5.50000000 	9.9776096044
1.00000000 6.00000000 	9.9982488799
1.00000000 6.50000000 	9.9999434575
1.00000000 7.00000000 	10.0000000000
1.00000000 7.50000000 	10.0000000000
1.00000000 8.00000000 	10.0000000000
1.50000000 -12.00000000 	10.0000000000
1.50000000 -11.50000000 	10.0000000000
1.50000000 -11.00000000 	10.0000000000
1.50000000 -10.50000000 	10.0000000000
1.50000000 -10.00000000 	10.0000000000
1.50000000 -9.50000000 	10.0000000000
1.50000000 -9.00000000 	10.0000000000
1.50000000 -8.50000000 	10.0000000000
1.50000000 -8.00000000 	10.0000000000
1.50000000 -7.50000000 	10.0000000000
1.50000000 -7.00000000 	10.0000000000
1.50000000 -6.50000000 	10.0000000000
1.50000000 -6.00000000 	10.0000000000
1.50000000 -5.50000000 	10.0000000000
1.50000000 -5.00000000 	10.0000000000
1.50000000 -4.50000000 	10.0000000000
1.50000000 -4.00000000 	9.9999434594
1.50000000 -3.50000000 	9.9982482497
1.50000000 -3.00000000 	9.9775896983
1.50000000 -2.50000000 	9.8478978840
1.50000000 -2.00000000 	9.4124277559
1.50000000 -1.50000000 	8.6872006646
1.50000000 -1.00000000 	8.2020211603
1.50000000 -0.50000000 	8.0360871615
1.50000000 0.00000000 	8.0038742277
1.50000000 0.50000000 	8.0002374309
1.50000000 1.00000000 	8.0000075745
1.50000000 1.50000000 	8.0000032916
1.50000000 2.00000000 	8.0001093087
1.50000000 2.50000000 	8.0023187824
1.50000000 3.00000000 	8.0263853300
1.50000000 3.50000000 	8.1698354437
1.50000000 4.00000000 	8.6350160676
1.50000000 4.50000000 	9.3802421691
1.50000000 5.00000000 	9.8381958370
1.50000000 5.50000000 	9.9760340767
1.50000000 6.00000000 	9.9981200920
1.50000000 6.50000000 	9.9999391742
1.50000000 7.00000000 	10.0000000000
1.50000000 7.50000000 	10.0000000000
1.50000000 8.00000000 	10.0000000000
2.00000000 -12.00000000 	10.0000000000
2.00000000 -11.50000000 	10.0000000000
2.00000000 -11.00000000 	10.0000000000
2.00000000 -10.50000000 	10.0000000000
2.00000000 -10.00000000 	10.0000000000
2.00000000 -9.50000000 	10.0000000000
2.00000000 -9.00000000 	10.0000000000
2.00000000 -8.50000000 	10.0000000000
2.00000000 -8.00000000 	10.0000000000
2.00000000 -7.50000000 	10.0000000000
2.00000000 -7.00000000 	10.0000000000
2.00000000 -6.50000000 	10.0000000000
2.00000000 -6.00000000 	10.0000000000
2.00000000 -5.50000000 	10.0000000000
2.00000000 -5.00000000 	10.0000000000
2.00000000 -4.50000000 	10.0000000000
2.00000000 -4.00000000 	9.9999392323
2.00000000 -3.50000000 	9.9981217730
2.00000000 -3.00000000 	9.9760534889
2.00000000 -2.50000000 	9.8383069351
2.00000000 -2.00000000 	9.3805503451
2.00000000 -1.50000000 	8.6352952347
2.00000000 -1.00000000 	8.1695689455
2.00000000 -0.50000000 	8.0260688813
2.00000000 0.00000000 	8.0021975677
2.00000000 0.50000000 	8.0000862316
2.00000000 1.00000000 	8.0000008605
2.00000000 1.50000000 	8.0000001186
2.00000000 2.00000000 	8.0000640271
2.00000000 2.50000000 	8.0019279061
2.00000000 3.00000000 	8.0243865131
2.00000000 3.50000000 	8.1639869477
2.00000000 4.00000000 	8.6262444502
2.00000000 4.50000000 	9.3749682447
2.00000000 5.00000000 	9.8366244627
2.00000000 5.50000000 	9.9757837845
2.00000000 6.00000000 	9.9980995615
2.00000000 6.50000000 	9.9999384899
2.00000000 7.00000000 	10.0000000000
2.00000000 7.50000000 	10.0000000000
2.00000000 8.00000000 	10.0000000000
