-8.00000000 -12.00000000 	800.0000000000
-8.00000000 -11.50000000 	800.0000000000
-8.00000000 -11.00000000 	800.0000000000
-8.00000000 -10.50000000 	800.0000000000
-8.00000000 -10.00000000 	800.0000000000
-8.00000000 -9.50000000 	800.0000000000
-8.00000000 -9.00000000 	800.0000000000
-8.00000000 -8.50000000 	800.0000000000
-8.00000000 -8.00000000 	800.0000000000
-8.00000000 -7.50000000 	800.0000000000
-8.00000000 -7.00000000 	800.0000000000
-8.00000000 -6.50000000 	800.0000000000
-8.00000000 -6.00000000 	800.0000000000
-8.00000000 -5.50000000 	800.0000000000
-8.00000000 -5.00000000 	800.0000000000
-8.00000000 -4.50000000 	800.0000000000
-8.00000000 -4.00000000 	800.0000000000
-8.00000000 -3.50000000 	800.0000000000
-8.00000000 -3.00000000 	800.0000000000
-8.00000000 -2.50000000 	800.0000000000
-8.00000000 -2.00000000 	800.0000000000
-8.00000000 -1.50000000 	800.0000000000
-8.00000000 -1.00000000 	800.0000000000
-8.00000000 -0.50000000 	800.0000000000
-8.00000000 0.00000000 	800.0000000000
-8.00000000 0.50000000 	800.0000000000
-8.00000000 1.00000000 	800.0000000000
-8.00000000 1.50000000 	800.0000000000
-8.00000000 2.00000000 	800.0000000000
-8.00000000 2.50000000 	800.0000000000
-8.00000000 3.00000000 	800.0000000000
-8.00000000 3.50000000 	800.0000000000
-8.00000000 4.00000000 	800.0000000000
-8.00000000 4.50000000 	800.0000000000
-8.00000000 5.00000000 	800.0000000000
-8.00000000 5.50000000 	800.0000000000
-8.00000000 6.00000000 	800.0000000000
-8.00000000 6.50000000 	800.0000000000
-8.00000000 7.00000000 	800.0000000000
-8.00000000 7.50000000 	800.0000000000
-8.00000000 8.00000000 	800.0000000000
-7.50000000 -12.00000000 	800.0000000000
-7.50000000 -11.50000000 	800.0000000000
-7.50000000 -11.00000000 	800.0000000000
-7.50000000 -10.50000000 	800.0000000000
-7.50000000 -10.00000000 	800.0000000000
-7.50000000 -9.50000000 	800.0000000000
-7.50000000 -9.00000000 	800.0000000000
-7.50000000 -8.50000000 	800.0000000000
-7.50000000 -8.00000000 	800.0000000000
-7.50000000 -7.50000000 	800.0000000000
-7.50000000 -7.00000000 	800.0000000000
-7.50000000 -6.50000000 	800.0000000000
-7.50000000 -6.00000000 	800.0000000000
-7.50000000 -5.50000000 	800.0000000000
-7.50000000 -5.00000000 	800.0000000000
-7.50000000 -4.50000000 	800.0000000000
-7.50000000 -4.00000000 	800.0000000000
-7.50000000 -3.50000000 	800.0000000000
-7.50000000 -3.00000000 	800.0000000000
-7.50000000 -2.50000000 	800.0000000000
-7.50000000 -2.00000000 	800.0000000000
-7.50000000 -1.50000000 	800.0000000000
-7.50000000 -1.00000000 	800.0000000000
-7.50000000 -0.50000000 	800.0000000000
-7.50000000 0.00000000 	800.0000000000
-7.50000000 0.50000000 	800.0000000000
-7.50000000 1.00000000 	800.0000000000
-7.50000000 1.50000000 	800.0000000000
-7.50000000 2.00000000 	800.0000000000
-7.50000000 2.50000000 	800.0000000000
-7.50000000 3.00000000 	800.0000000000
-7.50000000 3.50000000 	800.0000000000
-7.50000000 4.00000000 	800.0000000000
-7.50000000 4.50000000 	800.0000000000
-7.50000000 5.00000000 	800.0000000000
-7.50000000 5.50000000 	800.0000000000
-7.50000000 6.00000000 	800.0000000000
-7.50000000 6.50000000 	800.0000000000
-7.50000000 7.00000000 	800.0000000000
-7.50000000 7.50000000 	800.0000000000
-7.50000000 8.00000000 	800.0000000000
-7.00000000 -12.00000000 	800.0000000000
-7.00000000 -11.50000000 	800.0000000000
-7.00000000 -11.00000000 	800.0000000000
-7.00000000 -10.50000000 	800.0000000000
-7.00000000 -10.00000000 	800.0000000000
-7.00000000 -9.50000000 	800.0000000000
-7.00000000 -9.00000000 	800.0000000000
-7.00000000 -8.50000000 	800.0000000000
-7.00000000 -8.00000000 	800.0000000000
-7.00000000 -7.50000000 	800.0000000000
-7.00000000 -7.00000000 	800.0000000000
-7.00000000 -6.50000000 	800.0000000000
-7.00000000 -6.00000000 	800.0000000000
-7.00000000 -5.50000000 	800.0000000000
-7.00000000 -5.00000000 	800.0000000000
-7.00000000 -4.50000000 	800.0000000000
-7.00000000 -4.00000000 	800.0000000000
-7.00000000 -3.50000000 	800.0000000000
-7.00000000 -3.00000000 	800.0000000000
-7.00000000 -2.50000000 	800.0000000000
-7.00000000 -2.00000000 	800.0000000000
-7.00000000 -1.50000000 	800.0000000000
-7.00000000 -1.00000000 	800.0000000000
-7.00000000 -0.50000000 	800.0000000000
-7.00000000 0.00000000 	800.0000000000
-7.00000000 0.50000000 	800.0000000000
-7.00000000 1.00000000 	800.0000000000
-7.00000000 1.50000000 	800.0000000000
-7.00000000 2.00000000 	800.0000000000
-7.00000000 2.50000000 	800.0000000000
-7.00000000 3.00000000 	800.0000000000
-7.00000000 3.50000000 	800.0000000000
-7.00000000 4.00000000 	800.0000000000
-7.00000000 4.50000000 	800.0000000000
-7.00000000 5.00000000 	800.0000000000
-7.00000000 5.50000000 	800.0000000000
-7.00000000 6.00000000 	800.0000000000
-7.00000000 6.50000000 	800.0000000000
-7.00000000 7.00000000 	800.0000000000
-7.00000000 7.50000000 	800.0000000000
-7.00000000 8.00000000 	800.0000000000
-6.50000000 -12.00000000 	800.0000000000
-6.50000000 -11.50000000 	800.0000000000
-6.50000000 -11.00000000 	800.0000000000
-6.50000000 -10.50000000 	800.0000000000
-6.50000000 -10.00000000 	800.0000000000
-6.50000000 -9.50000000 	800.0000000000
-6.50000000 -9.00000000 	800.0000000000
-6.50000000 -8.50000000 	800.0000000000
-6.50000000 -8.00000000 	800.0000000000
-6.50000000 -7.50000000 	800.0000000000
-6.50000000 -7.00000000 	800.0000000000
-6.50000000 -6.50000000 	800.0000000000
-6.50000000 -6.00000000 	800.0000000000
-6.50000000 -5.50000000 	800.0000000000
-6.50000000 -5.00000000 	800.0000000000
-6.50000000 -4.50000000 	800.0000000000
-6.50000000 -4.00000000 	800.0000000000
-6.50000000 -3.50000000 	800.0000000000
-6.50000000 -3.00000000 	800.0000000000
-6.50000000 -2.50000000 	800.0000000000
-6.50000000 -2.00000000 	800.0000000000
-6.50000000 -1.50000000 	800.0000000000
-6.50000000 -1.00000000 	800.0000000000
-6.50000000 -0.50000000 	800.0000000000
-6.50000000 0.00000000 	800.0000000000
-6.50000000 0.50000000 	800.0000000000
-6.50000000 1.00000000 	800.0000000000
-6.50000000 1.50000000 	800.0000000000
-6.50000000 2.00000000 	800.0000000000
-6.50000000 2.50000000 	800.0000000000
-6.50000000 3.00000000 	800.0000000000
-6.50000000 3.50000000 	800.0000000000
-6.50000000 4.00000000 	800.0000000000
-6.50000000 4.50000000 	800.0000000000
-6.50000000 5.00000000 	800.0000000000
-6.50000000 5.50000000 	800.0000000000
-6.50000000 6.00000000 	800.0000000000
-6.50000000 6.50000000 	800.0000000000
-6.50000000 7.00000000 	800.0000000000
-6.50000000 7.50000000 	800.0000000000
-6.50000000 8.00000000 	800.0000000000
-6.00000000 -12.00000000 	800.0000000000
-6.00000000 -11.50000000 	800.0000000000
-6.00000000 -11.00000000 	800.0000000000
-6.00000000 -10.50000000 	800.0000000000
-6.00000000 -10.00000000 	800.0000000000
-6.00000000 -9.50000000 	800.0000000000
-6.00000000 -9.00000000 	800.0000000000
-6.00000000 -8.50000000 	800.0000000000
-6.00000000 -8.00000000 	800.0000000000
-6.00000000 -7.50000000 	800.0000000000
-6.00000000 -7.00000000 	800.0000000000
-6.00000000 -6.50000000 	800.0000000000
-6.00000000 -6.00000000 	800.0000000000
-6.00000000 -5.50000000 	800.0000000000
-6.00000000 -5.00000000 	800.0000000000
-6.00000000 -4.50000000 	800.0000000000
-6.00000000 -4.00000000 	800.0000000000
-6.00000000 -3.50000000 	800.0000000000
-6.00000000 -3.00000000 	800.0000000000
-6.00000000 -2.50000000 	800.0000000000
-6.00000000 -2.00000000 	800.0000000000
-6.00000000 -1.50000000 	800.0000000000
-6.00000000 -1.00000000 	800.0000000000
-6.00000000 -0.50000000 	800.0000000000
-6.00000000 0.00000000 	800.0000000000
-6.00000000 0.50000000 	800.0000000000
-6.00000000 1.00000000 	800.0000000000
-6.00000000 1.50000000 	800.0000000000
-6.00000000 2.00000000 	800.0000000000
-6.00000000 2.50000000 	800.0000000000
-6.00000000 3.00000000 	800.0000000000
-6.00000000 3.50000000 	800.0000000000
-6.00000000 4.00000000 	800.0000000000
-6.00000000 4.50000000 	800.0000000000
-6.00000000 5.00000000 	800.0000000000
-6.00000000 5.50000000 	800.0000000000
-6.00000000 6.00000000 	800.0000000000
-6.00000000 6.50000000 	800.0000000000
-6.00000000 7.00000000 	800.0000000000
-6.00000000 7.50000000 	800.0000000000
-6.00000000 8.00000000 	800.0000000000
-5.50000000 -12.00000000 	800.0000000000
-5.50000000 -11.50000000 	800.0000000000
-5.50000000 -11.00000000 	800.0000000000
-5.50000000 -10.50000000 	800.0000000000
-5.50000000 -10.00000000 	800.0000000000
-5.50000000 -9.50000000 	800.0000000000
-5.50000000 -9.00000000 	800.0000000000
-5.50000000 -8.50000000 	800.0000000000
-5.50000000 -8.00000000 	800.0000000000
-5.50000000 -7.50000000 	800.0000000000
-5.50000000 -7.00000000 	800.0000000000
-5.50000000 -6.50000000 	800.0000000000
-5.50000000 -6.00000000 	800.0000000000
-5.50000000 -5.50000000 	800.0000000000
-5.50000000 -5.00000000 	800.0000000000
-5.50000000 -4.50000000 	800.0000000000
-5.50000000 -4.00000000 	800.0000000000
-5.50000000 -3.50000000 	800.0000000000
-5.50000000 -3.00000000 	800.0000000000
-5.50000000 -2.50000000 	800.0000000000
-5.50000000 -2.00000000 	800.0000000000
-5.50000000 -1.50000000 	800.0000000000
-5.50000000 -1.00000000 	800.0000000000
-5.50000000 -0.50000000 	800.0000000000
-5.50000000 0.00000000 	800.0000000000
-5.50000000 0.50000000 	800.0000000000
-5.50000000 1.00000000 	800.0000000000
-5.50000000 1.50000000 	800.0000000000
-5.50000000 2.00000000 	800.0000000000
-5.50000000 2.50000000 	800.0000000000
-5.50000000 3.00000000 	800.0000000000
-5.50000000 3.50000000 	800.0000000000
-5.50000000 4.00000000 	800.0000000000
-5.50000000 4.50000000 	800.0000000000
-5.50000000 5.00000000 	800.0000000000
-5.50000000 5.50000000 	800.0000000000
-5.50000000 6.00000000 	800.0000000000
-5.50000000 6.50000000 	800.0000000000
-5.50000000 7.00000000 	800.0000000000
-5.50000000 7.50000000 	800.0000000000
-5.50000000 8.00000000 	800.0000000000
-5.00000000 -12.00000000 	800.0000000000
-5.00000000 -11.50000000 	800.0000000000
-5.00000000 -11.00000000 	800.0000000000
-5.00000000 -10.50000000 	800.0000000000
-5.00000000 -10.00000000 	800.0000000000
-5.00000000 -9.50000000 	800.0000000000
-5.00000000 -9.00000000 	800.0000000000
-5.00000000 -8.50000000 	800.0000000000
-5.00000000 -8.00000000 	800.0000000000
-5.00000000 -7.50000000 	800.0000000000
-5.00000000 -7.00000000 	800.0000000000
-5.00000000 -6.50000000 	800.0000000000
-5.00000000 -6.00000000 	800.0000000000
-5.00000000 -5.50000000 	800.0000000000
-5.00000000 -5.00000000 	800.0000000000
-5.00000000 -4.50000000 	800.0000000000
-5.00000000 -4.00000000 	800.0000000000
-5.00000000 -3.50000000 	800.0000000000
-5.00000000 -3.00000000 	800.0000000000
-5.00000000 -2.50000000 	800.0000000000
-5.00000000 -2.00000000 	800.0000000000
-5.00000000 -1.50000000 	800.0000000000
-5.00000000 -1.00000000 	800.0000000000
-5.00000000 -0.50000000 	800.0000000000
-5.00000000 0.00000000 	800.0000000000
-5.00000000 0.50000000 	800.0000000000
-5.00000000 1.00000000 	800.0000000000
-5.00000000 1.50000000 	800.0000000000
-5.00000000 2.00000000 	800.0000000000
-5.00000000 2.50000000 	800.0000000000
-5.00000000 3.00000000 	800.0000000000
-5.00000000 3.50000000 	800.0000000000
-5.00000000 4.00000000 	800.0000000000
-5.00000000 4.50000000 	800.0000000000
-5.00000000 5.00000000 	800.0000000000
-5.00000000 5.50000000 	800.0000000000
-5.00000000 6.00000000 	800.0000000000
-5.00000000 6.50000000 	800.0000000000
-5.00000000 7.00000000 	800.0000000000
-5.00000000 7.50000000 	800.0000000000
-5.00000000 8.00000000 	800.0000000000
-4.50000000 -12.00000000 	800.0000000000
-4.50000000 -11.50000000 	800.0000000000
-4.50000000 -11.00000000 	800.0000000000
-4.50000000 -10.50000000 	800.0000000000
-4.50000000 -10.00000000 	800.0000000000
-4.50000000 -9.50000000 	800.0000000000
-4.50000000 -9.00000000 	800.0000000000
-4.50000000 -8.50000000 	800.0000000000
-4.50000000 -8.00000000 	800.0000000000
-4.50000000 -7.50000000 	800.0000000000
-4.50000000 -7.00000000 	800.0000000000
-4.50000000 -6.50000000 	800.0000000000
-4.50000000 -6.00000000 	800.0000000000
-4.50000000 -5.50000000 	800.0000000000
-4.50000000 -5.00000000 	800.0000000000
-4.50000000 -4.50000000 	800.0000000000
-4.50000000 -4.00000000 	800.0000000000
-4.50000000 -3.50000000 	800.0000000000
-4.50000000 -3.00000000 	800.0000000000
-4.50000000 -2.50000000 	800.0000000000
-4.50000000 -2.00000000 	800.0000000000
-4.50000000 -1.50000000 	800.0000000000
-4.50000000 -1.00000000 	800.0000000000
-4.50000000 -0.50000000 	800.0000000000
-4.50000000 0.00000000 	800.0000000000
-4.50000000 0.50000000 	800.0000000000
-4.50000000 1.00000000 	800.0000000000
-4.50000000 1.50000000 	800.0000000000
-4.50000000 2.00000000 	800.0000000000
-4.50000000 2.50000000 	800.0000000000
-4.50000000 3.00000000 	800.0000000000
-4.50000000 3.50000000 	800.0000000000
-4.50000000 4.00000000 	800.0000000000
-4.50000000 4.50000000 	800.0000000000
-4.50000000 5.00000000 	800.0000000000
-4.50000000 5.50000000 	800.0000000000
-4.50000000 6.00000000 	800.0000000000
-4.50000000 6.50000000 	800.0000000000
-4.50000000 7.00000000 	800.0000000000
-4.50000000 7.50000000 	800.0000000000
-4.50000000 8.00000000 	800.0000000000
-4.00000000 -12.00000000 	800.0000000000
-4.00000000 -11.50000000 	800.0000000000
-4.00000000 -11.00000000 	800.0000000000
-4.00000000 -10.50000000 	800.0000000000
-4.00000000 -10.00000000 	800.0000000000
-4.00000000 -9.50000000 	800.0000000000
-4.00000000 -9.00000000 	800.0000000000
-4.00000000 -8.50000000 	800.0000000000
-4.00000000 -8.00000000 	800.0000000000
-4.00000000 -7.50000000 	800.0000000000
-4.00000000 -7.00000000 	800.0000000000
-4.00000000 -6.50000000 	800.0000000000
-4.00000000 -6.00000000 	800.0000000000
-4.00000000 -5.50000000 	800.0000000000
-4.00000000 -5.00000000 	800.0000000000
-4.00000000 -4.50000000 	800.0000000000
-4.00000000 -4.00000000 	800.0000000000
-4.00000000 -3.50000000 	800.0000000000
-4.00000000 -3.00000000 	800.0000000000
-4.00000000 -2.50000000 	800.0000000000
-4.00000000 -2.00000000 	800.0000000000
-4.00000000 -1.50000000 	800.0000000000
-4.00000000 -1.00000000 	800.0000000000
-4.00000000 -0.50000000 	800.0000000000
-4.00000000 0.00000000 	800.0000000000
-4.00000000 0.50000000 	800.0000000000
-4.00000000 1.00000000 	800.0000000000
-4.00000000 1.50000000 	800.0000000000
-4.00000000 2.00000000 	800.0000000000
-4.00000000 2.50000000 	800.0000000000
-4.00000000 3.00000000 	800.0000000000
-4.00000000 3.50000000 	800.0000000000
-4.00000000 4.00000000 	800.0000000000
-4.00000000 4.50000000 	800.0000000000
-4.00000000 5.00000000 	800.0000000000
-4.00000000 5.50000000 	800.0000000000
-4.00000000 6.00000000 	800.0000000000
-4.00000000 6.50000000 	800.0000000000
-4.00000000 7.00000000 	800.0000000000
-4.00000000 7.50000000 	800.0000000000
-4.00000000 8.00000000 	800.0000000000
-3.50000000 -12.00000000 	800.0000000000
-3.50000000 -11.50000000 	800.0000000000
-3.50000000 -11.00000000 	800.0000000000
-3.50000000 -10.50000000 	800.0000000000
-3.50000000 -10.00000000 	800.0000000000
-3.50000000 -9.50000000 	800.0000000000
-3.50000000 -9.00000000 	800.0000000000
-3.50000000 -8.50000000 	800.0000000000
-3.50000000 -8.00000000 	800.0000000000
-3.50000000 -7.50000000 	800.0000000000
-3.50000000 -7.00000000 	800.0000000000
-3.50000000 -6.50000000 	800.0000000000
-3.50000000 -6.00000000 	800.0000000000
-3.50000000 -5.50000000 	800.0000000000
-3.50000000 -5.00000000 	800.0000000000
-3.50000000 -4.50000000 	800.0000000000
-3.50000000 -4.00000000 	800.0000000000
-3.50000000 -3.50000000 	800.0000000000
-3.50000000 -3.00000000 	800.0000000000
-3.50000000 -2.50000000 	800.0000000000
-3.50000000 -2.00000000 	800.0000000000
-3.50000000 -1.50000000 	800.0000000000
-3.50000000 -1.00000000 	800.0000000000
-3.50000000 -0.50000000 	800.0000000000
-3.50000000 0.00000000 	800.0000000000
-3.50000000 0.50000000 	800.0000000000
-3.50000000 1.00000000 	800.0000000000
-3.50000000 1.50000000 	800.0000000000
-3.50000000 2.00000000 	800.0000000000
-3.50000000 2.50000000 	800.0000000000
-3.50000000 3.00000000 	800.0000000000
-3.50000000 3.50000000 	800.0000000000
-3.50000000 4.00000000 	800.0000000000
-3.50000000 4.50000000 	800.0000000000
-3.50000000 5.00000000 	800.0000000000
-3.50000000 5.50000000 	800.0000000000
-3.50000000 6.00000000 	800.0000000000
-3.50000000 6.50000000 	800.0000000000
-3.50000000 7.00000000 	800.0000000000
-3.50000000 7.50000000 	800.0000000000
-3.50000000 8.00000000 	800.0000000000
-3.00000000 -12.00000000 	800.0000000000
-3.00000000 -11.50000000 	800.0000000000
-3.00000000 -11.00000000 	800.0000000000
-3.00000000 -10.50000000 	800.0000000000
-3.00000000 -10.00000000 	800.0000000000
-3.00000000 -9.50000000 	800.0000000000
-3.00000000 -9.00000000 	800.0000000000
-3.00000000 -8.50000000 	800.0000000000
-3.00000000 -8.00000000 	800.0000000000
-3.00000000 -7.50000000 	800.0000000000
-3.00000000 -7.00000000 	800.0000000000
-3.00000000 -6.50000000 	800.0000000000
-3.00000000 -6.00000000 	800.0000000000
-3.00000000 -5.50000000 	800.0000000000
-3.00000000 -5.00000000 	800.0000000000
-3.00000000 -4.50000000 	800.0000000000
-3.00000000 -4.00000000 	800.0000000000
-3.00000000 -3.50000000 	800.0000000000
-3.00000000 -3.00000000 	800.0000000000
-3.00000000 -2.50000000 	800.0000000000
-3.00000000 -2.00000000 	800.0000000000
-3.00000000 -1.50000000 	800.0000000000
-3.00000000 -1.00000000 	800.0000000000
-3.00000000 -0.50000000 	800.0000000000
-3.00000000 0.00000000 	800.0000000000
-3.00000000 0.50000000 	800.0000000000
-3.00000000 1.00000000 	800.0000000000
-3.00000000 1.50000000 	800.0000000000
-3.00000000 2.00000000 	800.0000000000
-3.00000000 2.50000000 	800.0000000000
-3.00000000 3.00000000 	800.0000000000
-3.00000000 3.50000000 	800.0000000000
-3.00000000 4.00000000 	800.0000000000
-3.00000000 4.50000000 	800.0000000000
-3.00000000 5.00000000 	800.0000000000
-3.00000000 5.50000000 	800.0000000000
-3.00000000 6.00000000 	800.0000000000
-3.00000000 6.50000000 	800.0000000000
-3.00000000 7.00000000 	800.0000000000
-3.00000000 7.50000000 	800.0000000000
-3.00000000 8.00000000 	800.0000000000
-2.50000000 -12.00000000 	800.0000000000
-2.50000000 -11.50000000 	800.0000000000
-2.50000000 -11.00000000 	800.0000000000
-2.50000000 -10.50000000 	800.0000000000
-2.50000000 -10.00000000 	800.0000000000
-2.50000000 -9.50000000 	800.0000000000
-2.50000000 -9.00000000 	800.0000000000
-2.50000000 -8.50000000 	800.0000000000
-2.50000000 -8.00000000 	800.0000000000
-2.50000000 -7.50000000 	800.0000000000
-2.50000000 -7.00000000 	800.0000000000
-2.50000000 -6.50000000 	800.0000000000
-2.50000000 -6.00000000 	800.0000000000
-2.50000000 -5.50000000 	800.0000000000
-2.50000000 -5.00000000 	800.0000000000
-2.50000000 -4.50000000 	800.0000000000
-2.50000000 -4.00000000 	800.0000000000
-2.50000000 -3.50000000 	800.0000000000
-2.50000000 -3.00000000 	800.0000000000
-2.50000000 -2.50000000 	800.0000000000
-2.50000000 -2.00000000 	800.0000000000
-2.50000000 -1.50000000 	800.0000000000
-2.50000000 -1.00000000 	800.0000000000
-2.50000000 -0.50000000 	800.0000000000
-2.50000000 0.00000000 	800.0000000000
-2.50000000 0.50000000 	800.0000000000
-2.50000000 1.00000000 	800.0000000000
-2.50000000 1.50000000 	800.0000000000
-2.50000000 2.00000000 	800.0000000000
-2.50000000 2.50000000 	800.0000000000
-2.50000000 3.00000000 	800.0000000000
-2.50000000 3.50000000 	800.0000000000
-2.50000000 4.00000000 	800.0000000000
-2.50000000 4.50000000 	800.0000000000
-2.50000000 5.00000000 	800.0000000000
-2.50000000 5.50000000 	800.0000000000
-2.50000000 6.00000000 	800.0000000000
-2.50000000 6.50000000 	800.0000000000
-2.50000000 7.00000000 	800.0000000000
-2.50000000 7.50000000 	800.0000000000
-2.50000000 8.00000000 	800.0000000000
-2.00000000 -12.00000000 	799.6515952885
-2.00000000 -11.50000000 	799.6515952885
-2.00000000 -11.00000000 	799.6515952885
-2.00000000 -10.50000000 	799.6515952885
-2.00000000 -10.00000000 	799.6515952885
-2.00000000 -9.50000000 	799.6515952885
-2.00000000 -9.00000000 	799.6515952885
-2.00000000 -8.50000000 	799.6515952885
-2.00000000 -8.00000000 	799.6515952885
-2.00000000 -7.50000000 	799.6515952885
-2.00000000 -7.00000000 	799.6515952885
-2.00000000 -6.50000000 	799.6515952885
-2.00000000 -6.00000000 	799.6515952885
-2.00000000 -5.50000000 	799.6515952885
-2.00000000 -5.00000000 	799.6515952885
-2.00000000 -4.50000000 	799.6515952885
-2.00000000 -4.00000000 	799.6515952885
-2.00000000 -3.50000000 	799.6515952885
-2.00000000 -3.00000000 	799.6515952885
-2.00000000 -2.50000000 	799.6515952885
-2.00000000 -2.00000000 	799.6515952885
-2.00000000 -1.50000000 	799.6515952885
-2.00000000 -1.00000000 	799.6515952885
-2.00000000 -0.50000000 	799.6515952885
-2.00000000 0.00000000 	799.6515952885
-2.00000000 0.50000000 	799.6515952885
-2.00000000 1.00000000 	799.6515952885
-2.00000000 1.50000000 	799.6515952885
-2.00000000 2.00000000 	799.6515952885
-2.00000000 2.50000000 	799.6515952885
-2.00000000 3.00000000 	799.6515952885
-2.00000000 3.50000000 	799.6515952885
-2.00000000 4.00000000 	799.6515952885
-2.00000000 4.50000000 	799.6515952885
-2.00000000 5.00000000 	799.6515952885
-2.00000000 5.50000000 	799.6515952885
-2.00000000 6.00000000 	799.6515952885
-2.00000000 6.50000000 	799.6515952885
-2.00000000 7.00000000 	799.6515952885
-2.00000000 7.50000000 	799.6515952885
-2.00000000 8.00000000 	799.6515952885
-1.50000000 -12.00000000 	797.1807909509
-1.50000000 -11.50000000 	797.1807909509
-1.50000000 -11.00000000 	797.1807909509
-1.50000000 -10.50000000 	797.1807909509
-1.50000000 -10.00000000 	797.1807909509
-1.50000000 -9.50000000 	797.1807909509
-1.50000000 -9.00000000 	797.1807909509
-1.50000000 -8.50000000 	797.1807909509
-1.50000000 -8.00000000 	797.1807909509
-1.50000000 -7.50000000 	797.1807909509
-1.50000000 -7.00000000 	797.1807909509
-1.50000000 -6.50000000 	797.1807909509
-1.50000000 -6.00000000 	797.1807909509
-1.50000000 -5.50000000 	797.1807909509
-1.50000000 -5.00000000 	797.1807909509
-1.50000000 -4.50000000 	797.1807909509
-1.50000000 -4.00000000 	797.1807909509
-1.50000000 -3.50000000 	797.1807909509
-1.50000000 -3.00000000 	797.1807909509
-1.50000000 -2.50000000 	797.1807909509
-1.50000000 -2.00000000 	797.1807909509
-1.50000000 -1.50000000 	797.1807909509
-1.50000000 -1.00000000 	797.1807909509
-1.50000000 -0.50000000 	797.1807909509
-1.50000000 0.00000000 	797.1807909509
-1.50000000 0.50000000 	797.1807909509
-1.50000000 1.00000000 	797.1807909509
-1.50000000 1.50000000 	797.1807909509
-1.50000000 2.00000000 	797.1807909509
-1.50000000 2.50000000 	797.1807909509
-1.50000000 3.00000000 	797.1807909509
-1.50000000 3.50000000 	797.1807909509
-1.50000000 4.00000000 	797.1807909509
-1.50000000 4.50000000 	797.1807909509
-1.50000000 5.00000000 	797.1807909509
-1.50000000 5.50000000 	797.1807909509
-1.50000000 6.00000000 	797.1807909509
-1.50000000 6.50000000 	797.1807909509
-1.50000000 7.00000000 	797.1807909509
-1.50000000 7.50000000 	797.1807909509
-1.50000000 8.00000000 	797.1807909509
-1.00000000 -12.00000000 	789.6708538511
-1.00000000 -11.50000000 	789.6708538511
-1.00000000 -11.00000000 	789.6708538511
-1.00000000 -10.50000000 	789.6708538511
-1.00000000 -10.00000000 	789.6708538511
-1.00000000 -9.50000000 	789.6708538511
-1.00000000 -9.00000000 	789.6708538511
-1.00000000 -8.50000000 	789.6708538511
-1.00000000 -8.00000000 	789.6708538511
-1.00000000 -7.50000000 	789.6708538511
-1.00000000 -7.00000000 	789.6708538511
-1.00000000 -6.50000000 	789.6708538511
-1.00000000 -6.00000000 	789.6708538511
-1.00000000 -5.50000000 	789.6708538511
-1.00000000 -5.00000000 	789.6708538511
-1.00000000 -4.50000000 	789.6708538511
-1.00000000 -4.00000000 	789.6708538511
-1.00000000 -3.50000000 	789.6708538511
-1.00000000 -3.00000000 	789.6708538511
-1.00000000 -2.50000000 	789.6708538511
-1.00000000 -2.00000000 	789.6708538511
-1.00000000 -1.50000000 	789.6708538511
-1.00000000 -1.00000000 	789.6708538511
-1.00000000 -0.50000000 	789.6708538511
-1.00000000 0.00000000 	789.6708538511
-1.00000000 0.50000000 	789.6708538511
-1.00000000 1.00000000 	789.6708538511
-1.00000000 1.50000000 	789.6708538511
-1.00000000 2.00000000 	789.6708538511
-1.00000000 2.50000000 	789.6708538511
-1.00000000 3.00000000 	789.6708538511
-1.00000000 3.50000000 	789.6708538511
-1.00000000 4.00000000 	789.6708538511
-1.00000000 4.50000000 	789.6708538511
-1.00000000 5.00000000 	789.6708538511
-1.00000000 5.50000000 	789.6708538511
-1.00000000 6.00000000 	789.6708538511
-1.00000000 6.50000000 	789.6708538511
-1.00000000 7.00000000 	789.6708538511
-1.00000000 7.50000000 	789.6708538511
-1.00000000 8.00000000 	789.6708538511
-0.50000000 -12.00000000 	777.3717748458
-0.50000000 -11.50000000 	777.3717748458
-0.50000000 -11.00000000 	777.3717748458
-0.50000000 -10.50000000 	777.3717748458
-0.50000000 -10.00000000 	777.3717748458
-0.50000000 -9.50000000 	777.3717748458
-0.50000000 -9.00000000 	777.3717748458
-0.50000000 -8.50000000 	777.3717748458
-0.50000000 -8.00000000 	777.3717748458
-0.50000000 -7.50000000 	777.3717748458
-0.50000000 -7.00000000 	777.3717748458
-0.50000000 -6.50000000 	777.3717748458
-0.50000000 -6.00000000 	777.3717748458
-0.50000000 -5.50000000 	777.3717748458
-0.50000000 -5.00000000 	777.3717748458
-0.50000000 -4.50000000 	777.3717748458
-0.50000000 -4.00000000 	777.3717748458
-0.50000000 -3.50000000 	777.3717748458
-0.50000000 -3.00000000 	777.3717748458
-0.50000000 -2.50000000 	777.3717748458
-0.50000000 -2.00000000 	777.3717748458
-0.50000000 -1.50000000 	777.3717748458
-0.50000000 -1.00000000 	777.3717748458
-0.50000000 -0.50000000 	777.3717748458
-0.50000000 0.00000000 	777.3717748458
-0.50000000 0.50000000 	777.3717748458
-0.50000000 1.00000000 	777.3717748458
-0.50000000 1.50000000 	777.3717748458
-0.50000000 2.00000000 	777.3717748458
-0.50000000 2.50000000 	777.3717748458
-0.50000000 3.00000000 	777.3717748458
-0.50000000 3.50000000 	777.3717748458
-0.50000000 4.00000000 	777.3717748458
-0.50000000 4.50000000 	777.3717748458
-0.50000000 5.00000000 	777.3717748458
-0.50000000 5.50000000 	777.3717748458
-0.50000000 6.00000000 	777.3717748458
-0.50000000 6.50000000 	777.3717748458
-0.50000000 7.00000000 	777.3717748458
-0.50000000 7.50000000 	777.3717748458
-0.50000000 8.00000000 	777.3717748458
0.00000000 -12.00000000 	767.1622343420
0.00000000 -11.50000000 	767.1622343420
0.00000000 -11.00000000 	767.1622343420
0.00000000 -10.50000000 	767.1622343420
0.00000000 -10.00000000 	767.1622343420
0.00000000 -9.50000000 	767.1622343420
0.00000000 -9.00000000 	767.1622343420
0.00000000 -8.50000000 	767.1622343420
0.00000000 -8.00000000 	767.1622343420
0.00000000 -7.50000000 	767.1622343420
0.00000000 -7.00000000 	767.1622343420
0.00000000 -6.50000000 	767.1622343420
0.00000000 -6.00000000 	767.1622343420
0.00000000 -5.50000000 	767.1622343420
0.00000000 -5.00000000 	767.1622343420
0.00000000 -4.50000000 	767.1622343420
0.00000000 -4.00000000 	767.1622343420
0.00000000 -3.50000000 	767.1622343420
0.00000000 -3.00000000 	767.1622343420
0.00000000 -2.50000000 	767.1622343420
0.00000000 -2.00000000 	767.1622343420
0.00000000 -1.50000000 	767.1622343420
0.00000000 -1.00000000 	767.1622343420
0.00000000 -0.50000000 	767.1622343420
0.00000000 0.00000000 	767.1622343420
0.00000000 0.50000000 	767.1622343420
0.00000000 1.00000000 	767.1622343420
0.00000000 1.50000000 	767.1622343420
0.00000000 2.00000000 	767.1622343420
0.00000000 2.50000000 	767.1622343420
0.00000000 3.00000000 	767.1622343420
0.00000000 3.50000000 	767.1622343420
0.00000000 4.00000000 	767.1622343420
0.00000000 4.50000000 	767.1622343420
0.00000000 5.00000000 	767.1622343420
0.00000000 5.50000000 	767.1622343420
0.00000000 6.00000000 	767.1622343420
0.00000000 6.50000000 	767.1622343420
0.00000000 7.00000000 	767.1622343420
0.00000000 7.50000000 	767.1622343420
0.00000000 8.00000000 	767.1622343420
0.50000000 -12.00000000 	767.1622343420
0.50000000 -11.50000000 	767.1622343420
0.50000000 -11.00000000 	767.1622343420
0.50000000 -10.50000000 	767.1622343420
0.50000000 -10.00000000 	767.1622343420
0.50000000 -9.50000000 	767.1622343420
0.50000000 -9.00000000 	767.1622343420
0.50000000 -8.50000000 	767.1622343420
0.50000000 -8.00000000 	767.1622343420
0.50000000 -7.50000000 	767.1622343420
0.50000000 -7.00000000 	767.1622343420
0.50000000 -6.50000000 	767.1622343420
0.50000000 -6.00000000 	767.1622343420
0.50000000 -5.50000000 	767.1622343420
0.50000000 -5.00000000 	767.1622343420
0.50000000 -4.50000000 	767.1622343420
0.50000000 -4.00000000 	767.1622343420
0.50000000 -3.50000000 	767.1622343420
0.50000000 -3.00000000 	767.1622343420
0.50000000 -2.50000000 	767.1622343420
0.50000000 -2.00000000 	767.1622343420
0.50000000 -1.50000000 	767.1622343420
0.50000000 -1.00000000 	767.1622343420
0.50000000 -0.50000000 	767.1622343420
0.50000000 0.00000000 	767.1622343420
0.50000000 0.50000000 	767.1622343420
0.50000000 1.00000000 	767.1622343420
0.50000000 1.50000000 	767.1622343420
0.50000000 2.00000000 	767.1622343420
0.50000000 2.50000000 	767.1622343420
0.50000000 3.00000000 	767.1622343420
0.50000000 3.50000000 	767.1622343420
0.50000000 4.00000000 	767.1622343420
0.50000000 4.50000000 	767.1622343420
0.50000000 5.00000000 	767.1622343420
0.50000000 5.50000000 	767.1622343420
0.50000000 6.00000000 	767.1622343420
0.50000000 6.50000000 	767.1622343420
0.50000000 7.00000000 	767.1622343420
0.50000000 7.50000000 	767.1622343420
0.50000000 8.00000000 	767.1622343420
1.00000000 -12.00000000 	777.3717748458
1.00000000 -11.50000000 	777.3717748458
1.00000000 -11.00000000 	777.3717748458
1.00000000 -10.50000000 	777.3717748458
1.00000000 -10.00000000 	777.3717748458
1.00000000 -9.50000000 	777.3717748458
1.00000000 -9.00000000 	777.3717748458
1.00000000 -8.50000000 	777.3717748458
1.00000000 -8.00000000 	777.3717748458
1.00000000 -7.50000000 	777.3717748458
1.00000000 -7.00000000 	777.3717748458
1.00000000 -6.50000000 	777.3717748458
1.00000000 -6.00000000 	777.3717748458
1.00000000 -5.50000000 	777.3717748458
1.00000000 -5.00000000 	777.3717748458
1.00000000 -4.50000000 	777.3717748458
1.00000000 -4.00000000 	777.3717748458
1.00000000 -3.50000000 	777.3717748458
1.00000000 -3.00000000 	777.3717748458
1.00000000 -2.50000000 	777.3717748458
1.00000000 -2.00000000 	777.3717748458
1.00000000 -1.50000000 	777.3717748458
1.00000000 -1.00000000 	777.3717748458
1.00000000 -0.50000000 	777.3717748458
1.00000000 0.00000000 	777.3717748458
1.00000000 0.50000000 	777.3717748458
1.00000000 1.00000000 	777.3717748458
1.00000000 1.50000000 	777.3717748458
1.00000000 2.00000000 	777.3717748458
1.00000000 2.50000000 	777.3717748458
1.00000000 3.00000000 	777.3717748458
1.00000000 3.50000000 	777.3717748458
1.00000000 4.00000000 	777.3717748458
1.00000000 4.50000000 	777.3717748458
1.00000000 5.00000000 	777.3717748458
1.00000000 5.50000000 	777.3717748458
1.00000000 6.00000000 	777.3717748458
1.00000000 6.50000000 	777.3717748458
1.00000000 7.00000000 	777.3717748458
1.00000000 7.50000000 	777.3717748458
1.00000000 8.00000000 	777.3717748458
1.50000000 -12.00000000 	789.6708538511
1.50000000 -11.50000000 	789.6708538511
1.50000000 -11.00000000 	789.6708538511
1.50000000 -10.50000000 	789.6708538511
1.50000000 -10.00000000 	789.6708538511
1.50000000 -9.50000000 	789.6708538511
1.50000000 -9.00000000 	789.6708538511
1.50000000 -8.50000000 	789.6708538511
1.50000000 -8.00000000 	789.6708538511
1.50000000 -7.50000000 	789.6708538511
1.50000000 -7.00000000 	789.6708538511
1.50000000 -6.50000000 	789.6708538511
1.50000000 -6.00000000 	789.6708538511
1.50000000 -5.50000000 	789.6708538511
1.50000000 -5.00000000 	789.6708538511
1.50000000 -4.50000000 	789.6708538511
1.50000000 -4.00000000 	789.6708538511
1.50000000 -3.50000000 	789.6708538511
1.50000000 -3.00000000 	789.6708538511
1.50000000 -2.50000000 	789.6708538511
1.50000000 -2.00000000 	789.6708538511
1.50000000 -1.50000000 	789.6708538511
1.50000000 -1.00000000 	789.6708538511
1.50000000 -0.50000000 	789.6708538511
1.50000000 0.00000000 	789.6708538511
1.50000000 0.50000000 	789.6708538511
1.50000000 1.00000000 	789.6708538511
1.50000000 1.50000000 	789.6708538511
1.50000000 2.00000000 	789.6708538511
1.50000000 2.50000000 	789.6708538511
1.50000000 3.00000000 	789.6708538511
1.50000000 3.50000000 	789.6708538511
1.50000000 4.00000000 	789.6708538511
1.50000000 4.50000000 	789.6708538511
1.50000000 5.00000000 	789.6708538511
1.50000000 5.50000000 	789.6708538511
1.50000000 6.00000000 	789.6708538511
1.50000000 6.50000000 	789.6708538511
1.50000000 7.00000000 	789.6708538511
1.50000000 7.50000000 	789.6708538511
1.50000000 8.00000000 	789.6708538511
2.00000000 -12.00000000 	797.0337578230
2.00000000 -11.50000000 	797.0337578230
2.00000000 -11.00000000 	797.0337578230
2.00000000 -10.50000000 	797.0337578230
2.00000000 -10.00000000 	797.0337578230
2.00000000 -9.50000000 	797.0337578230
2.00000000 -9.00000000 	797.0337578230
2.00000000 -8.50000000 	797.0337578230
2.00000000 -8.00000000 	797.0337578230
2.00000000 -7.50000000 	797.0337578230
2.00000000 -7.00000000 	797.0337578230
2.00000000 -6.50000000 	797.0337578230
2.00000000 -6.00000000 	797.0337578230
2.00000000 -5.50000000 	797.0337578230
2.00000000 -5.00000000 	797.0337578230
2.00000000 -4.50000000 	797.0337578230
2.00000000 -4.00000000 	797.0337578230
2.00000000 -3.50000000 	797.0337578230
2.00000000 -3.00000000 	797.0337578230
2.00000000 -2.50000000 	797.0337578230
2.00000000 -2.00000000 	797.0337578230
2.00000000 -1.50000000 	797.0337578230
2.00000000 -1.00000000 	797.0337578230
2.00000000 -0.50000000 	797.0337578230
2.00000000 0.00000000 	797.0337578230
2.00000000 0.50000000 	797.0337578230
2.00000000 1.00000000 	797.0337578230
2.00000000 1.50000000 	797.0337578230
2.00000000 2.00000000 	797.0337578230
2.00000000 2.50000000 	797.0337578230
2.00000000 3.00000000 	797.0337578230
2.00000000 3.50000000 	797.0337578230
2.00000000 4.00000000 	797.0337578230
2.00000000 4.50000000 	797.0337578230
2.00000000 5.00000000 	797.0337578230
2.00000000 5.50000000 	797.0337578230
2.00000000 6.00000000 	797.0337578230
2.00000000 6.50000000 	797.0337578230
2.00000000 7.00000000 	797.0337578230
2.00000000 7.50000000 	797.0337578230
2.00000000 8.00000000 	797.0337578230
