-8.00000000 -12.00000000 	800.0000000000
-8.00000000 -11.50000000 	800.0000000000
-8.00000000 -11.00000000 	800.0000000000
-8.00000000 -10.50000000 	800.0000000000
-8.00000000 -10.00000000 	800.0000000000
-8.00000000 -9.50000000 	800.0000000000
-8.00000000 -9.00000000 	800.0000000000
-8.00000000 -8.50000000 	800.0000000000
-8.00000000 -8.00000000 	800.0000000000
-8.00000000 -7.50000000 	800.0000000000
-8.00000000 -7.00000000 	800.0000000000
-8.00000000 -6.50000000 	800.0000000000
-8.00000000 -6.00000000 	800.0000000000
-8.00000000 -5.50000000 	800.0000000000
-8.00000000 -5.00000000 	800.0000000000
-8.00000000 -4.50000000 	800.0000000000
-8.00000000 -4.00000000 	800.0000000000
-8.00000000 -3.50000000 	800.0000000000
-8.00000000 -3.00000000 	800.0000000000
-8.00000000 -2.50000000 	800.0000000000
-8.00000000 -2.00000000 	800.0000000000
-8.00000000 -1.50000000 	800.0000000000
-8.00000000 -1.00000000 	800.0000000000
-8.00000000 -0.50000000 	800.0000000000
-8.00000000 0.00000000 	800.0000000000
-8.00000000 0.50000000 	800.0000000000
-8.00000000 1.00000000 	800.0000000000
-8.00000000 1.50000000 	800.0000000000
-8.00000000 2.00000000 	800.0000000000
-8.00000000 2.50000000 	800.0000000000
-8.00000000 3.00000000 	800.0000000000
-8.00000000 3.50000000 	800.0000000000
-8.00000000 4.00000000 	800.0000000000
-8.00000000 4.50000000 	800.0000000000
-8.00000000 5.00000000 	800.0000000000
-8.00000000 5.50000000 	800.0000000000
-8.00000000 6.00000000 	800.0000000000
-8.00000000 6.50000000 	800.0000000000
-8.00000000 7.00000000 	800.0000000000
-8.00000000 7.50000000 	800.0000000000
-8.00000000 8.00000000 	800.0000000000
-7.50000000 -12.00000000 	800.0000000000
-7.50000000 -11.50000000 	800.0000000000
-7.50000000 -11.00000000 	800.0000000000
-7.50000000 -10.50000000 	800.0000000000
-7.50000000 -10.00000000 	800.0000000000
-7.50000000 -9.50000000 	800.0000000000
-7.50000000 -9.00000000 	800.0000000000
-7.50000000 -8.50000000 	800.0000000000
-7.50000000 -8.00000000 	800.0000000000
-7.50000000 -7.50000000 	800.0000000000
-7.50000000 -7.00000000 	800.0000000000
-7.50000000 -6.50000000 	800.0000000000
-7.50000000 -6.00000000 	800.0000000000
-7.50000000 -5.50000000 	800.0000000000
-7.50000000 -5.00000000 	800.0000000000
-7.50000000 -4.50000000 	800.0000000000
-7.50000000 -4.00000000 	800.0000000000
-7.50000000 -3.50000000 	800.0000000000
-7.50000000 -3.00000000 	800.0000000000
-7.50000000 -2.50000000 	800.0000000000
-7.50000000 -2.00000000 	800.0000000000
-7.50000000 -1.50000000 	800.0000000000
-7.50000000 -1.00000000 	800.0000000000
-7.50000000 -0.50000000 	800.0000000000
-7.50000000 0.00000000 	800.0000000000
-7.50000000 0.50000000 	800.0000000000
-7.50000000 1.00000000 	800.0000000000
-7.50000000 1.50000000 	800.0000000000
-7.50000000 2.00000000 	800.0000000000
-7.50000000 2.50000000 	800.0000000000
-7.50000000 3.00000000 	800.0000000000
-7.50000000 3.50000000 	800.0000000000
-7.50000000 4.00000000 	800.0000000000
-7.50000000 4.50000000 	800.0000000000
-7.50000000 5.00000000 	800.0000000000
-7.50000000 5.50000000 	800.0000000000
-7.50000000 6.00000000 	800.0000000000
-7.50000000 6.50000000 	800.0000000000
-7.50000000 7.00000000 	800.0000000000
-7.50000000 7.50000000 	800.0000000000
-7.50000000 8.00000000 	800.0000000000
-7.00000000 -12.00000000 	799.8542937486
-7.00000000 -11.50000000 	799.8822714244
-7.00000000 -11.00000000 	799.9455806030
-7.00000000 -10.50000000 	799.9864523389
-7.00000000 -10.00000000 	799.9982754994
-7.00000000 -9.50000000 	799.9999112751
-7.00000000 -9.00000000 	800.0000000000
-7.00000000 -8.50000000 	800.0000000000
-7.00000000 -8.00000000 	800.0000000000
-7.00000000 -7.50000000 	800.0000000000
-7.00000000 -7.00000000 	800.0000000000
-7.00000000 -6.50000000 	800.0000000000
-7.00000000 -6.00000000 	800.0000000000
-7.00000000 -5.50000000 	800.0000000000
-7.00000000 -5.00000000 	800.0000000000
-7.00000000 -4.50000000 	800.0000000000
-7.00000000 -4.00000000 	800.0000000000
-7.00000000 -3.50000000 	800.0000000000
-7.00000000 -3.00000000 	800.0000000000
-7.00000000 -2.50000000 	800.0000000000
-7.00000000 -2.00000000 	800.0000000000
-7.00000000 -1.50000000 	800.0000000000
-7.00000000 -1.00000000 	800.0000000000
-7.00000000 -0.50000000 	800.0000000000
-7.00000000 0.00000000 	800.0000000000
-7.00000000 0.50000000 	800.0000000000
-7.00000000 1.00000000 	800.0000000000
-7.00000000 1.50000000 	800.0000000000
-7.00000000 2.00000000 	800.0000000000
-7.00000000 2.50000000 	800.0000000000
-7.00000000 3.00000000 	800.0000000000
-7.00000000 3.50000000 	800.0000000000
-7.00000000 4.00000000 	800.0000000000
-7.00000000 4.50000000 	800.0000000000
-7.00000000 5.00000000 	800.0000000000
-7.00000000 5.50000000 	800.0000000000
-7.00000000 6.00000000 	800.0000000000
-7.00000000 6.50000000 	800.0000000000
-7.00000000 7.00000000 	800.0000000000
-7.00000000 7.50000000 	800.0000000000
-7.00000000 8.00000000 	800.0000000000
-6.50000000 -12.00000000 	797.8573956912
-6.50000000 -11.50000000 	798.2111099650
-6.50000000 -11.00000000 	799.0674512588
-6.50000000 -10.50000000 	799.6767779150
-6.50000000 -10.00000000 	799.9179390906
-6.50000000 -9.50000000 	799.9849433757
-6.50000000 -9.00000000 	799.9982754994
-6.50000000 -8.50000000 	799.9999112751
-6.50000000 -8.00000000 	800.0000000000
-6.50000000 -7.50000000 	800.0000000000
-6.50000000 -7.00000000 	800.0000000000
-6.50000000 -6.50000000 	800.0000000000
-6.50000000 -6.00000000 	800.0000000000
-6.50000000 -5.50000000 	800.0000000000
-6.50000000 -5.00000000 	800.0000000000
-6.50000000 -4.50000000 	800.0000000000
-6.50000000 -4.00000000 	800.0000000000
-6.50000000 -3.50000000 	800.0000000000
-6.50000000 -3.00000000 	800.0000000000
-6.50000000 -2.50000000 	800.0000000000
-6.50000000 -2.00000000 	800.0000000000
-6.50000000 -1.50000000 	800.0000000000
-6.50000000 -1.00000000 	800.0000000000
-6.50000000 -0.50000000 	800.0000000000
-6.50000000 0.00000000 	800.0000000000
-6.50000000 0.50000000 	800.0000000000
-6.50000000 1.00000000 	800.0000000000
-6.50000000 1.50000000 	800.0000000000
-6.50000000 2.00000000 	800.0000000000
-6.50000000 2.50000000 	800.0000000000
-6.50000000 3.00000000 	800.0000000000
-6.50000000 3.50000000 	800.0000000000
-6.50000000 4.00000000 	800.0000000000
-6.50000000 4.50000000 	800.0000000000
-6.50000000 5.00000000 	800.0000000000
-6.50000000 5.50000000 	800.0000000000
-6.50000000 6.00000000 	800.0000000000
-6.50000000 6.50000000 	800.0000000000
-6.50000000 7.00000000 	800.0000000000
-6.50000000 7.50000000 	800.0000000000
-6.50000000 8.00000000 	800.0000000000
-6.00000000 -12.00000000 	787.6718785009
-6.00000000 -11.50000000 	789.2205890439
-6.00000000 -11.00000000 	793.5109498228
-6.00000000 -10.50000000 	797.0109900343
-6.00000000 -10.00000000 	798.8962203437
-6.00000000 -9.50000000 	799.6668465140
-6.00000000 -9.00000000 	799.9179390906
-6.00000000 -8.50000000 	799.9849433757
-6.00000000 -8.00000000 	799.9982754994
-6.00000000 -7.50000000 	799.9999112751
-6.00000000 -7.00000000 	800.0000000000
-6.00000000 -6.50000000 	800.0000000000
-6.00000000 -6.00000000 	800.0000000000
-6.00000000 -5.50000000 	800.0000000000
-6.00000000 -5.00000000 	800.0000000000
-6.00000000 -4.50000000 	800.0000000000
-6.00000000 -4.00000000 	800.0000000000
-6.00000000 -3.50000000 	800.0000000000
-6.00000000 -3.00000000 	800.0000000000
-6.00000000 -2.50000000 	800.0000000000
-6.00000000 -2.00000000 	800.0000000000
-6.00000000 -1.50000000 	800.0000000000
-6.00000000 -1.00000000 	800.0000000000
-6.00000000 -0.50000000 	800.0000000000
-6.00000000 0.00000000 	800.0000000000
-6.00000000 0.50000000 	800.0000000000
-6.00000000 1.00000000 	800.0000000000
-6.00000000 1.50000000 	800.0000000000
-6.00000000 2.00000000 	800.0000000000
-6.00000000 2.50000000 	800.0000000000
-6.00000000 3.00000000 	800.0000000000
-6.00000000 3.50000000 	800.0000000000
-6.00000000 4.00000000 	800.0000000000
-6.00000000 4.50000000 	800.0000000000
-6.00000000 5.00000000 	800.0000000000
-6.00000000 5.50000000 	800.0000000000
-6.00000000 6.00000000 	800.0000000000
-6.00000000 6.50000000 	800.0000000000
-6.00000000 7.00000000 	800.0000000000
-6.00000000 7.50000000 	800.0000000000
-6.00000000 8.00000000 	800.0000000000
-5.50000000 -12.00000000 	766.5536617906
-5.50000000 -11.50000000 	768.4475568444
-5.50000000 -11.00000000 	777.0356611851
-5.50000000 -10.50000000 	786.0592659849
-5.50000000 -10.00000000 	793.0293656494
-5.50000000 -9.50000000 	796.9812412319
-5.50000000 -9.00000000 	798.8962203437
-5.50000000 -8.50000000 	799.6668465140
-5.50000000 -8.00000000 	799.9179390906
-5.50000000 -7.50000000 	799.9849433757
-5.50000000 -7.00000000 	799.9982754994
-5.50000000 -6.50000000 	799.9999112751
-5.50000000 -6.00000000 	800.0000000000
-5.50000000 -5.50000000 	800.0000000000
-5.50000000 -5.00000000 	800.0000000000
-5.50000000 -4.50000000 	800.0000000000
-5.50000000 -4.00000000 	800.0000000000
-5.50000000 -3.50000000 	800.0000000000
-5.50000000 -3.00000000 	800.0000000000
-5.50000000 -2.50000000 	800.0000000000
-5.50000000 -2.00000000 	800.0000000000
-5.50000000 -1.50000000 	800.0000000000
-5.50000000 -1.00000000 	800.0000000000
-5.50000000 -0.50000000 	800.0000000000
-5.50000000 0.00000000 	800.0000000000
-5.50000000 0.50000000 	800.0000000000
-5.50000000 1.00000000 	800.0000000000
-5.50000000 1.50000000 	800.0000000000
-5.50000000 2.00000000 	800.0000000000
-5.50000000 2.50000000 	800.0000000000
-5.50000000 3.00000000 	800.0000000000
-5.50000000 3.50000000 	800.0000000000
-5.50000000 4.00000000 	800.0000000000
-5.50000000 4.50000000 	800.0000000000
-5.50000000 5.00000000 	800.0000000000
-5.50000000 5.50000000 	800.0000000000
-5.50000000 6.00000000 	800.0000000000
-5.50000000 6.50000000 	800.0000000000
-5.50000000 7.00000000 	800.0000000000
-5.50000000 7.50000000 	800.0000000000
-5.50000000 8.00000000 	800.0000000000
-5.00000000 -12.00000000 	763.6547722135
-5.00000000 -11.50000000 	758.8197414474
-5.00000000 -11.00000000 	758.7751320041
-5.00000000 -10.50000000 	765.5425773041
-5.00000000 -10.00000000 	776.5292968697
-5.00000000 -9.50000000 	786.0247176508
-5.00000000 -9.00000000 	793.0293656494
-5.00000000 -8.50000000 	796.9812412319
-5.00000000 -8.00000000 	798.8962203437
-5.00000000 -7.50000000 	799.6668465140
-5.00000000 -7.00000000 	799.9179390906
-5.00000000 -6.50000000 	799.9849433757
-5.00000000 -6.00000000 	799.9982754994
-5.00000000 -5.50000000 	799.9999112751
-5.00000000 -5.00000000 	800.0000000000
-5.00000000 -4.50000000 	800.0000000000
-5.00000000 -4.00000000 	800.0000000000
-5.00000000 -3.50000000 	800.0000000000
-5.00000000 -3.00000000 	800.0000000000
-5.00000000 -2.50000000 	800.0000000000
-5.00000000 -2.00000000 	800.0000000000
-5.00000000 -1.50000000 	800.0000000000
-5.00000000 -1.00000000 	800.0000000000
-5.00000000 -0.50000000 	800.0000000000
-5.00000000 0.00000000 	800.0000000000
-5.00000000 0.50000000 	800.0000000000
-5.00000000 1.00000000 	800.0000000000
-5.00000000 1.50000000 	800.0000000000
-5.00000000 2.00000000 	800.0000000000
-5.00000000 2.50000000 	800.0000000000
-5.00000000 3.00000000 	800.0000000000
-5.00000000 3.50000000 	800.0000000000
-5.00000000 4.00000000 	800.0000000000
-5.00000000 4.50000000 	800.0000000000
-5.00000000 5.00000000 	800.0000000000
-5.00000000 5.50000000 	800.0000000000
-5.00000000 6.00000000 	800.0000000000
-5.00000000 6.50000000 	800.0000000000
-5.00000000 7.00000000 	800.0000000000
-5.00000000 7.50000000 	800.0000000000
-5.00000000 8.00000000 	800.0000000000
-4.50000000 -12.00000000 	784.0255736000
-4.50000000 -11.50000000 	776.2427708116
-4.50000000 -11.00000000 	765.5164127013
-4.50000000 -10.50000000 	758.6928639858
-4.50000000 -10.00000000 	758.6930275612
-4.50000000 -9.50000000 	765.5347788734
-4.50000000 -9.00000000 	776.5292968697
-4.50000000 -8.50000000 	786.0247176508
-4.50000000 -8.00000000 	793.0293656494
-4.50000000 -7.50000000 	796.9812412319
-4.50000000 -7.00000000 	798.8962203437
-4.50000000 -6.50000000 	799.6668465140
-4.50000000 -6.00000000 	799.9179390906
-4.50000000 -5.50000000 	799.9849433757
-4.50000000 -5.00000000 	799.9982754994
-4.50000000 -4.50000000 	799.9999112751
-4.50000000 -4.00000000 	800.0000000000
-4.50000000 -3.50000000 	800.0000000000
-4.50000000 -3.00000000 	800.0000000000
-4.50000000 -2.50000000 	800.0000000000
-4.50000000 -2.00000000 	800.0000000000
-4.50000000 -1.50000000 	800.0000000000
-4.50000000 -1.00000000 	800.0000000000
-4.50000000 -0.50000000 	800.0000000000
-4.50000000 0.00000000 	800.0000000000
-4.50000000 0.50000000 	800.0000000000
-4.50000000 1.00000000 	800.0000000000
-4.50000000 1.50000000 	800.0000000000
-4.50000000 2.00000000 	800.0000000000
-4.50000000 2.50000000 	800.0000000000
-4.50000000 3.00000000 	800.0000000000
-4.50000000 3.50000000 	800.0000000000
-4.50000000 4.00000000 	800.0000000000
-4.50000000 4.50000000 	800.0000000000
-4.50000000 5.00000000 	800.0000000000
-4.50000000 5.50000000 	800.0000000000
-4.50000000 6.00000000 	800.0000000000
-4.50000000 6.50000000 	800.0000000000
-4.50000000 7.00000000 	800.0000000000
-4.50000000 7.50000000 	800.0000000000
-4.50000000 8.00000000 	800.0000000000
-4.00000000 -12.00000000 	796.4752293705
-4.00000000 -11.50000000 	792.9484903439
-4.00000000 -11.00000000 	786.0176075860
-4.00000000 -10.50000000 	776.5290441101
-4.00000000 -10.00000000 	765.5347788734
-4.00000000 -9.50000000 	758.6930275612
-4.00000000 -9.00000000 	758.6930275612
-4.00000000 -8.50000000 	765.5347788734
-4.00000000 -8.00000000 	776.5292968697
-4.00000000 -7.50000000 	786.0247176508
-4.00000000 -7.00000000 	793.0293656494
-4.00000000 -6.50000000 	796.9812412319
-4.00000000 -6.00000000 	798.8962203437
-4.00000000 -5.50000000 	799.6668465140
-4.00000000 -5.00000000 	799.9179390906
-4.00000000 -4.50000000 	799.9849433757
-4.00000000 -4.00000000 	799.9982754994
-4.00000000 -3.50000000 	799.9999112751
-4.00000000 -3.00000000 	800.0000000000
-4.00000000 -2.50000000 	800.0000000000
-4.00000000 -2.00000000 	800.0000000000
-4.00000000 -1.50000000 	800.0000000000
-4.00000000 -1.00000000 	800.0000000000
-4.00000000 -0.50000000 	800.0000000000
-4.00000000 0.00000000 	800.0000000000
-4.00000000 0.50000000 	800.0000000000
-4.00000000 1.00000000 	800.0000000000
-4.00000000 1.50000000 	800.0000000000
-4.00000000 2.00000000 	800.0000000000
-4.00000000 2.50000000 	800.0000000000
-4.00000000 3.00000000 	800.0000000000
-4.00000000 3.50000000 	800.0000000000
-4.00000000 4.00000000 	800.0000000000
-4.00000000 4.50000000 	800.0000000000
-4.00000000 5.00000000 	800.0000000000
-4.00000000 5.50000000 	800.0000000000
-4.00000000 6.00000000 	800.0000000000
-4.00000000 6.50000000 	800.0000000000
-4.00000000 7.00000000 	800.0000000000
-4.00000000 7.50000000 	800.0000000000
-4.00000000 8.00000000 	800.0000000000
-3.50000000 -12.00000000 	799.6178764033
-3.50000000 -11.50000000 	798.8891168555
-3.50000000 -11.00000000 	796.9806138946
-3.50000000 -10.50000000 	793.0293413365
-3.50000000 -10.00000000 	786.0247176508
-3.50000000 -9.50000000 	776.5292968697
-3.50000000 -9.00000000 	765.5347788734
-3.50000000 -8.50000000 	758.6930275612
-3.50000000 -8.00000000 	758.6930275612
-3.50000000 -7.50000000 	765.5347788734
-3.50000000 -7.00000000 	776.5292968697
-3.50000000 -6.50000000 	786.0247176508
-3.50000000 -6.00000000 	793.0293656494
-3.50000000 -5.50000000 	796.9812412319
-3.50000000 -5.00000000 	798.8962203437
-3.50000000 -4.50000000 	799.6668465140
-3.50000000 -4.00000000 	799.9179390906
-3.50000000 -3.50000000 	799.9849433757
-3.50000000 -3.00000000 	799.9982754994
-3.50000000 -2.50000000 	799.9999112751
-3.50000000 -2.00000000 	800.0000000000
-3.50000000 -1.50000000 	800.0000000000
-3.50000000 -1.00000000 	800.0000000000
-3.50000000 -0.50000000 	800.0000000000
-3.50000000 0.00000000 	800.0000000000
-3.50000000 0.50000000 	800.0000000000
-3.50000000 1.00000000 	800.0000000000
-3.50000000 1.50000000 	800.0000000000
-3.50000000 2.00000000 	800.0000000000
-3.50000000 2.50000000 	800.0000000000
-3.50000000 3.00000000 	800.0000000000
-3.50000000 3.50000000 	800.0000000000
-3.50000000 4.00000000 	800.0000000000
-3.50000000 4.50000000 	800.0000000000
-3.50000000 5.00000000 	800.0000000000
-3.50000000 5.50000000 	800.0000000000
-3.50000000 6.00000000 	800.0000000000
-3.50000000 6.50000000 	800.0000000000
-3.50000000 7.00000000 	800.0000000000
-3.50000000 7.50000000 	800.0000000000
-3.50000000 8.00000000 	800.0000000000
-3.00000000 -12.00000000 	799.9838924861
-3.00000000 -11.50000000 	799.9178974017
-3.00000000 -11.00000000 	799.6668465140
-3.00000000 -10.50000000 	798.8962203437
-3.00000000 -10.00000000 	796.9812412319
-3.00000000 -9.50000000 	793.0293656494
-3.00000000 -9.00000000 	786.0247176508
-3.00000000 -8.50000000 	776.5292968697
-3.00000000 -8.00000000 	765.5347788734
-3.00000000 -7.50000000 	758.6930275612
-3.00000000 -7.00000000 	758.6930275612
-3.00000000 -6.50000000 	765.5347788734
-3.00000000 -6.00000000 	776.5292968697
-3.00000000 -5.50000000 	786.0247176508
-3.00000000 -5.00000000 	793.0293656494
-3.00000000 -4.50000000 	796.9812412319
-3.00000000 -4.00000000 	798.8962203437
-3.00000000 -3.50000000 	799.6668465140
-3.00000000 -3.00000000 	799.9179390906
-3.00000000 -2.50000000 	799.9849433757
-3.00000000 -2.00000000 	799.9982754994
-3.00000000 -1.50000000 	799.9999112751
-3.00000000 -1.00000000 	800.0000000000
-3.00000000 -0.50000000 	800.0000000000
-3.00000000 0.00000000 	800.0000000000
-3.00000000 0.50000000 	800.0000000000
-3.00000000 1.00000000 	800.0000000000
-3.00000000 1.50000000 	800.0000000000
-3.00000000 2.00000000 	800.0000000000
-3.00000000 2.50000000 	800.0000000000
-3.00000000 3.00000000 	800.0000000000
-3.00000000 3.50000000 	800.0000000000
-3.00000000 4.00000000 	800.0000000000
-3.00000000 4.50000000 	800.0000000000
-3.00000000 5.00000000 	800.0000000000
-3.00000000 5.50000000 	800.0000000000
-3.00000000 6.00000000 	800.0000000000
-3.00000000 6.50000000 	800.0000000000
-3.00000000 7.00000000 	800.0000000000
-3.00000000 7.50000000 	800.0000000000
-3.00000000 8.00000000 	800.0000000000
-2.50000000 -12.00000000 	799.9999112751
-2.50000000 -11.50000000 	799.9982754994
-2.50000000 -11.00000000 	799.9849433757
-2.50000000 -10.50000000 	799.9179390906
-2.50000000 -10.00000000 	799.6668465140
-2.50000000 -9.50000000 	798.8962203437
-2.50000000 -9.00000000 	796.9812412319
-2.50000000 -8.50000000 	793.0293656494
-2.50000000 -8.00000000 	786.0247176508
-2.50000000 -7.50000000 	776.5292968697
-2.50000000 -7.00000000 	765.5347788734
-2.50000000 -6.50000000 	758.6930275612
-2.50000000 -6.00000000 	758.6930275612
-2.50000000 -5.50000000 	765.5347788734
-2.50000000 -5.00000000 	776.5292968697
-2.50000000 -4.50000000 	786.0247176508
-2.50000000 -4.00000000 	793.0293656494
-2.50000000 -3.50000000 	796.9812412319
-2.50000000 -3.00000000 	798.8962203437
-2.50000000 -2.50000000 	799.6668465140
-2.50000000 -2.00000000 	799.9179390906
-2.50000000 -1.50000000 	799.9849433757
-2.50000000 -1.00000000 	799.9982754994
-2.50000000 -0.50000000 	799.9999112751
-2.50000000 0.00000000 	800.0000000000
-2.50000000 0.50000000 	800.0000000000
-2.50000000 1.00000000 	800.0000000000
-2.50000000 1.50000000 	800.0000000000
-2.50000000 2.00000000 	800.0000000000
-2.50000000 2.50000000 	800.0000000000
-2.50000000 3.00000000 	800.0000000000
-2.50000000 3.50000000 	800.0000000000
-2.50000000 4.00000000 	800.0000000000
-2.50000000 4.50000000 	800.0000000000
-2.50000000 5.00000000 	800.0000000000
-2.50000000 5.50000000 	800.0000000000
-2.50000000 6.00000000 	800.0000000000
-2.50000000 6.50000000 	800.0000000000
-2.50000000 7.00000000 	800.0000000000
-2.50000000 7.50000000 	800.0000000000
-2.50000000 8.00000000 	800.0000000000
-2.00000000 -12.00000000 	800.0000000000
-2.00000000 -11.50000000 	800.0000000000
-2.00000000 -11.00000000 	799.9999112751
-2.00000000 -10.50000000 	799.9982754994
-2.00000000 -10.00000000 	799.9849433757
-2.00000000 -9.50000000 	799.9179390906
-2.00000000 -9.00000000 	799.6668465140
-2.00000000 -8.50000000 	798.8962203437
-2.00000000 -8.00000000 	796.9812412319
-2.00000000 -7.50000000 	793.0293656494
-2.00000000 -7.00000000 	786.0247176508
-2.00000000 -6.50000000 	776.5292968697
-2.00000000 -6.00000000 	765.5347788734
-2.00000000 -5.50000000 	758.6930275612
-2.00000000 -5.00000000 	758.6930275612
-2.00000000 -4.50000000 	765.5347788734
-2.00000000 -4.00000000 	776.5292968697
-2.00000000 -3.50000000 	786.0247176508
-2.00000000 -3.00000000 	793.0293656494
-2.00000000 -2.50000000 	796.9812412319
-2.00000000 -2.00000000 	798.8962203437
-2.00000000 -1.50000000 	799.6668465140
-2.00000000 -1.00000000 	799.9179390906
-2.00000000 -0.50000000 	799.9849433757
-2.00000000 0.00000000 	799.9982754994
-2.00000000 0.50000000 	799.9999112751
-2.00000000 1.00000000 	800.0000000000
-2.00000000 1.50000000 	800.0000000000
-2.00000000 2.00000000 	800.0000000000
-2.00000000 2.50000000 	800.0000000000
-2.00000000 3.00000000 	800.0000000000
-2.00000000 3.50000000 	800.0000000000
-2.00000000 4.00000000 	800.0000000000
-2.00000000 4.50000000 	800.0000000000
-2.00000000 5.00000000 	800.0000000000
-2.00000000 5.50000000 	800.0000000000
-2.00000000 6.00000000 	800.0000000000
-2.00000000 6.50000000 	800.0000000000
-2.00000000 7.00000000 	800.0000000000
-2.00000000 7.50000000 	800.0000000000
-2.00000000 8.00000000 	800.0000000000
-1.50000000 -12.00000000 	800.0000000000
-1.50000000 -11.50000000 	800.0000000000
-1.50000000 -11.00000000 	800.0000000000
-1.50000000 -10.50000000 	800.0000000000
-1.50000000 -10.00000000 	799.9999112751
-1.50000000 -9.50000000 	799.9982754994
-1.50000000 -9.00000000 	799.9849433757
-1.50000000 -8.50000000 	799.9179390906
-1.50000000 -8.00000000 	799.6668465140
-1.50000000 -7.50000000 	798.8962203437
-1.50000000 -7.00000000 	796.9812412319
-1.50000000 -6.50000000 	793.0293656494
-1.50000000 -6.00000000 	786.0247176508
-1.50000000 -5.50000000 	776.5292968697
-1.50000000 -5.00000000 	765.5347788734
-1.50000000 -4.50000000 	758.6930275612
-1.50000000 -4.00000000 	758.6930275612
-1.50000000 -3.50000000 	765.5347788734
-1.50000000 -3.00000000 	776.5292968697
-1.50000000 -2.50000000 	786.0247176508
-1.50000000 -2.00000000 	793.0293656494
-1.50000000 -1.50000000 	796.9812412319
-1.50000000 -1.00000000 	798.8962203437
-1.50000000 -0.50000000 	799.6668465140
-1.50000000 0.00000000 	799.9179390906
-1.50000000 0.50000000 	799.9849433757
-1.50000000 1.00000000 	799.9982754994
-1.50000000 1.50000000 	799.9999112751
-1.50000000 2.00000000 	800.0000000000
-1.50000000 2.50000000 	800.0000000000
-1.50000000 3.00000000 	800.0000000000
-1.50000000 3.50000000 	800.0000000000
-1.50000000 4.00000000 	800.0000000000
-1.50000000 4.50000000 	800.0000000000
-1.50000000 5.00000000 	800.0000000000
-1.50000000 5.50000000 	800.0000000000
-1.50000000 6.00000000 	800.0000000000
-1.50000000 6.50000000 	800.0000000000
-1.50000000 7.00000000 	800.0000000000
-1.50000000 7.50000000 	800.0000000000
-1.50000000 8.00000000 	800.0000000000
-1.00000000 -12.00000000 	800.0000000000
-1.00000000 -11.50000000 	800.0000000000
-1.00000000 -11.00000000 	800.0000000000
-1.00000000 -10.50000000 	800.0000000000
-1.00000000 -10.00000000 	800.0000000000
-1.00000000 -9.50000000 	800.0000000000
-1.00000000 -9.00000000 	799.9999112751
-1.00000000 -8.50000000 	799.9982754994
-1.00000000 -8.00000000 	799.9849433757
-1.00000000 -7.50000000 	799.9179390906
-1.00000000 -7.00000000 	799.6668465140
-1.00000000 -6.50000000 	798.8962203437
-1.00000000 -6.00000000 	796.9812412319
-1.00000000 -5.50000000 	793.0293656494
-1.00000000 -5.00000000 	786.0247176508
-1.00000000 -4.50000000 	776.5292968697
-1.00000000 -4.00000000 	765.5347788734
-1.00000000 -3.50000000 	758.6930275612
-1.00000000 -3.00000000 	758.6930275612
-1.00000000 -2.50000000 	765.5347788734
-1.00000000 -2.00000000 	776.5292968697
-1.00000000 -1.50000000 	786.0247176508
-1.00000000 -1.00000000 	793.0293656494
-1.00000000 -0.50000000 	796.9812412319
-1.00000000 0.00000000 	798.8962203437
-1.00000000 0.50000000 	799.6668465140
-1.00000000 1.00000000 	799.9179390906
-1.00000000 1.50000000 	799.9849433757
-1.00000000 2.00000000 	799.9982754994
-1.00000000 2.50000000 	799.9999112751
-1.00000000 3.00000000 	800.0000000000
-1.00000000 3.50000000 	800.0000000000
-1.00000000 4.00000000 	800.0000000000
-1.00000000 4.50000000 	800.0000000000
-1.00000000 5.00000000 	800.0000000000
-1.00000000 5.50000000 	800.0000000000
-1.00000000 6.00000000 	800.0000000000
-1.00000000 6.50000000 	800.0000000000
-1.00000000 7.00000000 	800.0000000000
-1.00000000 7.50000000 	800.0000000000
-1.00000000 8.00000000 	800.0000000000
-0.50000000 -12.00000000 	800.0000000000
-0.50000000 -11.50000000 	800.0000000000
-0.50000000 -11.00000000 	800.0000000000
-0.50000000 -10.50000000 	800.0000000000
-0.50000000 -10.00000000 	800.0000000000
-0.50000000 -9.50000000 	800.0000000000
-0.50000000 -9.00000000 	800.0000000000
-0.50000000 -8.50000000 	800.0000000000
-0.50000000 -8.00000000 	799.9999112751
-0.50000000 -7.50000000 	799.9982754994
-0.50000000 -7.00000000 	799.9849433757
-0.50000000 -6.50000000 	799.9179390906
-0.50000000 -6.00000000 	799.6668465140
-0.50000000 -5.50000000 	798.8962203437
-0.50000000 -5.00000000 	796.9812412319
-0.50000000 -4.50000000 	793.0293656494
-0.50000000 -4.00000000 	786.0247176508
-0.50000000 -3.50000000 	776.5292968697
-0.50000000 -3.00000000 	765.5347788734
-0.50000000 -2.50000000 	758.6930275612
-0.50000000 -2.00000000 	758.6930275612
-0.50000000 -1.50000000 	765.5347788734
-0.50000000 -1.00000000 	776.5292968697
-0.50000000 -0.50000000 	786.0247176508
-0.50000000 0.00000000 	793.0293656494
-0.50000000 0.50000000 	796.9812412319
-0.50000000 1.00000000 	798.8962203437
-0.50000000 1.50000000 	799.6668465140
-0.50000000 2.00000000 	799.9179390906
-0.50000000 2.50000000 	799.9849433757
-0.50000000 3.00000000 	799.9982754994
-0.50000000 3.50000000 	799.9999112751
-0.50000000 4.00000000 	800.0000000000
-0.50000000 4.50000000 	800.0000000000
-0.50000000 5.00000000 	800.0000000000
-0.50000000 5.50000000 	800.0000000000
-0.50000000 6.00000000 	800.0000000000
-0.50000000 6.50000000 	800.0000000000
-0.50000000 7.00000000 	800.0000000000
-0.50000000 7.50000000 	800.0000000000
-0.50000000 8.00000000 	800.0000000000
0.00000000 -12.00000000 	800.0000000000
0.00000000 -11.50000000 	800.0000000000
0.00000000 -11.00000000 	800.0000000000
0.00000000 -10.50000000 	800.0000000000
0.00000000 -10.00000000 	800.0000000000
0.00000000 -9.50000000 	800.0000000000
0.00000000 -9.00000000 	800.0000000000
0.00000000 -8.50000000 	800.0000000000
0.00000000 -8.00000000 	800.0000000000
0.00000000 -7.50000000 	800.0000000000
0.00000000 -7.00000000 	799.9999112751
0.00000000 -6.50000000 	799.9982754994
0.00000000 -6.00000000 	799.9849433757
0.00000000 -5.50000000 	799.9179390906
0.00000000 -5.00000000 	799.6668465140
0.00000000 -4.50000000 	798.8962203437
0.00000000 -4.00000000 	796.9812412319
0.00000000 -3.50000000 	793.0293656494
0.00000000 -3.00000000 	786.0247176508
0.00000000 -2.50000000 	776.5292968697
0.00000000 -2.00000000 	765.5347788734
0.00000000 -1.50000000 	758.6930275612
0.00000000 -1.00000000 	758.6930275612
0.00000000 -0.50000000 	765.5347788734
0.00000000 0.00000000 	776.5292968697
0.00000000 0.50000000 	786.0247176508
0.00000000 1.00000000 	793.0293656494
0.00000000 1.50000000 	796.9812412319
0.00000000 2.00000000 	798.8962203437
0.00000000 2.50000000 	799.6668465140
0.00000000 3.00000000 	799.9179390906
0.00000000 3.50000000 	799.9849433757
0.00000000 4.00000000 	799.9982754994
0.00000000 4.50000000 	799.9999112751
0.00000000 5.00000000 	800.0000000000
0.00000000 5.50000000 	800.0000000000
0.00000000 6.00000000 	800.0000000000
0.00000000 6.50000000 	800.0000000000
0.00000000 7.00000000 	800.0000000000
0.00000000 7.50000000 	800.0000000000
0.00000000 8.00000000 	800.0000000000
0.50000000 -12.00000000 	800.0000000000
0.50000000 -11.50000000 	800.0000000000
0.50000000 -11.00000000 	800.0000000000
0.50000000 -10.50000000 	800.0000000000
0.50000000 -10.00000000 	800.0000000000
0.50000000 -9.50000000 	800.0000000000
0.50000000 -9.00000000 	800.0000000000
0.50000000 -8.50000000 	800.0000000000
0.50000000 -8.00000000 	800.0000000000
0.50000000 -7.50000000 	800.0000000000
0.50000000 -7.00000000 	800.0000000000
0.50000000 -6.50000000 	800.0000000000
0.50000000 -6.00000000 	799.9999112751
0.50000000 -5.50000000 	799.9982754994
0.50000000 -5.00000000 	799.9849433757
0.50000000 -4.50000000 	799.9179390906
0.50000000 -4.00000000 	799.6668465140
0.50000000 -3.50000000 	798.8962203437
0.50000000 -3.00000000 	796.9812412319
0.50000000 -2.50000000 	793.0293656494
0.50000000 -2.00000000 	786.0247176508
0.50000000 -1.50000000 	776.5292968697
0.50000000 -1.00000000 	765.5347788734
0.50000000 -0.50000000 	758.6930275612
0.50000000 0.00000000 	758.6930275612
0.50000000 0.50000000 	765.5347788734
0.50000000 1.00000000 	776.5293212438
0.50000000 1.50000000 	786.0253379596
0.50000000 2.00000000 	793.0357942036
0.50000000 2.50000000 	797.0151975302
0.50000000 3.00000000 	798.9871744758
0.50000000 3.50000000 	799.7705590978
0.50000000 4.00000000 	799.9705339302
0.50000000 4.50000000 	799.9983953195
0.50000000 5.00000000 	800.0000000000
0.50000000 5.50000000 	800.0000000000
0.50000000 6.00000000 	800.0000000000
0.50000000 6.50000000 	800.0000000000
0.50000000 7.00000000 	800.0000000000
0.50000000 7.50000000 	800.0000000000
0.50000000 8.00000000 	800.0000000000
1.00000000 -12.00000000 	800.0000000000
1.00000000 -11.50000000 	800.0000000000
1.00000000 -11.00000000 	800.0000000000
1.00000000 -10.50000000 	800.0000000000
1.00000000 -10.00000000 	800.0000000000
1.00000000 -9.50000000 	800.0000000000
1.00000000 -9.00000000 	800.0000000000
1.00000000 -8.50000000 	800.0000000000
1.00000000 -8.00000000 	800.0000000000
1.00000000 -7.50000000 	800.0000000000
1.00000000 -7.00000000 	800.0000000000
1.00000000 -6.50000000 	800.0000000000
1.00000000 -6.00000000 	800.0000000000
1.00000000 -5.50000000 	800.0000000000
1.00000000 -5.00000000 	799.9999112751
1.00000000 -4.50000000 	799.9982754994
1.00000000 -4.00000000 	799.9849433757
1.00000000 -3.50000000 	799.9179390906
1.00000000 -3.00000000 	799.6668465140
1.00000000 -2.50000000 	798.8962203437
1.00000000 -2.00000000 	796.9812412319
1.00000000 -1.50000000 	793.0293656494
1.00000000 -1.00000000 	786.0247176508
1.00000000 -0.50000000 	776.5292968697
1.00000000 0.00000000 	765.5347606320
1.00000000 0.50000000 	758.6927852154
1.00000000 1.00000000 	758.6924344434
1.00000000 1.50000000 	765.5437701341
1.00000000 2.00000000 	776.6264959625
1.00000000 2.50000000 	786.5069596242
1.00000000 3.00000000 	794.3391857773
1.00000000 3.50000000 	798.5473036648
1.00000000 4.00000000 	799.7981493221
1.00000000 4.50000000 	799.9883697054
1.00000000 5.00000000 	800.0000000000
1.00000000 5.50000000 	800.0000000000
1.00000000 6.00000000 	800.0000000000
1.00000000 6.50000000 	800.0000000000
1.00000000 7.00000000 	800.0000000000
1.00000000 7.50000000 	800.0000000000
1.00000000 8.00000000 	800.0000000000
1.50000000 -12.00000000 	800.0000000000
1.50000000 -11.50000000 	800.0000000000
1.50000000 -11.00000000 	800.0000000000
1.50000000 -10.50000000 	800.0000000000
1.50000000 -10.00000000 	800.0000000000
1.50000000 -9.50000000 	800.0000000000
1.50000000 -9.00000000 	800.0000000000
1.50000000 -8.50000000 	800.0000000000
1.50000000 -8.00000000 	800.0000000000
1.50000000 -7.50000000 	800.0000000000
1.50000000 -7.00000000 	800.0000000000
1.50000000 -6.50000000 	800.0000000000
1.50000000 -6.00000000 	800.0000000000
1.50000000 -5.50000000 	800.0000000000
1.50000000 -5.00000000 	800.0000000000
1.50000000 -4.50000000 	800.0000000000
1.50000000 -4.00000000 	799.9999112751
1.50000000 -3.50000000 	799.9982754994
1.50000000 -3.00000000 	799.9849433757
1.50000000 -2.50000000 	799.9179390906
1.50000000 -2.00000000 	799.6668465140
1.50000000 -1.50000000 	798.8962203437
1.50000000 -1.00000000 	796.9812145423
1.50000000 -0.50000000 	793.0289719281
1.50000000 0.00000000 	786.0221704616
1.50000000 0.50000000 	776.5184643661
1.50000000 1.00000000 	765.5048656841
1.50000000 1.50000000 	758.7039564752
1.50000000 2.00000000 	759.2269080930
1.50000000 2.50000000 	768.1596637622
1.50000000 3.00000000 	783.8834376373
1.50000000 3.50000000 	795.4122373790
1.50000000 4.00000000 	799.3166118829
1.50000000 4.50000000 	799.9584125951
1.50000000 5.00000000 	800.0000000000
1.50000000 5.50000000 	800.0000000000
1.50000000 6.00000000 	800.0000000000
1.50000000 6.50000000 	800.0000000000
1.50000000 7.00000000 	800.0000000000
1.50000000 7.50000000 	800.0000000000
1.50000000 8.00000000 	800.0000000000
2.00000000 -12.00000000 	800.0000000000
2.00000000 -11.50000000 	800.0000000000
2.00000000 -11.00000000 	800.0000000000
2.00000000 -10.50000000 	800.0000000000
2.00000000 -10.00000000 	800.0000000000
2.00000000 -9.50000000 	800.0000000000
2.00000000 -9.00000000 	800.0000000000
2.00000000 -8.50000000 	800.0000000000
2.00000000 -8.00000000 	800.0000000000
2.00000000 -7.50000000 	800.0000000000
2.00000000 -7.00000000 	800.0000000000
2.00000000 -6.50000000 	800.0000000000
2.00000000 -6.00000000 	800.0000000000
2.00000000 -5.50000000 	800.0000000000
2.00000000 -5.00000000 	800.0000000000
2.00000000 -4.50000000 	800.0000000000
2.00000000 -4.00000000 	800.0000000000
2.00000000 -3.50000000 	800.0000000000
2.00000000 -3.00000000 	799.9999112751
2.00000000 -2.50000000 	799.9982754994
2.00000000 -2.00000000 	799.9849064730
2.00000000 -1.50000000 	799.9173506591
2.00000000 -1.00000000 	799.6624339567
2.00000000 -0.50000000 	798.8734947627
2.00000000 0.00000000 	796.8917659195
2.00000000 0.50000000 	792.7582358295
2.00000000 1.00000000 	785.3781671097
2.00000000 1.50000000 	775.5194395806
2.00000000 2.00000000 	765.5898026473
2.00000000 2.50000000 	764.0055519908
2.00000000 3.00000000 	777.4412797841
2.00000000 3.50000000 	792.7992464562
2.00000000 4.00000000 	798.8429078734
2.00000000 4.50000000 	799.9253968364
2.00000000 5.00000000 	800.0000000000
2.00000000 5.50000000 	800.0000000000
2.00000000 6.00000000 	800.0000000000
2.00000000 6.50000000 	800.0000000000
2.00000000 7.00000000 	800.0000000000
2.00000000 7.50000000 	800.0000000000
2.00000000 8.00000000 	800.0000000000
