-8.00000000 -12.00000000 	5.0926575632e+08
-8.00000000 -11.00000000 	5.0926575632e+08
-8.00000000 -10.00000000 	5.0926575632e+08
-8.00000000 -9.00000000 	5.0926575632e+08
-8.00000000 -8.00000000 	5.0926575632e+08
-8.00000000 -7.00000000 	5.0926575632e+08
-8.00000000 -6.00000000 	5.0926575632e+08
-8.00000000 -5.00000000 	5.0926575632e+08
-8.00000000 -4.00000000 	5.0926575632e+08
-8.00000000 -3.00000000 	5.0926575632e+08
-8.00000000 -2.00000000 	5.0926575632e+08
-8.00000000 -1.00000000 	5.0926575632e+08
-8.00000000 0.00000000 	5.0926575632e+08
-8.00000000 1.00000000 	5.0926575632e+08
-8.00000000 2.00000000 	5.0926575632e+08
-8.00000000 3.00000000 	5.0926575632e+08
-8.00000000 4.00000000 	5.0926575632e+08
-8.00000000 5.00000000 	5.0926575632e+08
-8.00000000 6.00000000 	5.0926575632e+08
-8.00000000 7.00000000 	5.0926575632e+08
-8.00000000 8.00000000 	5.0926575632e+08
-7.00000000 -12.00000000 	5.0926575632e+08
-7.00000000 -11.00000000 	5.0926575632e+08
-7.00000000 -10.00000000 	5.0926575632e+08
-7.00000000 -9.00000000 	5.0926575632e+08
-7.00000000 -8.00000000 	5.0926575632e+08
-7.00000000 -7.00000000 	5.0926575632e+08
-7.00000000 -6.00000000 	5.0926575632e+08
-7.00000000 -5.00000000 	5.0926575632e+08
-7.00000000 -4.00000000 	5.0926575632e+08
-7.00000000 -3.00000000 	5.0926575632e+08
-7.00000000 -2.00000000 	5.0926575632e+08
-7.00000000 -1.00000000 	5.0926575632e+08
-7.00000000 0.00000000 	5.0926575632e+08
-7.00000000 1.00000000 	5.0926575632e+08
-7.00000000 2.00000000 	5.0926575632e+08
-7.00000000 3.00000000 	5.0926575632e+08
-7.00000000 4.00000000 	5.0926575632e+08
-7.00000000 5.00000000 	5.0926575632e+08
-7.00000000 6.00000000 	5.0926575632e+08
-7.00000000 7.00000000 	5.0926575632e+08
-7.00000000 8.00000000 	5.0926575632e+08
-6.00000000 -12.00000000 	5.0926575632e+08
-6.00000000 -11.00000000 	5.0926575632e+08
-6.00000000 -10.00000000 	5.0926575632e+08
-6.00000000 -9.00000000 	5.0926575632e+08
-6.00000000 -8.00000000 	5.0926575632e+08
-6.00000000 -7.00000000 	5.0926575632e+08
-6.00000000 -6.00000000 	5.0926575632e+08
-6.00000000 -5.00000000 	5.0926575632e+08
-6.00000000 -4.00000000 	5.0926575632e+08
-6.00000000 -3.00000000 	5.0926575632e+08
-6.00000000 -2.00000000 	5.0926575632e+08
-6.00000000 -1.00000000 	5.0926575632e+08
-6.00000000 0.00000000 	5.0926575632e+08
-6.00000000 1.00000000 	5.0926575632e+08
-6.00000000 2.00000000 	5.0926575632e+08
-6.00000000 3.00000000 	5.0926575632e+08
-6.00000000 4.00000000 	5.0926575632e+08
-6.00000000 5.00000000 	5.0926575632e+08
-6.00000000 6.00000000 	5.0926575632e+08
-6.00000000 7.00000000 	5.0926575632e+08
-6.00000000 8.00000000 	5.0926575632e+08
-5.00000000 -12.00000000 	4.9851480115e+08
-5.00000000 -11.00000000 	4.9906368924e+08
-5.00000000 -10.00000000 	5.0711132999e+08
-5.00000000 -9.00000000 	5.0926575632e+08
-5.00000000 -8.00000000 	5.0926575632e+08
-5.00000000 -7.00000000 	5.0926575632e+08
-5.00000000 -6.00000000 	5.0926575632e+08
-5.00000000 -5.00000000 	5.0926575632e+08
-5.00000000 -4.00000000 	5.0926575632e+08
-5.00000000 -3.00000000 	5.0926575632e+08
-5.00000000 -2.00000000 	5.0926575632e+08
-5.00000000 -1.00000000 	5.0926575632e+08
-5.00000000 0.00000000 	5.0926575632e+08
-5.00000000 1.00000000 	5.0926575632e+08
-5.00000000 2.00000000 	5.0926575632e+08
-5.00000000 3.00000000 	5.0926575632e+08
-5.00000000 4.00000000 	5.0926575632e+08
-5.00000000 5.00000000 	5.0926575632e+08
-5.00000000 6.00000000 	5.0926575632e+08
-5.00000000 7.00000000 	5.0926575632e+08
-5.00000000 8.00000000 	5.0926575632e+08
-4.00000000 -12.00000000 	4.9851480115e+08
-4.00000000 -11.00000000 	4.9392656654e+08
-4.00000000 -10.00000000 	4.9392656654e+08
-4.00000000 -9.00000000 	4.9906368924e+08
-4.00000000 -8.00000000 	5.0711132999e+08
-4.00000000 -7.00000000 	5.0926575632e+08
-4.00000000 -6.00000000 	5.0926575632e+08
-4.00000000 -5.00000000 	5.0926575632e+08
-4.00000000 -4.00000000 	5.0926575632e+08
-4.00000000 -3.00000000 	5.0926575632e+08
-4.00000000 -2.00000000 	5.0926575632e+08
-4.00000000 -1.00000000 	5.0926575632e+08
-4.00000000 0.00000000 	5.0926575632e+08
-4.00000000 1.00000000 	5.0926575632e+08
-4.00000000 2.00000000 	5.0926575632e+08
-4.00000000 3.00000000 	5.0926575632e+08
-4.00000000 4.00000000 	5.0926575632e+08
-4.00000000 5.00000000 	5.0926575632e+08
-4.00000000 6.00000000 	5.0926575632e+08
-4.00000000 7.00000000 	5.0926575632e+08
-4.00000000 8.00000000 	5.0926575632e+08
-3.00000000 -12.00000000 	5.0926575632e+08
-3.00000000 -11.00000000 	5.0711132999e+08
-3.00000000 -10.00000000 	4.9906368924e+08
-3.00000000 -9.00000000 	4.9392656654e+08
-3.00000000 -8.00000000 	4.9392656654e+08
-3.00000000 -7.00000000 	4.9906368924e+08
-3.00000000 -6.00000000 	5.0711132999e+08
-3.00000000 -5.00000000 	5.0926575632e+08
-3.00000000 -4.00000000 	5.0926575632e+08
-3.00000000 -3.00000000 	5.0926575632e+08
-3.00000000 -2.00000000 	5.0926575632e+08
-3.00000000 -1.00000000 	5.0926575632e+08
-3.00000000 0.00000000 	5.0926575632e+08
-3.00000000 1.00000000 	5.0926575632e+08
-3.00000000 2.00000000 	5.0926575632e+08
-3.00000000 3.00000000 	5.0926575632e+08
-3.00000000 4.00000000 	5.0926575632e+08
-3.00000000 5.00000000 	5.0926575632e+08
-3.00000000 6.00000000 	5.0926575632e+08
-3.00000000 7.00000000 	5.0926575632e+08
-3.00000000 8.00000000 	5.0926575632e+08
-2.00000000 -12.00000000 	5.0926575632e+08
-2.00000000 -11.00000000 	5.0926575632e+08
-2.00000000 -10.00000000 	5.0926575632e+08
-2.00000000 -9.00000000 	5.0711132999e+08
-2.00000000 -8.00000000 	4.9906368924e+08
-2.00000000 -7.00000000 	4.9392656654e+08
-2.00000000 -6.00000000 	4.9392656654e+08
-2.00000000 -5.00000000 	4.9906368924e+08
-2.00000000 -4.00000000 	5.0711132999e+08
-2.00000000 -3.00000000 	5.0926575632e+08
-2.00000000 -2.00000000 	5.0926575632e+08
-2.00000000 -1.00000000 	5.0926575632e+08
-2.00000000 0.00000000 	5.0926575632e+08
-2.00000000 1.00000000 	5.0926575632e+08
-2.00000000 2.00000000 	5.0926575632e+08
-2.00000000 3.00000000 	5.0926575632e+08
-2.00000000 4.00000000 	5.0926575632e+08
-2.00000000 5.00000000 	5.0926575632e+08
-2.00000000 6.00000000 	5.0926575632e+08
-2.00000000 7.00000000 	5.0926575632e+08
-2.00000000 8.00000000 	5.0926575632e+08
-1.00000000 -12.00000000 	5.0926575632e+08
-1.00000000 -11.00000000 	5.0926575632e+08
-1.00000000 -10.00000000 	5.0926575632e+08
-1.00000000 -9.00000000 	5.0926575632e+08
-1.00000000 -8.00000000 	5.0926575632e+08
-1.00000000 -7.00000000 	5.0711132999e+08
-1.00000000 -6.00000000 	4.9906368924e+08
-1.00000000 -5.00000000 	4.9392656654e+08
-1.00000000 -4.00000000 	4.9392656654e+08
-1.00000000 -3.00000000 	4.9906368924e+08
-1.00000000 -2.00000000 	5.0711132999e+08
-1.00000000 -1.00000000 	5.0926575632e+08
-1.00000000 0.00000000 	5.0926575632e+08
-1.00000000 1.00000000 	5.0926575632e+08
-1.00000000 2.00000000 	5.0926575632e+08
-1.00000000 3.00000000 	5.0926575632e+08
-1.00000000 4.00000000 	5.0926575632e+08
-1.00000000 5.00000000 	5.0926575632e+08
-1.00000000 6.00000000 	5.0926575632e+08
-1.00000000 7.00000000 	5.0926575632e+08
-1.00000000 8.00000000 	5.0926575632e+08
0.00000000 -12.00000000 	5.0926575632e+08
0.00000000 -11.00000000 	5.0926575632e+08
0.00000000 -10.00000000 	5.0926575632e+08
0.00000000 -9.00000000 	5.0926575632e+08
0.00000000 -8.00000000 	5.0926575632e+08
0.00000000 -7.00000000 	5.0926575632e+08
0.00000000 -6.00000000 	5.0926575632e+08
0.00000000 -5.00000000 	5.0711132999e+08
0.00000000 -4.00000000 	4.9906368924e+08
0.00000000 -3.00000000 	4.9392656654e+08
0.00000000 -2.00000000 	4.9392656654e+08
0.00000000 -1.00000000 	4.9906368924e+08
0.00000000 0.00000000 	5.0711132999e+08
0.00000000 1.00000000 	5.0926575632e+08
0.00000000 2.00000000 	5.0926575632e+08
0.00000000 3.00000000 	5.0926575632e+08
0.00000000 4.00000000 	5.0926575632e+08
0.00000000 5.00000000 	5.0926575632e+08
0.00000000 6.00000000 	5.0926575632e+08
0.00000000 7.00000000 	5.0926575632e+08
0.00000000 8.00000000 	5.0926575632e+08
1.00000000 -12.00000000 	5.0926575632e+08
1.00000000 -11.00000000 	5.0926575632e+08
1.00000000 -10.00000000 	5.0926575632e+08
1.00000000 -9.00000000 	5.0926575632e+08
1.00000000 -8.00000000 	5.0926575632e+08
1.00000000 -7.00000000 	5.0926575632e+08
1.00000000 -6.00000000 	5.0926575632e+08
1.00000000 -5.00000000 	5.0926575632e+08
1.00000000 -4.00000000 	5.0926575632e+08
1.00000000 -3.00000000 	5.0711132999e+08
1.00000000 -2.00000000 	4.9906368924e+08
1.00000000 -1.00000000 	4.9392656654e+08
1.00000000 0.00000000 	4.9392656654e+08
1.00000000 1.00000000 	4.9906368924e+08
1.00000000 2.00000000 	5.0711132999e+08
1.00000000 3.00000000 	5.0926575632e+08
1.00000000 4.00000000 	5.0926575632e+08
1.00000000 5.00000000 	5.0926575632e+08
1.00000000 6.00000000 	5.0926575632e+08
1.00000000 7.00000000 	5.0926575632e+08
1.00000000 8.00000000 	5.0926575632e+08
2.00000000 -12.00000000 	5.0926575632e+08
2.00000000 -11.00000000 	5.0926575632e+08
2.00000000 -10.00000000 	5.0926575632e+08
2.00000000 -9.00000000 	5.0926575632e+08
2.00000000 -8.00000000 	5.0926575632e+08
2.00000000 -7.00000000 	5.0926575632e+08
2.00000000 -6.00000000 	5.0926575632e+08
2.00000000 -5.00000000 	5.0926575632e+08
2.00000000 -4.00000000 	5.0926575632e+08
2.00000000 -3.00000000 	5.0926575632e+08
2.00000000 -2.00000000 	5.0926575632e+08
2.00000000 -1.00000000 	5.0711132999e+08
2.00000000 0.00000000 	4.9906368924e+08
2.00000000 1.00000000 	4.9447400704e+08
2.00000000 2.00000000 	5.0250055334e+08
2.00000000 3.00000000 	5.0926575632e+08
2.00000000 4.00000000 	5.0926575632e+08
2.00000000 5.00000000 	5.0926575632e+08
2.00000000 6.00000000 	5.0926575632e+08
2.00000000 7.00000000 	5.0926575632e+08
2.00000000 8.00000000 	5.0926575632e+08
