-8.00000000 -12.00000000 	5.0926575632e+08
-8.00000000 -11.50000000 	5.0926575632e+08
-8.00000000 -11.00000000 	5.0926575632e+08
-8.00000000 -10.50000000 	5.0926575632e+08
-8.00000000 -10.00000000 	5.0926575632e+08
-8.00000000 -9.50000000 	5.0926575632e+08
-8.00000000 -9.00000000 	5.0926575632e+08
-8.00000000 -8.50000000 	5.0926575632e+08
-8.00000000 -8.00000000 	5.0926575632e+08
-8.00000000 -7.50000000 	5.0926575632e+08
-8.00000000 -7.00000000 	5.0926575632e+08
-8.00000000 -6.50000000 	5.0926575632e+08
-8.00000000 -6.00000000 	5.0926575632e+08
-8.00000000 -5.50000000 	5.0926575632e+08
-8.00000000 -5.00000000 	5.0926575632e+08
-8.00000000 -4.50000000 	5.0926575632e+08
-8.00000000 -4.00000000 	5.0926575632e+08
-8.00000000 -3.50000000 	5.0926575632e+08
-8.00000000 -3.00000000 	5.0926575632e+08
-8.00000000 -2.50000000 	5.0926575632e+08
-8.00000000 -2.00000000 	5.0926575632e+08
-8.00000000 -1.50000000 	5.0926575632e+08
-8.00000000 -1.00000000 	5.0926575632e+08
-8.00000000 -0.50000000 	5.0926575632e+08
-8.00000000 0.00000000 	5.0926575632e+08
-8.00000000 0.50000000 	5.0926575632e+08
-8.00000000 1.00000000 	5.0926575632e+08
-8.00000000 1.50000000 	5.0926575632e+08
-8.00000000 2.00000000 	5.0926575632e+08
-8.00000000 2.50000000 	5.0926575632e+08
-8.00000000 3.00000000 	5.0926575632e+08
-8.00000000 3.50000000 	5.0926575632e+08
-8.00000000 4.00000000 	5.0926575632e+08
-8.00000000 4.50000000 	5.0926575632e+08
-8.00000000 5.00000000 	5.0926575632e+08
-8.00000000 5.50000000 	5.0926575632e+08
-8.00000000 6.00000000 	5.0926575632e+08
-8.00000000 6.50000000 	5.0926575632e+08
-8.00000000 7.00000000 	5.0926575632e+08
-8.00000000 7.50000000 	5.0926575632e+08
-8.00000000 8.00000000 	5.0926575632e+08
-7.50000000 -12.00000000 	5.0926575632e+08
-7.50000000 -11.50000000 	5.0926575632e+08
-7.50000000 -11.00000000 	5.0926575632e+08
-7.50000000 -10.50000000 	5.0926575632e+08
-7.50000000 -10.00000000 	5.0926575632e+08
-7.50000000 -9.50000000 	5.0926575632e+08
-7.50000000 -9.00000000 	5.0926575632e+08
-7.50000000 -8.50000000 	5.0926575632e+08
-7.50000000 -8.00000000 	5.0926575632e+08
-7.50000000 -7.50000000 	5.0926575632e+08
-7.50000000 -7.00000000 	5.0926575632e+08
-7.50000000 -6.50000000 	5.0926575632e+08
-7.50000000 -6.00000000 	5.0926575632e+08
-7.50000000 -5.50000000 	5.0926575632e+08
-7.50000000 -5.00000000 	5.0926575632e+08
-7.50000000 -4.50000000 	5.0926575632e+08
-7.50000000 -4.00000000 	5.0926575632e+08
-7.50000000 -3.50000000 	5.0926575632e+08
-7.50000000 -3.00000000 	5.0926575632e+08
-7.50000000 -2.50000000 	5.0926575632e+08
-7.50000000 -2.00000000 	5.0926575632e+08
-7.50000000 -1.50000000 	5.0926575632e+08
-7.50000000 -1.00000000 	5.0926575632e+08
-7.50000000 -0.50000000 	5.0926575632e+08
-7.50000000 0.00000000 	5.0926575632e+08
-7.50000000 0.50000000 	5.0926575632e+08
-7.50000000 1.00000000 	5.0926575632e+08
-7.50000000 1.50000000 	5.0926575632e+08
-7.50000000 2.00000000 	5.0926575632e+08
-7.50000000 2.50000000 	5.0926575632e+08
-7.50000000 3.00000000 	5.0926575632e+08
-7.50000000 3.50000000 	5.0926575632e+08
-7.50000000 4.00000000 	5.0926575632e+08
-7.50000000 4.50000000 	5.0926575632e+08
-7.50000000 5.00000000 	5.0926575632e+08
-7.50000000 5.50000000 	5.0926575632e+08
-7.50000000 6.00000000 	5.0926575632e+08
-7.50000000 6.50000000 	5.0926575632e+08
-7.50000000 7.00000000 	5.0926575632e+08
-7.50000000 7.50000000 	5.0926575632e+08
-7.50000000 8.00000000 	5.0926575632e+08
-7.00000000 -12.00000000 	5.0926575632e+08
-7.00000000 -11.50000000 	5.0926575632e+08
-7.00000000 -11.00000000 	5.0926575632e+08
-7.00000000 -10.50000000 	5.0926575632e+08
-7.00000000 -10.00000000 	5.0926575632e+08
-7.00000000 -9.50000000 	5.0926575632e+08
-7.00000000 -9.00000000 	5.0926575632e+08
-7.00000000 -8.50000000 	5.0926575632e+08
-7.00000000 -8.00000000 	5.0926575632e+08
-7.00000000 -7.50000000 	5.0926575632e+08
-7.00000000 -7.00000000 	5.0926575632e+08
-7.00000000 -6.50000000 	5.0926575632e+08
-7.00000000 -6.00000000 	5.0926575632e+08
-7.00000000 -5.50000000 	5.0926575632e+08
-7.00000000 -5.00000000 	5.0926575632e+08
-7.00000000 -4.50000000 	5.0926575632e+08
-7.00000000 -4.00000000 	5.0926575632e+08
-7.00000000 -3.50000000 	5.0926575632e+08
-7.00000000 -3.00000000 	5.0926575632e+08
-7.00000000 -2.50000000 	5.0926575632e+08
-7.00000000 -2.00000000 	5.0926575632e+08
-7.00000000 -1.50000000 	5.0926575632e+08
-7.00000000 -1.00000000 	5.0926575632e+08
-7.00000000 -0.50000000 	5.0926575632e+08
-7.00000000 0.00000000 	5.0926575632e+08
-7.00000000 0.50000000 	5.0926575632e+08
-7.00000000 1.00000000 	5.0926575632e+08
-7.00000000 1.50000000 	5.0926575632e+08
-7.00000000 2.00000000 	5.0926575632e+08
-7.00000000 2.50000000 	5.0926575632e+08
-7.00000000 3.00000000 	5.0926575632e+08
-7.00000000 3.50000000 	5.0926575632e+08
-7.00000000 4.00000000 	5.0926575632e+08
-7.00000000 4.50000000 	5.0926575632e+08
-7.00000000 5.00000000 	5.0926575632e+08
-7.00000000 5.50000000 	5.0926575632e+08
-7.00000000 6.00000000 	5.0926575632e+08
-7.00000000 6.50000000 	5.0926575632e+08
-7.00000000 7.00000000 	5.0926575632e+08
-7.00000000 7.50000000 	5.0926575632e+08
-7.00000000 8.00000000 	5.0926575632e+08
-6.50000000 -12.00000000 	5.0865812330e+08
-6.50000000 -11.50000000 	5.0876172796e+08
-6.50000000 -11.00000000 	5.0906385278e+08
-6.50000000 -10.50000000 	5.0922907624e+08
-6.50000000 -10.00000000 	5.0926326224e+08
-6.50000000 -9.50000000 	5.0926575632e+08
-6.50000000 -9.00000000 	5.0926575632e+08
-6.50000000 -8.50000000 	5.0926575632e+08
-6.50000000 -8.00000000 	5.0926575632e+08
-6.50000000 -7.50000000 	5.0926575632e+08
-6.50000000 -7.00000000 	5.0926575632e+08
-6.50000000 -6.50000000 	5.0926575632e+08
-6.50000000 -6.00000000 	5.0926575632e+08
-6.50000000 -5.50000000 	5.0926575632e+08
-6.50000000 -5.00000000 	5.0926575632e+08
-6.50000000 -4.50000000 	5.0926575632e+08
-6.50000000 -4.00000000 	5.0926575632e+08
-6.50000000 -3.50000000 	5.0926575632e+08
-6.50000000 -3.00000000 	5.0926575632e+08
-6.50000000 -2.50000000 	5.0926575632e+08
-6.50000000 -2.00000000 	5.0926575632e+08
-6.50000000 -1.50000000 	5.0926575632e+08
-6.50000000 -1.00000000 	5.0926575632e+08
-6.50000000 -0.50000000 	5.0926575632e+08
-6.50000000 0.00000000 	5.0926575632e+08
-6.50000000 0.50000000 	5.0926575632e+08
-6.50000000 1.00000000 	5.0926575632e+08
-6.50000000 1.50000000 	5.0926575632e+08
-6.50000000 2.00000000 	5.0926575632e+08
-6.50000000 2.50000000 	5.0926575632e+08
-6.50000000 3.00000000 	5.0926575632e+08
-6.50000000 3.50000000 	5.0926575632e+08
-6.50000000 4.00000000 	5.0926575632e+08
-6.50000000 4.50000000 	5.0926575632e+08
-6.50000000 5.00000000 	5.0926575632e+08
-6.50000000 5.50000000 	5.0926575632e+08
-6.50000000 6.00000000 	5.0926575632e+08
-6.50000000 6.50000000 	5.0926575632e+08
-6.50000000 7.00000000 	5.0926575632e+08
-6.50000000 7.50000000 	5.0926575632e+08
-6.50000000 8.00000000 	5.0926575632e+08
-6.00000000 -12.00000000 	5.0258059846e+08
-6.00000000 -11.50000000 	5.0346973877e+08
-6.00000000 -11.00000000 	5.0645143474e+08
-6.00000000 -10.50000000 	5.0833457457e+08
-6.00000000 -10.00000000 	5.0903280891e+08
-6.00000000 -9.50000000 	5.0922907624e+08
-6.00000000 -9.00000000 	5.0926326224e+08
-6.00000000 -8.50000000 	5.0926575632e+08
-6.00000000 -8.00000000 	5.0926575632e+08
-6.00000000 -7.50000000 	5.0926575632e+08
-6.00000000 -7.00000000 	5.0926575632e+08
-6.00000000 -6.50000000 	5.0926575632e+08
-6.00000000 -6.00000000 	5.0926575632e+08
-6.00000000 -5.50000000 	5.0926575632e+08
-6.00000000 -5.00000000 	5.0926575632e+08
-6.00000000 -4.50000000 	5.0926575632e+08
-6.00000000 -4.00000000 	5.0926575632e+08
-6.00000000 -3.50000000 	5.0926575632e+08
-6.00000000 -3.00000000 	5.0926575632e+08
-6.00000000 -2.50000000 	5.0926575632e+08
-6.00000000 -2.00000000 	5.0926575632e+08
-6.00000000 -1.50000000 	5.0926575632e+08
-6.00000000 -1.00000000 	5.0926575632e+08
-6.00000000 -0.50000000 	5.0926575632e+08
-6.00000000 0.00000000 	5.0926575632e+08
-6.00000000 0.50000000 	5.0926575632e+08
-6.00000000 1.00000000 	5.0926575632e+08
-6.00000000 1.50000000 	5.0926575632e+08
-6.00000000 2.00000000 	5.0926575632e+08
-6.00000000 2.50000000 	5.0926575632e+08
-6.00000000 3.00000000 	5.0926575632e+08
-6.00000000 3.50000000 	5.0926575632e+08
-6.00000000 4.00000000 	5.0926575632e+08
-6.00000000 4.50000000 	5.0926575632e+08
-6.00000000 5.00000000 	5.0926575632e+08
-6.00000000 5.50000000 	5.0926575632e+08
-6.00000000 6.00000000 	5.0926575632e+08
-6.00000000 6.50000000 	5.0926575632e+08
-6.00000000 7.00000000 	5.0926575632e+08
-6.00000000 7.50000000 	5.0926575632e+08
-6.00000000 8.00000000 	5.0926575632e+08
-5.50000000 -12.00000000 	4.8449612548e+08
-5.50000000 -11.50000000 	4.8608164363e+08
-5.50000000 -11.00000000 	4.9473598279e+08
-5.50000000 -10.50000000 	5.0182127015e+08
-5.50000000 -10.00000000 	5.0632246709e+08
-5.50000000 -9.50000000 	5.0833457457e+08
-5.50000000 -9.00000000 	5.0903280891e+08
-5.50000000 -8.50000000 	5.0922907624e+08
-5.50000000 -8.00000000 	5.0926326224e+08
-5.50000000 -7.50000000 	5.0926575632e+08
-5.50000000 -7.00000000 	5.0926575632e+08
-5.50000000 -6.50000000 	5.0926575632e+08
-5.50000000 -6.00000000 	5.0926575632e+08
-5.50000000 -5.50000000 	5.0926575632e+08
-5.50000000 -5.00000000 	5.0926575632e+08
-5.50000000 -4.50000000 	5.0926575632e+08
-5.50000000 -4.00000000 	5.0926575632e+08
-5.50000000 -3.50000000 	5.0926575632e+08
-5.50000000 -3.00000000 	5.0926575632e+08
-5.50000000 -2.50000000 	5.0926575632e+08
-5.50000000 -2.00000000 	5.0926575632e+08
-5.50000000 -1.50000000 	5.0926575632e+08
-5.50000000 -1.00000000 	5.0926575632e+08
-5.50000000 -0.50000000 	5.0926575632e+08
-5.50000000 0.00000000 	5.0926575632e+08
-5.50000000 0.50000000 	5.0926575632e+08
-5.50000000 1.00000000 	5.0926575632e+08
-5.50000000 1.50000000 	5.0926575632e+08
-5.50000000 2.00000000 	5.0926575632e+08
-5.50000000 2.50000000 	5.0926575632e+08
-5.50000000 3.00000000 	5.0926575632e+08
-5.50000000 3.50000000 	5.0926575632e+08
-5.50000000 4.00000000 	5.0926575632e+08
-5.50000000 4.50000000 	5.0926575632e+08
-5.50000000 5.00000000 	5.0926575632e+08
-5.50000000 5.50000000 	5.0926575632e+08
-5.50000000 6.00000000 	5.0926575632e+08
-5.50000000 6.50000000 	5.0926575632e+08
-5.50000000 7.00000000 	5.0926575632e+08
-5.50000000 7.50000000 	5.0926575632e+08
-5.50000000 8.00000000 	5.0926575632e+08
-5.00000000 -12.00000000 	4.8267550226e+08
-5.00000000 -11.50000000 	4.7777245788e+08
-5.00000000 -11.00000000 	4.7775116788e+08
-5.00000000 -10.50000000 	4.8425426932e+08
-5.00000000 -10.00000000 	4.9456921182e+08
-5.00000000 -9.50000000 	5.0182127015e+08
-5.00000000 -9.00000000 	5.0632246709e+08
-5.00000000 -8.50000000 	5.0833457457e+08
-5.00000000 -8.00000000 	5.0903280891e+08
-5.00000000 -7.50000000 	5.0922907624e+08
-5.00000000 -7.00000000 	5.0926326224e+08
-5.00000000 -6.50000000 	5.0926575632e+08
-5.00000000 -6.00000000 	5.0926575632e+08
-5.00000000 -5.50000000 	5.0926575632e+08
-5.00000000 -5.00000000 	5.0926575632e+08
-5.00000000 -4.50000000 	5.0926575632e+08
-5.00000000 -4.00000000 	5.0926575632e+08
-5.00000000 -3.50000000 	5.0926575632e+08
-5.00000000 -3.00000000 	5.0926575632e+08
-5.00000000 -2.50000000 	5.0926575632e+08
-5.00000000 -2.00000000 	5.0926575632e+08
-5.00000000 -1.50000000 	5.0926575632e+08
-5.00000000 -1.00000000 	5.0926575632e+08
-5.00000000 -0.50000000 	5.0926575632e+08
-5.00000000 0.00000000 	5.0926575632e+08
-5.00000000 0.50000000 	5.0926575632e+08
-5.00000000 1.00000000 	5.0926575632e+08
-5.00000000 1.50000000 	5.0926575632e+08
-5.00000000 2.00000000 	5.0926575632e+08
-5.00000000 2.50000000 	5.0926575632e+08
-5.00000000 3.00000000 	5.0926575632e+08
-5.00000000 3.50000000 	5.0926575632e+08
-5.00000000 4.00000000 	5.0926575632e+08
-5.00000000 4.50000000 	5.0926575632e+08
-5.00000000 5.00000000 	5.0926575632e+08
-5.00000000 5.50000000 	5.0926575632e+08
-5.00000000 6.00000000 	5.0926575632e+08
-5.00000000 6.50000000 	5.0926575632e+08
-5.00000000 7.00000000 	5.0926575632e+08
-5.00000000 7.50000000 	5.0926575632e+08
-5.00000000 8.00000000 	5.0926575632e+08
-4.50000000 -12.00000000 	5.0078176632e+08
-4.50000000 -11.50000000 	4.9446368146e+08
-4.50000000 -11.00000000 	4.8425066329e+08
-4.50000000 -10.50000000 	4.7773055847e+08
-4.50000000 -10.00000000 	4.7773055847e+08
-4.50000000 -9.50000000 	4.8425426932e+08
-4.50000000 -9.00000000 	4.9456921182e+08
-4.50000000 -8.50000000 	5.0182127015e+08
-4.50000000 -8.00000000 	5.0632246709e+08
-4.50000000 -7.50000000 	5.0833457457e+08
-4.50000000 -7.00000000 	5.0903280891e+08
-4.50000000 -6.50000000 	5.0922907624e+08
-4.50000000 -6.00000000 	5.0926326224e+08
-4.50000000 -5.50000000 	5.0926575632e+08
-4.50000000 -5.00000000 	5.0926575632e+08
-4.50000000 -4.50000000 	5.0926575632e+08
-4.50000000 -4.00000000 	5.0926575632e+08
-4.50000000 -3.50000000 	5.0926575632e+08
-4.50000000 -3.00000000 	5.0926575632e+08
-4.50000000 -2.50000000 	5.0926575632e+08
-4.50000000 -2.00000000 	5.0926575632e+08
-4.50000000 -1.50000000 	5.0926575632e+08
-4.50000000 -1.00000000 	5.0926575632e+08
-4.50000000 -0.50000000 	5.0926575632e+08
-4.50000000 0.00000000 	5.0926575632e+08
-4.50000000 0.50000000 	5.0926575632e+08
-4.50000000 1.00000000 	5.0926575632e+08
-4.50000000 1.50000000 	5.0926575632e+08
-4.50000000 2.00000000 	5.0926575632e+08
-4.50000000 2.50000000 	5.0926575632e+08
-4.50000000 3.00000000 	5.0926575632e+08
-4.50000000 3.50000000 	5.0926575632e+08
-4.50000000 4.00000000 	5.0926575632e+08
-4.50000000 4.50000000 	5.0926575632e+08
-4.50000000 5.00000000 	5.0926575632e+08
-4.50000000 5.50000000 	5.0926575632e+08
-4.50000000 6.00000000 	5.0926575632e+08
-4.50000000 6.50000000 	5.0926575632e+08
-4.50000000 7.00000000 	5.0926575632e+08
-4.50000000 7.50000000 	5.0926575632e+08
-4.50000000 8.00000000 	5.0926575632e+08
-4.00000000 -12.00000000 	5.0820257056e+08
-4.00000000 -11.50000000 	5.0630763398e+08
-4.00000000 -11.00000000 	5.0182057762e+08
-4.00000000 -10.50000000 	4.9456921182e+08
-4.00000000 -10.00000000 	4.8425426932e+08
-4.00000000 -9.50000000 	4.7773055847e+08
-4.00000000 -9.00000000 	4.7773055847e+08
-4.00000000 -8.50000000 	4.8425426932e+08
-4.00000000 -8.00000000 	4.9456921182e+08
-4.00000000 -7.50000000 	5.0182127015e+08
-4.00000000 -7.00000000 	5.0632246709e+08
-4.00000000 -6.50000000 	5.0833457457e+08
-4.00000000 -6.00000000 	5.0903280891e+08
-4.00000000 -5.50000000 	5.0922907624e+08
-4.00000000 -5.00000000 	5.0926326224e+08
-4.00000000 -4.50000000 	5.0926575632e+08
-4.00000000 -4.00000000 	5.0926575632e+08
-4.00000000 -3.50000000 	5.0926575632e+08
-4.00000000 -3.00000000 	5.0926575632e+08
-4.00000000 -2.50000000 	5.0926575632e+08
-4.00000000 -2.00000000 	5.0926575632e+08
-4.00000000 -1.50000000 	5.0926575632e+08
-4.00000000 -1.00000000 	5.0926575632e+08
-4.00000000 -0.50000000 	5.0926575632e+08
-4.00000000 0.00000000 	5.0926575632e+08
-4.00000000 0.50000000 	5.0926575632e+08
-4.00000000 1.00000000 	5.0926575632e+08
-4.00000000 1.50000000 	5.0926575632e+08
-4.00000000 2.00000000 	5.0926575632e+08
-4.00000000 2.50000000 	5.0926575632e+08
-4.00000000 3.00000000 	5.0926575632e+08
-4.00000000 3.50000000 	5.0926575632e+08
-4.00000000 4.00000000 	5.0926575632e+08
-4.00000000 4.50000000 	5.0926575632e+08
-4.00000000 5.00000000 	5.0926575632e+08
-4.00000000 5.50000000 	5.0926575632e+08
-4.00000000 6.00000000 	5.0926575632e+08
-4.00000000 6.50000000 	5.0926575632e+08
-4.00000000 7.00000000 	5.0926575632e+08
-4.00000000 7.50000000 	5.0926575632e+08
-4.00000000 8.00000000 	5.0926575632e+08
-3.50000000 -12.00000000 	5.0922775162e+08
-3.50000000 -11.50000000 	5.0903280891e+08
-3.50000000 -11.00000000 	5.0833457457e+08
-3.50000000 -10.50000000 	5.0632246709e+08
-3.50000000 -10.00000000 	5.0182127015e+08
-3.50000000 -9.50000000 	4.9456921182e+08
-3.50000000 -9.00000000 	4.8425426932e+08
-3.50000000 -8.50000000 	4.7773055847e+08
-3.50000000 -8.00000000 	4.7773055847e+08
-3.50000000 -7.50000000 	4.8425426932e+08
-3.50000000 -7.00000000 	4.9456921182e+08
-3.50000000 -6.50000000 	5.0182127015e+08
-3.50000000 -6.00000000 	5.0632246709e+08
-3.50000000 -5.50000000 	5.0833457457e+08
-3.50000000 -5.00000000 	5.0903280891e+08
-3.50000000 -4.50000000 	5.0922907624e+08
-3.50000000 -4.00000000 	5.0926326224e+08
-3.50000000 -3.50000000 	5.0926575632e+08
-3.50000000 -3.00000000 	5.0926575632e+08
-3.50000000 -2.50000000 	5.0926575632e+08
-3.50000000 -2.00000000 	5.0926575632e+08
-3.50000000 -1.50000000 	5.0926575632e+08
-3.50000000 -1.00000000 	5.0926575632e+08
-3.50000000 -0.50000000 	5.0926575632e+08
-3.50000000 0.00000000 	5.0926575632e+08
-3.50000000 0.50000000 	5.0926575632e+08
-3.50000000 1.00000000 	5.0926575632e+08
-3.50000000 1.50000000 	5.0926575632e+08
-3.50000000 2.00000000 	5.0926575632e+08
-3.50000000 2.50000000 	5.0926575632e+08
-3.50000000 3.00000000 	5.0926575632e+08
-3.50000000 3.50000000 	5.0926575632e+08
-3.50000000 4.00000000 	5.0926575632e+08
-3.50000000 4.50000000 	5.0926575632e+08
-3.50000000 5.00000000 	5.0926575632e+08
-3.50000000 5.50000000 	5.0926575632e+08
-3.50000000 6.00000000 	5.0926575632e+08
-3.50000000 6.50000000 	5.0926575632e+08
-3.50000000 7.00000000 	5.0926575632e+08
-3.50000000 7.50000000 	5.0926575632e+08
-3.50000000 8.00000000 	5.0926575632e+08
-3.00000000 -12.00000000 	5.0926575632e+08
-3.00000000 -11.50000000 	5.0926326224e+08
-3.00000000 -11.00000000 	5.0922907624e+08
-3.00000000 -10.50000000 	5.0903280891e+08
-3.00000000 -10.00000000 	5.0833457457e+08
-3.00000000 -9.50000000 	5.0632246709e+08
-3.00000000 -9.00000000 	5.0182127015e+08
-3.00000000 -8.50000000 	4.9456921182e+08
-3.00000000 -8.00000000 	4.8425426932e+08
-3.00000000 -7.50000000 	4.7773055847e+08
-3.00000000 -7.00000000 	4.7773055847e+08
-3.00000000 -6.50000000 	4.8425426932e+08
-3.00000000 -6.00000000 	4.9456921182e+08
-3.00000000 -5.50000000 	5.0182127015e+08
-3.00000000 -5.00000000 	5.0632246709e+08
-3.00000000 -4.50000000 	5.0833457457e+08
-3.00000000 -4.00000000 	5.0903280891e+08
-3.00000000 -3.50000000 	5.0922907624e+08
-3.00000000 -3.00000000 	5.0926326224e+08
-3.00000000 -2.50000000 	5.0926575632e+08
-3.00000000 -2.00000000 	5.0926575632e+08
-3.00000000 -1.50000000 	5.0926575632e+08
-3.00000000 -1.00000000 	5.0926575632e+08
-3.00000000 -0.50000000 	5.0926575632e+08
-3.00000000 0.00000000 	5.0926575632e+08
-3.00000000 0.50000000 	5.0926575632e+08
-3.00000000 1.00000000 	5.0926575632e+08
-3.00000000 1.50000000 	5.0926575632e+08
-3.00000000 2.00000000 	5.0926575632e+08
-3.00000000 2.50000000 	5.0926575632e+08
-3.00000000 3.00000000 	5.0926575632e+08
-3.00000000 3.50000000 	5.0926575632e+08
-3.00000000 4.00000000 	5.0926575632e+08
-3.00000000 4.50000000 	5.0926575632e+08
-3.00000000 5.00000000 	5.0926575632e+08
-3.00000000 5.50000000 	5.0926575632e+08
-3.00000000 6.00000000 	5.0926575632e+08
-3.00000000 6.50000000 	5.0926575632e+08
-3.00000000 7.00000000 	5.0926575632e+08
-3.00000000 7.50000000 	5.0926575632e+08
-3.00000000 8.00000000 	5.0926575632e+08
-2.50000000 -12.00000000 	5.0926575632e+08
-2.50000000 -11.50000000 	5.0926575632e+08
-2.50000000 -11.00000000 	5.0926575632e+08
-2.50000000 -10.50000000 	5.0926326224e+08
-2.50000000 -10.00000000 	5.0922907624e+08
-2.50000000 -9.50000000 	5.0903280891e+08
-2.50000000 -9.00000000 	5.0833457457e+08
-2.50000000 -8.50000000 	5.0632246709e+08
-2.50000000 -8.00000000 	5.0182127015e+08
-2.50000000 -7.50000000 	4.9456921182e+08
-2.50000000 -7.00000000 	4.8425426932e+08
-2.50000000 -6.50000000 	4.7773055847e+08
-2.50000000 -6.00000000 	4.7773055847e+08
-2.50000000 -5.50000000 	4.8425426932e+08
-2.50000000 -5.00000000 	4.9456921182e+08
-2.50000000 -4.50000000 	5.0182127015e+08
-2.50000000 -4.00000000 	5.0632246709e+08
-2.50000000 -3.50000000 	5.0833457457e+08
-2.50000000 -3.00000000 	5.0903280891e+08
-2.50000000 -2.50000000 	5.0922907624e+08
-2.50000000 -2.00000000 	5.0926326224e+08
-2.50000000 -1.50000000 	5.0926575632e+08
-2.50000000 -1.00000000 	5.0926575632e+08
-2.50000000 -0.50000000 	5.0926575632e+08
-2.50000000 0.00000000 	5.0926575632e+08
-2.50000000 0.50000000 	5.0926575632e+08
-2.50000000 1.00000000 	5.0926575632e+08
-2.50000000 1.50000000 	5.0926575632e+08
-2.50000000 2.00000000 	5.0926575632e+08
-2.50000000 2.50000000 	5.0926575632e+08
-2.50000000 3.00000000 	5.0926575632e+08
-2.50000000 3.50000000 	5.0926575632e+08
-2.50000000 4.00000000 	5.0926575632e+08
-2.50000000 4.50000000 	5.0926575632e+08
-2.50000000 5.00000000 	5.0926575632e+08
-2.50000000 5.50000000 	5.0926575632e+08
-2.50000000 6.00000000 	5.0926575632e+08
-2.50000000 6.50000000 	5.0926575632e+08
-2.50000000 7.00000000 	5.0926575632e+08
-2.50000000 7.50000000 	5.0926575632e+08
-2.50000000 8.00000000 	5.0926575632e+08
-2.00000000 -12.00000000 	5.0926575632e+08
-2.00000000 -11.50000000 	5.0926575632e+08
-2.00000000 -11.00000000 	5.0926575632e+08
-2.00000000 -10.50000000 	5.0926575632e+08
-2.00000000 -10.00000000 	5.0926575632e+08
-2.00000000 -9.50000000 	5.0926326224e+08
-2.00000000 -9.00000000 	5.0922907624e+08
-2.00000000 -8.50000000 	5.0903280891e+08
-2.00000000 -8.00000000 	5.0833457457e+08
-2.00000000 -7.50000000 	5.0632246709e+08
-2.00000000 -7.00000000 	5.0182127015e+08
-2.00000000 -6.50000000 	4.9456921182e+08
-2.00000000 -6.00000000 	4.8425426932e+08
-2.00000000 -5.50000000 	4.7773055847e+08
-2.00000000 -5.00000000 	4.7773055847e+08
-2.00000000 -4.50000000 	4.8425426932e+08
-2.00000000 -4.00000000 	4.9456921182e+08
-2.00000000 -3.50000000 	5.0182127015e+08
-2.00000000 -3.00000000 	5.0632246709e+08
-2.00000000 -2.50000000 	5.0833457457e+08
-2.00000000 -2.00000000 	5.0903280891e+08
-2.00000000 -1.50000000 	5.0922907624e+08
-2.00000000 -1.00000000 	5.0926326224e+08
-2.00000000 -0.50000000 	5.0926575632e+08
-2.00000000 0.00000000 	5.0926575632e+08
-2.00000000 0.50000000 	5.0926575632e+08
-2.00000000 1.00000000 	5.0926575632e+08
-2.00000000 1.50000000 	5.0926575632e+08
-2.00000000 2.00000000 	5.0926575632e+08
-2.00000000 2.50000000 	5.0926575632e+08
-2.00000000 3.00000000 	5.0926575632e+08
-2.00000000 3.50000000 	5.0926575632e+08
-2.00000000 4.00000000 	5.0926575632e+08
-2.00000000 4.50000000 	5.0926575632e+08
-2.00000000 5.00000000 	5.0926575632e+08
-2.00000000 5.50000000 	5.0926575632e+08
-2.00000000 6.00000000 	5.0926575632e+08
-2.00000000 6.50000000 	5.0926575632e+08
-2.00000000 7.00000000 	5.0926575632e+08
-2.00000000 7.50000000 	5.0926575632e+08
-2.00000000 8.00000000 	5.0926575632e+08
-1.50000000 -12.00000000 	5.0926575632e+08
-1.50000000 -11.50000000 	5.0926575632e+08
-1.50000000 -11.00000000 	5.0926575632e+08
-1.50000000 -10.50000000 	5.0926575632e+08
-1.50000000 -10.00000000 	5.0926575632e+08
-1.50000000 -9.50000000 	5.0926575632e+08
-1.50000000 -9.00000000 	5.0926575632e+08
-1.50000000 -8.50000000 	5.0926326224e+08
-1.50000000 -8.00000000 	5.0922907624e+08
-1.50000000 -7.50000000 	5.0903280891e+08
-1.50000000 -7.00000000 	5.0833457457e+08
-1.50000000 -6.50000000 	5.0632246709e+08
-1.50000000 -6.00000000 	5.0182127015e+08
-1.50000000 -5.50000000 	4.9456921182e+08
-1.50000000 -5.00000000 	4.8425426932e+08
-1.50000000 -4.50000000 	4.7773055847e+08
-1.50000000 -4.00000000 	4.7773055847e+08
-1.50000000 -3.50000000 	4.8425426932e+08
-1.50000000 -3.00000000 	4.9456921182e+08
-1.50000000 -2.50000000 	5.0182127015e+08
-1.50000000 -2.00000000 	5.0632246709e+08
-1.50000000 -1.50000000 	5.0833457457e+08
-1.50000000 -1.00000000 	5.0903280891e+08
-1.50000000 -0.50000000 	5.0922907624e+08
-1.50000000 0.00000000 	5.0926326224e+08
-1.50000000 0.50000000 	5.0926575632e+08
-1.50000000 1.00000000 	5.0926575632e+08
-1.50000000 1.50000000 	5.0926575632e+08
-1.50000000 2.00000000 	5.0926575632e+08
-1.50000000 2.50000000 	5.0926575632e+08
-1.50000000 3.00000000 	5.0926575632e+08
-1.50000000 3.50000000 	5.0926575632e+08
-1.50000000 4.00000000 	5.0926575632e+08
-1.50000000 4.50000000 	5.0926575632e+08
-1.50000000 5.00000000 	5.0926575632e+08
-1.50000000 5.50000000 	5.0926575632e+08
-1.50000000 6.00000000 	5.0926575632e+08
-1.50000000 6.50000000 	5.0926575632e+08
-1.50000000 7.00000000 	5.0926575632e+08
-1.50000000 7.50000000 	5.0926575632e+08
-1.50000000 8.00000000 	5.0926575632e+08
-1.00000000 -12.00000000 	5.0926575632e+08
-1.00000000 -11.50000000 	5.0926575632e+08
-1.00000000 -11.00000000 	5.0926575632e+08
-1.00000000 -10.50000000 	5.0926575632e+08
-1.00000000 -10.00000000 	5.0926575632e+08
-1.00000000 -9.50000000 	5.0926575632e+08
-1.00000000 -9.00000000 	5.0926575632e+08
-1.00000000 -8.50000000 	5.0926575632e+08
-1.00000000 -8.00000000 	5.0926575632e+08
-1.00000000 -7.50000000 	5.0926326224e+08
-1.00000000 -7.00000000 	5.0922907624e+08
-1.00000000 -6.50000000 	5.0903280891e+08
-1.00000000 -6.00000000 	5.0833457457e+08
-1.00000000 -5.50000000 	5.0632246709e+08
-1.00000000 -5.00000000 	5.0182127015e+08
-1.00000000 -4.50000000 	4.9456921182e+08
-1.00000000 -4.00000000 	4.8425426932e+08
-1.00000000 -3.50000000 	4.7773055847e+08
-1.00000000 -3.00000000 	4.7773055847e+08
-1.00000000 -2.50000000 	4.8425426932e+08
-1.00000000 -2.00000000 	4.9456921182e+08
-1.00000000 -1.50000000 	5.0182127015e+08
-1.00000000 -1.00000000 	5.0632246709e+08
-1.00000000 -0.50000000 	5.0833457457e+08
-1.00000000 0.00000000 	5.0903280891e+08
-1.00000000 0.50000000 	5.0922907624e+08
-1.00000000 1.00000000 	5.0926326224e+08
-1.00000000 1.50000000 	5.0926575632e+08
-1.00000000 2.00000000 	5.0926575632e+08
-1.00000000 2.50000000 	5.0926575632e+08
-1.00000000 3.00000000 	5.0926575632e+08
-1.00000000 3.50000000 	5.0926575632e+08
-1.00000000 4.00000000 	5.0926575632e+08
-1.00000000 4.50000000 	5.0926575632e+08
-1.00000000 5.00000000 	5.0926575632e+08
-1.00000000 5.50000000 	5.0926575632e+08
-1.00000000 6.00000000 	5.0926575632e+08
-1.00000000 6.50000000 	5.0926575632e+08
-1.00000000 7.00000000 	5.0926575632e+08
-1.00000000 7.50000000 	5.0926575632e+08
-1.00000000 8.00000000 	5.0926575632e+08
-0.50000000 -12.00000000 	5.0926575632e+08
-0.50000000 -11.50000000 	5.0926575632e+08
-0.50000000 -11.00000000 	5.0926575632e+08
-0.50000000 -10.50000000 	5.0926575632e+08
-0.50000000 -10.00000000 	5.0926575632e+08
-0.50000000 -9.50000000 	5.0926575632e+08
-0.50000000 -9.00000000 	5.0926575632e+08
-0.50000000 -8.50000000 	5.0926575632e+08
-0.50000000 -8.00000000 	5.0926575632e+08
-0.50000000 -7.50000000 	5.0926575632e+08
-0.50000000 -7.00000000 	5.0926575632e+08
-0.50000000 -6.50000000 	5.0926326224e+08
-0.50000000 -6.00000000 	5.0922907624e+08
-0.50000000 -5.50000000 	5.0903280891e+08
-0.50000000 -5.00000000 	5.0833457457e+08
-0.50000000 -4.50000000 	5.0632246709e+08
-0.50000000 -4.00000000 	5.0182127015e+08
-0.50000000 -3.50000000 	4.9456921182e+08
-0.50000000 -3.00000000 	4.8425426932e+08
-0.50000000 -2.50000000 	4.7773055847e+08
-0.50000000 -2.00000000 	4.7773055847e+08
-0.50000000 -1.50000000 	4.8425426932e+08
-0.50000000 -1.00000000 	4.9456921182e+08
-0.50000000 -0.50000000 	5.0182127015e+08
-0.50000000 0.00000000 	5.0632246709e+08
-0.50000000 0.50000000 	5.0833457457e+08
-0.50000000 1.00000000 	5.0903280891e+08
-0.50000000 1.50000000 	5.0922907624e+08
-0.50000000 2.00000000 	5.0926326224e+08
-0.50000000 2.50000000 	5.0926575632e+08
-0.50000000 3.00000000 	5.0926575632e+08
-0.50000000 3.50000000 	5.0926575632e+08
-0.50000000 4.00000000 	5.0926575632e+08
-0.50000000 4.50000000 	5.0926575632e+08
-0.50000000 5.00000000 	5.0926575632e+08
-0.50000000 5.50000000 	5.0926575632e+08
-0.50000000 6.00000000 	5.0926575632e+08
-0.50000000 6.50000000 	5.0926575632e+08
-0.50000000 7.00000000 	5.0926575632e+08
-0.50000000 7.50000000 	5.0926575632e+08
-0.50000000 8.00000000 	5.0926575632e+08
0.00000000 -12.00000000 	5.0926575632e+08
0.00000000 -11.50000000 	5.0926575632e+08
0.00000000 -11.00000000 	5.0926575632e+08
0.00000000 -10.50000000 	5.0926575632e+08
0.00000000 -10.00000000 	5.0926575632e+08
0.00000000 -9.50000000 	5.0926575632e+08
0.00000000 -9.00000000 	5.0926575632e+08
0.00000000 -8.50000000 	5.0926575632e+08
0.00000000 -8.00000000 	5.0926575632e+08
0.00000000 -7.50000000 	5.0926575632e+08
0.00000000 -7.00000000 	5.0926575632e+08
0.00000000 -6.50000000 	5.0926575632e+08
0.00000000 -6.00000000 	5.0926575632e+08
0.00000000 -5.50000000 	5.0926326224e+08
0.00000000 -5.00000000 	5.0922907624e+08
0.00000000 -4.50000000 	5.0903280891e+08
0.00000000 -4.00000000 	5.0833457457e+08
0.00000000 -3.50000000 	5.0632246709e+08
0.00000000 -3.00000000 	5.0182127015e+08
0.00000000 -2.50000000 	4.9456921182e+08
0.00000000 -2.00000000 	4.8425426932e+08
0.00000000 -1.50000000 	4.7773055847e+08
0.00000000 -1.00000000 	4.7773055847e+08
0.00000000 -0.50000000 	4.8425426932e+08
0.00000000 0.00000000 	4.9456921182e+08
0.00000000 0.50000000 	5.0182127015e+08
0.00000000 1.00000000 	5.0632246709e+08
0.00000000 1.50000000 	5.0833457457e+08
0.00000000 2.00000000 	5.0903280891e+08
0.00000000 2.50000000 	5.0922907624e+08
0.00000000 3.00000000 	5.0926326224e+08
0.00000000 3.50000000 	5.0926575632e+08
0.00000000 4.00000000 	5.0926575632e+08
0.00000000 4.50000000 	5.0926575632e+08
0.00000000 5.00000000 	5.0926575632e+08
0.00000000 5.50000000 	5.0926575632e+08
0.00000000 6.00000000 	5.0926575632e+08
0.00000000 6.50000000 	5.0926575632e+08
0.00000000 7.00000000 	5.0926575632e+08
0.00000000 7.50000000 	5.0926575632e+08
0.00000000 8.00000000 	5.0926575632e+08
0.50000000 -12.00000000 	5.0926575632e+08
0.50000000 -11.50000000 	5.0926575632e+08
0.50000000 -11.00000000 	5.0926575632e+08
0.50000000 -10.50000000 	5.0926575632e+08
0.50000000 -10.00000000 	5.0926575632e+08
0.50000000 -9.50000000 	5.0926575632e+08
0.50000000 -9.00000000 	5.0926575632e+08
0.50000000 -8.50000000 	5.0926575632e+08
0.50000000 -8.00000000 	5.0926575632e+08
0.50000000 -7.50000000 	5.0926575632e+08
0.50000000 -7.00000000 	5.0926575632e+08
0.50000000 -6.50000000 	5.0926575632e+08
0.50000000 -6.00000000 	5.0926575632e+08
0.50000000 -5.50000000 	5.0926575632e+08
0.50000000 -5.00000000 	5.0926575632e+08
0.50000000 -4.50000000 	5.0926326224e+08
0.50000000 -4.00000000 	5.0922907624e+08
0.50000000 -3.50000000 	5.0903280891e+08
0.50000000 -3.00000000 	5.0833457457e+08
0.50000000 -2.50000000 	5.0632246709e+08
0.50000000 -2.00000000 	5.0182127015e+08
0.50000000 -1.50000000 	4.9456921182e+08
0.50000000 -1.00000000 	4.8425426932e+08
0.50000000 -0.50000000 	4.7773055847e+08
0.50000000 0.00000000 	4.7773055847e+08
0.50000000 0.50000000 	4.8425426932e+08
0.50000000 1.00000000 	4.9456921182e+08
0.50000000 1.50000000 	5.0182127015e+08
0.50000000 2.00000000 	5.0632246709e+08
0.50000000 2.50000000 	5.0833457457e+08
0.50000000 3.00000000 	5.0903280891e+08
0.50000000 3.50000000 	5.0922907624e+08
0.50000000 4.00000000 	5.0926326224e+08
0.50000000 4.50000000 	5.0926575632e+08
0.50000000 5.00000000 	5.0926575632e+08
0.50000000 5.50000000 	5.0926575632e+08
0.50000000 6.00000000 	5.0926575632e+08
0.50000000 6.50000000 	5.0926575632e+08
0.50000000 7.00000000 	5.0926575632e+08
0.50000000 7.50000000 	5.0926575632e+08
0.50000000 8.00000000 	5.0926575632e+08
1.00000000 -12.00000000 	5.0926575632e+08
1.00000000 -11.50000000 	5.0926575632e+08
1.00000000 -11.00000000 	5.0926575632e+08
1.00000000 -10.50000000 	5.0926575632e+08
1.00000000 -10.00000000 	5.0926575632e+08
1.00000000 -9.50000000 	5.0926575632e+08
1.00000000 -9.00000000 	5.0926575632e+08
1.00000000 -8.50000000 	5.0926575632e+08
1.00000000 -8.00000000 	5.0926575632e+08
1.00000000 -7.50000000 	5.0926575632e+08
1.00000000 -7.00000000 	5.0926575632e+08
1.00000000 -6.50000000 	5.0926575632e+08
1.00000000 -6.00000000 	5.0926575632e+08
1.00000000 -5.50000000 	5.0926575632e+08
1.00000000 -5.00000000 	5.0926575632e+08
1.00000000 -4.50000000 	5.0926575632e+08
1.00000000 -4.00000000 	5.0926575632e+08
1.00000000 -3.50000000 	5.0926326224e+08
1.00000000 -3.00000000 	5.0922907624e+08
1.00000000 -2.50000000 	5.0903280891e+08
1.00000000 -2.00000000 	5.0833457457e+08
1.00000000 -1.50000000 	5.0632246709e+08
1.00000000 -1.00000000 	5.0182127015e+08
1.00000000 -0.50000000 	4.9456921182e+08
1.00000000 0.00000000 	4.8425426932e+08
1.00000000 0.50000000 	4.7773055847e+08
1.00000000 1.00000000 	4.7773055847e+08
1.00000000 1.50000000 	4.8425496975e+08
1.00000000 2.00000000 	4.9458393163e+08
1.00000000 2.50000000 	5.0193819595e+08
1.00000000 3.00000000 	5.0672535128e+08
1.00000000 3.50000000 	5.0880038433e+08
1.00000000 4.00000000 	5.0923204816e+08
1.00000000 4.50000000 	5.0926575632e+08
1.00000000 5.00000000 	5.0926575632e+08
1.00000000 5.50000000 	5.0926575632e+08
1.00000000 6.00000000 	5.0926575632e+08
1.00000000 6.50000000 	5.0926575632e+08
1.00000000 7.00000000 	5.0926575632e+08
1.00000000 7.50000000 	5.0926575632e+08
1.00000000 8.00000000 	5.0926575632e+08
1.50000000 -12.00000000 	5.0926575632e+08
1.50000000 -11.50000000 	5.0926575632e+08
1.50000000 -11.00000000 	5.0926575632e+08
1.50000000 -10.50000000 	5.0926575632e+08
1.50000000 -10.00000000 	5.0926575632e+08
1.50000000 -9.50000000 	5.0926575632e+08
1.50000000 -9.00000000 	5.0926575632e+08
1.50000000 -8.50000000 	5.0926575632e+08
1.50000000 -8.00000000 	5.0926575632e+08
1.50000000 -7.50000000 	5.0926575632e+08
1.50000000 -7.00000000 	5.0926575632e+08
1.50000000 -6.50000000 	5.0926575632e+08
1.50000000 -6.00000000 	5.0926575632e+08
1.50000000 -5.50000000 	5.0926575632e+08
1.50000000 -5.00000000 	5.0926575632e+08
1.50000000 -4.50000000 	5.0926575632e+08
1.50000000 -4.00000000 	5.0926575632e+08
1.50000000 -3.50000000 	5.0926575632e+08
1.50000000 -3.00000000 	5.0926575632e+08
1.50000000 -2.50000000 	5.0926326224e+08
1.50000000 -2.00000000 	5.0922907624e+08
1.50000000 -1.50000000 	5.0903280891e+08
1.50000000 -1.00000000 	5.0833457457e+08
1.50000000 -0.50000000 	5.0632246709e+08
1.50000000 0.00000000 	5.0182127015e+08
1.50000000 0.50000000 	4.9456861304e+08
1.50000000 1.00000000 	4.8424905541e+08
1.50000000 1.50000000 	4.7772922889e+08
1.50000000 2.00000000 	4.7789943798e+08
1.50000000 2.50000000 	4.8545235707e+08
1.50000000 3.00000000 	4.9886782569e+08
1.50000000 3.50000000 	5.0714583325e+08
1.50000000 4.00000000 	5.0910193638e+08
1.50000000 4.50000000 	5.0926575632e+08
1.50000000 5.00000000 	5.0926575632e+08
1.50000000 5.50000000 	5.0926575632e+08
1.50000000 6.00000000 	5.0926575632e+08
1.50000000 6.50000000 	5.0926575632e+08
1.50000000 7.00000000 	5.0926575632e+08
1.50000000 7.50000000 	5.0926575632e+08
1.50000000 8.00000000 	5.0926575632e+08
2.00000000 -12.00000000 	5.0926575632e+08
2.00000000 -11.50000000 	5.0926575632e+08
2.00000000 -11.00000000 	5.0926575632e+08
2.00000000 -10.50000000 	5.0926575632e+08
2.00000000 -10.00000000 	5.0926575632e+08
2.00000000 -9.50000000 	5.0926575632e+08
2.00000000 -9.00000000 	5.0926575632e+08
2.00000000 -8.50000000 	5.0926575632e+08
2.00000000 -8.00000000 	5.0926575632e+08
2.00000000 -7.50000000 	5.0926575632e+08
2.00000000 -7.00000000 	5.0926575632e+08
2.00000000 -6.50000000 	5.0926575632e+08
2.00000000 -6.00000000 	5.0926575632e+08
2.00000000 -5.50000000 	5.0926575632e+08
2.00000000 -5.00000000 	5.0926575632e+08
2.00000000 -4.50000000 	5.0926575632e+08
2.00000000 -4.00000000 	5.0926575632e+08
2.00000000 -3.50000000 	5.0926575632e+08
2.00000000 -3.00000000 	5.0926575632e+08
2.00000000 -2.50000000 	5.0926575632e+08
2.00000000 -2.00000000 	5.0926575632e+08
2.00000000 -1.50000000 	5.0926326224e+08
2.00000000 -1.00000000 	5.0922907624e+08
2.00000000 -0.50000000 	5.0903178132e+08
2.00000000 0.00000000 	5.0832285332e+08
2.00000000 0.50000000 	5.0626214609e+08
2.00000000 1.00000000 	5.0160376797e+08
2.00000000 1.50000000 	4.9407690575e+08
2.00000000 2.00000000 	4.8415680121e+08
2.00000000 2.50000000 	4.8093291660e+08
2.00000000 3.00000000 	4.9266894864e+08
2.00000000 3.50000000 	5.0538577430e+08
2.00000000 4.00000000 	5.0893853672e+08
2.00000000 4.50000000 	5.0926575632e+08
2.00000000 5.00000000 	5.0926575632e+08
2.00000000 5.50000000 	5.0926575632e+08
2.00000000 6.00000000 	5.0926575632e+08
2.00000000 6.50000000 	5.0926575632e+08
2.00000000 7.00000000 	5.0926575632e+08
2.00000000 7.50000000 	5.0926575632e+08
2.00000000 8.00000000 	5.0926575632e+08
