-8.00000000 -12.00000000 	5.0926575632e+08
-8.00000000 -11.50000000 	5.0926575632e+08
-8.00000000 -11.00000000 	5.0926575632e+08
-8.00000000 -10.50000000 	5.0912812020e+08
-8.00000000 -10.00000000 	5.0805479925e+08
-8.00000000 -9.50000000 	5.0433794904e+08
-8.00000000 -9.00000000 	4.9691866363e+08
-8.00000000 -8.50000000 	4.8787078994e+08
-8.00000000 -8.00000000 	4.8199233524e+08
-8.00000000 -7.50000000 	4.8277661994e+08
-8.00000000 -7.00000000 	4.8930674209e+08
-8.00000000 -6.50000000 	4.9752250002e+08
-8.00000000 -6.00000000 	5.0388094201e+08
-8.00000000 -5.50000000 	5.0736328678e+08
-8.00000000 -5.00000000 	5.0876189066e+08
-8.00000000 -4.50000000 	5.0917119878e+08
-8.00000000 -4.00000000 	5.0925453005e+08
-8.00000000 -3.50000000 	5.0926512207e+08
-8.00000000 -3.00000000 	5.0926575632e+08
-8.00000000 -2.50000000 	5.0926575632e+08
-8.00000000 -2.00000000 	5.0926575632e+08
-8.00000000 -1.50000000 	5.0926575632e+08
-8.00000000 -1.00000000 	5.0926575632e+08
-8.00000000 -0.50000000 	5.0926575632e+08
-8.00000000 0.00000000 	5.0926575632e+08
-8.00000000 0.50000000 	5.0926575632e+08
-8.00000000 1.00000000 	5.0926575632e+08
-8.00000000 1.50000000 	5.0926575632e+08
-8.00000000 2.00000000 	5.0926575632e+08
-8.00000000 2.50000000 	5.0926575632e+08
-8.00000000 3.00000000 	5.0926575632e+08
-8.00000000 3.50000000 	5.0926575632e+08
-8.00000000 4.00000000 	5.0926575632e+08
-8.00000000 4.50000000 	5.0926575632e+08
-8.00000000 5.00000000 	5.0926575632e+08
-8.00000000 5.50000000 	5.0926575632e+08
-8.00000000 6.00000000 	5.0926575632e+08
-8.00000000 6.50000000 	5.0926575632e+08
-8.00000000 7.00000000 	5.0926575632e+08
-8.00000000 7.50000000 	5.0926575632e+08
-8.00000000 8.00000000 	5.0926575632e+08
-7.50000000 -12.00000000 	5.0926575632e+08
-7.50000000 -11.50000000 	5.0926575632e+08
-7.50000000 -11.00000000 	5.0926575632e+08
-7.50000000 -10.50000000 	5.0915858911e+08
-7.50000000 -10.00000000 	5.0829509067e+08
-7.50000000 -9.50000000 	5.0516653691e+08
-7.50000000 -9.00000000 	4.9849442249e+08
-7.50000000 -8.50000000 	4.8942308156e+08
-7.50000000 -8.00000000 	4.8188748168e+08
-7.50000000 -7.50000000 	4.7979301866e+08
-7.50000000 -7.00000000 	4.8388761435e+08
-7.50000000 -6.50000000 	4.9155859967e+08
-7.50000000 -6.00000000 	4.9922908467e+08
-7.50000000 -5.50000000 	5.0468315288e+08
-7.50000000 -5.00000000 	5.0761620960e+08
-7.50000000 -4.50000000 	5.0881515656e+08
-7.50000000 -4.00000000 	5.0917808512e+08
-7.50000000 -3.50000000 	5.0925494617e+08
-7.50000000 -3.00000000 	5.0926512207e+08
-7.50000000 -2.50000000 	5.0926575632e+08
-7.50000000 -2.00000000 	5.0926575632e+08
-7.50000000 -1.50000000 	5.0926575632e+08
-7.50000000 -1.00000000 	5.0926575632e+08
-7.50000000 -0.50000000 	5.0926575632e+08
-7.50000000 0.00000000 	5.0926575632e+08
-7.50000000 0.50000000 	5.0926575632e+08
-7.50000000 1.00000000 	5.0926575632e+08
-7.50000000 1.50000000 	5.0926575632e+08
-7.50000000 2.00000000 	5.0926575632e+08
-7.50000000 2.50000000 	5.0926575632e+08
-7.50000000 3.00000000 	5.0926575632e+08
-7.50000000 3.50000000 	5.0926575632e+08
-7.50000000 4.00000000 	5.0926575632e+08
-7.50000000 4.50000000 	5.0926575632e+08
-7.50000000 5.00000000 	5.0926575632e+08
-7.50000000 5.50000000 	5.0926575632e+08
-7.50000000 6.00000000 	5.0926575632e+08
-7.50000000 6.50000000 	5.0926575632e+08
-7.50000000 7.00000000 	5.0926575632e+08
-7.50000000 7.50000000 	5.0926575632e+08
-7.50000000 8.00000000 	5.0926575632e+08
-7.00000000 -12.00000000 	5.0926575632e+08
-7.00000000 -11.50000000 	5.0926575632e+08
-7.00000000 -11.00000000 	5.0926575632e+08
-7.00000000 -10.50000000 	5.0920433335e+08
-7.00000000 -10.00000000 	5.0867942237e+08
-7.00000000 -9.50000000 	5.0662174201e+08
-7.00000000 -9.00000000 	5.0172990280e+08
-7.00000000 -8.50000000 	4.9393413964e+08
-7.00000000 -8.00000000 	4.8543505948e+08
-7.00000000 -7.50000000 	4.7974848718e+08
-7.00000000 -7.00000000 	4.7938231171e+08
-7.00000000 -6.50000000 	4.8423532010e+08
-7.00000000 -6.00000000 	4.9190421193e+08
-7.00000000 -5.50000000 	4.9937837538e+08
-7.00000000 -5.00000000 	5.0471979511e+08
-7.00000000 -4.50000000 	5.0762126981e+08
-7.00000000 -4.00000000 	5.0881547243e+08
-7.00000000 -3.50000000 	5.0917808512e+08
-7.00000000 -3.00000000 	5.0925494617e+08
-7.00000000 -2.50000000 	5.0926512207e+08
-7.00000000 -2.00000000 	5.0926575632e+08
-7.00000000 -1.50000000 	5.0926575632e+08
-7.00000000 -1.00000000 	5.0926575632e+08
-7.00000000 -0.50000000 	5.0926575632e+08
-7.00000000 0.00000000 	5.0926575632e+08
-7.00000000 0.50000000 	5.0926575632e+08
-7.00000000 1.00000000 	5.0926575632e+08
-7.00000000 1.50000000 	5.0926575632e+08
-7.00000000 2.00000000 	5.0926575632e+08
-7.00000000 2.50000000 	5.0926575632e+08
-7.00000000 3.00000000 	5.0926575632e+08
-7.00000000 3.50000000 	5.0926575632e+08
-7.00000000 4.00000000 	5.0926575632e+08
-7.00000000 4.50000000 	5.0926575632e+08
-7.00000000 5.00000000 	5.0926575632e+08
-7.00000000 5.50000000 	5.0926575632e+08
-7.00000000 6.00000000 	5.0926575632e+08
-7.00000000 6.50000000 	5.0926575632e+08
-7.00000000 7.00000000 	5.0926575632e+08
-7.00000000 7.50000000 	5.0926575632e+08
-7.00000000 8.00000000 	5.0926575632e+08
-6.50000000 -12.00000000 	5.0926575632e+08
-6.50000000 -11.50000000 	5.0926575632e+08
-6.50000000 -11.00000000 	5.0926575632e+08
-6.50000000 -10.50000000 	5.0924162899e+08
-6.50000000 -10.00000000 	5.0901511601e+08
-6.50000000 -9.50000000 	5.0801360256e+08
-6.50000000 -9.00000000 	5.0523785099e+08
-6.50000000 -8.50000000 	4.9985419144e+08
-6.50000000 -8.00000000 	4.9221938388e+08
-6.50000000 -7.50000000 	4.8439682851e+08
-6.50000000 -7.00000000 	4.7938046641e+08
-6.50000000 -6.50000000 	4.7935351517e+08
-6.50000000 -6.00000000 	4.8427380786e+08
-6.50000000 -5.50000000 	4.9192276010e+08
-6.50000000 -5.00000000 	4.9938188410e+08
-6.50000000 -4.50000000 	5.0472004115e+08
-6.50000000 -4.00000000 	5.0762126981e+08
-6.50000000 -3.50000000 	5.0881547243e+08
-6.50000000 -3.00000000 	5.0917808512e+08
-6.50000000 -2.50000000 	5.0925494617e+08
-6.50000000 -2.00000000 	5.0926512207e+08
-6.50000000 -1.50000000 	5.0926575632e+08
-6.50000000 -1.00000000 	5.0926575632e+08
-6.50000000 -0.50000000 	5.0926575632e+08
-6.50000000 0.00000000 	5.0926575632e+08
-6.50000000 0.50000000 	5.0926575632e+08
-6.50000000 1.00000000 	5.0926575632e+08
-6.50000000 1.50000000 	5.0926575632e+08
-6.50000000 2.00000000 	5.0926575632e+08
-6.50000000 2.50000000 	5.0926575632e+08
-6.50000000 3.00000000 	5.0926575632e+08
-6.50000000 3.50000000 	5.0926575632e+08
-6.50000000 4.00000000 	5.0926575632e+08
-6.50000000 4.50000000 	5.0926575632e+08
-6.50000000 5.00000000 	5.0926575632e+08
-6.50000000 5.50000000 	5.0926575632e+08
-6.50000000 6.00000000 	5.0926575632e+08
-6.50000000 6.50000000 	5.0926575632e+08
-6.50000000 7.00000000 	5.0926575632e+08
-6.50000000 7.50000000 	5.0926575632e+08
-6.50000000 8.00000000 	5.0926575632e+08
-6.00000000 -12.00000000 	5.0926575632e+08
-6.00000000 -11.50000000 	5.0926575632e+08
-6.00000000 -11.00000000 	5.0926575632e+08
-6.00000000 -10.50000000 	5.0925998056e+08
-6.00000000 -10.00000000 	5.0919606784e+08
-6.00000000 -9.50000000 	5.0885359674e+08
-6.00000000 -9.00000000 	5.0767444351e+08
-6.00000000 -8.50000000 	5.0477099126e+08
-6.00000000 -8.00000000 	4.9941573263e+08
-6.00000000 -7.50000000 	4.9193817867e+08
-6.00000000 -7.00000000 	4.8427913921e+08
-6.00000000 -6.50000000 	4.7935297258e+08
-6.00000000 -6.00000000 	4.7935231515e+08
-6.00000000 -5.50000000 	4.8427474608e+08
-6.00000000 -5.00000000 	4.9192291252e+08
-6.00000000 -4.50000000 	4.9938188410e+08
-6.00000000 -4.00000000 	5.0472004115e+08
-6.00000000 -3.50000000 	5.0762126981e+08
-6.00000000 -3.00000000 	5.0881547243e+08
-6.00000000 -2.50000000 	5.0917808512e+08
-6.00000000 -2.00000000 	5.0925494617e+08
-6.00000000 -1.50000000 	5.0926512207e+08
-6.00000000 -1.00000000 	5.0926575632e+08
-6.00000000 -0.50000000 	5.0926575632e+08
-6.00000000 0.00000000 	5.0926575632e+08
-6.00000000 0.50000000 	5.0926575632e+08
-6.00000000 1.00000000 	5.0926575632e+08
-6.00000000 1.50000000 	5.0926575632e+08
-6.00000000 2.00000000 	5.0926575632e+08
-6.00000000 2.50000000 	5.0926575632e+08
-6.00000000 3.00000000 	5.0926575632e+08
-6.00000000 3.50000000 	5.0926575632e+08
-6.00000000 4.00000000 	5.0926575632e+08
-6.00000000 4.50000000 	5.0926575632e+08
-6.00000000 5.00000000 	5.0926575632e+08
-6.00000000 5.50000000 	5.0926575632e+08
-6.00000000 6.00000000 	5.0926575632e+08
-6.00000000 6.50000000 	5.0926575632e+08
-6.00000000 7.00000000 	5.0926575632e+08
-6.00000000 7.50000000 	5.0926575632e+08
-6.00000000 8.00000000 	5.0926575632e+08
-5.50000000 -12.00000000 	5.0926575632e+08
-5.50000000 -11.50000000 	5.0926575632e+08
-5.50000000 -11.00000000 	5.0926575632e+08
-5.50000000 -10.50000000 	5.0926512207e+08
-5.50000000 -10.00000000 	5.0925494617e+08
-5.50000000 -9.50000000 	5.0917808512e+08
-5.50000000 -9.00000000 	5.0881547243e+08
-5.50000000 -8.50000000 	5.0762126981e+08
-5.50000000 -8.00000000 	5.0472004115e+08
-5.50000000 -7.50000000 	4.9938188410e+08
-5.50000000 -7.00000000 	4.9192291252e+08
-5.50000000 -6.50000000 	4.8427474608e+08
-5.50000000 -6.00000000 	4.7935227373e+08
-5.50000000 -5.50000000 	4.7935227373e+08
-5.50000000 -5.00000000 	4.8427474608e+08
-5.50000000 -4.50000000 	4.9192291252e+08
-5.50000000 -4.00000000 	4.9938188410e+08
-5.50000000 -3.50000000 	5.0472004115e+08
-5.50000000 -3.00000000 	5.0762126981e+08
-5.50000000 -2.50000000 	5.0881547243e+08
-5.50000000 -2.00000000 	5.0917808512e+08
-5.50000000 -1.50000000 	5.0925494617e+08
-5.50000000 -1.00000000 	5.0926512207e+08
-5.50000000 -0.50000000 	5.0926575632e+08
-5.50000000 0.00000000 	5.0926575632e+08
-5.50000000 0.50000000 	5.0926575632e+08
-5.50000000 1.00000000 	5.0926575632e+08
-5.50000000 1.50000000 	5.0926575632e+08
-5.50000000 2.00000000 	5.0926575632e+08
-5.50000000 2.50000000 	5.0926575632e+08
-5.50000000 3.00000000 	5.0926575632e+08
-5.50000000 3.50000000 	5.0926575632e+08
-5.50000000 4.00000000 	5.0926575632e+08
-5.50000000 4.50000000 	5.0926575632e+08
-5.50000000 5.00000000 	5.0926575632e+08
-5.50000000 5.50000000 	5.0926575632e+08
-5.50000000 6.00000000 	5.0926575632e+08
-5.50000000 6.50000000 	5.0926575632e+08
-5.50000000 7.00000000 	5.0926575632e+08
-5.50000000 7.50000000 	5.0926575632e+08
-5.50000000 8.00000000 	5.0926575632e+08
-5.00000000 -12.00000000 	5.0926575632e+08
-5.00000000 -11.50000000 	5.0926575632e+08
-5.00000000 -11.00000000 	5.0926575632e+08
-5.00000000 -10.50000000 	5.0926575632e+08
-5.00000000 -10.00000000 	5.0926512207e+08
-5.00000000 -9.50000000 	5.0925494617e+08
-5.00000000 -9.00000000 	5.0917808512e+08
-5.00000000 -8.50000000 	5.0881547243e+08
-5.00000000 -8.00000000 	5.0762126981e+08
-5.00000000 -7.50000000 	5.0472004115e+08
-5.00000000 -7.00000000 	4.9938188410e+08
-5.00000000 -6.50000000 	4.9192291252e+08
-5.00000000 -6.00000000 	4.8427474608e+08
-5.00000000 -5.50000000 	4.7935227373e+08
-5.00000000 -5.00000000 	4.7935227373e+08
-5.00000000 -4.50000000 	4.8427474608e+08
-5.00000000 -4.00000000 	4.9192291252e+08
-5.00000000 -3.50000000 	4.9938188410e+08
-5.00000000 -3.00000000 	5.0472004115e+08
-5.00000000 -2.50000000 	5.0762126981e+08
-5.00000000 -2.00000000 	5.0881547243e+08
-5.00000000 -1.50000000 	5.0917808512e+08
-5.00000000 -1.00000000 	5.0925494617e+08
-5.00000000 -0.50000000 	5.0926512207e+08
-5.00000000 0.00000000 	5.0926575632e+08
-5.00000000 0.50000000 	5.0926575632e+08
-5.00000000 1.00000000 	5.0926575632e+08
-5.00000000 1.50000000 	5.0926575632e+08
-5.00000000 2.00000000 	5.0926575632e+08
-5.00000000 2.50000000 	5.0926575632e+08
-5.00000000 3.00000000 	5.0926575632e+08
-5.00000000 3.50000000 	5.0926575632e+08
-5.00000000 4.00000000 	5.0926575632e+08
-5.00000000 4.50000000 	5.0926575632e+08
-5.00000000 5.00000000 	5.0926575632e+08
-5.00000000 5.50000000 	5.0926575632e+08
-5.00000000 6.00000000 	5.0926575632e+08
-5.00000000 6.50000000 	5.0926575632e+08
-5.00000000 7.00000000 	5.0926575632e+08
-5.00000000 7.50000000 	5.0926575632e+08
-5.00000000 8.00000000 	5.0926575632e+08
-4.50000000 -12.00000000 	5.0926575632e+08
-4.50000000 -11.50000000 	5.0926575632e+08
-4.50000000 -11.00000000 	5.0926575632e+08
-4.50000000 -10.50000000 	5.0926575632e+08
-4.50000000 -10.00000000 	5.0926575632e+08
-4.50000000 -9.50000000 	5.0926512207e+08
-4.50000000 -9.00000000 	5.0925494617e+08
-4.50000000 -8.50000000 	5.0917808512e+08
-4.50000000 -8.00000000 	5.0881547243e+08
-4.50000000 -7.50000000 	5.0762126981e+08
-4.50000000 -7.00000000 	5.0472004115e+08
-4.50000000 -6.50000000 	4.9938188410e+08
-4.50000000 -6.00000000 	4.9192291252e+08
-4.50000000 -5.50000000 	4.8427474608e+08
-4.50000000 -5.00000000 	4.7935227373e+08
-4.50000000 -4.50000000 	4.7935227373e+08
-4.50000000 -4.00000000 	4.8427474608e+08
-4.50000000 -3.50000000 	4.9192291252e+08
-4.50000000 -3.00000000 	4.9938188410e+08
-4.50000000 -2.50000000 	5.0472004115e+08
-4.50000000 -2.00000000 	5.0762126981e+08
-4.50000000 -1.50000000 	5.0881547243e+08
-4.50000000 -1.00000000 	5.0917808512e+08
-4.50000000 -0.50000000 	5.0925494617e+08
-4.50000000 0.00000000 	5.0926512207e+08
-4.50000000 0.50000000 	5.0926575632e+08
-4.50000000 1.00000000 	5.0926575632e+08
-4.50000000 1.50000000 	5.0926575632e+08
-4.50000000 2.00000000 	5.0926575632e+08
-4.50000000 2.50000000 	5.0926575632e+08
-4.50000000 3.00000000 	5.0926575632e+08
-4.50000000 3.50000000 	5.0926575632e+08
-4.50000000 4.00000000 	5.0926575632e+08
-4.50000000 4.50000000 	5.0926575632e+08
-4.50000000 5.00000000 	5.0926575632e+08
-4.50000000 5.50000000 	5.0926575632e+08
-4.50000000 6.00000000 	5.0926575632e+08
-4.50000000 6.50000000 	5.0926575632e+08
-4.50000000 7.00000000 	5.0926575632e+08
-4.50000000 7.50000000 	5.0926575632e+08
-4.50000000 8.00000000 	5.0926575632e+08
-4.00000000 -12.00000000 	5.0926575632e+08
-4.00000000 -11.50000000 	5.0926575632e+08
-4.00000000 -11.00000000 	5.0926575632e+08
-4.00000000 -10.50000000 	5.0926575632e+08
-4.00000000 -10.00000000 	5.0926575632e+08
-4.00000000 -9.50000000 	5.0926575632e+08
-4.00000000 -9.00000000 	5.0926512207e+08
-4.00000000 -8.50000000 	5.0925494617e+08
-4.00000000 -8.00000000 	5.0917808512e+08
-4.00000000 -7.50000000 	5.0881547243e+08
-4.00000000 -7.00000000 	5.0762126981e+08
-4.00000000 -6.50000000 	5.0472004115e+08
-4.00000000 -6.00000000 	4.9938188410e+08
-4.00000000 -5.50000000 	4.9192291252e+08
-4.00000000 -5.00000000 	4.8427474608e+08
-4.00000000 -4.50000000 	4.7935227373e+08
-4.00000000 -4.00000000 	4.7935227373e+08
-4.00000000 -3.50000000 	4.8427474608e+08
-4.00000000 -3.00000000 	4.9192291252e+08
-4.00000000 -2.50000000 	4.9938188410e+08
-4.00000000 -2.00000000 	5.0472004115e+08
-4.00000000 -1.50000000 	5.0762126981e+08
-4.00000000 -1.00000000 	5.0881547243e+08
-4.00000000 -0.50000000 	5.0917808512e+08
-4.00000000 0.00000000 	5.0925494617e+08
-4.00000000 0.50000000 	5.0926512207e+08
-4.00000000 1.00000000 	5.0926575632e+08
-4.00000000 1.50000000 	5.0926575632e+08
-4.00000000 2.00000000 	5.0926575632e+08
-4.00000000 2.50000000 	5.0926575632e+08
-4.00000000 3.00000000 	5.0926575632e+08
-4.00000000 3.50000000 	5.0926575632e+08
-4.00000000 4.00000000 	5.0926575632e+08
-4.00000000 4.50000000 	5.0926575632e+08
-4.00000000 5.00000000 	5.0926575632e+08
-4.00000000 5.50000000 	5.0926575632e+08
-4.00000000 6.00000000 	5.0926575632e+08
-4.00000000 6.50000000 	5.0926575632e+08
-4.00000000 7.00000000 	5.0926575632e+08
-4.00000000 7.50000000 	5.0926575632e+08
-4.00000000 8.00000000 	5.0926575632e+08
-3.50000000 -12.00000000 	5.0926575632e+08
-3.50000000 -11.50000000 	5.0926575632e+08
-3.50000000 -11.00000000 	5.0926575632e+08
-3.50000000 -10.50000000 	5.0926575632e+08
-3.50000000 -10.00000000 	5.0926575632e+08
-3.50000000 -9.50000000 	5.0926575632e+08
-3.50000000 -9.00000000 	5.0926575632e+08
-3.50000000 -8.50000000 	5.0926512207e+08
-3.50000000 -8.00000000 	5.0925494617e+08
-3.50000000 -7.50000000 	5.0917808512e+08
-3.50000000 -7.00000000 	5.0881547243e+08
-3.50000000 -6.50000000 	5.0762126981e+08
-3.50000000 -6.00000000 	5.0472004115e+08
-3.50000000 -5.50000000 	4.9938188410e+08
-3.50000000 -5.00000000 	4.9192291252e+08
-3.50000000 -4.50000000 	4.8427474608e+08
-3.50000000 -4.00000000 	4.7935227373e+08
-3.50000000 -3.50000000 	4.7935227373e+08
-3.50000000 -3.00000000 	4.8427474608e+08
-3.50000000 -2.50000000 	4.9192291252e+08
-3.50000000 -2.00000000 	4.9938188410e+08
-3.50000000 -1.50000000 	5.0472004115e+08
-3.50000000 -1.00000000 	5.0762126981e+08
-3.50000000 -0.50000000 	5.0881547243e+08
-3.50000000 0.00000000 	5.0917808512e+08
-3.50000000 0.50000000 	5.0925494617e+08
-3.50000000 1.00000000 	5.0926512207e+08
-3.50000000 1.50000000 	5.0926575632e+08
-3.50000000 2.00000000 	5.0926575632e+08
-3.50000000 2.50000000 	5.0926575632e+08
-3.50000000 3.00000000 	5.0926575632e+08
-3.50000000 3.50000000 	5.0926575632e+08
-3.50000000 4.00000000 	5.0926575632e+08
-3.50000000 4.50000000 	5.0926575632e+08
-3.50000000 5.00000000 	5.0926575632e+08
-3.50000000 5.50000000 	5.0926575632e+08
-3.50000000 6.00000000 	5.0926575632e+08
-3.50000000 6.50000000 	5.0926575632e+08
-3.50000000 7.00000000 	5.0926575632e+08
-3.50000000 7.50000000 	5.0926575632e+08
-3.50000000 8.00000000 	5.0926575632e+08
-3.00000000 -12.00000000 	5.0926575632e+08
-3.00000000 -11.50000000 	5.0926575632e+08
-3.00000000 -11.00000000 	5.0926575632e+08
-3.00000000 -10.50000000 	5.0926575632e+08
-3.00000000 -10.00000000 	5.0926575632e+08
-3.00000000 -9.50000000 	5.0926575632e+08
-3.00000000 -9.00000000 	5.0926575632e+08
-3.00000000 -8.50000000 	5.0926575632e+08
-3.00000000 -8.00000000 	5.0926512207e+08
-3.00000000 -7.50000000 	5.0925494617e+08
-3.00000000 -7.00000000 	5.0917808512e+08
-3.00000000 -6.50000000 	5.0881547243e+08
-3.00000000 -6.00000000 	5.0762126981e+08
-3.00000000 -5.50000000 	5.0472004115e+08
-3.00000000 -5.00000000 	4.9938188410e+08
-3.00000000 -4.50000000 	4.9192291252e+08
-3.00000000 -4.00000000 	4.8427474608e+08
-3.00000000 -3.50000000 	4.7935227373e+08
-3.00000000 -3.00000000 	4.7935227373e+08
-3.00000000 -2.50000000 	4.8427474608e+08
-3.00000000 -2.00000000 	4.9192291252e+08
-3.00000000 -1.50000000 	4.9938188410e+08
-3.00000000 -1.00000000 	5.0472004115e+08
-3.00000000 -0.50000000 	5.0762126981e+08
-3.00000000 0.00000000 	5.0881547243e+08
-3.00000000 0.50000000 	5.0917808512e+08
-3.00000000 1.00000000 	5.0925494617e+08
-3.00000000 1.50000000 	5.0926512207e+08
-3.00000000 2.00000000 	5.0926575632e+08
-3.00000000 2.50000000 	5.0926575632e+08
-3.00000000 3.00000000 	5.0926575632e+08
-3.00000000 3.50000000 	5.0926575632e+08
-3.00000000 4.00000000 	5.0926575632e+08
-3.00000000 4.50000000 	5.0926575632e+08
-3.00000000 5.00000000 	5.0926575632e+08
-3.00000000 5.50000000 	5.0926575632e+08
-3.00000000 6.00000000 	5.0926575632e+08
-3.00000000 6.50000000 	5.0926575632e+08
-3.00000000 7.00000000 	5.0926575632e+08
-3.00000000 7.50000000 	5.0926575632e+08
-3.00000000 8.00000000 	5.0926575632e+08
-2.50000000 -12.00000000 	5.0926575632e+08
-2.50000000 -11.50000000 	5.0926575632e+08
-2.50000000 -11.00000000 	5.0926575632e+08
-2.50000000 -10.50000000 	5.0926575632e+08
-2.50000000 -10.00000000 	5.0926575632e+08
-2.50000000 -9.50000000 	5.0926575632e+08
-2.50000000 -9.00000000 	5.0926575632e+08
-2.50000000 -8.50000000 	5.0926575632e+08
-2.50000000 -8.00000000 	5.0926575632e+08
-2.50000000 -7.50000000 	5.0926512207e+08
-2.50000000 -7.00000000 	5.0925494617e+08
-2.50000000 -6.50000000 	5.0917808512e+08
-2.50000000 -6.00000000 	5.0881547243e+08
-2.50000000 -5.50000000 	5.0762126981e+08
-2.50000000 -5.00000000 	5.0472004115e+08
-2.50000000 -4.50000000 	4.9938188410e+08
-2.50000000 -4.00000000 	4.9192291252e+08
-2.50000000 -3.50000000 	4.8427474608e+08
-2.50000000 -3.00000000 	4.7935227373e+08
-2.50000000 -2.50000000 	4.7935227373e+08
-2.50000000 -2.00000000 	4.8427474608e+08
-2.50000000 -1.50000000 	4.9192291252e+08
-2.50000000 -1.00000000 	4.9938188410e+08
-2.50000000 -0.50000000 	5.0472004115e+08
-2.50000000 0.00000000 	5.0762126981e+08
-2.50000000 0.50000000 	5.0881547243e+08
-2.50000000 1.00000000 	5.0917808512e+08
-2.50000000 1.50000000 	5.0925494617e+08
-2.50000000 2.00000000 	5.0926512207e+08
-2.50000000 2.50000000 	5.0926575632e+08
-2.50000000 3.00000000 	5.0926575632e+08
-2.50000000 3.50000000 	5.0926575632e+08
-2.50000000 4.00000000 	5.0926575632e+08
-2.50000000 4.50000000 	5.0926575632e+08
-2.50000000 5.00000000 	5.0926575632e+08
-2.50000000 5.50000000 	5.0926575632e+08
-2.50000000 6.00000000 	5.0926575632e+08
-2.50000000 6.50000000 	5.0926575632e+08
-2.50000000 7.00000000 	5.0926575632e+08
-2.50000000 7.50000000 	5.0926575632e+08
-2.50000000 8.00000000 	5.0926575632e+08
-2.00000000 -12.00000000 	5.0926575632e+08
-2.00000000 -11.50000000 	5.0926575632e+08
-2.00000000 -11.00000000 	5.0926575632e+08
-2.00000000 -10.50000000 	5.0926575632e+08
-2.00000000 -10.00000000 	5.0926575632e+08
-2.00000000 -9.50000000 	5.0926575632e+08
-2.00000000 -9.00000000 	5.0926575632e+08
-2.00000000 -8.50000000 	5.0926575632e+08
-2.00000000 -8.00000000 	5.0926575632e+08
-2.00000000 -7.50000000 	5.0926575632e+08
-2.00000000 -7.00000000 	5.0926512207e+08
-2.00000000 -6.50000000 	5.0925494617e+08
-2.00000000 -6.00000000 	5.0917808512e+08
-2.00000000 -5.50000000 	5.0881547243e+08
-2.00000000 -5.00000000 	5.0762126981e+08
-2.00000000 -4.50000000 	5.0472004115e+08
-2.00000000 -4.00000000 	4.9938188410e+08
-2.00000000 -3.50000000 	4.9192291252e+08
-2.00000000 -3.00000000 	4.8427474608e+08
-2.00000000 -2.50000000 	4.7935227373e+08
-2.00000000 -2.00000000 	4.7935227373e+08
-2.00000000 -1.50000000 	4.8427474608e+08
-2.00000000 -1.00000000 	4.9192291252e+08
-2.00000000 -0.50000000 	4.9938188410e+08
-2.00000000 0.00000000 	5.0472004115e+08
-2.00000000 0.50000000 	5.0762126981e+08
-2.00000000 1.00000000 	5.0881547243e+08
-2.00000000 1.50000000 	5.0917808512e+08
-2.00000000 2.00000000 	5.0925494617e+08
-2.00000000 2.50000000 	5.0926512207e+08
-2.00000000 3.00000000 	5.0926575632e+08
-2.00000000 3.50000000 	5.0926575632e+08
-2.00000000 4.00000000 	5.0926575632e+08
-2.00000000 4.50000000 	5.0926575632e+08
-2.00000000 5.00000000 	5.0926575632e+08
-2.00000000 5.50000000 	5.0926575632e+08
-2.00000000 6.00000000 	5.0926575632e+08
-2.00000000 6.50000000 	5.0926575632e+08
-2.00000000 7.00000000 	5.0926575632e+08
-2.00000000 7.50000000 	5.0926575632e+08
-2.00000000 8.00000000 	5.0926575632e+08
-1.50000000 -12.00000000 	5.0926575632e+08
-1.50000000 -11.50000000 	5.0926575632e+08
-1.50000000 -11.00000000 	5.0926575632e+08
-1.50000000 -10.50000000 	5.0926575632e+08
-1.50000000 -10.00000000 	5.0926575632e+08
-1.50000000 -9.50000000 	5.0926575632e+08
-1.50000000 -9.00000000 	5.0926575632e+08
-1.50000000 -8.50000000 	5.0926575632e+08
-1.50000000 -8.00000000 	5.0926575632e+08
-1.50000000 -7.50000000 	5.0926575632e+08
-1.50000000 -7.00000000 	5.0926575632e+08
-1.50000000 -6.50000000 	5.0926512207e+08
-1.50000000 -6.00000000 	5.0925494617e+08
-1.50000000 -5.50000000 	5.0917808512e+08
-1.50000000 -5.00000000 	5.0881547243e+08
-1.50000000 -4.50000000 	5.0762126981e+08
-1.50000000 -4.00000000 	5.0472004115e+08
-1.50000000 -3.50000000 	4.9938188410e+08
-1.50000000 -3.00000000 	4.9192291252e+08
-1.50000000 -2.50000000 	4.8427474608e+08
-1.50000000 -2.00000000 	4.7935227373e+08
-1.50000000 -1.50000000 	4.7935227373e+08
-1.50000000 -1.00000000 	4.8427474608e+08
-1.50000000 -0.50000000 	4.9192291252e+08
-1.50000000 0.00000000 	4.9938188410e+08
-1.50000000 0.50000000 	5.0472004115e+08
-1.50000000 1.00000000 	5.0762126981e+08
-1.50000000 1.50000000 	5.0881547243e+08
-1.50000000 2.00000000 	5.0917808512e+08
-1.50000000 2.50000000 	5.0925494617e+08
-1.50000000 3.00000000 	5.0926512207e+08
-1.50000000 3.50000000 	5.0926575632e+08
-1.50000000 4.00000000 	5.0926575632e+08
-1.50000000 4.50000000 	5.0926575632e+08
-1.50000000 5.00000000 	5.0926575632e+08
-1.50000000 5.50000000 	5.0926575632e+08
-1.50000000 6.00000000 	5.0926575632e+08
-1.50000000 6.50000000 	5.0926575632e+08
-1.50000000 7.00000000 	5.0926575632e+08
-1.50000000 7.50000000 	5.0926575632e+08
-1.50000000 8.00000000 	5.0926575632e+08
-1.00000000 -12.00000000 	5.0926575632e+08
-1.00000000 -11.50000000 	5.0926575632e+08
-1.00000000 -11.00000000 	5.0926575632e+08
-1.00000000 -10.50000000 	5.0926575632e+08
-1.00000000 -10.00000000 	5.0926575632e+08
-1.00000000 -9.50000000 	5.0926575632e+08
-1.00000000 -9.00000000 	5.0926575632e+08
-1.00000000 -8.50000000 	5.0926575632e+08
-1.00000000 -8.00000000 	5.0926575632e+08
-1.00000000 -7.50000000 	5.0926575632e+08
-1.00000000 -7.00000000 	5.0926575632e+08
-1.00000000 -6.50000000 	5.0926575632e+08
-1.00000000 -6.00000000 	5.0926512207e+08
-1.00000000 -5.50000000 	5.0925494617e+08
-1.00000000 -5.00000000 	5.0917808512e+08
-1.00000000 -4.50000000 	5.0881547243e+08
-1.00000000 -4.00000000 	5.0762126981e+08
-1.00000000 -3.50000000 	5.0472004115e+08
-1.00000000 -3.00000000 	4.9938188410e+08
-1.00000000 -2.50000000 	4.9192291252e+08
-1.00000000 -2.00000000 	4.8427474608e+08
-1.00000000 -1.50000000 	4.7935227373e+08
-1.00000000 -1.00000000 	4.7935227373e+08
-1.00000000 -0.50000000 	4.8427474608e+08
-1.00000000 0.00000000 	4.9192291252e+08
-1.00000000 0.50000000 	4.9938188410e+08
-1.00000000 1.00000000 	5.0472004115e+08
-1.00000000 1.50000000 	5.0762126981e+08
-1.00000000 2.00000000 	5.0881547243e+08
-1.00000000 2.50000000 	5.0917808512e+08
-1.00000000 3.00000000 	5.0925494617e+08
-1.00000000 3.50000000 	5.0926512207e+08
-1.00000000 4.00000000 	5.0926575632e+08
-1.00000000 4.50000000 	5.0926575632e+08
-1.00000000 5.00000000 	5.0926575632e+08
-1.00000000 5.50000000 	5.0926575632e+08
-1.00000000 6.00000000 	5.0926575632e+08
-1.00000000 6.50000000 	5.0926575632e+08
-1.00000000 7.00000000 	5.0926575632e+08
-1.00000000 7.50000000 	5.0926575632e+08
-1.00000000 8.00000000 	5.0926575632e+08
-0.50000000 -12.00000000 	5.0926575632e+08
-0.50000000 -11.50000000 	5.0926575632e+08
-0.50000000 -11.00000000 	5.0926575632e+08
-0.50000000 -10.50000000 	5.0926575632e+08
-0.50000000 -10.00000000 	5.0926575632e+08
-0.50000000 -9.50000000 	5.0926575632e+08
-0.50000000 -9.00000000 	5.0926575632e+08
-0.50000000 -8.50000000 	5.0926575632e+08
-0.50000000 -8.00000000 	5.0926575632e+08
-0.50000000 -7.50000000 	5.0926575632e+08
-0.50000000 -7.00000000 	5.0926575632e+08
-0.50000000 -6.50000000 	5.0926575632e+08
-0.50000000 -6.00000000 	5.0926575632e+08
-0.50000000 -5.50000000 	5.0926512207e+08
-0.50000000 -5.00000000 	5.0925494617e+08
-0.50000000 -4.50000000 	5.0917808512e+08
-0.50000000 -4.00000000 	5.0881547243e+08
-0.50000000 -3.50000000 	5.0762126981e+08
-0.50000000 -3.00000000 	5.0472004115e+08
-0.50000000 -2.50000000 	4.9938188410e+08
-0.50000000 -2.00000000 	4.9192291252e+08
-0.50000000 -1.50000000 	4.8427474608e+08
-0.50000000 -1.00000000 	4.7935227373e+08
-0.50000000 -0.50000000 	4.7935227373e+08
-0.50000000 0.00000000 	4.8427474608e+08
-0.50000000 0.50000000 	4.9192291252e+08
-0.50000000 1.00000000 	4.9938188410e+08
-0.50000000 1.50000000 	5.0472004115e+08
-0.50000000 2.00000000 	5.0762126981e+08
-0.50000000 2.50000000 	5.0881547243e+08
-0.50000000 3.00000000 	5.0917808512e+08
-0.50000000 3.50000000 	5.0925494617e+08
-0.50000000 4.00000000 	5.0926512207e+08
-0.50000000 4.50000000 	5.0926575632e+08
-0.50000000 5.00000000 	5.0926575632e+08
-0.50000000 5.50000000 	5.0926575632e+08
-0.50000000 6.00000000 	5.0926575632e+08
-0.50000000 6.50000000 	5.0926575632e+08
-0.50000000 7.00000000 	5.0926575632e+08
-0.50000000 7.50000000 	5.0926575632e+08
-0.50000000 8.00000000 	5.0926575632e+08
0.00000000 -12.00000000 	5.0926575632e+08
0.00000000 -11.50000000 	5.0926575632e+08
0.00000000 -11.00000000 	5.0926575632e+08
0.00000000 -10.50000000 	5.0926575632e+08
0.00000000 -10.00000000 	5.0926575632e+08
0.00000000 -9.50000000 	5.0926575632e+08
0.00000000 -9.00000000 	5.0926575632e+08
0.00000000 -8.50000000 	5.0926575632e+08
0.00000000 -8.00000000 	5.0926575632e+08
0.00000000 -7.50000000 	5.0926575632e+08
0.00000000 -7.00000000 	5.0926575632e+08
0.00000000 -6.50000000 	5.0926575632e+08
0.00000000 -6.00000000 	5.0926575632e+08
0.00000000 -5.50000000 	5.0926575632e+08
0.00000000 -5.00000000 	5.0926512207e+08
0.00000000 -4.50000000 	5.0925494617e+08
0.00000000 -4.00000000 	5.0917808512e+08
0.00000000 -3.50000000 	5.0881547243e+08
0.00000000 -3.00000000 	5.0762126981e+08
0.00000000 -2.50000000 	5.0472004115e+08
0.00000000 -2.00000000 	4.9938188410e+08
0.00000000 -1.50000000 	4.9192291252e+08
0.00000000 -1.00000000 	4.8427474608e+08
0.00000000 -0.50000000 	4.7935231515e+08
0.00000000 0.00000000 	4.7935297258e+08
0.00000000 0.50000000 	4.8427913921e+08
0.00000000 1.00000000 	4.9193817867e+08
0.00000000 1.50000000 	4.9941573263e+08
0.00000000 2.00000000 	5.0477099126e+08
0.00000000 2.50000000 	5.0767444351e+08
0.00000000 3.00000000 	5.0885359674e+08
0.00000000 3.50000000 	5.0919606784e+08
0.00000000 4.00000000 	5.0925998056e+08
0.00000000 4.50000000 	5.0926575632e+08
0.00000000 5.00000000 	5.0926575632e+08
0.00000000 5.50000000 	5.0926575632e+08
0.00000000 6.00000000 	5.0926575632e+08
0.00000000 6.50000000 	5.0926575632e+08
0.00000000 7.00000000 	5.0926575632e+08
0.00000000 7.50000000 	5.0926575632e+08
0.00000000 8.00000000 	5.0926575632e+08
0.50000000 -12.00000000 	5.0926575632e+08
0.50000000 -11.50000000 	5.0926575632e+08
0.50000000 -11.00000000 	5.0926575632e+08
0.50000000 -10.50000000 	5.0926575632e+08
0.50000000 -10.00000000 	5.0926575632e+08
0.50000000 -9.50000000 	5.0926575632e+08
0.50000000 -9.00000000 	5.0926575632e+08
0.50000000 -8.50000000 	5.0926575632e+08
0.50000000 -8.00000000 	5.0926575632e+08
0.50000000 -7.50000000 	5.0926575632e+08
0.50000000 -7.00000000 	5.0926575632e+08
0.50000000 -6.50000000 	5.0926575632e+08
0.50000000 -6.00000000 	5.0926575632e+08
0.50000000 -5.50000000 	5.0926575632e+08
0.50000000 -5.00000000 	5.0926575632e+08
0.50000000 -4.50000000 	5.0926512207e+08
0.50000000 -4.00000000 	5.0925494617e+08
0.50000000 -3.50000000 	5.0917808512e+08
0.50000000 -3.00000000 	5.0881547243e+08
0.50000000 -2.50000000 	5.0762126981e+08
0.50000000 -2.00000000 	5.0472004115e+08
0.50000000 -1.50000000 	4.9938188410e+08
0.50000000 -1.00000000 	4.9192276010e+08
0.50000000 -0.50000000 	4.8427380786e+08
0.50000000 0.00000000 	4.7935351517e+08
0.50000000 0.50000000 	4.7938046641e+08
0.50000000 1.00000000 	4.8439682851e+08
0.50000000 1.50000000 	4.9221938388e+08
0.50000000 2.00000000 	4.9985419144e+08
0.50000000 2.50000000 	5.0523785099e+08
0.50000000 3.00000000 	5.0801360256e+08
0.50000000 3.50000000 	5.0901511601e+08
0.50000000 4.00000000 	5.0924162899e+08
0.50000000 4.50000000 	5.0926575632e+08
0.50000000 5.00000000 	5.0926575632e+08
0.50000000 5.50000000 	5.0926575632e+08
0.50000000 6.00000000 	5.0926575632e+08
0.50000000 6.50000000 	5.0926575632e+08
0.50000000 7.00000000 	5.0926575632e+08
0.50000000 7.50000000 	5.0926575632e+08
0.50000000 8.00000000 	5.0926575632e+08
1.00000000 -12.00000000 	5.0926575632e+08
1.00000000 -11.50000000 	5.0926575632e+08
1.00000000 -11.00000000 	5.0926575632e+08
1.00000000 -10.50000000 	5.0926575632e+08
1.00000000 -10.00000000 	5.0926575632e+08
1.00000000 -9.50000000 	5.0926575632e+08
1.00000000 -9.00000000 	5.0926575632e+08
1.00000000 -8.50000000 	5.0926575632e+08
1.00000000 -8.00000000 	5.0926575632e+08
1.00000000 -7.50000000 	5.0926575632e+08
1.00000000 -7.00000000 	5.0926575632e+08
1.00000000 -6.50000000 	5.0926575632e+08
1.00000000 -6.00000000 	5.0926575632e+08
1.00000000 -5.50000000 	5.0926575632e+08
1.00000000 -5.00000000 	5.0926575632e+08
1.00000000 -4.50000000 	5.0926575632e+08
1.00000000 -4.00000000 	5.0926512207e+08
1.00000000 -3.50000000 	5.0925494617e+08
1.00000000 -3.00000000 	5.0917808512e+08
1.00000000 -2.50000000 	5.0881547243e+08
1.00000000 -2.00000000 	5.0762126981e+08
1.00000000 -1.50000000 	5.0471979511e+08
1.00000000 -1.00000000 	4.9937837538e+08
1.00000000 -0.50000000 	4.9190421193e+08
1.00000000 0.00000000 	4.8423532010e+08
1.00000000 0.50000000 	4.7938231171e+08
1.00000000 1.00000000 	4.7974848718e+08
1.00000000 1.50000000 	4.8543505948e+08
1.00000000 2.00000000 	4.9393413964e+08
1.00000000 2.50000000 	5.0172990280e+08
1.00000000 3.00000000 	5.0662174201e+08
1.00000000 3.50000000 	5.0867942237e+08
1.00000000 4.00000000 	5.0920433335e+08
1.00000000 4.50000000 	5.0926575632e+08
1.00000000 5.00000000 	5.0926575632e+08
1.00000000 5.50000000 	5.0926575632e+08
1.00000000 6.00000000 	5.0926575632e+08
1.00000000 6.50000000 	5.0926575632e+08
1.00000000 7.00000000 	5.0926575632e+08
1.00000000 7.50000000 	5.0926575632e+08
1.00000000 8.00000000 	5.0926575632e+08
1.50000000 -12.00000000 	5.0926575632e+08
1.50000000 -11.50000000 	5.0926575632e+08
1.50000000 -11.00000000 	5.0926575632e+08
1.50000000 -10.50000000 	5.0926575632e+08
1.50000000 -10.00000000 	5.0926575632e+08
1.50000000 -9.50000000 	5.0926575632e+08
1.50000000 -9.00000000 	5.0926575632e+08
1.50000000 -8.50000000 	5.0926575632e+08
1.50000000 -8.00000000 	5.0926575632e+08
1.50000000 -7.50000000 	5.0926575632e+08
1.50000000 -7.00000000 	5.0926575632e+08
1.50000000 -6.50000000 	5.0926575632e+08
1.50000000 -6.00000000 	5.0926575632e+08
1.50000000 -5.50000000 	5.0926575632e+08
1.50000000 -5.00000000 	5.0926575632e+08
1.50000000 -4.50000000 	5.0926575632e+08
1.50000000 -4.00000000 	5.0926575632e+08
1.50000000 -3.50000000 	5.0926512207e+08
1.50000000 -3.00000000 	5.0925494617e+08
1.50000000 -2.50000000 	5.0917808512e+08
1.50000000 -2.00000000 	5.0881515656e+08
1.50000000 -1.50000000 	5.0761620960e+08
1.50000000 -1.00000000 	5.0468315288e+08
1.50000000 -0.50000000 	4.9922908467e+08
1.50000000 0.00000000 	4.9155859967e+08
1.50000000 0.50000000 	4.8388761435e+08
1.50000000 1.00000000 	4.7979301866e+08
1.50000000 1.50000000 	4.8188748168e+08
1.50000000 2.00000000 	4.8942308156e+08
1.50000000 2.50000000 	4.9849442249e+08
1.50000000 3.00000000 	5.0516653691e+08
1.50000000 3.50000000 	5.0829509067e+08
1.50000000 4.00000000 	5.0915858911e+08
1.50000000 4.50000000 	5.0926575632e+08
1.50000000 5.00000000 	5.0926575632e+08
1.50000000 5.50000000 	5.0926575632e+08
1.50000000 6.00000000 	5.0926575632e+08
1.50000000 6.50000000 	5.0926575632e+08
1.50000000 7.00000000 	5.0926575632e+08
1.50000000 7.50000000 	5.0926575632e+08
1.50000000 8.00000000 	5.0926575632e+08
2.00000000 -12.00000000 	5.0926575632e+08
2.00000000 -11.50000000 	5.0926575632e+08
2.00000000 -11.00000000 	5.0926575632e+08
2.00000000 -10.50000000 	5.0926575632e+08
2.00000000 -10.00000000 	5.0926575632e+08
2.00000000 -9.50000000 	5.0926575632e+08
2.00000000 -9.00000000 	5.0926575632e+08
2.00000000 -8.50000000 	5.0926575632e+08
2.00000000 -8.00000000 	5.0926575632e+08
2.00000000 -7.50000000 	5.0926575632e+08
2.00000000 -7.00000000 	5.0926575632e+08
2.00000000 -6.50000000 	5.0926575632e+08
2.00000000 -6.00000000 	5.0926575632e+08
2.00000000 -5.50000000 	5.0926575632e+08
2.00000000 -5.00000000 	5.0926575632e+08
2.00000000 -4.50000000 	5.0926575632e+08
2.00000000 -4.00000000 	5.0926575632e+08
2.00000000 -3.50000000 	5.0926575632e+08
2.00000000 -3.00000000 	5.0926512207e+08
2.00000000 -2.50000000 	5.0925453005e+08
2.00000000 -2.00000000 	5.0917119878e+08
2.00000000 -1.50000000 	5.0876189066e+08
2.00000000 -1.00000000 	5.0736328678e+08
2.00000000 -0.50000000 	5.0388094201e+08
2.00000000 0.00000000 	4.9752250002e+08
2.00000000 0.50000000 	4.8930674209e+08
2.00000000 1.00000000 	4.8277661994e+08
2.00000000 1.50000000 	4.8199233524e+08
2.00000000 2.00000000 	4.8787078994e+08
2.00000000 2.50000000 	4.9691866363e+08
2.00000000 3.00000000 	5.0433794904e+08
2.00000000 3.50000000 	5.0805479925e+08
2.00000000 4.00000000 	5.0912812020e+08
2.00000000 4.50000000 	5.0926575632e+08
2.00000000 5.00000000 	5.0926575632e+08
2.00000000 5.50000000 	5.0926575632e+08
2.00000000 6.00000000 	5.0926575632e+08
2.00000000 6.50000000 	5.0926575632e+08
2.00000000 7.00000000 	5.0926575632e+08
2.00000000 7.50000000 	5.0926575632e+08
2.00000000 8.00000000 	5.0926575632e+08
