-8.00000000 -12.00000000 	5.0926575632e+08
-8.00000000 -11.50000000 	5.0926575632e+08
-8.00000000 -11.00000000 	5.0926575632e+08
-8.00000000 -10.50000000 	5.0926575632e+08
-8.00000000 -10.00000000 	5.0926575632e+08
-8.00000000 -9.50000000 	5.0926575632e+08
-8.00000000 -9.00000000 	5.0717952631e+08
-8.00000000 -8.50000000 	4.9376318899e+08
-8.00000000 -8.00000000 	4.8456490732e+08
-8.00000000 -7.50000000 	4.9974661240e+08
-8.00000000 -7.00000000 	5.0779640059e+08
-8.00000000 -6.50000000 	5.0918419352e+08
-8.00000000 -6.00000000 	5.0926575632e+08
-8.00000000 -5.50000000 	5.0926575632e+08
-8.00000000 -5.00000000 	5.0926575632e+08
-8.00000000 -4.50000000 	5.0926575632e+08
-8.00000000 -4.00000000 	5.0926575632e+08
-8.00000000 -3.50000000 	5.0926575632e+08
-8.00000000 -3.00000000 	5.0926575632e+08
-8.00000000 -2.50000000 	5.0926575632e+08
-8.00000000 -2.00000000 	5.0926575632e+08
-8.00000000 -1.50000000 	5.0926575632e+08
-8.00000000 -1.00000000 	5.0926575632e+08
-8.00000000 -0.50000000 	5.0926575632e+08
-8.00000000 0.00000000 	5.0926575632e+08
-8.00000000 0.50000000 	5.0926575632e+08
-8.00000000 1.00000000 	5.0926575632e+08
-8.00000000 1.50000000 	5.0926575632e+08
-8.00000000 2.00000000 	5.0926575632e+08
-8.00000000 2.50000000 	5.0926575632e+08
-8.00000000 3.00000000 	5.0926575632e+08
-8.00000000 3.50000000 	5.0926575632e+08
-8.00000000 4.00000000 	5.0926575632e+08
-8.00000000 4.50000000 	5.0926575632e+08
-8.00000000 5.00000000 	5.0926575632e+08
-8.00000000 5.50000000 	5.0926575632e+08
-8.00000000 6.00000000 	5.0926575632e+08
-8.00000000 6.50000000 	5.0926575632e+08
-8.00000000 7.00000000 	5.0926575632e+08
-8.00000000 7.50000000 	5.0926575632e+08
-8.00000000 8.00000000 	5.0926575632e+08
-7.50000000 -12.00000000 	5.0926575632e+08
-7.50000000 -11.50000000 	5.0926575632e+08
-7.50000000 -11.00000000 	5.0926575632e+08
-7.50000000 -10.50000000 	5.0926575632e+08
-7.50000000 -10.00000000 	5.0926575632e+08
-7.50000000 -9.50000000 	5.0926575632e+08
-7.50000000 -9.00000000 	5.0849712069e+08
-7.50000000 -8.50000000 	5.0145694527e+08
-7.50000000 -8.00000000 	4.8455771233e+08
-7.50000000 -7.50000000 	4.8436249292e+08
-7.50000000 -7.00000000 	5.0011702252e+08
-7.50000000 -6.50000000 	5.0783429697e+08
-7.50000000 -6.00000000 	5.0918419352e+08
-7.50000000 -5.50000000 	5.0926575632e+08
-7.50000000 -5.00000000 	5.0926575632e+08
-7.50000000 -4.50000000 	5.0926575632e+08
-7.50000000 -4.00000000 	5.0926575632e+08
-7.50000000 -3.50000000 	5.0926575632e+08
-7.50000000 -3.00000000 	5.0926575632e+08
-7.50000000 -2.50000000 	5.0926575632e+08
-7.50000000 -2.00000000 	5.0926575632e+08
-7.50000000 -1.50000000 	5.0926575632e+08
-7.50000000 -1.00000000 	5.0926575632e+08
-7.50000000 -0.50000000 	5.0926575632e+08
-7.50000000 0.00000000 	5.0926575632e+08
-7.50000000 0.50000000 	5.0926575632e+08
-7.50000000 1.00000000 	5.0926575632e+08
-7.50000000 1.50000000 	5.0926575632e+08
-7.50000000 2.00000000 	5.0926575632e+08
-7.50000000 2.50000000 	5.0926575632e+08
-7.50000000 3.00000000 	5.0926575632e+08
-7.50000000 3.50000000 	5.0926575632e+08
-7.50000000 4.00000000 	5.0926575632e+08
-7.50000000 4.50000000 	5.0926575632e+08
-7.50000000 5.00000000 	5.0926575632e+08
-7.50000000 5.50000000 	5.0926575632e+08
-7.50000000 6.00000000 	5.0926575632e+08
-7.50000000 6.50000000 	5.0926575632e+08
-7.50000000 7.00000000 	5.0926575632e+08
-7.50000000 7.50000000 	5.0926575632e+08
-7.50000000 8.00000000 	5.0926575632e+08
-7.00000000 -12.00000000 	5.0926575632e+08
-7.00000000 -11.50000000 	5.0926575632e+08
-7.00000000 -11.00000000 	5.0926575632e+08
-7.00000000 -10.50000000 	5.0926575632e+08
-7.00000000 -10.00000000 	5.0926575632e+08
-7.00000000 -9.50000000 	5.0926575632e+08
-7.00000000 -9.00000000 	5.0918419352e+08
-7.00000000 -8.50000000 	5.0783429697e+08
-7.00000000 -8.00000000 	5.0011702252e+08
-7.00000000 -7.50000000 	4.8435862760e+08
-7.00000000 -7.00000000 	4.8435862760e+08
-7.00000000 -6.50000000 	5.0011702252e+08
-7.00000000 -6.00000000 	5.0783429697e+08
-7.00000000 -5.50000000 	5.0918419352e+08
-7.00000000 -5.00000000 	5.0926575632e+08
-7.00000000 -4.50000000 	5.0926575632e+08
-7.00000000 -4.00000000 	5.0926575632e+08
-7.00000000 -3.50000000 	5.0926575632e+08
-7.00000000 -3.00000000 	5.0926575632e+08
-7.00000000 -2.50000000 	5.0926575632e+08
-7.00000000 -2.00000000 	5.0926575632e+08
-7.00000000 -1.50000000 	5.0926575632e+08
-7.00000000 -1.00000000 	5.0926575632e+08
-7.00000000 -0.50000000 	5.0926575632e+08
-7.00000000 0.00000000 	5.0926575632e+08
-7.00000000 0.50000000 	5.0926575632e+08
-7.00000000 1.00000000 	5.0926575632e+08
-7.00000000 1.50000000 	5.0926575632e+08
-7.00000000 2.00000000 	5.0926575632e+08
-7.00000000 2.50000000 	5.0926575632e+08
-7.00000000 3.00000000 	5.0926575632e+08
-7.00000000 3.50000000 	5.0926575632e+08
-7.00000000 4.00000000 	5.0926575632e+08
-7.00000000 4.50000000 	5.0926575632e+08
-7.00000000 5.00000000 	5.0926575632e+08
-7.00000000 5.50000000 	5.0926575632e+08
-7.00000000 6.00000000 	5.0926575632e+08
-7.00000000 6.50000000 	5.0926575632e+08
-7.00000000 7.00000000 	5.0926575632e+08
-7.00000000 7.50000000 	5.0926575632e+08
-7.00000000 8.00000000 	5.0926575632e+08
-6.50000000 -12.00000000 	5.0926575632e+08
-6.50000000 -11.50000000 	5.0926575632e+08
-6.50000000 -11.00000000 	5.0926575632e+08
-6.50000000 -10.50000000 	5.0926575632e+08
-6.50000000 -10.00000000 	5.0926575632e+08
-6.50000000 -9.50000000 	5.0926575632e+08
-6.50000000 -9.00000000 	5.0926575632e+08
-6.50000000 -8.50000000 	5.0918419352e+08
-6.50000000 -8.00000000 	5.0783429697e+08
-6.50000000 -7.50000000 	5.0011702252e+08
-6.50000000 -7.00000000 	4.8435862760e+08
-6.50000000 -6.50000000 	4.8435862760e+08
-6.50000000 -6.00000000 	5.0011702252e+08
-6.50000000 -5.50000000 	5.0783429697e+08
-6.50000000 -5.00000000 	5.0918419352e+08
-6.50000000 -4.50000000 	5.0926575632e+08
-6.50000000 -4.00000000 	5.0926575632e+08
-6.50000000 -3.50000000 	5.0926575632e+08
-6.50000000 -3.00000000 	5.0926575632e+08
-6.50000000 -2.50000000 	5.0926575632e+08
-6.50000000 -2.00000000 	5.0926575632e+08
-6.50000000 -1.50000000 	5.0926575632e+08
-6.50000000 -1.00000000 	5.0926575632e+08
-6.50000000 -0.50000000 	5.0926575632e+08
-6.50000000 0.00000000 	5.0926575632e+08
-6.50000000 0.50000000 	5.0926575632e+08
-6.50000000 1.00000000 	5.0926575632e+08
-6.50000000 1.50000000 	5.0926575632e+08
-6.50000000 2.00000000 	5.0926575632e+08
-6.50000000 2.50000000 	5.0926575632e+08
-6.50000000 3.00000000 	5.0926575632e+08
-6.50000000 3.50000000 	5.0926575632e+08
-6.50000000 4.00000000 	5.0926575632e+08
-6.50000000 4.50000000 	5.0926575632e+08
-6.50000000 5.00000000 	5.0926575632e+08
-6.50000000 5.50000000 	5.0926575632e+08
-6.50000000 6.00000000 	5.0926575632e+08
-6.50000000 6.50000000 	5.0926575632e+08
-6.50000000 7.00000000 	5.0926575632e+08
-6.50000000 7.50000000 	5.0926575632e+08
-6.50000000 8.00000000 	5.0926575632e+08
-6.00000000 -12.00000000 	5.0926575632e+08
-6.00000000 -11.50000000 	5.0926575632e+08
-6.00000000 -11.00000000 	5.0926575632e+08
-6.00000000 -10.50000000 	5.0926575632e+08
-6.00000000 -10.00000000 	5.0926575632e+08
-6.00000000 -9.50000000 	5.0926575632e+08
-6.00000000 -9.00000000 	5.0926575632e+08
-6.00000000 -8.50000000 	5.0926575632e+08
-6.00000000 -8.00000000 	5.0918419352e+08
-6.00000000 -7.50000000 	5.0783429697e+08
-6.00000000 -7.00000000 	5.0011702252e+08
-6.00000000 -6.50000000 	4.8435862760e+08
-6.00000000 -6.00000000 	4.8435862760e+08
-6.00000000 -5.50000000 	5.0011702252e+08
-6.00000000 -5.00000000 	5.0783429697e+08
-6.00000000 -4.50000000 	5.0918419352e+08
-6.00000000 -4.00000000 	5.0926575632e+08
-6.00000000 -3.50000000 	5.0926575632e+08
-6.00000000 -3.00000000 	5.0926575632e+08
-6.00000000 -2.50000000 	5.0926575632e+08
-6.00000000 -2.00000000 	5.0926575632e+08
-6.00000000 -1.50000000 	5.0926575632e+08
-6.00000000 -1.00000000 	5.0926575632e+08
-6.00000000 -0.50000000 	5.0926575632e+08
-6.00000000 0.00000000 	5.0926575632e+08
-6.00000000 0.50000000 	5.0926575632e+08
-6.00000000 1.00000000 	5.0926575632e+08
-6.00000000 1.50000000 	5.0926575632e+08
-6.00000000 2.00000000 	5.0926575632e+08
-6.00000000 2.50000000 	5.0926575632e+08
-6.00000000 3.00000000 	5.0926575632e+08
-6.00000000 3.50000000 	5.0926575632e+08
-6.00000000 4.00000000 	5.0926575632e+08
-6.00000000 4.50000000 	5.0926575632e+08
-6.00000000 5.00000000 	5.0926575632e+08
-6.00000000 5.50000000 	5.0926575632e+08
-6.00000000 6.00000000 	5.0926575632e+08
-6.00000000 6.50000000 	5.0926575632e+08
-6.00000000 7.00000000 	5.0926575632e+08
-6.00000000 7.50000000 	5.0926575632e+08
-6.00000000 8.00000000 	5.0926575632e+08
-5.50000000 -12.00000000 	5.0926575632e+08
-5.50000000 -11.50000000 	5.0926575632e+08
-5.50000000 -11.00000000 	5.0926575632e+08
-5.50000000 -10.50000000 	5.0926575632e+08
-5.50000000 -10.00000000 	5.0926575632e+08
-5.50000000 -9.50000000 	5.0926575632e+08
-5.50000000 -9.00000000 	5.0926575632e+08
-5.50000000 -8.50000000 	5.0926575632e+08
-5.50000000 -8.00000000 	5.0926575632e+08
-5.50000000 -7.50000000 	5.0918419352e+08
-5.50000000 -7.00000000 	5.0783429697e+08
-5.50000000 -6.50000000 	5.0011702252e+08
-5.50000000 -6.00000000 	4.8435862760e+08
-5.50000000 -5.50000000 	4.8435862760e+08
-5.50000000 -5.00000000 	5.0011702252e+08
-5.50000000 -4.50000000 	5.0783429697e+08
-5.50000000 -4.00000000 	5.0918419352e+08
-5.50000000 -3.50000000 	5.0926575632e+08
-5.50000000 -3.00000000 	5.0926575632e+08
-5.50000000 -2.50000000 	5.0926575632e+08
-5.50000000 -2.00000000 	5.0926575632e+08
-5.50000000 -1.50000000 	5.0926575632e+08
-5.50000000 -1.00000000 	5.0926575632e+08
-5.50000000 -0.50000000 	5.0926575632e+08
-5.50000000 0.00000000 	5.0926575632e+08
-5.50000000 0.50000000 	5.0926575632e+08
-5.50000000 1.00000000 	5.0926575632e+08
-5.50000000 1.50000000 	5.0926575632e+08
-5.50000000 2.00000000 	5.0926575632e+08
-5.50000000 2.50000000 	5.0926575632e+08
-5.50000000 3.00000000 	5.0926575632e+08
-5.50000000 3.50000000 	5.0926575632e+08
-5.50000000 4.00000000 	5.0926575632e+08
-5.50000000 4.50000000 	5.0926575632e+08
-5.50000000 5.00000000 	5.0926575632e+08
-5.50000000 5.50000000 	5.0926575632e+08
-5.50000000 6.00000000 	5.0926575632e+08
-5.50000000 6.50000000 	5.0926575632e+08
-5.50000000 7.00000000 	5.0926575632e+08
-5.50000000 7.50000000 	5.0926575632e+08
-5.50000000 8.00000000 	5.0926575632e+08
-5.00000000 -12.00000000 	5.0926575632e+08
-5.00000000 -11.50000000 	5.0926575632e+08
-5.00000000 -11.00000000 	5.0926575632e+08
-5.00000000 -10.50000000 	5.0926575632e+08
-5.00000000 -10.00000000 	5.0926575632e+08
-5.00000000 -9.50000000 	5.0926575632e+08
-5.00000000 -9.00000000 	5.0926575632e+08
-5.00000000 -8.50000000 	5.0926575632e+08
-5.00000000 -8.00000000 	5.0926575632e+08
-5.00000000 -7.50000000 	5.0926575632e+08
-5.00000000 -7.00000000 	5.0918419352e+08
-5.00000000 -6.50000000 	5.0783429697e+08
-5.00000000 -6.00000000 	5.0011702252e+08
-5.00000000 -5.50000000 	4.8435862760e+08
-5.00000000 -5.00000000 	4.8435862760e+08
-5.00000000 -4.50000000 	5.0011702252e+08
-5.00000000 -4.00000000 	5.0783429697e+08
-5.00000000 -3.50000000 	5.0918419352e+08
-5.00000000 -3.00000000 	5.0926575632e+08
-5.00000000 -2.50000000 	5.0926575632e+08
-5.00000000 -2.00000000 	5.0926575632e+08
-5.00000000 -1.50000000 	5.0926575632e+08
-5.00000000 -1.00000000 	5.0926575632e+08
-5.00000000 -0.50000000 	5.0926575632e+08
-5.00000000 0.00000000 	5.0926575632e+08
-5.00000000 0.50000000 	5.0926575632e+08
-5.00000000 1.00000000 	5.0926575632e+08
-5.00000000 1.50000000 	5.0926575632e+08
-5.00000000 2.00000000 	5.0926575632e+08
-5.00000000 2.50000000 	5.0926575632e+08
-5.00000000 3.00000000 	5.0926575632e+08
-5.00000000 3.50000000 	5.0926575632e+08
-5.00000000 4.00000000 	5.0926575632e+08
-5.00000000 4.50000000 	5.0926575632e+08
-5.00000000 5.00000000 	5.0926575632e+08
-5.00000000 5.50000000 	5.0926575632e+08
-5.00000000 6.00000000 	5.0926575632e+08
-5.00000000 6.50000000 	5.0926575632e+08
-5.00000000 7.00000000 	5.0926575632e+08
-5.00000000 7.50000000 	5.0926575632e+08
-5.00000000 8.00000000 	5.0926575632e+08
-4.50000000 -12.00000000 	5.0926575632e+08
-4.50000000 -11.50000000 	5.0926575632e+08
-4.50000000 -11.00000000 	5.0926575632e+08
-4.50000000 -10.50000000 	5.0926575632e+08
-4.50000000 -10.00000000 	5.0926575632e+08
-4.50000000 -9.50000000 	5.0926575632e+08
-4.50000000 -9.00000000 	5.0926575632e+08
-4.50000000 -8.50000000 	5.0926575632e+08
-4.50000000 -8.00000000 	5.0926575632e+08
-4.50000000 -7.50000000 	5.0926575632e+08
-4.50000000 -7.00000000 	5.0926575632e+08
-4.50000000 -6.50000000 	5.0918419352e+08
-4.50000000 -6.00000000 	5.0783429697e+08
-4.50000000 -5.50000000 	5.0011702252e+08
-4.50000000 -5.00000000 	4.8435862760e+08
-4.50000000 -4.50000000 	4.8435862760e+08
-4.50000000 -4.00000000 	5.0011702252e+08
-4.50000000 -3.50000000 	5.0783429697e+08
-4.50000000 -3.00000000 	5.0918419352e+08
-4.50000000 -2.50000000 	5.0926575632e+08
-4.50000000 -2.00000000 	5.0926575632e+08
-4.50000000 -1.50000000 	5.0926575632e+08
-4.50000000 -1.00000000 	5.0926575632e+08
-4.50000000 -0.50000000 	5.0926575632e+08
-4.50000000 0.00000000 	5.0926575632e+08
-4.50000000 0.50000000 	5.0926575632e+08
-4.50000000 1.00000000 	5.0926575632e+08
-4.50000000 1.50000000 	5.0926575632e+08
-4.50000000 2.00000000 	5.0926575632e+08
-4.50000000 2.50000000 	5.0926575632e+08
-4.50000000 3.00000000 	5.0926575632e+08
-4.50000000 3.50000000 	5.0926575632e+08
-4.50000000 4.00000000 	5.0926575632e+08
-4.50000000 4.50000000 	5.0926575632e+08
-4.50000000 5.00000000 	5.0926575632e+08
-4.50000000 5.50000000 	5.0926575632e+08
-4.50000000 6.00000000 	5.0926575632e+08
-4.50000000 6.50000000 	5.0926575632e+08
-4.50000000 7.00000000 	5.0926575632e+08
-4.50000000 7.50000000 	5.0926575632e+08
-4.50000000 8.00000000 	5.0926575632e+08
-4.00000000 -12.00000000 	5.0926575632e+08
-4.00000000 -11.50000000 	5.0926575632e+08
-4.00000000 -11.00000000 	5.0926575632e+08
-4.00000000 -10.50000000 	5.0926575632e+08
-4.00000000 -10.00000000 	5.0926575632e+08
-4.00000000 -9.50000000 	5.0926575632e+08
-4.00000000 -9.00000000 	5.0926575632e+08
-4.00000000 -8.50000000 	5.0926575632e+08
-4.00000000 -8.00000000 	5.0926575632e+08
-4.00000000 -7.50000000 	5.0926575632e+08
-4.00000000 -7.00000000 	5.0926575632e+08
-4.00000000 -6.50000000 	5.0926575632e+08
-4.00000000 -6.00000000 	5.0918419352e+08
-4.00000000 -5.50000000 	5.0783429697e+08
-4.00000000 -5.00000000 	5.0011702252e+08
-4.00000000 -4.50000000 	4.8435862760e+08
-4.00000000 -4.00000000 	4.8435862760e+08
-4.00000000 -3.50000000 	5.0011702252e+08
-4.00000000 -3.00000000 	5.0783429697e+08
-4.00000000 -2.50000000 	5.0918419352e+08
-4.00000000 -2.00000000 	5.0926575632e+08
-4.00000000 -1.50000000 	5.0926575632e+08
-4.00000000 -1.00000000 	5.0926575632e+08
-4.00000000 -0.50000000 	5.0926575632e+08
-4.00000000 0.00000000 	5.0926575632e+08
-4.00000000 0.50000000 	5.0926575632e+08
-4.00000000 1.00000000 	5.0926575632e+08
-4.00000000 1.50000000 	5.0926575632e+08
-4.00000000 2.00000000 	5.0926575632e+08
-4.00000000 2.50000000 	5.0926575632e+08
-4.00000000 3.00000000 	5.0926575632e+08
-4.00000000 3.50000000 	5.0926575632e+08
-4.00000000 4.00000000 	5.0926575632e+08
-4.00000000 4.50000000 	5.0926575632e+08
-4.00000000 5.00000000 	5.0926575632e+08
-4.00000000 5.50000000 	5.0926575632e+08
-4.00000000 6.00000000 	5.0926575632e+08
-4.00000000 6.50000000 	5.0926575632e+08
-4.00000000 7.00000000 	5.0926575632e+08
-4.00000000 7.50000000 	5.0926575632e+08
-4.00000000 8.00000000 	5.0926575632e+08
-3.50000000 -12.00000000 	5.0926575632e+08
-3.50000000 -11.50000000 	5.0926575632e+08
-3.50000000 -11.00000000 	5.0926575632e+08
-3.50000000 -10.50000000 	5.0926575632e+08
-3.50000000 -10.00000000 	5.0926575632e+08
-3.50000000 -9.50000000 	5.0926575632e+08
-3.50000000 -9.00000000 	5.0926575632e+08
-3.50000000 -8.50000000 	5.0926575632e+08
-3.50000000 -8.00000000 	5.0926575632e+08
-3.50000000 -7.50000000 	5.0926575632e+08
-3.50000000 -7.00000000 	5.0926575632e+08
-3.50000000 -6.50000000 	5.0926575632e+08
-3.50000000 -6.00000000 	5.0926575632e+08
-3.50000000 -5.50000000 	5.0918419352e+08
-3.50000000 -5.00000000 	5.0783429697e+08
-3.50000000 -4.50000000 	5.0011702252e+08
-3.50000000 -4.00000000 	4.8435862760e+08
-3.50000000 -3.50000000 	4.8435862760e+08
-3.50000000 -3.00000000 	5.0011702252e+08
-3.50000000 -2.50000000 	5.0783429697e+08
-3.50000000 -2.00000000 	5.0918419352e+08
-3.50000000 -1.50000000 	5.0926575632e+08
-3.50000000 -1.00000000 	5.0926575632e+08
-3.50000000 -0.50000000 	5.0926575632e+08
-3.50000000 0.00000000 	5.0926575632e+08
-3.50000000 0.50000000 	5.0926575632e+08
-3.50000000 1.00000000 	5.0926575632e+08
-3.50000000 1.50000000 	5.0926575632e+08
-3.50000000 2.00000000 	5.0926575632e+08
-3.50000000 2.50000000 	5.0926575632e+08
-3.50000000 3.00000000 	5.0926575632e+08
-3.50000000 3.50000000 	5.0926575632e+08
-3.50000000 4.00000000 	5.0926575632e+08
-3.50000000 4.50000000 	5.0926575632e+08
-3.50000000 5.00000000 	5.0926575632e+08
-3.50000000 5.50000000 	5.0926575632e+08
-3.50000000 6.00000000 	5.0926575632e+08
-3.50000000 6.50000000 	5.0926575632e+08
-3.50000000 7.00000000 	5.0926575632e+08
-3.50000000 7.50000000 	5.0926575632e+08
-3.50000000 8.00000000 	5.0926575632e+08
-3.00000000 -12.00000000 	5.0926575632e+08
-3.00000000 -11.50000000 	5.0926575632e+08
-3.00000000 -11.00000000 	5.0926575632e+08
-3.00000000 -10.50000000 	5.0926575632e+08
-3.00000000 -10.00000000 	5.0926575632e+08
-3.00000000 -9.50000000 	5.0926575632e+08
-3.00000000 -9.00000000 	5.0926575632e+08
-3.00000000 -8.50000000 	5.0926575632e+08
-3.00000000 -8.00000000 	5.0926575632e+08
-3.00000000 -7.50000000 	5.0926575632e+08
-3.00000000 -7.00000000 	5.0926575632e+08
-3.00000000 -6.50000000 	5.0926575632e+08
-3.00000000 -6.00000000 	5.0926575632e+08
-3.00000000 -5.50000000 	5.0926575632e+08
-3.00000000 -5.00000000 	5.0918419352e+08
-3.00000000 -4.50000000 	5.0783429697e+08
-3.00000000 -4.00000000 	5.0011702252e+08
-3.00000000 -3.50000000 	4.8435862760e+08
-3.00000000 -3.00000000 	4.8435862760e+08
-3.00000000 -2.50000000 	5.0011702252e+08
-3.00000000 -2.00000000 	5.0783429697e+08
-3.00000000 -1.50000000 	5.0918419352e+08
-3.00000000 -1.00000000 	5.0926575632e+08
-3.00000000 -0.50000000 	5.0926575632e+08
-3.00000000 0.00000000 	5.0926575632e+08
-3.00000000 0.50000000 	5.0926575632e+08
-3.00000000 1.00000000 	5.0926575632e+08
-3.00000000 1.50000000 	5.0926575632e+08
-3.00000000 2.00000000 	5.0926575632e+08
-3.00000000 2.50000000 	5.0926575632e+08
-3.00000000 3.00000000 	5.0926575632e+08
-3.00000000 3.50000000 	5.0926575632e+08
-3.00000000 4.00000000 	5.0926575632e+08
-3.00000000 4.50000000 	5.0926575632e+08
-3.00000000 5.00000000 	5.0926575632e+08
-3.00000000 5.50000000 	5.0926575632e+08
-3.00000000 6.00000000 	5.0926575632e+08
-3.00000000 6.50000000 	5.0926575632e+08
-3.00000000 7.00000000 	5.0926575632e+08
-3.00000000 7.50000000 	5.0926575632e+08
-3.00000000 8.00000000 	5.0926575632e+08
-2.50000000 -12.00000000 	5.0926575632e+08
-2.50000000 -11.50000000 	5.0926575632e+08
-2.50000000 -11.00000000 	5.0926575632e+08
-2.50000000 -10.50000000 	5.0926575632e+08
-2.50000000 -10.00000000 	5.0926575632e+08
-2.50000000 -9.50000000 	5.0926575632e+08
-2.50000000 -9.00000000 	5.0926575632e+08
-2.50000000 -8.50000000 	5.0926575632e+08
-2.50000000 -8.00000000 	5.0926575632e+08
-2.50000000 -7.50000000 	5.0926575632e+08
-2.50000000 -7.00000000 	5.0926575632e+08
-2.50000000 -6.50000000 	5.0926575632e+08
-2.50000000 -6.00000000 	5.0926575632e+08
-2.50000000 -5.50000000 	5.0926575632e+08
-2.50000000 -5.00000000 	5.0926575632e+08
-2.50000000 -4.50000000 	5.0918419352e+08
-2.50000000 -4.00000000 	5.0783429697e+08
-2.50000000 -3.50000000 	5.0011702252e+08
-2.50000000 -3.00000000 	4.8435862760e+08
-2.50000000 -2.50000000 	4.8435862760e+08
-2.50000000 -2.00000000 	5.0011702252e+08
-2.50000000 -1.50000000 	5.0783429697e+08
-2.50000000 -1.00000000 	5.0918419352e+08
-2.50000000 -0.50000000 	5.0926575632e+08
-2.50000000 0.00000000 	5.0926575632e+08
-2.50000000 0.50000000 	5.0926575632e+08
-2.50000000 1.00000000 	5.0926575632e+08
-2.50000000 1.50000000 	5.0926575632e+08
-2.50000000 2.00000000 	5.0926575632e+08
-2.50000000 2.50000000 	5.0926575632e+08
-2.50000000 3.00000000 	5.0926575632e+08
-2.50000000 3.50000000 	5.0926575632e+08
-2.50000000 4.00000000 	5.0926575632e+08
-2.50000000 4.50000000 	5.0926575632e+08
-2.50000000 5.00000000 	5.0926575632e+08
-2.50000000 5.50000000 	5.0926575632e+08
-2.50000000 6.00000000 	5.0926575632e+08
-2.50000000 6.50000000 	5.0926575632e+08
-2.50000000 7.00000000 	5.0926575632e+08
-2.50000000 7.50000000 	5.0926575632e+08
-2.50000000 8.00000000 	5.0926575632e+08
-2.00000000 -12.00000000 	5.0926575632e+08
-2.00000000 -11.50000000 	5.0926575632e+08
-2.00000000 -11.00000000 	5.0926575632e+08
-2.00000000 -10.50000000 	5.0926575632e+08
-2.00000000 -10.00000000 	5.0926575632e+08
-2.00000000 -9.50000000 	5.0926575632e+08
-2.00000000 -9.00000000 	5.0926575632e+08
-2.00000000 -8.50000000 	5.0926575632e+08
-2.00000000 -8.00000000 	5.0926575632e+08
-2.00000000 -7.50000000 	5.0926575632e+08
-2.00000000 -7.00000000 	5.0926575632e+08
-2.00000000 -6.50000000 	5.0926575632e+08
-2.00000000 -6.00000000 	5.0926575632e+08
-2.00000000 -5.50000000 	5.0926575632e+08
-2.00000000 -5.00000000 	5.0926575632e+08
-2.00000000 -4.50000000 	5.0926575632e+08
-2.00000000 -4.00000000 	5.0918419352e+08
-2.00000000 -3.50000000 	5.0783429697e+08
-2.00000000 -3.00000000 	5.0011702252e+08
-2.00000000 -2.50000000 	4.8435862760e+08
-2.00000000 -2.00000000 	4.8435862760e+08
-2.00000000 -1.50000000 	5.0011702252e+08
-2.00000000 -1.00000000 	5.0783429697e+08
-2.00000000 -0.50000000 	5.0918419352e+08
-2.00000000 0.00000000 	5.0926575632e+08
-2.00000000 0.50000000 	5.0926575632e+08
-2.00000000 1.00000000 	5.0926575632e+08
-2.00000000 1.50000000 	5.0926575632e+08
-2.00000000 2.00000000 	5.0926575632e+08
-2.00000000 2.50000000 	5.0926575632e+08
-2.00000000 3.00000000 	5.0926575632e+08
-2.00000000 3.50000000 	5.0926575632e+08
-2.00000000 4.00000000 	5.0926575632e+08
-2.00000000 4.50000000 	5.0926575632e+08
-2.00000000 5.00000000 	5.0926575632e+08
-2.00000000 5.50000000 	5.0926575632e+08
-2.00000000 6.00000000 	5.0926575632e+08
-2.00000000 6.50000000 	5.0926575632e+08
-2.00000000 7.00000000 	5.0926575632e+08
-2.00000000 7.50000000 	5.0926575632e+08
-2.00000000 8.00000000 	5.0926575632e+08
-1.50000000 -12.00000000 	5.0926575632e+08
-1.50000000 -11.50000000 	5.0926575632e+08
-1.50000000 -11.00000000 	5.0926575632e+08
-1.50000000 -10.50000000 	5.0926575632e+08
-1.50000000 -10.00000000 	5.0926575632e+08
-1.50000000 -9.50000000 	5.0926575632e+08
-1.50000000 -9.00000000 	5.0926575632e+08
-1.50000000 -8.50000000 	5.0926575632e+08
-1.50000000 -8.00000000 	5.0926575632e+08
-1.50000000 -7.50000000 	5.0926575632e+08
-1.50000000 -7.00000000 	5.0926575632e+08
-1.50000000 -6.50000000 	5.0926575632e+08
-1.50000000 -6.00000000 	5.0926575632e+08
-1.50000000 -5.50000000 	5.0926575632e+08
-1.50000000 -5.00000000 	5.0926575632e+08
-1.50000000 -4.50000000 	5.0926575632e+08
-1.50000000 -4.00000000 	5.0926575632e+08
-1.50000000 -3.50000000 	5.0918419352e+08
-1.50000000 -3.00000000 	5.0783429697e+08
-1.50000000 -2.50000000 	5.0011702252e+08
-1.50000000 -2.00000000 	4.8435862760e+08
-1.50000000 -1.50000000 	4.8435862760e+08
-1.50000000 -1.00000000 	5.0011702252e+08
-1.50000000 -0.50000000 	5.0783429697e+08
-1.50000000 0.00000000 	5.0918419352e+08
-1.50000000 0.50000000 	5.0926575632e+08
-1.50000000 1.00000000 	5.0926575632e+08
-1.50000000 1.50000000 	5.0926575632e+08
-1.50000000 2.00000000 	5.0926575632e+08
-1.50000000 2.50000000 	5.0926575632e+08
-1.50000000 3.00000000 	5.0926575632e+08
-1.50000000 3.50000000 	5.0926575632e+08
-1.50000000 4.00000000 	5.0926575632e+08
-1.50000000 4.50000000 	5.0926575632e+08
-1.50000000 5.00000000 	5.0926575632e+08
-1.50000000 5.50000000 	5.0926575632e+08
-1.50000000 6.00000000 	5.0926575632e+08
-1.50000000 6.50000000 	5.0926575632e+08
-1.50000000 7.00000000 	5.0926575632e+08
-1.50000000 7.50000000 	5.0926575632e+08
-1.50000000 8.00000000 	5.0926575632e+08
-1.00000000 -12.00000000 	5.0926575632e+08
-1.00000000 -11.50000000 	5.0926575632e+08
-1.00000000 -11.00000000 	5.0926575632e+08
-1.00000000 -10.50000000 	5.0926575632e+08
-1.00000000 -10.00000000 	5.0926575632e+08
-1.00000000 -9.50000000 	5.0926575632e+08
-1.00000000 -9.00000000 	5.0926575632e+08
-1.00000000 -8.50000000 	5.0926575632e+08
-1.00000000 -8.00000000 	5.0926575632e+08
-1.00000000 -7.50000000 	5.0926575632e+08
-1.00000000 -7.00000000 	5.0926575632e+08
-1.00000000 -6.50000000 	5.0926575632e+08
-1.00000000 -6.00000000 	5.0926575632e+08
-1.00000000 -5.50000000 	5.0926575632e+08
-1.00000000 -5.00000000 	5.0926575632e+08
-1.00000000 -4.50000000 	5.0926575632e+08
-1.00000000 -4.00000000 	5.0926575632e+08
-1.00000000 -3.50000000 	5.0926575632e+08
-1.00000000 -3.00000000 	5.0918419352e+08
-1.00000000 -2.50000000 	5.0783429697e+08
-1.00000000 -2.00000000 	5.0011702252e+08
-1.00000000 -1.50000000 	4.8435862760e+08
-1.00000000 -1.00000000 	4.8435862760e+08
-1.00000000 -0.50000000 	5.0011702252e+08
-1.00000000 0.00000000 	5.0783429697e+08
-1.00000000 0.50000000 	5.0918419352e+08
-1.00000000 1.00000000 	5.0926575632e+08
-1.00000000 1.50000000 	5.0926575632e+08
-1.00000000 2.00000000 	5.0926575632e+08
-1.00000000 2.50000000 	5.0926575632e+08
-1.00000000 3.00000000 	5.0926575632e+08
-1.00000000 3.50000000 	5.0926575632e+08
-1.00000000 4.00000000 	5.0926575632e+08
-1.00000000 4.50000000 	5.0926575632e+08
-1.00000000 5.00000000 	5.0926575632e+08
-1.00000000 5.50000000 	5.0926575632e+08
-1.00000000 6.00000000 	5.0926575632e+08
-1.00000000 6.50000000 	5.0926575632e+08
-1.00000000 7.00000000 	5.0926575632e+08
-1.00000000 7.50000000 	5.0926575632e+08
-1.00000000 8.00000000 	5.0926575632e+08
-0.50000000 -12.00000000 	5.0926575632e+08
-0.50000000 -11.50000000 	5.0926575632e+08
-0.50000000 -11.00000000 	5.0926575632e+08
-0.50000000 -10.50000000 	5.0926575632e+08
-0.50000000 -10.00000000 	5.0926575632e+08
-0.50000000 -9.50000000 	5.0926575632e+08
-0.50000000 -9.00000000 	5.0926575632e+08
-0.50000000 -8.50000000 	5.0926575632e+08
-0.50000000 -8.00000000 	5.0926575632e+08
-0.50000000 -7.50000000 	5.0926575632e+08
-0.50000000 -7.00000000 	5.0926575632e+08
-0.50000000 -6.50000000 	5.0926575632e+08
-0.50000000 -6.00000000 	5.0926575632e+08
-0.50000000 -5.50000000 	5.0926575632e+08
-0.50000000 -5.00000000 	5.0926575632e+08
-0.50000000 -4.50000000 	5.0926575632e+08
-0.50000000 -4.00000000 	5.0926575632e+08
-0.50000000 -3.50000000 	5.0926575632e+08
-0.50000000 -3.00000000 	5.0926575632e+08
-0.50000000 -2.50000000 	5.0918419352e+08
-0.50000000 -2.00000000 	5.0783429697e+08
-0.50000000 -1.50000000 	5.0011702252e+08
-0.50000000 -1.00000000 	4.8435862760e+08
-0.50000000 -0.50000000 	4.8435862760e+08
-0.50000000 0.00000000 	5.0011702252e+08
-0.50000000 0.50000000 	5.0783429697e+08
-0.50000000 1.00000000 	5.0918419352e+08
-0.50000000 1.50000000 	5.0926575632e+08
-0.50000000 2.00000000 	5.0926575632e+08
-0.50000000 2.50000000 	5.0926575632e+08
-0.50000000 3.00000000 	5.0926575632e+08
-0.50000000 3.50000000 	5.0926575632e+08
-0.50000000 4.00000000 	5.0926575632e+08
-0.50000000 4.50000000 	5.0926575632e+08
-0.50000000 5.00000000 	5.0926575632e+08
-0.50000000 5.50000000 	5.0926575632e+08
-0.50000000 6.00000000 	5.0926575632e+08
-0.50000000 6.50000000 	5.0926575632e+08
-0.50000000 7.00000000 	5.0926575632e+08
-0.50000000 7.50000000 	5.0926575632e+08
-0.50000000 8.00000000 	5.0926575632e+08
0.00000000 -12.00000000 	5.0926575632e+08
0.00000000 -11.50000000 	5.0926575632e+08
0.00000000 -11.00000000 	5.0926575632e+08
0.00000000 -10.50000000 	5.0926575632e+08
0.00000000 -10.00000000 	5.0926575632e+08
0.00000000 -9.50000000 	5.0926575632e+08
0.00000000 -9.00000000 	5.0926575632e+08
0.00000000 -8.50000000 	5.0926575632e+08
0.00000000 -8.00000000 	5.0926575632e+08
0.00000000 -7.50000000 	5.0926575632e+08
0.00000000 -7.00000000 	5.0926575632e+08
0.00000000 -6.50000000 	5.0926575632e+08
0.00000000 -6.00000000 	5.0926575632e+08
0.00000000 -5.50000000 	5.0926575632e+08
0.00000000 -5.00000000 	5.0926575632e+08
0.00000000 -4.50000000 	5.0926575632e+08
0.00000000 -4.00000000 	5.0926575632e+08
0.00000000 -3.50000000 	5.0926575632e+08
0.00000000 -3.00000000 	5.0926575632e+08
0.00000000 -2.50000000 	5.0926575632e+08
0.00000000 -2.00000000 	5.0918419352e+08
0.00000000 -1.50000000 	5.0783429697e+08
0.00000000 -1.00000000 	5.0011702252e+08
0.00000000 -0.50000000 	4.8435862760e+08
0.00000000 0.00000000 	4.8435862760e+08
0.00000000 0.50000000 	5.0011702252e+08
0.00000000 1.00000000 	5.0783429697e+08
0.00000000 1.50000000 	5.0918419352e+08
0.00000000 2.00000000 	5.0926575632e+08
0.00000000 2.50000000 	5.0926575632e+08
0.00000000 3.00000000 	5.0926575632e+08
0.00000000 3.50000000 	5.0926575632e+08
0.00000000 4.00000000 	5.0926575632e+08
0.00000000 4.50000000 	5.0926575632e+08
0.00000000 5.00000000 	5.0926575632e+08
0.00000000 5.50000000 	5.0926575632e+08
0.00000000 6.00000000 	5.0926575632e+08
0.00000000 6.50000000 	5.0926575632e+08
0.00000000 7.00000000 	5.0926575632e+08
0.00000000 7.50000000 	5.0926575632e+08
0.00000000 8.00000000 	5.0926575632e+08
0.50000000 -12.00000000 	5.0926575632e+08
0.50000000 -11.50000000 	5.0926575632e+08
0.50000000 -11.00000000 	5.0926575632e+08
0.50000000 -10.50000000 	5.0926575632e+08
0.50000000 -10.00000000 	5.0926575632e+08
0.50000000 -9.50000000 	5.0926575632e+08
0.50000000 -9.00000000 	5.0926575632e+08
0.50000000 -8.50000000 	5.0926575632e+08
0.50000000 -8.00000000 	5.0926575632e+08
0.50000000 -7.50000000 	5.0926575632e+08
0.50000000 -7.00000000 	5.0926575632e+08
0.50000000 -6.50000000 	5.0926575632e+08
0.50000000 -6.00000000 	5.0926575632e+08
0.50000000 -5.50000000 	5.0926575632e+08
0.50000000 -5.00000000 	5.0926575632e+08
0.50000000 -4.50000000 	5.0926575632e+08
0.50000000 -4.00000000 	5.0926575632e+08
0.50000000 -3.50000000 	5.0926575632e+08
0.50000000 -3.00000000 	5.0926575632e+08
0.50000000 -2.50000000 	5.0926575632e+08
0.50000000 -2.00000000 	5.0926575632e+08
0.50000000 -1.50000000 	5.0918419352e+08
0.50000000 -1.00000000 	5.0783429697e+08
0.50000000 -0.50000000 	5.0011702252e+08
0.50000000 0.00000000 	4.8435862760e+08
0.50000000 0.50000000 	4.8435862760e+08
0.50000000 1.00000000 	5.0011702252e+08
0.50000000 1.50000000 	5.0783429697e+08
0.50000000 2.00000000 	5.0918419352e+08
0.50000000 2.50000000 	5.0926575632e+08
0.50000000 3.00000000 	5.0926575632e+08
0.50000000 3.50000000 	5.0926575632e+08
0.50000000 4.00000000 	5.0926575632e+08
0.50000000 4.50000000 	5.0926575632e+08
0.50000000 5.00000000 	5.0926575632e+08
0.50000000 5.50000000 	5.0926575632e+08
0.50000000 6.00000000 	5.0926575632e+08
0.50000000 6.50000000 	5.0926575632e+08
0.50000000 7.00000000 	5.0926575632e+08
0.50000000 7.50000000 	5.0926575632e+08
0.50000000 8.00000000 	5.0926575632e+08
1.00000000 -12.00000000 	5.0926575632e+08
1.00000000 -11.50000000 	5.0926575632e+08
1.00000000 -11.00000000 	5.0926575632e+08
1.00000000 -10.50000000 	5.0926575632e+08
1.00000000 -10.00000000 	5.0926575632e+08
1.00000000 -9.50000000 	5.0926575632e+08
1.00000000 -9.00000000 	5.0926575632e+08
1.00000000 -8.50000000 	5.0926575632e+08
1.00000000 -8.00000000 	5.0926575632e+08
1.00000000 -7.50000000 	5.0926575632e+08
1.00000000 -7.00000000 	5.0926575632e+08
1.00000000 -6.50000000 	5.0926575632e+08
1.00000000 -6.00000000 	5.0926575632e+08
1.00000000 -5.50000000 	5.0926575632e+08
1.00000000 -5.00000000 	5.0926575632e+08
1.00000000 -4.50000000 	5.0926575632e+08
1.00000000 -4.00000000 	5.0926575632e+08
1.00000000 -3.50000000 	5.0926575632e+08
1.00000000 -3.00000000 	5.0926575632e+08
1.00000000 -2.50000000 	5.0926575632e+08
1.00000000 -2.00000000 	5.0926575632e+08
1.00000000 -1.50000000 	5.0926575632e+08
1.00000000 -1.00000000 	5.0918419352e+08
1.00000000 -0.50000000 	5.0783429697e+08
1.00000000 0.00000000 	5.0011702252e+08
1.00000000 0.50000000 	4.8435862760e+08
1.00000000 1.00000000 	4.8435862760e+08
1.00000000 1.50000000 	5.0011702252e+08
1.00000000 2.00000000 	5.0783429697e+08
1.00000000 2.50000000 	5.0918419352e+08
1.00000000 3.00000000 	5.0926575632e+08
1.00000000 3.50000000 	5.0926575632e+08
1.00000000 4.00000000 	5.0926575632e+08
1.00000000 4.50000000 	5.0926575632e+08
1.00000000 5.00000000 	5.0926575632e+08
1.00000000 5.50000000 	5.0926575632e+08
1.00000000 6.00000000 	5.0926575632e+08
1.00000000 6.50000000 	5.0926575632e+08
1.00000000 7.00000000 	5.0926575632e+08
1.00000000 7.50000000 	5.0926575632e+08
1.00000000 8.00000000 	5.0926575632e+08
1.50000000 -12.00000000 	5.0926575632e+08
1.50000000 -11.50000000 	5.0926575632e+08
1.50000000 -11.00000000 	5.0926575632e+08
1.50000000 -10.50000000 	5.0926575632e+08
1.50000000 -10.00000000 	5.0926575632e+08
1.50000000 -9.50000000 	5.0926575632e+08
1.50000000 -9.00000000 	5.0926575632e+08
1.50000000 -8.50000000 	5.0926575632e+08
1.50000000 -8.00000000 	5.0926575632e+08
1.50000000 -7.50000000 	5.0926575632e+08
1.50000000 -7.00000000 	5.0926575632e+08
1.50000000 -6.50000000 	5.0926575632e+08
1.50000000 -6.00000000 	5.0926575632e+08
1.50000000 -5.50000000 	5.0926575632e+08
1.50000000 -5.00000000 	5.0926575632e+08
1.50000000 -4.50000000 	5.0926575632e+08
1.50000000 -4.00000000 	5.0926575632e+08
1.50000000 -3.50000000 	5.0926575632e+08
1.50000000 -3.00000000 	5.0926575632e+08
1.50000000 -2.50000000 	5.0926575632e+08
1.50000000 -2.00000000 	5.0926575632e+08
1.50000000 -1.50000000 	5.0926575632e+08
1.50000000 -1.00000000 	5.0926575632e+08
1.50000000 -0.50000000 	5.0918419352e+08
1.50000000 0.00000000 	5.0783429697e+08
1.50000000 0.50000000 	5.0011702252e+08
1.50000000 1.00000000 	4.8436249292e+08
1.50000000 1.50000000 	4.8455771233e+08
1.50000000 2.00000000 	5.0145694527e+08
1.50000000 2.50000000 	5.0849712069e+08
1.50000000 3.00000000 	5.0926575632e+08
1.50000000 3.50000000 	5.0926575632e+08
1.50000000 4.00000000 	5.0926575632e+08
1.50000000 4.50000000 	5.0926575632e+08
1.50000000 5.00000000 	5.0926575632e+08
1.50000000 5.50000000 	5.0926575632e+08
1.50000000 6.00000000 	5.0926575632e+08
1.50000000 6.50000000 	5.0926575632e+08
1.50000000 7.00000000 	5.0926575632e+08
1.50000000 7.50000000 	5.0926575632e+08
1.50000000 8.00000000 	5.0926575632e+08
2.00000000 -12.00000000 	5.0926575632e+08
2.00000000 -11.50000000 	5.0926575632e+08
2.00000000 -11.00000000 	5.0926575632e+08
2.00000000 -10.50000000 	5.0926575632e+08
2.00000000 -10.00000000 	5.0926575632e+08
2.00000000 -9.50000000 	5.0926575632e+08
2.00000000 -9.00000000 	5.0926575632e+08
2.00000000 -8.50000000 	5.0926575632e+08
2.00000000 -8.00000000 	5.0926575632e+08
2.00000000 -7.50000000 	5.0926575632e+08
2.00000000 -7.00000000 	5.0926575632e+08
2.00000000 -6.50000000 	5.0926575632e+08
2.00000000 -6.00000000 	5.0926575632e+08
2.00000000 -5.50000000 	5.0926575632e+08
2.00000000 -5.00000000 	5.0926575632e+08
2.00000000 -4.50000000 	5.0926575632e+08
2.00000000 -4.00000000 	5.0926575632e+08
2.00000000 -3.50000000 	5.0926575632e+08
2.00000000 -3.00000000 	5.0926575632e+08
2.00000000 -2.50000000 	5.0926575632e+08
2.00000000 -2.00000000 	5.0926575632e+08
2.00000000 -1.50000000 	5.0926575632e+08
2.00000000 -1.00000000 	5.0926575632e+08
2.00000000 -0.50000000 	5.0926575632e+08
2.00000000 0.00000000 	5.0918419352e+08
2.00000000 0.50000000 	5.0779640059e+08
2.00000000 1.00000000 	4.9974661240e+08
2.00000000 1.50000000 	4.8456490732e+08
2.00000000 2.00000000 	4.9376318899e+08
2.00000000 2.50000000 	5.0717952631e+08
2.00000000 3.00000000 	5.0926575632e+08
2.00000000 3.50000000 	5.0926575632e+08
2.00000000 4.00000000 	5.0926575632e+08
2.00000000 4.50000000 	5.0926575632e+08
2.00000000 5.00000000 	5.0926575632e+08
2.00000000 5.50000000 	5.0926575632e+08
2.00000000 6.00000000 	5.0926575632e+08
2.00000000 6.50000000 	5.0926575632e+08
2.00000000 7.00000000 	5.0926575632e+08
2.00000000 7.50000000 	5.0926575632e+08
2.00000000 8.00000000 	5.0926575632e+08
