-8.00000000 -12.00000000 	5.0926575632e+08
-8.00000000 -11.50000000 	5.0926575632e+08
-8.00000000 -11.00000000 	5.0926575632e+08
-8.00000000 -10.50000000 	5.0926575632e+08
-8.00000000 -10.00000000 	5.0926575632e+08
-8.00000000 -9.50000000 	5.0926575632e+08
-8.00000000 -9.00000000 	5.0926575632e+08
-8.00000000 -8.50000000 	5.0926575632e+08
-8.00000000 -8.00000000 	5.0926575632e+08
-8.00000000 -7.50000000 	5.0926575632e+08
-8.00000000 -7.00000000 	5.0926575632e+08
-8.00000000 -6.50000000 	5.0926575632e+08
-8.00000000 -6.00000000 	5.0926575632e+08
-8.00000000 -5.50000000 	5.0926575632e+08
-8.00000000 -5.00000000 	5.0926575632e+08
-8.00000000 -4.50000000 	5.0926575632e+08
-8.00000000 -4.00000000 	5.0926575632e+08
-8.00000000 -3.50000000 	5.0926575632e+08
-8.00000000 -3.00000000 	5.0926575632e+08
-8.00000000 -2.50000000 	5.0926575632e+08
-8.00000000 -2.00000000 	5.0926575632e+08
-8.00000000 -1.50000000 	5.0926575632e+08
-8.00000000 -1.00000000 	5.0926575632e+08
-8.00000000 -0.50000000 	5.0926575632e+08
-8.00000000 0.00000000 	5.0926575632e+08
-8.00000000 0.50000000 	5.0926575632e+08
-8.00000000 1.00000000 	5.0926575632e+08
-8.00000000 1.50000000 	5.0926575632e+08
-8.00000000 2.00000000 	5.0926575632e+08
-8.00000000 2.50000000 	5.0926575632e+08
-8.00000000 3.00000000 	5.0926575632e+08
-8.00000000 3.50000000 	5.0926575632e+08
-8.00000000 4.00000000 	5.0926575632e+08
-8.00000000 4.50000000 	5.0926575632e+08
-8.00000000 5.00000000 	5.0926575632e+08
-8.00000000 5.50000000 	5.0926575632e+08
-8.00000000 6.00000000 	5.0926575632e+08
-8.00000000 6.50000000 	5.0926575632e+08
-8.00000000 7.00000000 	5.0926575632e+08
-8.00000000 7.50000000 	5.0926575632e+08
-8.00000000 8.00000000 	5.0926575632e+08
-7.50000000 -12.00000000 	5.0926575632e+08
-7.50000000 -11.50000000 	5.0926575632e+08
-7.50000000 -11.00000000 	5.0926575632e+08
-7.50000000 -10.50000000 	5.0926575632e+08
-7.50000000 -10.00000000 	5.0926575632e+08
-7.50000000 -9.50000000 	5.0926575632e+08
-7.50000000 -9.00000000 	5.0926575632e+08
-7.50000000 -8.50000000 	5.0926575632e+08
-7.50000000 -8.00000000 	5.0926575632e+08
-7.50000000 -7.50000000 	5.0926575632e+08
-7.50000000 -7.00000000 	5.0926575632e+08
-7.50000000 -6.50000000 	5.0926575632e+08
-7.50000000 -6.00000000 	5.0926575632e+08
-7.50000000 -5.50000000 	5.0926575632e+08
-7.50000000 -5.00000000 	5.0926575632e+08
-7.50000000 -4.50000000 	5.0926575632e+08
-7.50000000 -4.00000000 	5.0926575632e+08
-7.50000000 -3.50000000 	5.0926575632e+08
-7.50000000 -3.00000000 	5.0926575632e+08
-7.50000000 -2.50000000 	5.0926575632e+08
-7.50000000 -2.00000000 	5.0926575632e+08
-7.50000000 -1.50000000 	5.0926575632e+08
-7.50000000 -1.00000000 	5.0926575632e+08
-7.50000000 -0.50000000 	5.0926575632e+08
-7.50000000 0.00000000 	5.0926575632e+08
-7.50000000 0.50000000 	5.0926575632e+08
-7.50000000 1.00000000 	5.0926575632e+08
-7.50000000 1.50000000 	5.0926575632e+08
-7.50000000 2.00000000 	5.0926575632e+08
-7.50000000 2.50000000 	5.0926575632e+08
-7.50000000 3.00000000 	5.0926575632e+08
-7.50000000 3.50000000 	5.0926575632e+08
-7.50000000 4.00000000 	5.0926575632e+08
-7.50000000 4.50000000 	5.0926575632e+08
-7.50000000 5.00000000 	5.0926575632e+08
-7.50000000 5.50000000 	5.0926575632e+08
-7.50000000 6.00000000 	5.0926575632e+08
-7.50000000 6.50000000 	5.0926575632e+08
-7.50000000 7.00000000 	5.0926575632e+08
-7.50000000 7.50000000 	5.0926575632e+08
-7.50000000 8.00000000 	5.0926575632e+08
-7.00000000 -12.00000000 	5.0926575632e+08
-7.00000000 -11.50000000 	5.0926575632e+08
-7.00000000 -11.00000000 	5.0926575632e+08
-7.00000000 -10.50000000 	5.0926575632e+08
-7.00000000 -10.00000000 	5.0926575632e+08
-7.00000000 -9.50000000 	5.0926575632e+08
-7.00000000 -9.00000000 	5.0926575632e+08
-7.00000000 -8.50000000 	5.0926575632e+08
-7.00000000 -8.00000000 	5.0926575632e+08
-7.00000000 -7.50000000 	5.0926575632e+08
-7.00000000 -7.00000000 	5.0926575632e+08
-7.00000000 -6.50000000 	5.0926575632e+08
-7.00000000 -6.00000000 	5.0926575632e+08
-7.00000000 -5.50000000 	5.0926575632e+08
-7.00000000 -5.00000000 	5.0926575632e+08
-7.00000000 -4.50000000 	5.0926575632e+08
-7.00000000 -4.00000000 	5.0926575632e+08
-7.00000000 -3.50000000 	5.0926575632e+08
-7.00000000 -3.00000000 	5.0926575632e+08
-7.00000000 -2.50000000 	5.0926575632e+08
-7.00000000 -2.00000000 	5.0926575632e+08
-7.00000000 -1.50000000 	5.0926575632e+08
-7.00000000 -1.00000000 	5.0926575632e+08
-7.00000000 -0.50000000 	5.0926575632e+08
-7.00000000 0.00000000 	5.0926575632e+08
-7.00000000 0.50000000 	5.0926575632e+08
-7.00000000 1.00000000 	5.0926575632e+08
-7.00000000 1.50000000 	5.0926575632e+08
-7.00000000 2.00000000 	5.0926575632e+08
-7.00000000 2.50000000 	5.0926575632e+08
-7.00000000 3.00000000 	5.0926575632e+08
-7.00000000 3.50000000 	5.0926575632e+08
-7.00000000 4.00000000 	5.0926575632e+08
-7.00000000 4.50000000 	5.0926575632e+08
-7.00000000 5.00000000 	5.0926575632e+08
-7.00000000 5.50000000 	5.0926575632e+08
-7.00000000 6.00000000 	5.0926575632e+08
-7.00000000 6.50000000 	5.0926575632e+08
-7.00000000 7.00000000 	5.0926575632e+08
-7.00000000 7.50000000 	5.0926575632e+08
-7.00000000 8.00000000 	5.0926575632e+08
-6.50000000 -12.00000000 	5.0898917491e+08
-6.50000000 -11.50000000 	5.0898917491e+08
-6.50000000 -11.00000000 	5.0926575632e+08
-6.50000000 -10.50000000 	5.0926575632e+08
-6.50000000 -10.00000000 	5.0926575632e+08
-6.50000000 -9.50000000 	5.0926575632e+08
-6.50000000 -9.00000000 	5.0926575632e+08
-6.50000000 -8.50000000 	5.0926575632e+08
-6.50000000 -8.00000000 	5.0926575632e+08
-6.50000000 -7.50000000 	5.0926575632e+08
-6.50000000 -7.00000000 	5.0926575632e+08
-6.50000000 -6.50000000 	5.0926575632e+08
-6.50000000 -6.00000000 	5.0926575632e+08
-6.50000000 -5.50000000 	5.0926575632e+08
-6.50000000 -5.00000000 	5.0926575632e+08
-6.50000000 -4.50000000 	5.0926575632e+08
-6.50000000 -4.00000000 	5.0926575632e+08
-6.50000000 -3.50000000 	5.0926575632e+08
-6.50000000 -3.00000000 	5.0926575632e+08
-6.50000000 -2.50000000 	5.0926575632e+08
-6.50000000 -2.00000000 	5.0926575632e+08
-6.50000000 -1.50000000 	5.0926575632e+08
-6.50000000 -1.00000000 	5.0926575632e+08
-6.50000000 -0.50000000 	5.0926575632e+08
-6.50000000 0.00000000 	5.0926575632e+08
-6.50000000 0.50000000 	5.0926575632e+08
-6.50000000 1.00000000 	5.0926575632e+08
-6.50000000 1.50000000 	5.0926575632e+08
-6.50000000 2.00000000 	5.0926575632e+08
-6.50000000 2.50000000 	5.0926575632e+08
-6.50000000 3.00000000 	5.0926575632e+08
-6.50000000 3.50000000 	5.0926575632e+08
-6.50000000 4.00000000 	5.0926575632e+08
-6.50000000 4.50000000 	5.0926575632e+08
-6.50000000 5.00000000 	5.0926575632e+08
-6.50000000 5.50000000 	5.0926575632e+08
-6.50000000 6.00000000 	5.0926575632e+08
-6.50000000 6.50000000 	5.0926575632e+08
-6.50000000 7.00000000 	5.0926575632e+08
-6.50000000 7.50000000 	5.0926575632e+08
-6.50000000 8.00000000 	5.0926575632e+08
-6.00000000 -12.00000000 	5.0587961150e+08
-6.00000000 -11.50000000 	5.0623780579e+08
-6.00000000 -11.00000000 	5.0830165360e+08
-6.00000000 -10.50000000 	5.0898917491e+08
-6.00000000 -10.00000000 	5.0926575632e+08
-6.00000000 -9.50000000 	5.0926575632e+08
-6.00000000 -9.00000000 	5.0926575632e+08
-6.00000000 -8.50000000 	5.0926575632e+08
-6.00000000 -8.00000000 	5.0926575632e+08
-6.00000000 -7.50000000 	5.0926575632e+08
-6.00000000 -7.00000000 	5.0926575632e+08
-6.00000000 -6.50000000 	5.0926575632e+08
-6.00000000 -6.00000000 	5.0926575632e+08
-6.00000000 -5.50000000 	5.0926575632e+08
-6.00000000 -5.00000000 	5.0926575632e+08
-6.00000000 -4.50000000 	5.0926575632e+08
-6.00000000 -4.00000000 	5.0926575632e+08
-6.00000000 -3.50000000 	5.0926575632e+08
-6.00000000 -3.00000000 	5.0926575632e+08
-6.00000000 -2.50000000 	5.0926575632e+08
-6.00000000 -2.00000000 	5.0926575632e+08
-6.00000000 -1.50000000 	5.0926575632e+08
-6.00000000 -1.00000000 	5.0926575632e+08
-6.00000000 -0.50000000 	5.0926575632e+08
-6.00000000 0.00000000 	5.0926575632e+08
-6.00000000 0.50000000 	5.0926575632e+08
-6.00000000 1.00000000 	5.0926575632e+08
-6.00000000 1.50000000 	5.0926575632e+08
-6.00000000 2.00000000 	5.0926575632e+08
-6.00000000 2.50000000 	5.0926575632e+08
-6.00000000 3.00000000 	5.0926575632e+08
-6.00000000 3.50000000 	5.0926575632e+08
-6.00000000 4.00000000 	5.0926575632e+08
-6.00000000 4.50000000 	5.0926575632e+08
-6.00000000 5.00000000 	5.0926575632e+08
-6.00000000 5.50000000 	5.0926575632e+08
-6.00000000 6.00000000 	5.0926575632e+08
-6.00000000 6.50000000 	5.0926575632e+08
-6.00000000 7.00000000 	5.0926575632e+08
-6.00000000 7.50000000 	5.0926575632e+08
-6.00000000 8.00000000 	5.0926575632e+08
-5.50000000 -12.00000000 	4.9648266181e+08
-5.50000000 -11.50000000 	4.9733852452e+08
-5.50000000 -11.00000000 	5.0207052789e+08
-5.50000000 -10.50000000 	5.0566213745e+08
-5.50000000 -10.00000000 	5.0830165360e+08
-5.50000000 -9.50000000 	5.0898917491e+08
-5.50000000 -9.00000000 	5.0926575632e+08
-5.50000000 -8.50000000 	5.0926575632e+08
-5.50000000 -8.00000000 	5.0926575632e+08
-5.50000000 -7.50000000 	5.0926575632e+08
-5.50000000 -7.00000000 	5.0926575632e+08
-5.50000000 -6.50000000 	5.0926575632e+08
-5.50000000 -6.00000000 	5.0926575632e+08
-5.50000000 -5.50000000 	5.0926575632e+08
-5.50000000 -5.00000000 	5.0926575632e+08
-5.50000000 -4.50000000 	5.0926575632e+08
-5.50000000 -4.00000000 	5.0926575632e+08
-5.50000000 -3.50000000 	5.0926575632e+08
-5.50000000 -3.00000000 	5.0926575632e+08
-5.50000000 -2.50000000 	5.0926575632e+08
-5.50000000 -2.00000000 	5.0926575632e+08
-5.50000000 -1.50000000 	5.0926575632e+08
-5.50000000 -1.00000000 	5.0926575632e+08
-5.50000000 -0.50000000 	5.0926575632e+08
-5.50000000 0.00000000 	5.0926575632e+08
-5.50000000 0.50000000 	5.0926575632e+08
-5.50000000 1.00000000 	5.0926575632e+08
-5.50000000 1.50000000 	5.0926575632e+08
-5.50000000 2.00000000 	5.0926575632e+08
-5.50000000 2.50000000 	5.0926575632e+08
-5.50000000 3.00000000 	5.0926575632e+08
-5.50000000 3.50000000 	5.0926575632e+08
-5.50000000 4.00000000 	5.0926575632e+08
-5.50000000 4.50000000 	5.0926575632e+08
-5.50000000 5.00000000 	5.0926575632e+08
-5.50000000 5.50000000 	5.0926575632e+08
-5.50000000 6.00000000 	5.0926575632e+08
-5.50000000 6.50000000 	5.0926575632e+08
-5.50000000 7.00000000 	5.0926575632e+08
-5.50000000 7.50000000 	5.0926575632e+08
-5.50000000 8.00000000 	5.0926575632e+08
-5.00000000 -12.00000000 	4.9513263710e+08
-5.00000000 -11.50000000 	4.9245753984e+08
-5.00000000 -11.00000000 	4.9243031755e+08
-5.00000000 -10.50000000 	4.9600348137e+08
-5.00000000 -10.00000000 	5.0191388163e+08
-5.00000000 -9.50000000 	5.0566213745e+08
-5.00000000 -9.00000000 	5.0830165360e+08
-5.00000000 -8.50000000 	5.0898917491e+08
-5.00000000 -8.00000000 	5.0926575632e+08
-5.00000000 -7.50000000 	5.0926575632e+08
-5.00000000 -7.00000000 	5.0926575632e+08
-5.00000000 -6.50000000 	5.0926575632e+08
-5.00000000 -6.00000000 	5.0926575632e+08
-5.00000000 -5.50000000 	5.0926575632e+08
-5.00000000 -5.00000000 	5.0926575632e+08
-5.00000000 -4.50000000 	5.0926575632e+08
-5.00000000 -4.00000000 	5.0926575632e+08
-5.00000000 -3.50000000 	5.0926575632e+08
-5.00000000 -3.00000000 	5.0926575632e+08
-5.00000000 -2.50000000 	5.0926575632e+08
-5.00000000 -2.00000000 	5.0926575632e+08
-5.00000000 -1.50000000 	5.0926575632e+08
-5.00000000 -1.00000000 	5.0926575632e+08
-5.00000000 -0.50000000 	5.0926575632e+08
-5.00000000 0.00000000 	5.0926575632e+08
-5.00000000 0.50000000 	5.0926575632e+08
-5.00000000 1.00000000 	5.0926575632e+08
-5.00000000 1.50000000 	5.0926575632e+08
-5.00000000 2.00000000 	5.0926575632e+08
-5.00000000 2.50000000 	5.0926575632e+08
-5.00000000 3.00000000 	5.0926575632e+08
-5.00000000 3.50000000 	5.0926575632e+08
-5.00000000 4.00000000 	5.0926575632e+08
-5.00000000 4.50000000 	5.0926575632e+08
-5.00000000 5.00000000 	5.0926575632e+08
-5.00000000 5.50000000 	5.0926575632e+08
-5.00000000 6.00000000 	5.0926575632e+08
-5.00000000 6.50000000 	5.0926575632e+08
-5.00000000 7.00000000 	5.0926575632e+08
-5.00000000 7.50000000 	5.0926575632e+08
-5.00000000 8.00000000 	5.0926575632e+08
-4.50000000 -12.00000000 	5.0530406977e+08
-4.50000000 -11.50000000 	5.0191388163e+08
-4.50000000 -11.00000000 	4.9600348137e+08
-4.50000000 -10.50000000 	4.9243031755e+08
-4.50000000 -10.00000000 	4.9243031755e+08
-4.50000000 -9.50000000 	4.9600348137e+08
-4.50000000 -9.00000000 	5.0191388163e+08
-4.50000000 -8.50000000 	5.0566213745e+08
-4.50000000 -8.00000000 	5.0830165360e+08
-4.50000000 -7.50000000 	5.0898917491e+08
-4.50000000 -7.00000000 	5.0926575632e+08
-4.50000000 -6.50000000 	5.0926575632e+08
-4.50000000 -6.00000000 	5.0926575632e+08
-4.50000000 -5.50000000 	5.0926575632e+08
-4.50000000 -5.00000000 	5.0926575632e+08
-4.50000000 -4.50000000 	5.0926575632e+08
-4.50000000 -4.00000000 	5.0926575632e+08
-4.50000000 -3.50000000 	5.0926575632e+08
-4.50000000 -3.00000000 	5.0926575632e+08
-4.50000000 -2.50000000 	5.0926575632e+08
-4.50000000 -2.00000000 	5.0926575632e+08
-4.50000000 -1.50000000 	5.0926575632e+08
-4.50000000 -1.00000000 	5.0926575632e+08
-4.50000000 -0.50000000 	5.0926575632e+08
-4.50000000 0.00000000 	5.0926575632e+08
-4.50000000 0.50000000 	5.0926575632e+08
-4.50000000 1.00000000 	5.0926575632e+08
-4.50000000 1.50000000 	5.0926575632e+08
-4.50000000 2.00000000 	5.0926575632e+08
-4.50000000 2.50000000 	5.0926575632e+08
-4.50000000 3.00000000 	5.0926575632e+08
-4.50000000 3.50000000 	5.0926575632e+08
-4.50000000 4.00000000 	5.0926575632e+08
-4.50000000 4.50000000 	5.0926575632e+08
-4.50000000 5.00000000 	5.0926575632e+08
-4.50000000 5.50000000 	5.0926575632e+08
-4.50000000 6.00000000 	5.0926575632e+08
-4.50000000 6.50000000 	5.0926575632e+08
-4.50000000 7.00000000 	5.0926575632e+08
-4.50000000 7.50000000 	5.0926575632e+08
-4.50000000 8.00000000 	5.0926575632e+08
-4.00000000 -12.00000000 	5.0898917491e+08
-4.00000000 -11.50000000 	5.0830165360e+08
-4.00000000 -11.00000000 	5.0566213745e+08
-4.00000000 -10.50000000 	5.0191388163e+08
-4.00000000 -10.00000000 	4.9600348137e+08
-4.00000000 -9.50000000 	4.9243031755e+08
-4.00000000 -9.00000000 	4.9243031755e+08
-4.00000000 -8.50000000 	4.9600348137e+08
-4.00000000 -8.00000000 	5.0191388163e+08
-4.00000000 -7.50000000 	5.0566213745e+08
-4.00000000 -7.00000000 	5.0830165360e+08
-4.00000000 -6.50000000 	5.0898917491e+08
-4.00000000 -6.00000000 	5.0926575632e+08
-4.00000000 -5.50000000 	5.0926575632e+08
-4.00000000 -5.00000000 	5.0926575632e+08
-4.00000000 -4.50000000 	5.0926575632e+08
-4.00000000 -4.00000000 	5.0926575632e+08
-4.00000000 -3.50000000 	5.0926575632e+08
-4.00000000 -3.00000000 	5.0926575632e+08
-4.00000000 -2.50000000 	5.0926575632e+08
-4.00000000 -2.00000000 	5.0926575632e+08
-4.00000000 -1.50000000 	5.0926575632e+08
-4.00000000 -1.00000000 	5.0926575632e+08
-4.00000000 -0.50000000 	5.0926575632e+08
-4.00000000 0.00000000 	5.0926575632e+08
-4.00000000 0.50000000 	5.0926575632e+08
-4.00000000 1.00000000 	5.0926575632e+08
-4.00000000 1.50000000 	5.0926575632e+08
-4.00000000 2.00000000 	5.0926575632e+08
-4.00000000 2.50000000 	5.0926575632e+08
-4.00000000 3.00000000 	5.0926575632e+08
-4.00000000 3.50000000 	5.0926575632e+08
-4.00000000 4.00000000 	5.0926575632e+08
-4.00000000 4.50000000 	5.0926575632e+08
-4.00000000 5.00000000 	5.0926575632e+08
-4.00000000 5.50000000 	5.0926575632e+08
-4.00000000 6.00000000 	5.0926575632e+08
-4.00000000 6.50000000 	5.0926575632e+08
-4.00000000 7.00000000 	5.0926575632e+08
-4.00000000 7.50000000 	5.0926575632e+08
-4.00000000 8.00000000 	5.0926575632e+08
-3.50000000 -12.00000000 	5.0926575632e+08
-3.50000000 -11.50000000 	5.0926575632e+08
-3.50000000 -11.00000000 	5.0898917491e+08
-3.50000000 -10.50000000 	5.0830165360e+08
-3.50000000 -10.00000000 	5.0566213745e+08
-3.50000000 -9.50000000 	5.0191388163e+08
-3.50000000 -9.00000000 	4.9600348137e+08
-3.50000000 -8.50000000 	4.9243031755e+08
-3.50000000 -8.00000000 	4.9243031755e+08
-3.50000000 -7.50000000 	4.9600348137e+08
-3.50000000 -7.00000000 	5.0191388163e+08
-3.50000000 -6.50000000 	5.0566213745e+08
-3.50000000 -6.00000000 	5.0830165360e+08
-3.50000000 -5.50000000 	5.0898917491e+08
-3.50000000 -5.00000000 	5.0926575632e+08
-3.50000000 -4.50000000 	5.0926575632e+08
-3.50000000 -4.00000000 	5.0926575632e+08
-3.50000000 -3.50000000 	5.0926575632e+08
-3.50000000 -3.00000000 	5.0926575632e+08
-3.50000000 -2.50000000 	5.0926575632e+08
-3.50000000 -2.00000000 	5.0926575632e+08
-3.50000000 -1.50000000 	5.0926575632e+08
-3.50000000 -1.00000000 	5.0926575632e+08
-3.50000000 -0.50000000 	5.0926575632e+08
-3.50000000 0.00000000 	5.0926575632e+08
-3.50000000 0.50000000 	5.0926575632e+08
-3.50000000 1.00000000 	5.0926575632e+08
-3.50000000 1.50000000 	5.0926575632e+08
-3.50000000 2.00000000 	5.0926575632e+08
-3.50000000 2.50000000 	5.0926575632e+08
-3.50000000 3.00000000 	5.0926575632e+08
-3.50000000 3.50000000 	5.0926575632e+08
-3.50000000 4.00000000 	5.0926575632e+08
-3.50000000 4.50000000 	5.0926575632e+08
-3.50000000 5.00000000 	5.0926575632e+08
-3.50000000 5.50000000 	5.0926575632e+08
-3.50000000 6.00000000 	5.0926575632e+08
-3.50000000 6.50000000 	5.0926575632e+08
-3.50000000 7.00000000 	5.0926575632e+08
-3.50000000 7.50000000 	5.0926575632e+08
-3.50000000 8.00000000 	5.0926575632e+08
-3.00000000 -12.00000000 	5.0926575632e+08
-3.00000000 -11.50000000 	5.0926575632e+08
-3.00000000 -11.00000000 	5.0926575632e+08
-3.00000000 -10.50000000 	5.0926575632e+08
-3.00000000 -10.00000000 	5.0898917491e+08
-3.00000000 -9.50000000 	5.0830165360e+08
-3.00000000 -9.00000000 	5.0566213745e+08
-3.00000000 -8.50000000 	5.0191388163e+08
-3.00000000 -8.00000000 	4.9600348137e+08
-3.00000000 -7.50000000 	4.9243031755e+08
-3.00000000 -7.00000000 	4.9243031755e+08
-3.00000000 -6.50000000 	4.9600348137e+08
-3.00000000 -6.00000000 	5.0191388163e+08
-3.00000000 -5.50000000 	5.0566213745e+08
-3.00000000 -5.00000000 	5.0830165360e+08
-3.00000000 -4.50000000 	5.0898917491e+08
-3.00000000 -4.00000000 	5.0926575632e+08
-3.00000000 -3.50000000 	5.0926575632e+08
-3.00000000 -3.00000000 	5.0926575632e+08
-3.00000000 -2.50000000 	5.0926575632e+08
-3.00000000 -2.00000000 	5.0926575632e+08
-3.00000000 -1.50000000 	5.0926575632e+08
-3.00000000 -1.00000000 	5.0926575632e+08
-3.00000000 -0.50000000 	5.0926575632e+08
-3.00000000 0.00000000 	5.0926575632e+08
-3.00000000 0.50000000 	5.0926575632e+08
-3.00000000 1.00000000 	5.0926575632e+08
-3.00000000 1.50000000 	5.0926575632e+08
-3.00000000 2.00000000 	5.0926575632e+08
-3.00000000 2.50000000 	5.0926575632e+08
-3.00000000 3.00000000 	5.0926575632e+08
-3.00000000 3.50000000 	5.0926575632e+08
-3.00000000 4.00000000 	5.0926575632e+08
-3.00000000 4.50000000 	5.0926575632e+08
-3.00000000 5.00000000 	5.0926575632e+08
-3.00000000 5.50000000 	5.0926575632e+08
-3.00000000 6.00000000 	5.0926575632e+08
-3.00000000 6.50000000 	5.0926575632e+08
-3.00000000 7.00000000 	5.0926575632e+08
-3.00000000 7.50000000 	5.0926575632e+08
-3.00000000 8.00000000 	5.0926575632e+08
-2.50000000 -12.00000000 	5.0926575632e+08
-2.50000000 -11.50000000 	5.0926575632e+08
-2.50000000 -11.00000000 	5.0926575632e+08
-2.50000000 -10.50000000 	5.0926575632e+08
-2.50000000 -10.00000000 	5.0926575632e+08
-2.50000000 -9.50000000 	5.0926575632e+08
-2.50000000 -9.00000000 	5.0898917491e+08
-2.50000000 -8.50000000 	5.0830165360e+08
-2.50000000 -8.00000000 	5.0566213745e+08
-2.50000000 -7.50000000 	5.0191388163e+08
-2.50000000 -7.00000000 	4.9600348137e+08
-2.50000000 -6.50000000 	4.9243031755e+08
-2.50000000 -6.00000000 	4.9243031755e+08
-2.50000000 -5.50000000 	4.9600348137e+08
-2.50000000 -5.00000000 	5.0191388163e+08
-2.50000000 -4.50000000 	5.0566213745e+08
-2.50000000 -4.00000000 	5.0830165360e+08
-2.50000000 -3.50000000 	5.0898917491e+08
-2.50000000 -3.00000000 	5.0926575632e+08
-2.50000000 -2.50000000 	5.0926575632e+08
-2.50000000 -2.00000000 	5.0926575632e+08
-2.50000000 -1.50000000 	5.0926575632e+08
-2.50000000 -1.00000000 	5.0926575632e+08
-2.50000000 -0.50000000 	5.0926575632e+08
-2.50000000 0.00000000 	5.0926575632e+08
-2.50000000 0.50000000 	5.0926575632e+08
-2.50000000 1.00000000 	5.0926575632e+08
-2.50000000 1.50000000 	5.0926575632e+08
-2.50000000 2.00000000 	5.0926575632e+08
-2.50000000 2.50000000 	5.0926575632e+08
-2.50000000 3.00000000 	5.0926575632e+08
-2.50000000 3.50000000 	5.0926575632e+08
-2.50000000 4.00000000 	5.0926575632e+08
-2.50000000 4.50000000 	5.0926575632e+08
-2.50000000 5.00000000 	5.0926575632e+08
-2.50000000 5.50000000 	5.0926575632e+08
-2.50000000 6.00000000 	5.0926575632e+08
-2.50000000 6.50000000 	5.0926575632e+08
-2.50000000 7.00000000 	5.0926575632e+08
-2.50000000 7.50000000 	5.0926575632e+08
-2.50000000 8.00000000 	5.0926575632e+08
-2.00000000 -12.00000000 	5.0926575632e+08
-2.00000000 -11.50000000 	5.0926575632e+08
-2.00000000 -11.00000000 	5.0926575632e+08
-2.00000000 -10.50000000 	5.0926575632e+08
-2.00000000 -10.00000000 	5.0926575632e+08
-2.00000000 -9.50000000 	5.0926575632e+08
-2.00000000 -9.00000000 	5.0926575632e+08
-2.00000000 -8.50000000 	5.0926575632e+08
-2.00000000 -8.00000000 	5.0898917491e+08
-2.00000000 -7.50000000 	5.0830165360e+08
-2.00000000 -7.00000000 	5.0566213745e+08
-2.00000000 -6.50000000 	5.0191388163e+08
-2.00000000 -6.00000000 	4.9600348137e+08
-2.00000000 -5.50000000 	4.9243031755e+08
-2.00000000 -5.00000000 	4.9243031755e+08
-2.00000000 -4.50000000 	4.9600348137e+08
-2.00000000 -4.00000000 	5.0191388163e+08
-2.00000000 -3.50000000 	5.0566213745e+08
-2.00000000 -3.00000000 	5.0830165360e+08
-2.00000000 -2.50000000 	5.0898917491e+08
-2.00000000 -2.00000000 	5.0926575632e+08
-2.00000000 -1.50000000 	5.0926575632e+08
-2.00000000 -1.00000000 	5.0926575632e+08
-2.00000000 -0.50000000 	5.0926575632e+08
-2.00000000 0.00000000 	5.0926575632e+08
-2.00000000 0.50000000 	5.0926575632e+08
-2.00000000 1.00000000 	5.0926575632e+08
-2.00000000 1.50000000 	5.0926575632e+08
-2.00000000 2.00000000 	5.0926575632e+08
-2.00000000 2.50000000 	5.0926575632e+08
-2.00000000 3.00000000 	5.0926575632e+08
-2.00000000 3.50000000 	5.0926575632e+08
-2.00000000 4.00000000 	5.0926575632e+08
-2.00000000 4.50000000 	5.0926575632e+08
-2.00000000 5.00000000 	5.0926575632e+08
-2.00000000 5.50000000 	5.0926575632e+08
-2.00000000 6.00000000 	5.0926575632e+08
-2.00000000 6.50000000 	5.0926575632e+08
-2.00000000 7.00000000 	5.0926575632e+08
-2.00000000 7.50000000 	5.0926575632e+08
-2.00000000 8.00000000 	5.0926575632e+08
-1.50000000 -12.00000000 	5.0926575632e+08
-1.50000000 -11.50000000 	5.0926575632e+08
-1.50000000 -11.00000000 	5.0926575632e+08
-1.50000000 -10.50000000 	5.0926575632e+08
-1.50000000 -10.00000000 	5.0926575632e+08
-1.50000000 -9.50000000 	5.0926575632e+08
-1.50000000 -9.00000000 	5.0926575632e+08
-1.50000000 -8.50000000 	5.0926575632e+08
-1.50000000 -8.00000000 	5.0926575632e+08
-1.50000000 -7.50000000 	5.0926575632e+08
-1.50000000 -7.00000000 	5.0898917491e+08
-1.50000000 -6.50000000 	5.0830165360e+08
-1.50000000 -6.00000000 	5.0566213745e+08
-1.50000000 -5.50000000 	5.0191388163e+08
-1.50000000 -5.00000000 	4.9600348137e+08
-1.50000000 -4.50000000 	4.9243031755e+08
-1.50000000 -4.00000000 	4.9243031755e+08
-1.50000000 -3.50000000 	4.9600348137e+08
-1.50000000 -3.00000000 	5.0191388163e+08
-1.50000000 -2.50000000 	5.0566213745e+08
-1.50000000 -2.00000000 	5.0830165360e+08
-1.50000000 -1.50000000 	5.0898917491e+08
-1.50000000 -1.00000000 	5.0926575632e+08
-1.50000000 -0.50000000 	5.0926575632e+08
-1.50000000 0.00000000 	5.0926575632e+08
-1.50000000 0.50000000 	5.0926575632e+08
-1.50000000 1.00000000 	5.0926575632e+08
-1.50000000 1.50000000 	5.0926575632e+08
-1.50000000 2.00000000 	5.0926575632e+08
-1.50000000 2.50000000 	5.0926575632e+08
-1.50000000 3.00000000 	5.0926575632e+08
-1.50000000 3.50000000 	5.0926575632e+08
-1.50000000 4.00000000 	5.0926575632e+08
-1.50000000 4.50000000 	5.0926575632e+08
-1.50000000 5.00000000 	5.0926575632e+08
-1.50000000 5.50000000 	5.0926575632e+08
-1.50000000 6.00000000 	5.0926575632e+08
-1.50000000 6.50000000 	5.0926575632e+08
-1.50000000 7.00000000 	5.0926575632e+08
-1.50000000 7.50000000 	5.0926575632e+08
-1.50000000 8.00000000 	5.0926575632e+08
-1.00000000 -12.00000000 	5.0926575632e+08
-1.00000000 -11.50000000 	5.0926575632e+08
-1.00000000 -11.00000000 	5.0926575632e+08
-1.00000000 -10.50000000 	5.0926575632e+08
-1.00000000 -10.00000000 	5.0926575632e+08
-1.00000000 -9.50000000 	5.0926575632e+08
-1.00000000 -9.00000000 	5.0926575632e+08
-1.00000000 -8.50000000 	5.0926575632e+08
-1.00000000 -8.00000000 	5.0926575632e+08
-1.00000000 -7.50000000 	5.0926575632e+08
-1.00000000 -7.00000000 	5.0926575632e+08
-1.00000000 -6.50000000 	5.0926575632e+08
-1.00000000 -6.00000000 	5.0898917491e+08
-1.00000000 -5.50000000 	5.0830165360e+08
-1.00000000 -5.00000000 	5.0566213745e+08
-1.00000000 -4.50000000 	5.0191388163e+08
-1.00000000 -4.00000000 	4.9600348137e+08
-1.00000000 -3.50000000 	4.9243031755e+08
-1.00000000 -3.00000000 	4.9243031755e+08
-1.00000000 -2.50000000 	4.9600348137e+08
-1.00000000 -2.00000000 	5.0191388163e+08
-1.00000000 -1.50000000 	5.0566213745e+08
-1.00000000 -1.00000000 	5.0830165360e+08
-1.00000000 -0.50000000 	5.0898917491e+08
-1.00000000 0.00000000 	5.0926575632e+08
-1.00000000 0.50000000 	5.0926575632e+08
-1.00000000 1.00000000 	5.0926575632e+08
-1.00000000 1.50000000 	5.0926575632e+08
-1.00000000 2.00000000 	5.0926575632e+08
-1.00000000 2.50000000 	5.0926575632e+08
-1.00000000 3.00000000 	5.0926575632e+08
-1.00000000 3.50000000 	5.0926575632e+08
-1.00000000 4.00000000 	5.0926575632e+08
-1.00000000 4.50000000 	5.0926575632e+08
-1.00000000 5.00000000 	5.0926575632e+08
-1.00000000 5.50000000 	5.0926575632e+08
-1.00000000 6.00000000 	5.0926575632e+08
-1.00000000 6.50000000 	5.0926575632e+08
-1.00000000 7.00000000 	5.0926575632e+08
-1.00000000 7.50000000 	5.0926575632e+08
-1.00000000 8.00000000 	5.0926575632e+08
-0.50000000 -12.00000000 	5.0926575632e+08
-0.50000000 -11.50000000 	5.0926575632e+08
-0.50000000 -11.00000000 	5.0926575632e+08
-0.50000000 -10.50000000 	5.0926575632e+08
-0.50000000 -10.00000000 	5.0926575632e+08
-0.50000000 -9.50000000 	5.0926575632e+08
-0.50000000 -9.00000000 	5.0926575632e+08
-0.50000000 -8.50000000 	5.0926575632e+08
-0.50000000 -8.00000000 	5.0926575632e+08
-0.50000000 -7.50000000 	5.0926575632e+08
-0.50000000 -7.00000000 	5.0926575632e+08
-0.50000000 -6.50000000 	5.0926575632e+08
-0.50000000 -6.00000000 	5.0926575632e+08
-0.50000000 -5.50000000 	5.0926575632e+08
-0.50000000 -5.00000000 	5.0898917491e+08
-0.50000000 -4.50000000 	5.0830165360e+08
-0.50000000 -4.00000000 	5.0566213745e+08
-0.50000000 -3.50000000 	5.0191388163e+08
-0.50000000 -3.00000000 	4.9600348137e+08
-0.50000000 -2.50000000 	4.9243031755e+08
-0.50000000 -2.00000000 	4.9243031755e+08
-0.50000000 -1.50000000 	4.9600348137e+08
-0.50000000 -1.00000000 	5.0191388163e+08
-0.50000000 -0.50000000 	5.0566213745e+08
-0.50000000 0.00000000 	5.0830165360e+08
-0.50000000 0.50000000 	5.0898917491e+08
-0.50000000 1.00000000 	5.0926575632e+08
-0.50000000 1.50000000 	5.0926575632e+08
-0.50000000 2.00000000 	5.0926575632e+08
-0.50000000 2.50000000 	5.0926575632e+08
-0.50000000 3.00000000 	5.0926575632e+08
-0.50000000 3.50000000 	5.0926575632e+08
-0.50000000 4.00000000 	5.0926575632e+08
-0.50000000 4.50000000 	5.0926575632e+08
-0.50000000 5.00000000 	5.0926575632e+08
-0.50000000 5.50000000 	5.0926575632e+08
-0.50000000 6.00000000 	5.0926575632e+08
-0.50000000 6.50000000 	5.0926575632e+08
-0.50000000 7.00000000 	5.0926575632e+08
-0.50000000 7.50000000 	5.0926575632e+08
-0.50000000 8.00000000 	5.0926575632e+08
0.00000000 -12.00000000 	5.0926575632e+08
0.00000000 -11.50000000 	5.0926575632e+08
0.00000000 -11.00000000 	5.0926575632e+08
0.00000000 -10.50000000 	5.0926575632e+08
0.00000000 -10.00000000 	5.0926575632e+08
0.00000000 -9.50000000 	5.0926575632e+08
0.00000000 -9.00000000 	5.0926575632e+08
0.00000000 -8.50000000 	5.0926575632e+08
0.00000000 -8.00000000 	5.0926575632e+08
0.00000000 -7.50000000 	5.0926575632e+08
0.00000000 -7.00000000 	5.0926575632e+08
0.00000000 -6.50000000 	5.0926575632e+08
0.00000000 -6.00000000 	5.0926575632e+08
0.00000000 -5.50000000 	5.0926575632e+08
0.00000000 -5.00000000 	5.0926575632e+08
0.00000000 -4.50000000 	5.0926575632e+08
0.00000000 -4.00000000 	5.0898917491e+08
0.00000000 -3.50000000 	5.0830165360e+08
0.00000000 -3.00000000 	5.0566213745e+08
0.00000000 -2.50000000 	5.0191388163e+08
0.00000000 -2.00000000 	4.9600348137e+08
0.00000000 -1.50000000 	4.9243031755e+08
0.00000000 -1.00000000 	4.9243031755e+08
0.00000000 -0.50000000 	4.9600348137e+08
0.00000000 0.00000000 	5.0191388163e+08
0.00000000 0.50000000 	5.0566213745e+08
0.00000000 1.00000000 	5.0830165360e+08
0.00000000 1.50000000 	5.0898917491e+08
0.00000000 2.00000000 	5.0926575632e+08
0.00000000 2.50000000 	5.0926575632e+08
0.00000000 3.00000000 	5.0926575632e+08
0.00000000 3.50000000 	5.0926575632e+08
0.00000000 4.00000000 	5.0926575632e+08
0.00000000 4.50000000 	5.0926575632e+08
0.00000000 5.00000000 	5.0926575632e+08
0.00000000 5.50000000 	5.0926575632e+08
0.00000000 6.00000000 	5.0926575632e+08
0.00000000 6.50000000 	5.0926575632e+08
0.00000000 7.00000000 	5.0926575632e+08
0.00000000 7.50000000 	5.0926575632e+08
0.00000000 8.00000000 	5.0926575632e+08
0.50000000 -12.00000000 	5.0926575632e+08
0.50000000 -11.50000000 	5.0926575632e+08
0.50000000 -11.00000000 	5.0926575632e+08
0.50000000 -10.50000000 	5.0926575632e+08
0.50000000 -10.00000000 	5.0926575632e+08
0.50000000 -9.50000000 	5.0926575632e+08
0.50000000 -9.00000000 	5.0926575632e+08
0.50000000 -8.50000000 	5.0926575632e+08
0.50000000 -8.00000000 	5.0926575632e+08
0.50000000 -7.50000000 	5.0926575632e+08
0.50000000 -7.00000000 	5.0926575632e+08
0.50000000 -6.50000000 	5.0926575632e+08
0.50000000 -6.00000000 	5.0926575632e+08
0.50000000 -5.50000000 	5.0926575632e+08
0.50000000 -5.00000000 	5.0926575632e+08
0.50000000 -4.50000000 	5.0926575632e+08
0.50000000 -4.00000000 	5.0926575632e+08
0.50000000 -3.50000000 	5.0926575632e+08
0.50000000 -3.00000000 	5.0898917491e+08
0.50000000 -2.50000000 	5.0830165360e+08
0.50000000 -2.00000000 	5.0566213745e+08
0.50000000 -1.50000000 	5.0191388163e+08
0.50000000 -1.00000000 	4.9600348137e+08
0.50000000 -0.50000000 	4.9243031755e+08
0.50000000 0.00000000 	4.9243031755e+08
0.50000000 0.50000000 	4.9600348137e+08
0.50000000 1.00000000 	5.0191388163e+08
0.50000000 1.50000000 	5.0566213745e+08
0.50000000 2.00000000 	5.0830165360e+08
0.50000000 2.50000000 	5.0898917491e+08
0.50000000 3.00000000 	5.0926575632e+08
0.50000000 3.50000000 	5.0926575632e+08
0.50000000 4.00000000 	5.0926575632e+08
0.50000000 4.50000000 	5.0926575632e+08
0.50000000 5.00000000 	5.0926575632e+08
0.50000000 5.50000000 	5.0926575632e+08
0.50000000 6.00000000 	5.0926575632e+08
0.50000000 6.50000000 	5.0926575632e+08
0.50000000 7.00000000 	5.0926575632e+08
0.50000000 7.50000000 	5.0926575632e+08
0.50000000 8.00000000 	5.0926575632e+08
1.00000000 -12.00000000 	5.0926575632e+08
1.00000000 -11.50000000 	5.0926575632e+08
1.00000000 -11.00000000 	5.0926575632e+08
1.00000000 -10.50000000 	5.0926575632e+08
1.00000000 -10.00000000 	5.0926575632e+08
1.00000000 -9.50000000 	5.0926575632e+08
1.00000000 -9.00000000 	5.0926575632e+08
1.00000000 -8.50000000 	5.0926575632e+08
1.00000000 -8.00000000 	5.0926575632e+08
1.00000000 -7.50000000 	5.0926575632e+08
1.00000000 -7.00000000 	5.0926575632e+08
1.00000000 -6.50000000 	5.0926575632e+08
1.00000000 -6.00000000 	5.0926575632e+08
1.00000000 -5.50000000 	5.0926575632e+08
1.00000000 -5.00000000 	5.0926575632e+08
1.00000000 -4.50000000 	5.0926575632e+08
1.00000000 -4.00000000 	5.0926575632e+08
1.00000000 -3.50000000 	5.0926575632e+08
1.00000000 -3.00000000 	5.0926575632e+08
1.00000000 -2.50000000 	5.0926575632e+08
1.00000000 -2.00000000 	5.0898917491e+08
1.00000000 -1.50000000 	5.0830165360e+08
1.00000000 -1.00000000 	5.0566213745e+08
1.00000000 -0.50000000 	5.0191388163e+08
1.00000000 0.00000000 	4.9600348137e+08
1.00000000 0.50000000 	4.9243031755e+08
1.00000000 1.00000000 	4.9243031755e+08
1.00000000 1.50000000 	4.9600348137e+08
1.00000000 2.00000000 	5.0191388163e+08
1.00000000 2.50000000 	5.0566213745e+08
1.00000000 3.00000000 	5.0857706657e+08
1.00000000 3.50000000 	5.0926575632e+08
1.00000000 4.00000000 	5.0926575632e+08
1.00000000 4.50000000 	5.0926575632e+08
1.00000000 5.00000000 	5.0926575632e+08
1.00000000 5.50000000 	5.0926575632e+08
1.00000000 6.00000000 	5.0926575632e+08
1.00000000 6.50000000 	5.0926575632e+08
1.00000000 7.00000000 	5.0926575632e+08
1.00000000 7.50000000 	5.0926575632e+08
1.00000000 8.00000000 	5.0926575632e+08
1.50000000 -12.00000000 	5.0926575632e+08
1.50000000 -11.50000000 	5.0926575632e+08
1.50000000 -11.00000000 	5.0926575632e+08
1.50000000 -10.50000000 	5.0926575632e+08
1.50000000 -10.00000000 	5.0926575632e+08
1.50000000 -9.50000000 	5.0926575632e+08
1.50000000 -9.00000000 	5.0926575632e+08
1.50000000 -8.50000000 	5.0926575632e+08
1.50000000 -8.00000000 	5.0926575632e+08
1.50000000 -7.50000000 	5.0926575632e+08
1.50000000 -7.00000000 	5.0926575632e+08
1.50000000 -6.50000000 	5.0926575632e+08
1.50000000 -6.00000000 	5.0926575632e+08
1.50000000 -5.50000000 	5.0926575632e+08
1.50000000 -5.00000000 	5.0926575632e+08
1.50000000 -4.50000000 	5.0926575632e+08
1.50000000 -4.00000000 	5.0926575632e+08
1.50000000 -3.50000000 	5.0926575632e+08
1.50000000 -3.00000000 	5.0926575632e+08
1.50000000 -2.50000000 	5.0926575632e+08
1.50000000 -2.00000000 	5.0926575632e+08
1.50000000 -1.50000000 	5.0926575632e+08
1.50000000 -1.00000000 	5.0898917491e+08
1.50000000 -0.50000000 	5.0830165360e+08
1.50000000 0.00000000 	5.0566213745e+08
1.50000000 0.50000000 	5.0191388163e+08
1.50000000 1.00000000 	4.9600348137e+08
1.50000000 1.50000000 	4.9243031755e+08
1.50000000 2.00000000 	4.9250428537e+08
1.50000000 2.50000000 	4.9643427898e+08
1.50000000 3.00000000 	5.0460203446e+08
1.50000000 3.50000000 	5.0868765113e+08
1.50000000 4.00000000 	5.0926575632e+08
1.50000000 4.50000000 	5.0926575632e+08
1.50000000 5.00000000 	5.0926575632e+08
1.50000000 5.50000000 	5.0926575632e+08
1.50000000 6.00000000 	5.0926575632e+08
1.50000000 6.50000000 	5.0926575632e+08
1.50000000 7.00000000 	5.0926575632e+08
1.50000000 7.50000000 	5.0926575632e+08
1.50000000 8.00000000 	5.0926575632e+08
2.00000000 -12.00000000 	5.0926575632e+08
2.00000000 -11.50000000 	5.0926575632e+08
2.00000000 -11.00000000 	5.0926575632e+08
2.00000000 -10.50000000 	5.0926575632e+08
2.00000000 -10.00000000 	5.0926575632e+08
2.00000000 -9.50000000 	5.0926575632e+08
2.00000000 -9.00000000 	5.0926575632e+08
2.00000000 -8.50000000 	5.0926575632e+08
2.00000000 -8.00000000 	5.0926575632e+08
2.00000000 -7.50000000 	5.0926575632e+08
2.00000000 -7.00000000 	5.0926575632e+08
2.00000000 -6.50000000 	5.0926575632e+08
2.00000000 -6.00000000 	5.0926575632e+08
2.00000000 -5.50000000 	5.0926575632e+08
2.00000000 -5.00000000 	5.0926575632e+08
2.00000000 -4.50000000 	5.0926575632e+08
2.00000000 -4.00000000 	5.0926575632e+08
2.00000000 -3.50000000 	5.0926575632e+08
2.00000000 -3.00000000 	5.0926575632e+08
2.00000000 -2.50000000 	5.0926575632e+08
2.00000000 -2.00000000 	5.0926575632e+08
2.00000000 -1.50000000 	5.0926575632e+08
2.00000000 -1.00000000 	5.0926575632e+08
2.00000000 -0.50000000 	5.0926575632e+08
2.00000000 0.00000000 	5.0898917491e+08
2.00000000 0.50000000 	5.0830165360e+08
2.00000000 1.00000000 	5.0559006792e+08
2.00000000 1.50000000 	5.0170835637e+08
2.00000000 2.00000000 	4.9593002168e+08
2.00000000 2.50000000 	4.9384136126e+08
2.00000000 3.00000000 	5.0083032644e+08
2.00000000 3.50000000 	5.0734243944e+08
2.00000000 4.00000000 	5.0910797566e+08
2.00000000 4.50000000 	5.0926575632e+08
2.00000000 5.00000000 	5.0926575632e+08
2.00000000 5.50000000 	5.0926575632e+08
2.00000000 6.00000000 	5.0926575632e+08
2.00000000 6.50000000 	5.0926575632e+08
2.00000000 7.00000000 	5.0926575632e+08
2.00000000 7.50000000 	5.0926575632e+08
2.00000000 8.00000000 	5.0926575632e+08
