-11.31370850 	-100.0000000000
-10.60660172 	-100.0000000000
-9.89949494 	-100.0000000000
-9.19238816 	-100.0000000000
-8.48528137 	-100.0000000000
-7.77817459 	-100.0000000000
-7.07106781 	-100.0000000000
-6.36396103 	-100.0000000000
-5.65685425 	-100.0000000000
-4.94974747 	-100.0000000000
-4.24264069 	-100.0000000000
-3.53553391 	-100.0000000000
-2.82842712 	-99.9991868322
-2.12132034 	-99.8464535165
-1.41421356 	-97.2755411249
-0.70710678 	-83.1286046345
0.00000000 	-46.0308630273
0.70710678 	9.7165642347
1.41421356 	61.1706699682
2.12132034 	89.9614763960
2.82842712 	98.7071374134
