-11.31370850 	-100.0000000000
-10.60660172 	-100.0000000000
-9.89949494 	-100.0000000000
-9.19238816 	-100.0000000000
-8.48528137 	-100.0000000000
-7.77817459 	-100.0000000000
-7.07106781 	-100.0000000000
-6.36396103 	-100.0000000000
-5.65685425 	-100.0000000000
-4.94974747 	-100.0000000000
-4.24264069 	-100.0000000000
-3.53553391 	-100.0000000000
-2.82842712 	-100.0000000000
-2.12132034 	-100.0000000000
-1.41421356 	-100.0000000000
-0.70710678 	-99.4894704641
0.00000000 	-80.0993098287
0.70710678 	22.3316213148
1.41421356 	91.5804495256
2.12132034 	100.0000000000
2.82842712 	100.0000000000
