-8.00000000 	0.0000000000
-7.50000000 	0.0000000000
-7.00000000 	0.0000000000
-6.50000000 	0.0000000000
-6.00000000 	0.0000000000
-5.50000000 	0.0000000000
-5.00000000 	0.0000000000
-4.50000000 	0.0000000000
-4.00000000 	0.0000000000
-3.50000000 	0.0000000000
-3.00000000 	0.0000000000
-2.50000000 	0.0000000000
-2.00000000 	0.0596975753
-1.50000000 	0.4104963621
-1.00000000 	1.1568086863
-0.50000000 	1.6047557391
0.00000000 	0.7987458395
0.50000000 	-0.7987458395
1.00000000 	-1.6047557391
1.50000000 	-1.1568086863
2.00000000 	-0.4209038331
