-8.00000000 -12.00000000 	-86.6025403784
-8.00000000 -11.00000000 	-86.6025403784
-8.00000000 -10.00000000 	-86.6025403784
-8.00000000 -9.00000000 	-86.6025403784
-8.00000000 -8.00000000 	-86.6025403784
-8.00000000 -7.00000000 	-86.6025403784
-8.00000000 -6.00000000 	-86.6025403784
-8.00000000 -5.00000000 	-86.6025403784
-8.00000000 -4.00000000 	-86.6025403784
-8.00000000 -3.00000000 	-86.6025403784
-8.00000000 -2.00000000 	-86.6025403784
-8.00000000 -1.00000000 	-86.6025403784
-8.00000000 0.00000000 	-86.6025403784
-8.00000000 1.00000000 	-86.6025403784
-8.00000000 2.00000000 	-86.6025403784
-8.00000000 3.00000000 	-86.6025403784
-8.00000000 4.00000000 	-86.6025403784
-8.00000000 5.00000000 	-86.6025403784
-8.00000000 6.00000000 	-86.6025403784
-8.00000000 7.00000000 	-86.6025403784
-8.00000000 8.00000000 	-86.6025403784
-7.00000000 -12.00000000 	-86.6025403784
-7.00000000 -11.00000000 	-86.6025403784
-7.00000000 -10.00000000 	-86.6025403784
-7.00000000 -9.00000000 	-86.6025403784
-7.00000000 -8.00000000 	-86.6025403784
-7.00000000 -7.00000000 	-86.6025403784
-7.00000000 -6.00000000 	-86.6025403784
-7.00000000 -5.00000000 	-86.6025403784
-7.00000000 -4.00000000 	-86.6025403784
-7.00000000 -3.00000000 	-86.6025403784
-7.00000000 -2.00000000 	-86.6025403784
-7.00000000 -1.00000000 	-86.6025403784
-7.00000000 0.00000000 	-86.6025403784
-7.00000000 1.00000000 	-86.6025403784
-7.00000000 2.00000000 	-86.6025403784
-7.00000000 3.00000000 	-86.6025403784
-7.00000000 4.00000000 	-86.6025403784
-7.00000000 5.00000000 	-86.6025403784
-7.00000000 6.00000000 	-86.6025403784
-7.00000000 7.00000000 	-86.6025403784
-7.00000000 8.00000000 	-86.6025403784
-6.00000000 -12.00000000 	-86.6025403784
-6.00000000 -11.00000000 	-86.6025403784
-6.00000000 -10.00000000 	-86.6025403784
-6.00000000 -9.00000000 	-86.6025403784
-6.00000000 -8.00000000 	-86.6025403784
-6.00000000 -7.00000000 	-86.6025403784
-6.00000000 -6.00000000 	-86.6025403784
-6.00000000 -5.00000000 	-86.6025403784
-6.00000000 -4.00000000 	-86.6025403784
-6.00000000 -3.00000000 	-86.6025403784
-6.00000000 -2.00000000 	-86.6025403784
-6.00000000 -1.00000000 	-86.6025403784
-6.00000000 0.00000000 	-86.6025403784
-6.00000000 1.00000000 	-86.6025403784
-6.00000000 2.00000000 	-86.6025403784
-6.00000000 3.00000000 	-86.6025403784
-6.00000000 4.00000000 	-86.6025403784
-6.00000000 5.00000000 	-86.6025403784
-6.00000000 6.00000000 	-86.6025403784
-6.00000000 7.00000000 	-86.6025403784
-6.00000000 8.00000000 	-86.6025403784
-5.00000000 -12.00000000 	-64.0928566323
-5.00000000 -11.00000000 	-66.8543388633
-5.00000000 -10.00000000 	-83.7435387503
-5.00000000 -9.00000000 	-86.6025403784
-5.00000000 -8.00000000 	-86.6025403784
-5.00000000 -7.00000000 	-86.6025403784
-5.00000000 -6.00000000 	-86.6025403784
-5.00000000 -5.00000000 	-86.6025403784
-5.00000000 -4.00000000 	-86.6025403784
-5.00000000 -3.00000000 	-86.6025403784
-5.00000000 -2.00000000 	-86.6025403784
-5.00000000 -1.00000000 	-86.6025403784
-5.00000000 0.00000000 	-86.6025403784
-5.00000000 1.00000000 	-86.6025403784
-5.00000000 2.00000000 	-86.6025403784
-5.00000000 3.00000000 	-86.6025403784
-5.00000000 4.00000000 	-86.6025403784
-5.00000000 5.00000000 	-86.6025403784
-5.00000000 6.00000000 	-86.6025403784
-5.00000000 7.00000000 	-86.6025403784
-5.00000000 8.00000000 	-86.6025403784
-4.00000000 -12.00000000 	64.0928566323
-4.00000000 -11.00000000 	48.1758194636
-4.00000000 -10.00000000 	-48.1758194636
-4.00000000 -9.00000000 	-66.8543388633
-4.00000000 -8.00000000 	-83.7435387503
-4.00000000 -7.00000000 	-86.6025403784
-4.00000000 -6.00000000 	-86.6025403784
-4.00000000 -5.00000000 	-86.6025403784
-4.00000000 -4.00000000 	-86.6025403784
-4.00000000 -3.00000000 	-86.6025403784
-4.00000000 -2.00000000 	-86.6025403784
-4.00000000 -1.00000000 	-86.6025403784
-4.00000000 0.00000000 	-86.6025403784
-4.00000000 1.00000000 	-86.6025403784
-4.00000000 2.00000000 	-86.6025403784
-4.00000000 3.00000000 	-86.6025403784
-4.00000000 4.00000000 	-86.6025403784
-4.00000000 5.00000000 	-86.6025403784
-4.00000000 6.00000000 	-86.6025403784
-4.00000000 7.00000000 	-86.6025403784
-4.00000000 8.00000000 	-86.6025403784
-3.00000000 -12.00000000 	86.6025403784
-3.00000000 -11.00000000 	83.7435387503
-3.00000000 -10.00000000 	66.8543388633
-3.00000000 -9.00000000 	48.1758194636
-3.00000000 -8.00000000 	-48.1758194636
-3.00000000 -7.00000000 	-66.8543388633
-3.00000000 -6.00000000 	-83.7435387503
-3.00000000 -5.00000000 	-86.6025403784
-3.00000000 -4.00000000 	-86.6025403784
-3.00000000 -3.00000000 	-86.6025403784
-3.00000000 -2.00000000 	-86.6025403784
-3.00000000 -1.00000000 	-86.6025403784
-3.00000000 0.00000000 	-86.6025403784
-3.00000000 1.00000000 	-86.6025403784
-3.00000000 2.00000000 	-86.6025403784
-3.00000000 3.00000000 	-86.6025403784
-3.00000000 4.00000000 	-86.6025403784
-3.00000000 5.00000000 	-86.6025403784
-3.00000000 6.00000000 	-86.6025403784
-3.00000000 7.00000000 	-86.6025403784
-3.00000000 8.00000000 	-86.6025403784
-2.00000000 -12.00000000 	86.6025403784
-2.00000000 -11.00000000 	86.6025403784
-2.00000000 -10.00000000 	86.6025403784
-2.00000000 -9.00000000 	83.7435387503
-2.00000000 -8.00000000 	66.8543388633
-2.00000000 -7.00000000 	48.1758194636
-2.00000000 -6.00000000 	-48.1758194636
-2.00000000 -5.00000000 	-66.8543388633
-2.00000000 -4.00000000 	-83.7435387503
-2.00000000 -3.00000000 	-86.6025403784
-2.00000000 -2.00000000 	-86.6025403784
-2.00000000 -1.00000000 	-86.6025403784
-2.00000000 0.00000000 	-86.6025403784
-2.00000000 1.00000000 	-86.6025403784
-2.00000000 2.00000000 	-86.6025403784
-2.00000000 3.00000000 	-86.6025403784
-2.00000000 4.00000000 	-86.6025403784
-2.00000000 5.00000000 	-86.6025403784
-2.00000000 6.00000000 	-86.6025403784
-2.00000000 7.00000000 	-86.6025403784
-2.00000000 8.00000000 	-86.6025403784
-1.00000000 -12.00000000 	86.6025403784
-1.00000000 -11.00000000 	86.6025403784
-1.00000000 -10.00000000 	86.6025403784
-1.00000000 -9.00000000 	86.6025403784
-1.00000000 -8.00000000 	86.6025403784
-1.00000000 -7.00000000 	83.7435387503
-1.00000000 -6.00000000 	66.8543388633
-1.00000000 -5.00000000 	48.1758194636
-1.00000000 -4.00000000 	-48.1758194636
-1.00000000 -3.00000000 	-66.8543388633
-1.00000000 -2.00000000 	-83.7435387503
-1.00000000 -1.00000000 	-86.6025403784
-1.00000000 0.00000000 	-86.6025403784
-1.00000000 1.00000000 	-86.6025403784
-1.00000000 2.00000000 	-86.6025403784
-1.00000000 3.00000000 	-86.6025403784
-1.00000000 4.00000000 	-86.6025403784
-1.00000000 5.00000000 	-86.6025403784
-1.00000000 6.00000000 	-86.6025403784
-1.00000000 7.00000000 	-86.6025403784
-1.00000000 8.00000000 	-86.6025403784
0.00000000 -12.00000000 	86.6025403784
0.00000000 -11.00000000 	86.6025403784
0.00000000 -10.00000000 	86.6025403784
0.00000000 -9.00000000 	86.6025403784
0.00000000 -8.00000000 	86.6025403784
0.00000000 -7.00000000 	86.6025403784
0.00000000 -6.00000000 	86.6025403784
0.00000000 -5.00000000 	83.7435387503
0.00000000 -4.00000000 	66.8543388633
0.00000000 -3.00000000 	48.1758194636
0.00000000 -2.00000000 	-48.1758194636
0.00000000 -1.00000000 	-66.8543388633
0.00000000 0.00000000 	-83.7435387503
0.00000000 1.00000000 	-86.6025403784
0.00000000 2.00000000 	-86.6025403784
0.00000000 3.00000000 	-86.6025403784
0.00000000 4.00000000 	-86.6025403784
0.00000000 5.00000000 	-86.6025403784
0.00000000 6.00000000 	-86.6025403784
0.00000000 7.00000000 	-86.6025403784
0.00000000 8.00000000 	-86.6025403784
1.00000000 -12.00000000 	86.6025403784
1.00000000 -11.00000000 	86.6025403784
1.00000000 -10.00000000 	86.6025403784
1.00000000 -9.00000000 	86.6025403784
1.00000000 -8.00000000 	86.6025403784
1.00000000 -7.00000000 	86.6025403784
1.00000000 -6.00000000 	86.6025403784
1.00000000 -5.00000000 	86.6025403784
1.00000000 -4.00000000 	86.6025403784
1.00000000 -3.00000000 	83.7435387503
1.00000000 -2.00000000 	66.8543388633
1.00000000 -1.00000000 	48.1758194636
1.00000000 0.00000000 	-48.1758194636
1.00000000 1.00000000 	-66.8543388633
1.00000000 2.00000000 	-83.7435387503
1.00000000 3.00000000 	-86.6025403784
1.00000000 4.00000000 	-86.6025403784
1.00000000 5.00000000 	-86.6025403784
1.00000000 6.00000000 	-86.6025403784
1.00000000 7.00000000 	-86.6025403784
1.00000000 8.00000000 	-86.6025403784
2.00000000 -12.00000000 	86.6025403784
2.00000000 -11.00000000 	86.6025403784
2.00000000 -10.00000000 	86.6025403784
2.00000000 -9.00000000 	86.6025403784
2.00000000 -8.00000000 	86.6025403784
2.00000000 -7.00000000 	86.6025403784
2.00000000 -6.00000000 	86.6025403784
2.00000000 -5.00000000 	86.6025403784
2.00000000 -4.00000000 	86.6025403784
2.00000000 -3.00000000 	86.6025403784
2.00000000 -2.00000000 	86.6025403784
2.00000000 -1.00000000 	83.7435387503
2.00000000 0.00000000 	66.8543388633
2.00000000 1.00000000 	45.2340215570
2.00000000 2.00000000 	-68.0771937773
2.00000000 3.00000000 	-86.6025403784
2.00000000 4.00000000 	-86.6025403784
2.00000000 5.00000000 	-86.6025403784
2.00000000 6.00000000 	-86.6025403784
2.00000000 7.00000000 	-86.6025403784
2.00000000 8.00000000 	-86.6025403784
