-8.00000000 -12.00000000 	0.0000000000
-8.00000000 -11.00000000 	0.0000000000
-8.00000000 -10.00000000 	0.0000000000
-8.00000000 -9.00000000 	0.0000000000
-8.00000000 -8.00000000 	0.0000000000
-8.00000000 -7.00000000 	0.0000000000
-8.00000000 -6.00000000 	0.0000000000
-8.00000000 -5.00000000 	0.0000000000
-8.00000000 -4.00000000 	0.0000000000
-8.00000000 -3.00000000 	0.0000000000
-8.00000000 -2.00000000 	0.0000000000
-8.00000000 -1.00000000 	0.0000000000
-8.00000000 0.00000000 	0.0000000000
-8.00000000 1.00000000 	0.0000000000
-8.00000000 2.00000000 	0.0000000000
-8.00000000 3.00000000 	0.0000000000
-8.00000000 4.00000000 	0.0000000000
-8.00000000 5.00000000 	0.0000000000
-8.00000000 6.00000000 	0.0000000000
-8.00000000 7.00000000 	0.0000000000
-8.00000000 8.00000000 	0.0000000000
-7.00000000 -12.00000000 	0.0000000000
-7.00000000 -11.00000000 	0.0000000000
-7.00000000 -10.00000000 	0.0000000000
-7.00000000 -9.00000000 	0.0000000000
-7.00000000 -8.00000000 	0.0000000000
-7.00000000 -7.00000000 	0.0000000000
-7.00000000 -6.00000000 	0.0000000000
-7.00000000 -5.00000000 	0.0000000000
-7.00000000 -4.00000000 	0.0000000000
-7.00000000 -3.00000000 	0.0000000000
-7.00000000 -2.00000000 	0.0000000000
-7.00000000 -1.00000000 	0.0000000000
-7.00000000 0.00000000 	0.0000000000
-7.00000000 1.00000000 	0.0000000000
-7.00000000 2.00000000 	0.0000000000
-7.00000000 3.00000000 	0.0000000000
-7.00000000 4.00000000 	0.0000000000
-7.00000000 5.00000000 	0.0000000000
-7.00000000 6.00000000 	0.0000000000
-7.00000000 7.00000000 	0.0000000000
-7.00000000 8.00000000 	0.0000000000
-6.00000000 -12.00000000 	0.0000000000
-6.00000000 -11.00000000 	0.0000000000
-6.00000000 -10.00000000 	0.0000000000
-6.00000000 -9.00000000 	0.0000000000
-6.00000000 -8.00000000 	0.0000000000
-6.00000000 -7.00000000 	0.0000000000
-6.00000000 -6.00000000 	0.0000000000
-6.00000000 -5.00000000 	0.0000000000
-6.00000000 -4.00000000 	0.0000000000
-6.00000000 -3.00000000 	0.0000000000
-6.00000000 -2.00000000 	0.0000000000
-6.00000000 -1.00000000 	0.0000000000
-6.00000000 0.00000000 	0.0000000000
-6.00000000 1.00000000 	0.0000000000
-6.00000000 2.00000000 	0.0000000000
-6.00000000 3.00000000 	0.0000000000
-6.00000000 4.00000000 	0.0000000000
-6.00000000 5.00000000 	0.0000000000
-6.00000000 6.00000000 	0.0000000000
-6.00000000 7.00000000 	0.0000000000
-6.00000000 8.00000000 	0.0000000000
-5.00000000 -12.00000000 	-5.2372846552
-5.00000000 -11.00000000 	-5.2372846552
-5.00000000 -10.00000000 	-5.2372846552
-5.00000000 -9.00000000 	-5.2372846552
-5.00000000 -8.00000000 	-5.2372846552
-5.00000000 -7.00000000 	-5.2372846552
-5.00000000 -6.00000000 	-5.2372846552
-5.00000000 -5.00000000 	-5.2372846552
-5.00000000 -4.00000000 	-5.2372846552
-5.00000000 -3.00000000 	-5.2372846552
-5.00000000 -2.00000000 	-5.2372846552
-5.00000000 -1.00000000 	-5.2372846552
-5.00000000 0.00000000 	-5.2372846552
-5.00000000 1.00000000 	-5.2372846552
-5.00000000 2.00000000 	-5.2372846552
-5.00000000 3.00000000 	-5.2372846552
-5.00000000 4.00000000 	-5.2372846552
-5.00000000 5.00000000 	-5.2372846552
-5.00000000 6.00000000 	-5.2372846552
-5.00000000 7.00000000 	-5.2372846552
-5.00000000 8.00000000 	-5.2372846552
-4.00000000 -12.00000000 	-0.0000000000
-4.00000000 -11.00000000 	-0.0000000000
-4.00000000 -10.00000000 	-0.0000000000
-4.00000000 -9.00000000 	-0.0000000000
-4.00000000 -8.00000000 	-0.0000000000
-4.00000000 -7.00000000 	-0.0000000000
-4.00000000 -6.00000000 	-0.0000000000
-4.00000000 -5.00000000 	-0.0000000000
-4.00000000 -4.00000000 	-0.0000000000
-4.00000000 -3.00000000 	-0.0000000000
-4.00000000 -2.00000000 	-0.0000000000
-4.00000000 -1.00000000 	-0.0000000000
-4.00000000 0.00000000 	-0.0000000000
-4.00000000 1.00000000 	-0.0000000000
-4.00000000 2.00000000 	-0.0000000000
-4.00000000 3.00000000 	-0.0000000000
-4.00000000 4.00000000 	-0.0000000000
-4.00000000 5.00000000 	-0.0000000000
-4.00000000 6.00000000 	-0.0000000000
-4.00000000 7.00000000 	-0.0000000000
-4.00000000 8.00000000 	-0.0000000000
-3.00000000 -12.00000000 	18.5393616072
-3.00000000 -11.00000000 	18.5393616072
-3.00000000 -10.00000000 	18.5393616072
-3.00000000 -9.00000000 	18.5393616072
-3.00000000 -8.00000000 	18.5393616072
-3.00000000 -7.00000000 	18.5393616072
-3.00000000 -6.00000000 	18.5393616072
-3.00000000 -5.00000000 	18.5393616072
-3.00000000 -4.00000000 	18.5393616072
-3.00000000 -3.00000000 	18.5393616072
-3.00000000 -2.00000000 	18.5393616072
-3.00000000 -1.00000000 	18.5393616072
-3.00000000 0.00000000 	18.5393616072
-3.00000000 1.00000000 	18.5393616072
-3.00000000 2.00000000 	18.5393616072
-3.00000000 3.00000000 	18.5393616072
-3.00000000 4.00000000 	18.5393616072
-3.00000000 5.00000000 	18.5393616072
-3.00000000 6.00000000 	18.5393616072
-3.00000000 7.00000000 	18.5393616072
-3.00000000 8.00000000 	18.5393616072
-2.00000000 -12.00000000 	0.0000000000
-2.00000000 -11.00000000 	0.0000000000
-2.00000000 -10.00000000 	0.0000000000
-2.00000000 -9.00000000 	0.0000000000
-2.00000000 -8.00000000 	0.0000000000
-2.00000000 -7.00000000 	0.0000000000
-2.00000000 -6.00000000 	0.0000000000
-2.00000000 -5.00000000 	0.0000000000
-2.00000000 -4.00000000 	0.0000000000
-2.00000000 -3.00000000 	0.0000000000
-2.00000000 -2.00000000 	0.0000000000
-2.00000000 -1.00000000 	0.0000000000
-2.00000000 0.00000000 	0.0000000000
-2.00000000 1.00000000 	0.0000000000
-2.00000000 2.00000000 	0.0000000000
-2.00000000 3.00000000 	0.0000000000
-2.00000000 4.00000000 	0.0000000000
-2.00000000 5.00000000 	0.0000000000
-2.00000000 6.00000000 	0.0000000000
-2.00000000 7.00000000 	0.0000000000
-2.00000000 8.00000000 	0.0000000000
-1.00000000 -12.00000000 	0.0000000000
-1.00000000 -11.00000000 	0.0000000000
-1.00000000 -10.00000000 	0.0000000000
-1.00000000 -9.00000000 	0.0000000000
-1.00000000 -8.00000000 	0.0000000000
-1.00000000 -7.00000000 	0.0000000000
-1.00000000 -6.00000000 	0.0000000000
-1.00000000 -5.00000000 	0.0000000000
-1.00000000 -4.00000000 	0.0000000000
-1.00000000 -3.00000000 	0.0000000000
-1.00000000 -2.00000000 	0.0000000000
-1.00000000 -1.00000000 	0.0000000000
-1.00000000 0.00000000 	3.2423904294
-1.00000000 1.00000000 	0.0000000000
-1.00000000 2.00000000 	0.0000000000
-1.00000000 3.00000000 	0.0000000000
-1.00000000 4.00000000 	0.0000000000
-1.00000000 5.00000000 	0.0000000000
-1.00000000 6.00000000 	0.0000000000
-1.00000000 7.00000000 	0.0000000000
-1.00000000 8.00000000 	0.0000000000
0.00000000 -12.00000000 	0.0000000000
0.00000000 -11.00000000 	0.0000000000
0.00000000 -10.00000000 	0.0000000000
0.00000000 -9.00000000 	0.0000000000
0.00000000 -8.00000000 	0.0000000000
0.00000000 -7.00000000 	0.0000000000
0.00000000 -6.00000000 	0.0000000000
0.00000000 -5.00000000 	0.0000000000
0.00000000 -4.00000000 	0.0000000000
0.00000000 -3.00000000 	0.0000000000
0.00000000 -2.00000000 	3.2423904294
0.00000000 -1.00000000 	3.6476892331
0.00000000 0.00000000 	2.6528648968
0.00000000 1.00000000 	3.6476892331
0.00000000 2.00000000 	3.2423904294
0.00000000 3.00000000 	0.0000000000
0.00000000 4.00000000 	0.0000000000
0.00000000 5.00000000 	0.0000000000
0.00000000 6.00000000 	0.0000000000
0.00000000 7.00000000 	0.0000000000
0.00000000 8.00000000 	0.0000000000
1.00000000 -12.00000000 	0.0000000000
1.00000000 -11.00000000 	0.0000000000
1.00000000 -10.00000000 	0.0000000000
1.00000000 -9.00000000 	0.0000000000
1.00000000 -8.00000000 	0.0000000000
1.00000000 -7.00000000 	0.0000000000
1.00000000 -6.00000000 	0.0000000000
1.00000000 -5.00000000 	0.0000000000
1.00000000 -4.00000000 	0.0000000000
1.00000000 -3.00000000 	0.0000000000
1.00000000 -2.00000000 	2.9181513864
1.00000000 -1.00000000 	3.2423904294
1.00000000 0.00000000 	0.0000000000
1.00000000 1.00000000 	3.2423904294
1.00000000 2.00000000 	2.9181513864
1.00000000 3.00000000 	0.0000000000
1.00000000 4.00000000 	0.0000000000
1.00000000 5.00000000 	0.0000000000
1.00000000 6.00000000 	0.0000000000
1.00000000 7.00000000 	0.0000000000
1.00000000 8.00000000 	0.0000000000
2.00000000 -12.00000000 	0.0000000000
2.00000000 -11.00000000 	0.0000000000
2.00000000 -10.00000000 	0.0000000000
2.00000000 -9.00000000 	0.0000000000
2.00000000 -8.00000000 	0.0000000000
2.00000000 -7.00000000 	0.0000000000
2.00000000 -6.00000000 	0.0000000000
2.00000000 -5.00000000 	0.0000000000
2.00000000 -4.00000000 	0.0000000000
2.00000000 -3.00000000 	0.0000000000
2.00000000 -2.00000000 	0.0000000000
2.00000000 -1.00000000 	0.0000000000
2.00000000 0.00000000 	0.0000000000
2.00000000 1.00000000 	0.0000000000
2.00000000 2.00000000 	0.0000000000
2.00000000 3.00000000 	0.0000000000
2.00000000 4.00000000 	0.0000000000
2.00000000 5.00000000 	0.0000000000
2.00000000 6.00000000 	0.0000000000
2.00000000 7.00000000 	0.0000000000
2.00000000 8.00000000 	0.0000000000
