-8.00000000 -12.00000000 	-100.0000000000
-8.00000000 -11.00000000 	-100.0000000000
-8.00000000 -10.00000000 	-100.0000000000
-8.00000000 -9.00000000 	-100.0000000000
-8.00000000 -8.00000000 	-100.0000000000
-8.00000000 -7.00000000 	-100.0000000000
-8.00000000 -6.00000000 	-100.0000000000
-8.00000000 -5.00000000 	-100.0000000000
-8.00000000 -4.00000000 	-100.0000000000
-8.00000000 -3.00000000 	-100.0000000000
-8.00000000 -2.00000000 	-100.0000000000
-8.00000000 -1.00000000 	-100.0000000000
-8.00000000 0.00000000 	-100.0000000000
-8.00000000 1.00000000 	-100.0000000000
-8.00000000 2.00000000 	-100.0000000000
-8.00000000 3.00000000 	-100.0000000000
-8.00000000 4.00000000 	-100.0000000000
-8.00000000 5.00000000 	-100.0000000000
-8.00000000 6.00000000 	-100.0000000000
-8.00000000 7.00000000 	-100.0000000000
-8.00000000 8.00000000 	-100.0000000000
-7.00000000 -12.00000000 	-100.0000000000
-7.00000000 -11.00000000 	-100.0000000000
-7.00000000 -10.00000000 	-100.0000000000
-7.00000000 -9.00000000 	-100.0000000000
-7.00000000 -8.00000000 	-100.0000000000
-7.00000000 -7.00000000 	-100.0000000000
-7.00000000 -6.00000000 	-100.0000000000
-7.00000000 -5.00000000 	-100.0000000000
-7.00000000 -4.00000000 	-100.0000000000
-7.00000000 -3.00000000 	-100.0000000000
-7.00000000 -2.00000000 	-100.0000000000
-7.00000000 -1.00000000 	-100.0000000000
-7.00000000 0.00000000 	-100.0000000000
-7.00000000 1.00000000 	-100.0000000000
-7.00000000 2.00000000 	-100.0000000000
-7.00000000 3.00000000 	-100.0000000000
-7.00000000 4.00000000 	-100.0000000000
-7.00000000 5.00000000 	-100.0000000000
-7.00000000 6.00000000 	-100.0000000000
-7.00000000 7.00000000 	-100.0000000000
-7.00000000 8.00000000 	-100.0000000000
-6.00000000 -12.00000000 	-100.0000000000
-6.00000000 -11.00000000 	-100.0000000000
-6.00000000 -10.00000000 	-100.0000000000
-6.00000000 -9.00000000 	-100.0000000000
-6.00000000 -8.00000000 	-100.0000000000
-6.00000000 -7.00000000 	-100.0000000000
-6.00000000 -6.00000000 	-100.0000000000
-6.00000000 -5.00000000 	-100.0000000000
-6.00000000 -4.00000000 	-100.0000000000
-6.00000000 -3.00000000 	-100.0000000000
-6.00000000 -2.00000000 	-100.0000000000
-6.00000000 -1.00000000 	-100.0000000000
-6.00000000 0.00000000 	-100.0000000000
-6.00000000 1.00000000 	-100.0000000000
-6.00000000 2.00000000 	-100.0000000000
-6.00000000 3.00000000 	-100.0000000000
-6.00000000 4.00000000 	-100.0000000000
-6.00000000 5.00000000 	-100.0000000000
-6.00000000 6.00000000 	-100.0000000000
-6.00000000 7.00000000 	-100.0000000000
-6.00000000 8.00000000 	-100.0000000000
-5.00000000 -12.00000000 	-100.0000000000
-5.00000000 -11.00000000 	-100.0000000000
-5.00000000 -10.00000000 	-100.0000000000
-5.00000000 -9.00000000 	-100.0000000000
-5.00000000 -8.00000000 	-100.0000000000
-5.00000000 -7.00000000 	-100.0000000000
-5.00000000 -6.00000000 	-100.0000000000
-5.00000000 -5.00000000 	-100.0000000000
-5.00000000 -4.00000000 	-100.0000000000
-5.00000000 -3.00000000 	-100.0000000000
-5.00000000 -2.00000000 	-100.0000000000
-5.00000000 -1.00000000 	-100.0000000000
-5.00000000 0.00000000 	-100.0000000000
-5.00000000 1.00000000 	-100.0000000000
-5.00000000 2.00000000 	-100.0000000000
-5.00000000 3.00000000 	-100.0000000000
-5.00000000 4.00000000 	-100.0000000000
-5.00000000 5.00000000 	-100.0000000000
-5.00000000 6.00000000 	-100.0000000000
-5.00000000 7.00000000 	-100.0000000000
-5.00000000 8.00000000 	-100.0000000000
-4.00000000 -12.00000000 	-100.0000000000
-4.00000000 -11.00000000 	-100.0000000000
-4.00000000 -10.00000000 	-100.0000000000
-4.00000000 -9.00000000 	-100.0000000000
-4.00000000 -8.00000000 	-100.0000000000
-4.00000000 -7.00000000 	-100.0000000000
-4.00000000 -6.00000000 	-100.0000000000
-4.00000000 -5.00000000 	-100.0000000000
-4.00000000 -4.00000000 	-100.0000000000
-4.00000000 -3.00000000 	-100.0000000000
-4.00000000 -2.00000000 	-100.0000000000
-4.00000000 -1.00000000 	-100.0000000000
-4.00000000 0.00000000 	-100.0000000000
-4.00000000 1.00000000 	-100.0000000000
-4.00000000 2.00000000 	-100.0000000000
-4.00000000 3.00000000 	-100.0000000000
-4.00000000 4.00000000 	-100.0000000000
-4.00000000 5.00000000 	-100.0000000000
-4.00000000 6.00000000 	-100.0000000000
-4.00000000 7.00000000 	-100.0000000000
-4.00000000 8.00000000 	-100.0000000000
-3.00000000 -12.00000000 	-100.0000000000
-3.00000000 -11.00000000 	-100.0000000000
-3.00000000 -10.00000000 	-100.0000000000
-3.00000000 -9.00000000 	-100.0000000000
-3.00000000 -8.00000000 	-100.0000000000
-3.00000000 -7.00000000 	-100.0000000000
-3.00000000 -6.00000000 	-100.0000000000
-3.00000000 -5.00000000 	-100.0000000000
-3.00000000 -4.00000000 	-100.0000000000
-3.00000000 -3.00000000 	-100.0000000000
-3.00000000 -2.00000000 	-100.0000000000
-3.00000000 -1.00000000 	-100.0000000000
-3.00000000 0.00000000 	-100.0000000000
-3.00000000 1.00000000 	-100.0000000000
-3.00000000 2.00000000 	-100.0000000000
-3.00000000 3.00000000 	-100.0000000000
-3.00000000 4.00000000 	-100.0000000000
-3.00000000 5.00000000 	-100.0000000000
-3.00000000 6.00000000 	-100.0000000000
-3.00000000 7.00000000 	-100.0000000000
-3.00000000 8.00000000 	-100.0000000000
-2.00000000 -12.00000000 	-74.3924425895
-2.00000000 -11.00000000 	-74.3924425895
-2.00000000 -10.00000000 	-74.3924425895
-2.00000000 -9.00000000 	-74.3924425895
-2.00000000 -8.00000000 	-74.3924425895
-2.00000000 -7.00000000 	-74.3924425895
-2.00000000 -6.00000000 	-74.3924425895
-2.00000000 -5.00000000 	-74.3924425895
-2.00000000 -4.00000000 	-74.3924425895
-2.00000000 -3.00000000 	-74.3924425895
-2.00000000 -2.00000000 	-74.3924425895
-2.00000000 -1.00000000 	-74.3924425895
-2.00000000 0.00000000 	-74.3924425895
-2.00000000 1.00000000 	-74.3924425895
-2.00000000 2.00000000 	-74.3924425895
-2.00000000 3.00000000 	-74.3924425895
-2.00000000 4.00000000 	-74.3924425895
-2.00000000 5.00000000 	-74.3924425895
-2.00000000 6.00000000 	-74.3924425895
-2.00000000 7.00000000 	-74.3924425895
-2.00000000 8.00000000 	-74.3924425895
-1.00000000 -12.00000000 	-74.3924425895
-1.00000000 -11.00000000 	-74.3924425895
-1.00000000 -10.00000000 	-74.3924425895
-1.00000000 -9.00000000 	-74.3924425895
-1.00000000 -8.00000000 	-74.3924425895
-1.00000000 -7.00000000 	-74.3924425895
-1.00000000 -6.00000000 	-74.3924425895
-1.00000000 -5.00000000 	-74.3924425895
-1.00000000 -4.00000000 	-74.3924425895
-1.00000000 -3.00000000 	-74.3924425895
-1.00000000 -2.00000000 	-74.3924425895
-1.00000000 -1.00000000 	-74.3924425895
-1.00000000 0.00000000 	-74.3924425895
-1.00000000 1.00000000 	-74.3924425895
-1.00000000 2.00000000 	-74.3924425895
-1.00000000 3.00000000 	-74.3924425895
-1.00000000 4.00000000 	-74.3924425895
-1.00000000 5.00000000 	-74.3924425895
-1.00000000 6.00000000 	-74.3924425895
-1.00000000 7.00000000 	-74.3924425895
-1.00000000 8.00000000 	-74.3924425895
0.00000000 -12.00000000 	0.0000000000
0.00000000 -11.00000000 	0.0000000000
0.00000000 -10.00000000 	0.0000000000
0.00000000 -9.00000000 	0.0000000000
0.00000000 -8.00000000 	0.0000000000
0.00000000 -7.00000000 	0.0000000000
0.00000000 -6.00000000 	0.0000000000
0.00000000 -5.00000000 	0.0000000000
0.00000000 -4.00000000 	0.0000000000
0.00000000 -3.00000000 	0.0000000000
0.00000000 -2.00000000 	0.0000000000
0.00000000 -1.00000000 	0.0000000000
0.00000000 0.00000000 	0.0000000000
0.00000000 1.00000000 	0.0000000000
0.00000000 2.00000000 	0.0000000000
0.00000000 3.00000000 	0.0000000000
0.00000000 4.00000000 	0.0000000000
0.00000000 5.00000000 	0.0000000000
0.00000000 6.00000000 	0.0000000000
0.00000000 7.00000000 	0.0000000000
0.00000000 8.00000000 	0.0000000000
1.00000000 -12.00000000 	0.0000000000
1.00000000 -11.00000000 	0.0000000000
1.00000000 -10.00000000 	0.0000000000
1.00000000 -9.00000000 	0.0000000000
1.00000000 -8.00000000 	0.0000000000
1.00000000 -7.00000000 	0.0000000000
1.00000000 -6.00000000 	0.0000000000
1.00000000 -5.00000000 	0.0000000000
1.00000000 -4.00000000 	0.0000000000
1.00000000 -3.00000000 	0.0000000000
1.00000000 -2.00000000 	0.0000000000
1.00000000 -1.00000000 	0.0000000000
1.00000000 0.00000000 	0.0000000000
1.00000000 1.00000000 	0.0000000000
1.00000000 2.00000000 	0.0000000000
1.00000000 3.00000000 	0.0000000000
1.00000000 4.00000000 	0.0000000000
1.00000000 5.00000000 	0.0000000000
1.00000000 6.00000000 	0.0000000000
1.00000000 7.00000000 	0.0000000000
1.00000000 8.00000000 	0.0000000000
2.00000000 -12.00000000 	49.6320493218
2.00000000 -11.00000000 	49.6320493218
2.00000000 -10.00000000 	49.6320493218
2.00000000 -9.00000000 	49.6320493218
2.00000000 -8.00000000 	49.6320493218
2.00000000 -7.00000000 	49.6320493218
2.00000000 -6.00000000 	49.6320493218
2.00000000 -5.00000000 	49.6320493218
2.00000000 -4.00000000 	49.6320493218
2.00000000 -3.00000000 	49.6320493218
2.00000000 -2.00000000 	49.6320493218
2.00000000 -1.00000000 	49.6320493218
2.00000000 0.00000000 	49.6320493218
2.00000000 1.00000000 	49.6320493218
2.00000000 2.00000000 	49.6320493218
2.00000000 3.00000000 	49.6320493218
2.00000000 4.00000000 	49.6320493218
2.00000000 5.00000000 	49.6320493218
2.00000000 6.00000000 	49.6320493218
2.00000000 7.00000000 	49.6320493218
2.00000000 8.00000000 	49.6320493218
