-8.00000000 -12.00000000 	70.7106781187
-8.00000000 -11.50000000 	70.7106781187
-8.00000000 -11.00000000 	70.7106781187
-8.00000000 -10.50000000 	70.7106781187
-8.00000000 -10.00000000 	70.6741456237
-8.00000000 -9.50000000 	69.9379337474
-8.00000000 -9.00000000 	64.0414573594
-8.00000000 -8.50000000 	40.6349570782
-8.00000000 -8.00000000 	-5.2243321215
-8.00000000 -7.50000000 	-44.7157152090
-8.00000000 -7.00000000 	-64.2102261458
-8.00000000 -6.50000000 	-69.9314127530
-8.00000000 -6.00000000 	-70.7106781187
-8.00000000 -5.50000000 	-70.7106781187
-8.00000000 -5.00000000 	-70.7106781187
-8.00000000 -4.50000000 	-70.7106781187
-8.00000000 -4.00000000 	-70.7106781187
-8.00000000 -3.50000000 	-70.7106781187
-8.00000000 -3.00000000 	-70.7106781187
-8.00000000 -2.50000000 	-70.7106781187
-8.00000000 -2.00000000 	-70.7106781187
-8.00000000 -1.50000000 	-70.7106781187
-8.00000000 -1.00000000 	-70.7106781187
-8.00000000 -0.50000000 	-70.7106781187
-8.00000000 0.00000000 	-70.7106781187
-8.00000000 0.50000000 	-70.7106781187
-8.00000000 1.00000000 	-70.7106781187
-8.00000000 1.50000000 	-70.7106781187
-8.00000000 2.00000000 	-70.7106781187
-8.00000000 2.50000000 	-70.7106781187
-8.00000000 3.00000000 	-70.7106781187
-8.00000000 3.50000000 	-70.7106781187
-8.00000000 4.00000000 	-70.7106781187
-8.00000000 4.50000000 	-70.7106781187
-8.00000000 5.00000000 	-70.7106781187
-8.00000000 5.50000000 	-70.7106781187
-8.00000000 6.00000000 	-70.7106781187
-8.00000000 6.50000000 	-70.7106781187
-8.00000000 7.00000000 	-70.7106781187
-8.00000000 7.50000000 	-70.7106781187
-8.00000000 8.00000000 	-70.7106781187
-7.50000000 -12.00000000 	70.7106781187
-7.50000000 -11.50000000 	70.7106781187
-7.50000000 -11.00000000 	70.7106781187
-7.50000000 -10.50000000 	70.7106781187
-7.50000000 -10.00000000 	70.7106781187
-7.50000000 -9.50000000 	70.5034419462
-7.50000000 -9.00000000 	67.7616737047
-7.50000000 -8.50000000 	53.8403351258
-7.50000000 -8.00000000 	20.6968629192
-7.50000000 -7.50000000 	-18.0160218099
-7.50000000 -7.00000000 	-48.4126430813
-7.50000000 -6.50000000 	-64.6535107818
-7.50000000 -6.00000000 	-69.9314127530
-7.50000000 -5.50000000 	-70.7106781187
-7.50000000 -5.00000000 	-70.7106781187
-7.50000000 -4.50000000 	-70.7106781187
-7.50000000 -4.00000000 	-70.7106781187
-7.50000000 -3.50000000 	-70.7106781187
-7.50000000 -3.00000000 	-70.7106781187
-7.50000000 -2.50000000 	-70.7106781187
-7.50000000 -2.00000000 	-70.7106781187
-7.50000000 -1.50000000 	-70.7106781187
-7.50000000 -1.00000000 	-70.7106781187
-7.50000000 -0.50000000 	-70.7106781187
-7.50000000 0.00000000 	-70.7106781187
-7.50000000 0.50000000 	-70.7106781187
-7.50000000 1.00000000 	-70.7106781187
-7.50000000 1.50000000 	-70.7106781187
-7.50000000 2.00000000 	-70.7106781187
-7.50000000 2.50000000 	-70.7106781187
-7.50000000 3.00000000 	-70.7106781187
-7.50000000 3.50000000 	-70.7106781187
-7.50000000 4.00000000 	-70.7106781187
-7.50000000 4.50000000 	-70.7106781187
-7.50000000 5.00000000 	-70.7106781187
-7.50000000 5.50000000 	-70.7106781187
-7.50000000 6.00000000 	-70.7106781187
-7.50000000 6.50000000 	-70.7106781187
-7.50000000 7.00000000 	-70.7106781187
-7.50000000 7.50000000 	-70.7106781187
-7.50000000 8.00000000 	-70.7106781187
-7.00000000 -12.00000000 	70.7106781187
-7.00000000 -11.50000000 	70.7106781187
-7.00000000 -11.00000000 	70.7106781187
-7.00000000 -10.50000000 	70.7106781187
-7.00000000 -10.00000000 	70.7106781187
-7.00000000 -9.50000000 	70.7106781187
-7.00000000 -9.00000000 	70.2114532573
-7.00000000 -8.50000000 	65.4685292798
-7.00000000 -8.00000000 	48.6090986568
-7.00000000 -7.50000000 	18.3389637355
-7.00000000 -7.00000000 	-18.3389637355
-7.00000000 -6.50000000 	-48.4126430813
-7.00000000 -6.00000000 	-64.6535107818
-7.00000000 -5.50000000 	-69.9314127530
-7.00000000 -5.00000000 	-70.7106781187
-7.00000000 -4.50000000 	-70.7106781187
-7.00000000 -4.00000000 	-70.7106781187
-7.00000000 -3.50000000 	-70.7106781187
-7.00000000 -3.00000000 	-70.7106781187
-7.00000000 -2.50000000 	-70.7106781187
-7.00000000 -2.00000000 	-70.7106781187
-7.00000000 -1.50000000 	-70.7106781187
-7.00000000 -1.00000000 	-70.7106781187
-7.00000000 -0.50000000 	-70.7106781187
-7.00000000 0.00000000 	-70.7106781187
-7.00000000 0.50000000 	-70.7106781187
-7.00000000 1.00000000 	-70.7106781187
-7.00000000 1.50000000 	-70.7106781187
-7.00000000 2.00000000 	-70.7106781187
-7.00000000 2.50000000 	-70.7106781187
-7.00000000 3.00000000 	-70.7106781187
-7.00000000 3.50000000 	-70.7106781187
-7.00000000 4.00000000 	-70.7106781187
-7.00000000 4.50000000 	-70.7106781187
-7.00000000 5.00000000 	-70.7106781187
-7.00000000 5.50000000 	-70.7106781187
-7.00000000 6.00000000 	-70.7106781187
-7.00000000 6.50000000 	-70.7106781187
-7.00000000 7.00000000 	-70.7106781187
-7.00000000 7.50000000 	-70.7106781187
-7.00000000 8.00000000 	-70.7106781187
-6.50000000 -12.00000000 	70.7106781187
-6.50000000 -11.50000000 	70.7106781187
-6.50000000 -11.00000000 	70.7106781187
-6.50000000 -10.50000000 	70.7106781187
-6.50000000 -10.00000000 	70.7106781187
-6.50000000 -9.50000000 	70.7106781187
-6.50000000 -9.00000000 	70.7106781187
-6.50000000 -8.50000000 	69.9925216338
-6.50000000 -8.00000000 	64.6535107818
-6.50000000 -7.50000000 	48.4126430813
-6.50000000 -7.00000000 	18.3389637355
-6.50000000 -6.50000000 	-18.3389637355
-6.50000000 -6.00000000 	-48.4126430813
-6.50000000 -5.50000000 	-64.6535107818
-6.50000000 -5.00000000 	-69.9314127530
-6.50000000 -4.50000000 	-70.7106781187
-6.50000000 -4.00000000 	-70.7106781187
-6.50000000 -3.50000000 	-70.7106781187
-6.50000000 -3.00000000 	-70.7106781187
-6.50000000 -2.50000000 	-70.7106781187
-6.50000000 -2.00000000 	-70.7106781187
-6.50000000 -1.50000000 	-70.7106781187
-6.50000000 -1.00000000 	-70.7106781187
-6.50000000 -0.50000000 	-70.7106781187
-6.50000000 0.00000000 	-70.7106781187
-6.50000000 0.50000000 	-70.7106781187
-6.50000000 1.00000000 	-70.7106781187
-6.50000000 1.50000000 	-70.7106781187
-6.50000000 2.00000000 	-70.7106781187
-6.50000000 2.50000000 	-70.7106781187
-6.50000000 3.00000000 	-70.7106781187
-6.50000000 3.50000000 	-70.7106781187
-6.50000000 4.00000000 	-70.7106781187
-6.50000000 4.50000000 	-70.7106781187
-6.50000000 5.00000000 	-70.7106781187
-6.50000000 5.50000000 	-70.7106781187
-6.50000000 6.00000000 	-70.7106781187
-6.50000000 6.50000000 	-70.7106781187
-6.50000000 7.00000000 	-70.7106781187
-6.50000000 7.50000000 	-70.7106781187
-6.50000000 8.00000000 	-70.7106781187
-6.00000000 -12.00000000 	70.7106781187
-6.00000000 -11.50000000 	70.7106781187
-6.00000000 -11.00000000 	70.7106781187
-6.00000000 -10.50000000 	70.7106781187
-6.00000000 -10.00000000 	70.7106781187
-6.00000000 -9.50000000 	70.7106781187
-6.00000000 -9.00000000 	70.7106781187
-6.00000000 -8.50000000 	70.7106781187
-6.00000000 -8.00000000 	69.9314127530
-6.00000000 -7.50000000 	64.6535107818
-6.00000000 -7.00000000 	48.4126430813
-6.00000000 -6.50000000 	18.3389637355
-6.00000000 -6.00000000 	-18.3389637355
-6.00000000 -5.50000000 	-48.4126430813
-6.00000000 -5.00000000 	-64.6535107818
-6.00000000 -4.50000000 	-69.9314127530
-6.00000000 -4.00000000 	-70.7106781187
-6.00000000 -3.50000000 	-70.7106781187
-6.00000000 -3.00000000 	-70.7106781187
-6.00000000 -2.50000000 	-70.7106781187
-6.00000000 -2.00000000 	-70.7106781187
-6.00000000 -1.50000000 	-70.7106781187
-6.00000000 -1.00000000 	-70.7106781187
-6.00000000 -0.50000000 	-70.7106781187
-6.00000000 0.00000000 	-70.7106781187
-6.00000000 0.50000000 	-70.7106781187
-6.00000000 1.00000000 	-70.7106781187
-6.00000000 1.50000000 	-70.7106781187
-6.00000000 2.00000000 	-70.7106781187
-6.00000000 2.50000000 	-70.7106781187
-6.00000000 3.00000000 	-70.7106781187
-6.00000000 3.50000000 	-70.7106781187
-6.00000000 4.00000000 	-70.7106781187
-6.00000000 4.50000000 	-70.7106781187
-6.00000000 5.00000000 	-70.7106781187
-6.00000000 5.50000000 	-70.7106781187
-6.00000000 6.00000000 	-70.7106781187
-6.00000000 6.50000000 	-70.7106781187
-6.00000000 7.00000000 	-70.7106781187
-6.00000000 7.50000000 	-70.7106781187
-6.00000000 8.00000000 	-70.7106781187
-5.50000000 -12.00000000 	70.7106781187
-5.50000000 -11.50000000 	70.7106781187
-5.50000000 -11.00000000 	70.7106781187
-5.50000000 -10.50000000 	70.7106781187
-5.50000000 -10.00000000 	70.7106781187
-5.50000000 -9.50000000 	70.7106781187
-5.50000000 -9.00000000 	70.7106781187
-5.50000000 -8.50000000 	70.7106781187
-5.50000000 -8.00000000 	70.7106781187
-5.50000000 -7.50000000 	69.9314127530
-5.50000000 -7.00000000 	64.6535107818
-5.50000000 -6.50000000 	48.4126430813
-5.50000000 -6.00000000 	18.3389637355
-5.50000000 -5.50000000 	-18.3389637355
-5.50000000 -5.00000000 	-48.4126430813
-5.50000000 -4.50000000 	-64.6535107818
-5.50000000 -4.00000000 	-69.9314127530
-5.50000000 -3.50000000 	-70.7106781187
-5.50000000 -3.00000000 	-70.7106781187
-5.50000000 -2.50000000 	-70.7106781187
-5.50000000 -2.00000000 	-70.7106781187
-5.50000000 -1.50000000 	-70.7106781187
-5.50000000 -1.00000000 	-70.7106781187
-5.50000000 -0.50000000 	-70.7106781187
-5.50000000 0.00000000 	-70.7106781187
-5.50000000 0.50000000 	-70.7106781187
-5.50000000 1.00000000 	-70.7106781187
-5.50000000 1.50000000 	-70.7106781187
-5.50000000 2.00000000 	-70.7106781187
-5.50000000 2.50000000 	-70.7106781187
-5.50000000 3.00000000 	-70.7106781187
-5.50000000 3.50000000 	-70.7106781187
-5.50000000 4.00000000 	-70.7106781187
-5.50000000 4.50000000 	-70.7106781187
-5.50000000 5.00000000 	-70.7106781187
-5.50000000 5.50000000 	-70.7106781187
-5.50000000 6.00000000 	-70.7106781187
-5.50000000 6.50000000 	-70.7106781187
-5.50000000 7.00000000 	-70.7106781187
-5.50000000 7.50000000 	-70.7106781187
-5.50000000 8.00000000 	-70.7106781187
-5.00000000 -12.00000000 	70.7106781187
-5.00000000 -11.50000000 	70.7106781187
-5.00000000 -11.00000000 	70.7106781187
-5.00000000 -10.50000000 	70.7106781187
-5.00000000 -10.00000000 	70.7106781187
-5.00000000 -9.50000000 	70.7106781187
-5.00000000 -9.00000000 	70.7106781187
-5.00000000 -8.50000000 	70.7106781187
-5.00000000 -8.00000000 	70.7106781187
-5.00000000 -7.50000000 	70.7106781187
-5.00000000 -7.00000000 	69.9314127530
-5.00000000 -6.50000000 	64.6535107818
-5.00000000 -6.00000000 	48.4126430813
-5.00000000 -5.50000000 	18.3389637355
-5.00000000 -5.00000000 	-18.3389637355
-5.00000000 -4.50000000 	-48.4126430813
-5.00000000 -4.00000000 	-64.6535107818
-5.00000000 -3.50000000 	-69.9314127530
-5.00000000 -3.00000000 	-70.7106781187
-5.00000000 -2.50000000 	-70.7106781187
-5.00000000 -2.00000000 	-70.7106781187
-5.00000000 -1.50000000 	-70.7106781187
-5.00000000 -1.00000000 	-70.7106781187
-5.00000000 -0.50000000 	-70.7106781187
-5.00000000 0.00000000 	-70.7106781187
-5.00000000 0.50000000 	-70.7106781187
-5.00000000 1.00000000 	-70.7106781187
-5.00000000 1.50000000 	-70.7106781187
-5.00000000 2.00000000 	-70.7106781187
-5.00000000 2.50000000 	-70.7106781187
-5.00000000 3.00000000 	-70.7106781187
-5.00000000 3.50000000 	-70.7106781187
-5.00000000 4.00000000 	-70.7106781187
-5.00000000 4.50000000 	-70.7106781187
-5.00000000 5.00000000 	-70.7106781187
-5.00000000 5.50000000 	-70.7106781187
-5.00000000 6.00000000 	-70.7106781187
-5.00000000 6.50000000 	-70.7106781187
-5.00000000 7.00000000 	-70.7106781187
-5.00000000 7.50000000 	-70.7106781187
-5.00000000 8.00000000 	-70.7106781187
-4.50000000 -12.00000000 	70.7106781187
-4.50000000 -11.50000000 	70.7106781187
-4.50000000 -11.00000000 	70.7106781187
-4.50000000 -10.50000000 	70.7106781187
-4.50000000 -10.00000000 	70.7106781187
-4.50000000 -9.50000000 	70.7106781187
-4.50000000 -9.00000000 	70.7106781187
-4.50000000 -8.50000000 	70.7106781187
-4.50000000 -8.00000000 	70.7106781187
-4.50000000 -7.50000000 	70.7106781187
-4.50000000 -7.00000000 	70.7106781187
-4.50000000 -6.50000000 	69.9314127530
-4.50000000 -6.00000000 	64.6535107818
-4.50000000 -5.50000000 	48.4126430813
-4.50000000 -5.00000000 	18.3389637355
-4.50000000 -4.50000000 	-18.3389637355
-4.50000000 -4.00000000 	-48.4126430813
-4.50000000 -3.50000000 	-64.6535107818
-4.50000000 -3.00000000 	-69.9314127530
-4.50000000 -2.50000000 	-70.7106781187
-4.50000000 -2.00000000 	-70.7106781187
-4.50000000 -1.50000000 	-70.7106781187
-4.50000000 -1.00000000 	-70.7106781187
-4.50000000 -0.50000000 	-70.7106781187
-4.50000000 0.00000000 	-70.7106781187
-4.50000000 0.50000000 	-70.7106781187
-4.50000000 1.00000000 	-70.7106781187
-4.50000000 1.50000000 	-70.7106781187
-4.50000000 2.00000000 	-70.7106781187
-4.50000000 2.50000000 	-70.7106781187
-4.50000000 3.00000000 	-70.7106781187
-4.50000000 3.50000000 	-70.7106781187
-4.50000000 4.00000000 	-70.7106781187
-4.50000000 4.50000000 	-70.7106781187
-4.50000000 5.00000000 	-70.7106781187
-4.50000000 5.50000000 	-70.7106781187
-4.50000000 6.00000000 	-70.7106781187
-4.50000000 6.50000000 	-70.7106781187
-4.50000000 7.00000000 	-70.7106781187
-4.50000000 7.50000000 	-70.7106781187
-4.50000000 8.00000000 	-70.7106781187
-4.00000000 -12.00000000 	70.7106781187
-4.00000000 -11.50000000 	70.7106781187
-4.00000000 -11.00000000 	70.7106781187
-4.00000000 -10.50000000 	70.7106781187
-4.00000000 -10.00000000 	70.7106781187
-4.00000000 -9.50000000 	70.7106781187
-4.00000000 -9.00000000 	70.7106781187
-4.00000000 -8.50000000 	70.7106781187
-4.00000000 -8.00000000 	70.7106781187
-4.00000000 -7.50000000 	70.7106781187
-4.00000000 -7.00000000 	70.7106781187
-4.00000000 -6.50000000 	70.7106781187
-4.00000000 -6.00000000 	69.9314127530
-4.00000000 -5.50000000 	64.6535107818
-4.00000000 -5.00000000 	48.4126430813
-4.00000000 -4.50000000 	18.3389637355
-4.00000000 -4.00000000 	-18.3389637355
-4.00000000 -3.50000000 	-48.4126430813
-4.00000000 -3.00000000 	-64.6535107818
-4.00000000 -2.50000000 	-69.9314127530
-4.00000000 -2.00000000 	-70.7106781187
-4.00000000 -1.50000000 	-70.7106781187
-4.00000000 -1.00000000 	-70.7106781187
-4.00000000 -0.50000000 	-70.7106781187
-4.00000000 0.00000000 	-70.7106781187
-4.00000000 0.50000000 	-70.7106781187
-4.00000000 1.00000000 	-70.7106781187
-4.00000000 1.50000000 	-70.7106781187
-4.00000000 2.00000000 	-70.7106781187
-4.00000000 2.50000000 	-70.7106781187
-4.00000000 3.00000000 	-70.7106781187
-4.00000000 3.50000000 	-70.7106781187
-4.00000000 4.00000000 	-70.7106781187
-4.00000000 4.50000000 	-70.7106781187
-4.00000000 5.00000000 	-70.7106781187
-4.00000000 5.50000000 	-70.7106781187
-4.00000000 6.00000000 	-70.7106781187
-4.00000000 6.50000000 	-70.7106781187
-4.00000000 7.00000000 	-70.7106781187
-4.00000000 7.50000000 	-70.7106781187
-4.00000000 8.00000000 	-70.7106781187
-3.50000000 -12.00000000 	70.7106781187
-3.50000000 -11.50000000 	70.7106781187
-3.50000000 -11.00000000 	70.7106781187
-3.50000000 -10.50000000 	70.7106781187
-3.50000000 -10.00000000 	70.7106781187
-3.50000000 -9.50000000 	70.7106781187
-3.50000000 -9.00000000 	70.7106781187
-3.50000000 -8.50000000 	70.7106781187
-3.50000000 -8.00000000 	70.7106781187
-3.50000000 -7.50000000 	70.7106781187
-3.50000000 -7.00000000 	70.7106781187
-3.50000000 -6.50000000 	70.7106781187
-3.50000000 -6.00000000 	70.7106781187
-3.50000000 -5.50000000 	69.9314127530
-3.50000000 -5.00000000 	64.6535107818
-3.50000000 -4.50000000 	48.4126430813
-3.50000000 -4.00000000 	18.3389637355
-3.50000000 -3.50000000 	-18.3389637355
-3.50000000 -3.00000000 	-48.4126430813
-3.50000000 -2.50000000 	-64.6535107818
-3.50000000 -2.00000000 	-69.9314127530
-3.50000000 -1.50000000 	-70.7106781187
-3.50000000 -1.00000000 	-70.7106781187
-3.50000000 -0.50000000 	-70.7106781187
-3.50000000 0.00000000 	-70.7106781187
-3.50000000 0.50000000 	-70.7106781187
-3.50000000 1.00000000 	-70.7106781187
-3.50000000 1.50000000 	-70.7106781187
-3.50000000 2.00000000 	-70.7106781187
-3.50000000 2.50000000 	-70.7106781187
-3.50000000 3.00000000 	-70.7106781187
-3.50000000 3.50000000 	-70.7106781187
-3.50000000 4.00000000 	-70.7106781187
-3.50000000 4.50000000 	-70.7106781187
-3.50000000 5.00000000 	-70.7106781187
-3.50000000 5.50000000 	-70.7106781187
-3.50000000 6.00000000 	-70.7106781187
-3.50000000 6.50000000 	-70.7106781187
-3.50000000 7.00000000 	-70.7106781187
-3.50000000 7.50000000 	-70.7106781187
-3.50000000 8.00000000 	-70.7106781187
-3.00000000 -12.00000000 	70.7106781187
-3.00000000 -11.50000000 	70.7106781187
-3.00000000 -11.00000000 	70.7106781187
-3.00000000 -10.50000000 	70.7106781187
-3.00000000 -10.00000000 	70.7106781187
-3.00000000 -9.50000000 	70.7106781187
-3.00000000 -9.00000000 	70.7106781187
-3.00000000 -8.50000000 	70.7106781187
-3.00000000 -8.00000000 	70.7106781187
-3.00000000 -7.50000000 	70.7106781187
-3.00000000 -7.00000000 	70.7106781187
-3.00000000 -6.50000000 	70.7106781187
-3.00000000 -6.00000000 	70.7106781187
-3.00000000 -5.50000000 	70.7106781187
-3.00000000 -5.00000000 	69.9314127530
-3.00000000 -4.50000000 	64.6535107818
-3.00000000 -4.00000000 	48.4126430813
-3.00000000 -3.50000000 	18.3389637355
-3.00000000 -3.00000000 	-18.3389637355
-3.00000000 -2.50000000 	-48.4126430813
-3.00000000 -2.00000000 	-64.6535107818
-3.00000000 -1.50000000 	-69.9314127530
-3.00000000 -1.00000000 	-70.7106781187
-3.00000000 -0.50000000 	-70.7106781187
-3.00000000 0.00000000 	-70.7106781187
-3.00000000 0.50000000 	-70.7106781187
-3.00000000 1.00000000 	-70.7106781187
-3.00000000 1.50000000 	-70.7106781187
-3.00000000 2.00000000 	-70.7106781187
-3.00000000 2.50000000 	-70.7106781187
-3.00000000 3.00000000 	-70.7106781187
-3.00000000 3.50000000 	-70.7106781187
-3.00000000 4.00000000 	-70.7106781187
-3.00000000 4.50000000 	-70.7106781187
-3.00000000 5.00000000 	-70.7106781187
-3.00000000 5.50000000 	-70.7106781187
-3.00000000 6.00000000 	-70.7106781187
-3.00000000 6.50000000 	-70.7106781187
-3.00000000 7.00000000 	-70.7106781187
-3.00000000 7.50000000 	-70.7106781187
-3.00000000 8.00000000 	-70.7106781187
-2.50000000 -12.00000000 	70.7106781187
-2.50000000 -11.50000000 	70.7106781187
-2.50000000 -11.00000000 	70.7106781187
-2.50000000 -10.50000000 	70.7106781187
-2.50000000 -10.00000000 	70.7106781187
-2.50000000 -9.50000000 	70.7106781187
-2.50000000 -9.00000000 	70.7106781187
-2.50000000 -8.50000000 	70.7106781187
-2.50000000 -8.00000000 	70.7106781187
-2.50000000 -7.50000000 	70.7106781187
-2.50000000 -7.00000000 	70.7106781187
-2.50000000 -6.50000000 	70.7106781187
-2.50000000 -6.00000000 	70.7106781187
-2.50000000 -5.50000000 	70.7106781187
-2.50000000 -5.00000000 	70.7106781187
-2.50000000 -4.50000000 	69.9314127530
-2.50000000 -4.00000000 	64.6535107818
-2.50000000 -3.50000000 	48.4126430813
-2.50000000 -3.00000000 	18.3389637355
-2.50000000 -2.50000000 	-18.3389637355
-2.50000000 -2.00000000 	-48.4126430813
-2.50000000 -1.50000000 	-64.6535107818
-2.50000000 -1.00000000 	-69.9314127530
-2.50000000 -0.50000000 	-70.7106781187
-2.50000000 0.00000000 	-70.7106781187
-2.50000000 0.50000000 	-70.7106781187
-2.50000000 1.00000000 	-70.7106781187
-2.50000000 1.50000000 	-70.7106781187
-2.50000000 2.00000000 	-70.7106781187
-2.50000000 2.50000000 	-70.7106781187
-2.50000000 3.00000000 	-70.7106781187
-2.50000000 3.50000000 	-70.7106781187
-2.50000000 4.00000000 	-70.7106781187
-2.50000000 4.50000000 	-70.7106781187
-2.50000000 5.00000000 	-70.7106781187
-2.50000000 5.50000000 	-70.7106781187
-2.50000000 6.00000000 	-70.7106781187
-2.50000000 6.50000000 	-70.7106781187
-2.50000000 7.00000000 	-70.7106781187
-2.50000000 7.50000000 	-70.7106781187
-2.50000000 8.00000000 	-70.7106781187
-2.00000000 -12.00000000 	70.7106781187
-2.00000000 -11.50000000 	70.7106781187
-2.00000000 -11.00000000 	70.7106781187
-2.00000000 -10.50000000 	70.7106781187
-2.00000000 -10.00000000 	70.7106781187
-2.00000000 -9.50000000 	70.7106781187
-2.00000000 -9.00000000 	70.7106781187
-2.00000000 -8.50000000 	70.7106781187
-2.00000000 -8.00000000 	70.7106781187
-2.00000000 -7.50000000 	70.7106781187
-2.00000000 -7.00000000 	70.7106781187
-2.00000000 -6.50000000 	70.7106781187
-2.00000000 -6.00000000 	70.7106781187
-2.00000000 -5.50000000 	70.7106781187
-2.00000000 -5.00000000 	70.7106781187
-2.00000000 -4.50000000 	70.7106781187
-2.00000000 -4.00000000 	69.9314127530
-2.00000000 -3.50000000 	64.6535107818
-2.00000000 -3.00000000 	48.4126430813
-2.00000000 -2.50000000 	18.3389637355
-2.00000000 -2.00000000 	-18.3389637355
-2.00000000 -1.50000000 	-48.4126430813
-2.00000000 -1.00000000 	-64.6535107818
-2.00000000 -0.50000000 	-69.9314127530
-2.00000000 0.00000000 	-70.7106781187
-2.00000000 0.50000000 	-70.7106781187
-2.00000000 1.00000000 	-70.7106781187
-2.00000000 1.50000000 	-70.7106781187
-2.00000000 2.00000000 	-70.7106781187
-2.00000000 2.50000000 	-70.7106781187
-2.00000000 3.00000000 	-70.7106781187
-2.00000000 3.50000000 	-70.7106781187
-2.00000000 4.00000000 	-70.7106781187
-2.00000000 4.50000000 	-70.7106781187
-2.00000000 5.00000000 	-70.7106781187
-2.00000000 5.50000000 	-70.7106781187
-2.00000000 6.00000000 	-70.7106781187
-2.00000000 6.50000000 	-70.7106781187
-2.00000000 7.00000000 	-70.7106781187
-2.00000000 7.50000000 	-70.7106781187
-2.00000000 8.00000000 	-70.7106781187
-1.50000000 -12.00000000 	70.7106781187
-1.50000000 -11.50000000 	70.7106781187
-1.50000000 -11.00000000 	70.7106781187
-1.50000000 -10.50000000 	70.7106781187
-1.50000000 -10.00000000 	70.7106781187
-1.50000000 -9.50000000 	70.7106781187
-1.50000000 -9.00000000 	70.7106781187
-1.50000000 -8.50000000 	70.7106781187
-1.50000000 -8.00000000 	70.7106781187
-1.50000000 -7.50000000 	70.7106781187
-1.50000000 -7.00000000 	70.7106781187
-1.50000000 -6.50000000 	70.7106781187
-1.50000000 -6.00000000 	70.7106781187
-1.50000000 -5.50000000 	70.7106781187
-1.50000000 -5.00000000 	70.7106781187
-1.50000000 -4.50000000 	70.7106781187
-1.50000000 -4.00000000 	70.7106781187
-1.50000000 -3.50000000 	69.9314127530
-1.50000000 -3.00000000 	64.6535107818
-1.50000000 -2.50000000 	48.4126430813
-1.50000000 -2.00000000 	18.3389637355
-1.50000000 -1.50000000 	-18.3389637355
-1.50000000 -1.00000000 	-48.4126430813
-1.50000000 -0.50000000 	-64.6535107818
-1.50000000 0.00000000 	-69.9314127530
-1.50000000 0.50000000 	-70.7106781187
-1.50000000 1.00000000 	-70.7106781187
-1.50000000 1.50000000 	-70.7106781187
-1.50000000 2.00000000 	-70.7106781187
-1.50000000 2.50000000 	-70.7106781187
-1.50000000 3.00000000 	-70.7106781187
-1.50000000 3.50000000 	-70.7106781187
-1.50000000 4.00000000 	-70.7106781187
-1.50000000 4.50000000 	-70.7106781187
-1.50000000 5.00000000 	-70.7106781187
-1.50000000 5.50000000 	-70.7106781187
-1.50000000 6.00000000 	-70.7106781187
-1.50000000 6.50000000 	-70.7106781187
-1.50000000 7.00000000 	-70.7106781187
-1.50000000 7.50000000 	-70.7106781187
-1.50000000 8.00000000 	-70.7106781187
-1.00000000 -12.00000000 	70.7106781187
-1.00000000 -11.50000000 	70.7106781187
-1.00000000 -11.00000000 	70.7106781187
-1.00000000 -10.50000000 	70.7106781187
-1.00000000 -10.00000000 	70.7106781187
-1.00000000 -9.50000000 	70.7106781187
-1.00000000 -9.00000000 	70.7106781187
-1.00000000 -8.50000000 	70.7106781187
-1.00000000 -8.00000000 	70.7106781187
-1.00000000 -7.50000000 	70.7106781187
-1.00000000 -7.00000000 	70.7106781187
-1.00000000 -6.50000000 	70.7106781187
-1.00000000 -6.00000000 	70.7106781187
-1.00000000 -5.50000000 	70.7106781187
-1.00000000 -5.00000000 	70.7106781187
-1.00000000 -4.50000000 	70.7106781187
-1.00000000 -4.00000000 	70.7106781187
-1.00000000 -3.50000000 	70.7106781187
-1.00000000 -3.00000000 	69.9314127530
-1.00000000 -2.50000000 	64.6535107818
-1.00000000 -2.00000000 	48.4126430813
-1.00000000 -1.50000000 	18.3389637355
-1.00000000 -1.00000000 	-18.3389637355
-1.00000000 -0.50000000 	-48.4126430813
-1.00000000 0.00000000 	-64.6535107818
-1.00000000 0.50000000 	-69.9314127530
-1.00000000 1.00000000 	-70.7106781187
-1.00000000 1.50000000 	-70.7106781187
-1.00000000 2.00000000 	-70.7106781187
-1.00000000 2.50000000 	-70.7106781187
-1.00000000 3.00000000 	-70.7106781187
-1.00000000 3.50000000 	-70.7106781187
-1.00000000 4.00000000 	-70.7106781187
-1.00000000 4.50000000 	-70.7106781187
-1.00000000 5.00000000 	-70.7106781187
-1.00000000 5.50000000 	-70.7106781187
-1.00000000 6.00000000 	-70.7106781187
-1.00000000 6.50000000 	-70.7106781187
-1.00000000 7.00000000 	-70.7106781187
-1.00000000 7.50000000 	-70.7106781187
-1.00000000 8.00000000 	-70.7106781187
-0.50000000 -12.00000000 	70.7106781187
-0.50000000 -11.50000000 	70.7106781187
-0.50000000 -11.00000000 	70.7106781187
-0.50000000 -10.50000000 	70.7106781187
-0.50000000 -10.00000000 	70.7106781187
-0.50000000 -9.50000000 	70.7106781187
-0.50000000 -9.00000000 	70.7106781187
-0.50000000 -8.50000000 	70.7106781187
-0.50000000 -8.00000000 	70.7106781187
-0.50000000 -7.50000000 	70.7106781187
-0.50000000 -7.00000000 	70.7106781187
-0.50000000 -6.50000000 	70.7106781187
-0.50000000 -6.00000000 	70.7106781187
-0.50000000 -5.50000000 	70.7106781187
-0.50000000 -5.00000000 	70.7106781187
-0.50000000 -4.50000000 	70.7106781187
-0.50000000 -4.00000000 	70.7106781187
-0.50000000 -3.50000000 	70.7106781187
-0.50000000 -3.00000000 	70.7106781187
-0.50000000 -2.50000000 	69.9314127530
-0.50000000 -2.00000000 	64.6535107818
-0.50000000 -1.50000000 	48.4126430813
-0.50000000 -1.00000000 	18.3389637355
-0.50000000 -0.50000000 	-18.3389637355
-0.50000000 0.00000000 	-48.4126430813
-0.50000000 0.50000000 	-64.6535107818
-0.50000000 1.00000000 	-69.9314127530
-0.50000000 1.50000000 	-70.7106781187
-0.50000000 2.00000000 	-70.7106781187
-0.50000000 2.50000000 	-70.7106781187
-0.50000000 3.00000000 	-70.7106781187
-0.50000000 3.50000000 	-70.7106781187
-0.50000000 4.00000000 	-70.7106781187
-0.50000000 4.50000000 	-70.7106781187
-0.50000000 5.00000000 	-70.7106781187
-0.50000000 5.50000000 	-70.7106781187
-0.50000000 6.00000000 	-70.7106781187
-0.50000000 6.50000000 	-70.7106781187
-0.50000000 7.00000000 	-70.7106781187
-0.50000000 7.50000000 	-70.7106781187
-0.50000000 8.00000000 	-70.7106781187
0.00000000 -12.00000000 	70.7106781187
0.00000000 -11.50000000 	70.7106781187
0.00000000 -11.00000000 	70.7106781187
0.00000000 -10.50000000 	70.7106781187
0.00000000 -10.00000000 	70.7106781187
0.00000000 -9.50000000 	70.7106781187
0.00000000 -9.00000000 	70.7106781187
0.00000000 -8.50000000 	70.7106781187
0.00000000 -8.00000000 	70.7106781187
0.00000000 -7.50000000 	70.7106781187
0.00000000 -7.00000000 	70.7106781187
0.00000000 -6.50000000 	70.7106781187
0.00000000 -6.00000000 	70.7106781187
0.00000000 -5.50000000 	70.7106781187
0.00000000 -5.00000000 	70.7106781187
0.00000000 -4.50000000 	70.7106781187
0.00000000 -4.00000000 	70.7106781187
0.00000000 -3.50000000 	70.7106781187
0.00000000 -3.00000000 	70.7106781187
0.00000000 -2.50000000 	70.7106781187
0.00000000 -2.00000000 	69.9314127530
0.00000000 -1.50000000 	64.6535107818
0.00000000 -1.00000000 	48.4126430813
0.00000000 -0.50000000 	18.3389637355
0.00000000 0.00000000 	-18.3389637355
0.00000000 0.50000000 	-48.4126430813
0.00000000 1.00000000 	-64.6535107818
0.00000000 1.50000000 	-69.9314127530
0.00000000 2.00000000 	-70.7106781187
0.00000000 2.50000000 	-70.7106781187
0.00000000 3.00000000 	-70.7106781187
0.00000000 3.50000000 	-70.7106781187
0.00000000 4.00000000 	-70.7106781187
0.00000000 4.50000000 	-70.7106781187
0.00000000 5.00000000 	-70.7106781187
0.00000000 5.50000000 	-70.7106781187
0.00000000 6.00000000 	-70.7106781187
0.00000000 6.50000000 	-70.7106781187
0.00000000 7.00000000 	-70.7106781187
0.00000000 7.50000000 	-70.7106781187
0.00000000 8.00000000 	-70.7106781187
0.50000000 -12.00000000 	70.7106781187
0.50000000 -11.50000000 	70.7106781187
0.50000000 -11.00000000 	70.7106781187
0.50000000 -10.50000000 	70.7106781187
0.50000000 -10.00000000 	70.7106781187
0.50000000 -9.50000000 	70.7106781187
0.50000000 -9.00000000 	70.7106781187
0.50000000 -8.50000000 	70.7106781187
0.50000000 -8.00000000 	70.7106781187
0.50000000 -7.50000000 	70.7106781187
0.50000000 -7.00000000 	70.7106781187
0.50000000 -6.50000000 	70.7106781187
0.50000000 -6.00000000 	70.7106781187
0.50000000 -5.50000000 	70.7106781187
0.50000000 -5.00000000 	70.7106781187
0.50000000 -4.50000000 	70.7106781187
0.50000000 -4.00000000 	70.7106781187
0.50000000 -3.50000000 	70.7106781187
0.50000000 -3.00000000 	70.7106781187
0.50000000 -2.50000000 	70.7106781187
0.50000000 -2.00000000 	70.7106781187
0.50000000 -1.50000000 	69.9314127530
0.50000000 -1.00000000 	64.6535107818
0.50000000 -0.50000000 	48.4126430813
0.50000000 0.00000000 	18.3389637355
0.50000000 0.50000000 	-18.3389637355
0.50000000 1.00000000 	-48.4126430813
0.50000000 1.50000000 	-64.6535107818
0.50000000 2.00000000 	-69.9925216338
0.50000000 2.50000000 	-70.7106781187
0.50000000 3.00000000 	-70.7106781187
0.50000000 3.50000000 	-70.7106781187
0.50000000 4.00000000 	-70.7106781187
0.50000000 4.50000000 	-70.7106781187
0.50000000 5.00000000 	-70.7106781187
0.50000000 5.50000000 	-70.7106781187
0.50000000 6.00000000 	-70.7106781187
0.50000000 6.50000000 	-70.7106781187
0.50000000 7.00000000 	-70.7106781187
0.50000000 7.50000000 	-70.7106781187
0.50000000 8.00000000 	-70.7106781187
1.00000000 -12.00000000 	70.7106781187
1.00000000 -11.50000000 	70.7106781187
1.00000000 -11.00000000 	70.7106781187
1.00000000 -10.50000000 	70.7106781187
1.00000000 -10.00000000 	70.7106781187
1.00000000 -9.50000000 	70.7106781187
1.00000000 -9.00000000 	70.7106781187
1.00000000 -8.50000000 	70.7106781187
1.00000000 -8.00000000 	70.7106781187
1.00000000 -7.50000000 	70.7106781187
1.00000000 -7.00000000 	70.7106781187
1.00000000 -6.50000000 	70.7106781187
1.00000000 -6.00000000 	70.7106781187
1.00000000 -5.50000000 	70.7106781187
1.00000000 -5.00000000 	70.7106781187
1.00000000 -4.50000000 	70.7106781187
1.00000000 -4.00000000 	70.7106781187
1.00000000 -3.50000000 	70.7106781187
1.00000000 -3.00000000 	70.7106781187
1.00000000 -2.50000000 	70.7106781187
1.00000000 -2.00000000 	70.7106781187
1.00000000 -1.50000000 	70.7106781187
1.00000000 -1.00000000 	69.9314127530
1.00000000 -0.50000000 	64.6535107818
1.00000000 0.00000000 	48.4126430813
1.00000000 0.50000000 	18.3389637355
1.00000000 1.00000000 	-18.3389637355
1.00000000 1.50000000 	-48.6090986568
1.00000000 2.00000000 	-65.4685292798
1.00000000 2.50000000 	-70.2114532573
1.00000000 3.00000000 	-70.7106781187
1.00000000 3.50000000 	-70.7106781187
1.00000000 4.00000000 	-70.7106781187
1.00000000 4.50000000 	-70.7106781187
1.00000000 5.00000000 	-70.7106781187
1.00000000 5.50000000 	-70.7106781187
1.00000000 6.00000000 	-70.7106781187
1.00000000 6.50000000 	-70.7106781187
1.00000000 7.00000000 	-70.7106781187
1.00000000 7.50000000 	-70.7106781187
1.00000000 8.00000000 	-70.7106781187
1.50000000 -12.00000000 	70.7106781187
1.50000000 -11.50000000 	70.7106781187
1.50000000 -11.00000000 	70.7106781187
1.50000000 -10.50000000 	70.7106781187
1.50000000 -10.00000000 	70.7106781187
1.50000000 -9.50000000 	70.7106781187
1.50000000 -9.00000000 	70.7106781187
1.50000000 -8.50000000 	70.7106781187
1.50000000 -8.00000000 	70.7106781187
1.50000000 -7.50000000 	70.7106781187
1.50000000 -7.00000000 	70.7106781187
1.50000000 -6.50000000 	70.7106781187
1.50000000 -6.00000000 	70.7106781187
1.50000000 -5.50000000 	70.7106781187
1.50000000 -5.00000000 	70.7106781187
1.50000000 -4.50000000 	70.7106781187
1.50000000 -4.00000000 	70.7106781187
1.50000000 -3.50000000 	70.7106781187
1.50000000 -3.00000000 	70.7106781187
1.50000000 -2.50000000 	70.7106781187
1.50000000 -2.00000000 	70.7106781187
1.50000000 -1.50000000 	70.7106781187
1.50000000 -1.00000000 	70.7106781187
1.50000000 -0.50000000 	69.9314127530
1.50000000 0.00000000 	64.6535107818
1.50000000 0.50000000 	48.4126430813
1.50000000 1.00000000 	18.0160218099
1.50000000 1.50000000 	-20.6968629192
1.50000000 2.00000000 	-53.8403351258
1.50000000 2.50000000 	-67.7616737047
1.50000000 3.00000000 	-70.5034419462
1.50000000 3.50000000 	-70.7106781187
1.50000000 4.00000000 	-70.7106781187
1.50000000 4.50000000 	-70.7106781187
1.50000000 5.00000000 	-70.7106781187
1.50000000 5.50000000 	-70.7106781187
1.50000000 6.00000000 	-70.7106781187
1.50000000 6.50000000 	-70.7106781187
1.50000000 7.00000000 	-70.7106781187
1.50000000 7.50000000 	-70.7106781187
1.50000000 8.00000000 	-70.7106781187
2.00000000 -12.00000000 	70.7106781187
2.00000000 -11.50000000 	70.7106781187
2.00000000 -11.00000000 	70.7106781187
2.00000000 -10.50000000 	70.7106781187
2.00000000 -10.00000000 	70.7106781187
2.00000000 -9.50000000 	70.7106781187
2.00000000 -9.00000000 	70.7106781187
2.00000000 -8.50000000 	70.7106781187
2.00000000 -8.00000000 	70.7106781187
2.00000000 -7.50000000 	70.7106781187
2.00000000 -7.00000000 	70.7106781187
2.00000000 -6.50000000 	70.7106781187
2.00000000 -6.00000000 	70.7106781187
2.00000000 -5.50000000 	70.7106781187
2.00000000 -5.00000000 	70.7106781187
2.00000000 -4.50000000 	70.7106781187
2.00000000 -4.00000000 	70.7106781187
2.00000000 -3.50000000 	70.7106781187
2.00000000 -3.00000000 	70.7106781187
2.00000000 -2.50000000 	70.7106781187
2.00000000 -2.00000000 	70.7106781187
2.00000000 -1.50000000 	70.7106781187
2.00000000 -1.00000000 	70.7106781187
2.00000000 -0.50000000 	70.7106781187
2.00000000 0.00000000 	69.9314127530
2.00000000 0.50000000 	64.2102261458
2.00000000 1.00000000 	44.7157152090
2.00000000 1.50000000 	5.2243321215
2.00000000 2.00000000 	-40.6349570782
2.00000000 2.50000000 	-64.0414573594
2.00000000 3.00000000 	-69.9379337474
2.00000000 3.50000000 	-70.6741456237
2.00000000 4.00000000 	-70.7106781187
2.00000000 4.50000000 	-70.7106781187
2.00000000 5.00000000 	-70.7106781187
2.00000000 5.50000000 	-70.7106781187
2.00000000 6.00000000 	-70.7106781187
2.00000000 6.50000000 	-70.7106781187
2.00000000 7.00000000 	-70.7106781187
2.00000000 7.50000000 	-70.7106781187
2.00000000 8.00000000 	-70.7106781187
