-8.00000000 -12.00000000 	2.0027172338
-8.00000000 -11.50000000 	2.0027172338
-8.00000000 -11.00000000 	2.0027172338
-8.00000000 -10.50000000 	2.0027172338
-8.00000000 -10.00000000 	2.0027172338
-8.00000000 -9.50000000 	2.0027172338
-8.00000000 -9.00000000 	2.0027172338
-8.00000000 -8.50000000 	2.0027172338
-8.00000000 -8.00000000 	2.0027172338
-8.00000000 -7.50000000 	2.0027172338
-8.00000000 -7.00000000 	2.0027172338
-8.00000000 -6.50000000 	2.0027172338
-8.00000000 -6.00000000 	2.0027172338
-8.00000000 -5.50000000 	2.0027172338
-8.00000000 -5.00000000 	2.0027172338
-8.00000000 -4.50000000 	2.0027172338
-8.00000000 -4.00000000 	2.0027172338
-8.00000000 -3.50000000 	2.0027172338
-8.00000000 -3.00000000 	2.0027172338
-8.00000000 -2.50000000 	2.0027172338
-8.00000000 -2.00000000 	2.0027172338
-8.00000000 -1.50000000 	2.0027172338
-8.00000000 -1.00000000 	2.0027172338
-8.00000000 -0.50000000 	2.0027172338
-8.00000000 0.00000000 	2.0027172338
-8.00000000 0.50000000 	2.0027172338
-8.00000000 1.00000000 	2.0027172338
-8.00000000 1.50000000 	2.0027172338
-8.00000000 2.00000000 	2.0027172338
-8.00000000 2.50000000 	2.0027172338
-8.00000000 3.00000000 	2.0027172338
-8.00000000 3.50000000 	2.0027172338
-8.00000000 4.00000000 	2.0027172338
-8.00000000 4.50000000 	2.0027172338
-8.00000000 5.00000000 	2.0027172338
-8.00000000 5.50000000 	2.0027172338
-8.00000000 6.00000000 	2.0027172338
-8.00000000 6.50000000 	2.0027172338
-8.00000000 7.00000000 	2.0027172338
-8.00000000 7.50000000 	2.0027172338
-8.00000000 8.00000000 	2.0027172338
-7.50000000 -12.00000000 	47.4232630083
-7.50000000 -11.50000000 	47.4232630083
-7.50000000 -11.00000000 	47.4232630083
-7.50000000 -10.50000000 	47.4232630083
-7.50000000 -10.00000000 	47.4232630083
-7.50000000 -9.50000000 	47.4232630083
-7.50000000 -9.00000000 	47.4232630083
-7.50000000 -8.50000000 	47.4232630083
-7.50000000 -8.00000000 	47.4232630083
-7.50000000 -7.50000000 	47.4232630083
-7.50000000 -7.00000000 	47.4232630083
-7.50000000 -6.50000000 	47.4232630083
-7.50000000 -6.00000000 	47.4232630083
-7.50000000 -5.50000000 	47.4232630083
-7.50000000 -5.00000000 	47.4232630083
-7.50000000 -4.50000000 	47.4232630083
-7.50000000 -4.00000000 	47.4232630083
-7.50000000 -3.50000000 	47.4232630083
-7.50000000 -3.00000000 	47.4232630083
-7.50000000 -2.50000000 	47.4232630083
-7.50000000 -2.00000000 	47.4232630083
-7.50000000 -1.50000000 	47.4232630083
-7.50000000 -1.00000000 	47.4232630083
-7.50000000 -0.50000000 	47.4232630083
-7.50000000 0.00000000 	47.4232630083
-7.50000000 0.50000000 	47.4232630083
-7.50000000 1.00000000 	47.4232630083
-7.50000000 1.50000000 	47.4232630083
-7.50000000 2.00000000 	47.4232630083
-7.50000000 2.50000000 	47.4232630083
-7.50000000 3.00000000 	47.4232630083
-7.50000000 3.50000000 	47.4232630083
-7.50000000 4.00000000 	47.4232630083
-7.50000000 4.50000000 	47.4232630083
-7.50000000 5.00000000 	47.4232630083
-7.50000000 5.50000000 	47.4232630083
-7.50000000 6.00000000 	47.4232630083
-7.50000000 6.50000000 	47.4232630083
-7.50000000 7.00000000 	47.4232630083
-7.50000000 7.50000000 	47.4232630083
-7.50000000 8.00000000 	47.4232630083
-7.00000000 -12.00000000 	455.9796130996
-7.00000000 -11.50000000 	455.9796130996
-7.00000000 -11.00000000 	455.9796130996
-7.00000000 -10.50000000 	455.9796130996
-7.00000000 -10.00000000 	455.9796130996
-7.00000000 -9.50000000 	455.9796130996
-7.00000000 -9.00000000 	455.9796130996
-7.00000000 -8.50000000 	455.9796130996
-7.00000000 -8.00000000 	455.9796130996
-7.00000000 -7.50000000 	455.9796130996
-7.00000000 -7.00000000 	455.9796130996
-7.00000000 -6.50000000 	455.9796130996
-7.00000000 -6.00000000 	455.9796130996
-7.00000000 -5.50000000 	455.9796130996
-7.00000000 -5.00000000 	455.9796130996
-7.00000000 -4.50000000 	455.9796130996
-7.00000000 -4.00000000 	455.9796130996
-7.00000000 -3.50000000 	455.9796130996
-7.00000000 -3.00000000 	455.9796130996
-7.00000000 -2.50000000 	455.9796130996
-7.00000000 -2.00000000 	455.9796130996
-7.00000000 -1.50000000 	455.9796130996
-7.00000000 -1.00000000 	455.9796130996
-7.00000000 -0.50000000 	455.9796130996
-7.00000000 0.00000000 	455.9796130996
-7.00000000 0.50000000 	455.9796130996
-7.00000000 1.00000000 	455.9796130996
-7.00000000 1.50000000 	455.9796130996
-7.00000000 2.00000000 	455.9796130996
-7.00000000 2.50000000 	455.9796130996
-7.00000000 3.00000000 	455.9796130996
-7.00000000 3.50000000 	455.9796130996
-7.00000000 4.00000000 	455.9796130996
-7.00000000 4.50000000 	455.9796130996
-7.00000000 5.00000000 	455.9796130996
-7.00000000 5.50000000 	455.9796130996
-7.00000000 6.00000000 	455.9796130996
-7.00000000 6.50000000 	455.9796130996
-7.00000000 7.00000000 	455.9796130996
-7.00000000 7.50000000 	455.9796130996
-7.00000000 8.00000000 	455.9796130996
-6.50000000 -12.00000000 	2462.5375292808
-6.50000000 -11.50000000 	2462.5375292808
-6.50000000 -11.00000000 	2462.5375292808
-6.50000000 -10.50000000 	2462.5375292808
-6.50000000 -10.00000000 	2462.5375292808
-6.50000000 -9.50000000 	2462.5375292808
-6.50000000 -9.00000000 	2462.5375292808
-6.50000000 -8.50000000 	2462.5375292808
-6.50000000 -8.00000000 	2462.5375292808
-6.50000000 -7.50000000 	2462.5375292808
-6.50000000 -7.00000000 	2462.5375292808
-6.50000000 -6.50000000 	2462.5375292808
-6.50000000 -6.00000000 	2462.5375292808
-6.50000000 -5.50000000 	2462.5375292808
-6.50000000 -5.00000000 	2462.5375292808
-6.50000000 -4.50000000 	2462.5375292808
-6.50000000 -4.00000000 	2462.5375292808
-6.50000000 -3.50000000 	2462.5375292808
-6.50000000 -3.00000000 	2462.5375292808
-6.50000000 -2.50000000 	2462.5375292808
-6.50000000 -2.00000000 	2462.5375292808
-6.50000000 -1.50000000 	2462.5375292808
-6.50000000 -1.00000000 	2462.5375292808
-6.50000000 -0.50000000 	2462.5375292808
-6.50000000 0.00000000 	2462.5375292808
-6.50000000 0.50000000 	2462.5375292808
-6.50000000 1.00000000 	2462.5375292808
-6.50000000 1.50000000 	2462.5375292808
-6.50000000 2.00000000 	2462.5375292808
-6.50000000 2.50000000 	2462.5375292808
-6.50000000 3.00000000 	2462.5375292808
-6.50000000 3.50000000 	2462.5375292808
-6.50000000 4.00000000 	2462.5375292808
-6.50000000 4.50000000 	2462.5375292808
-6.50000000 5.00000000 	2462.5375292808
-6.50000000 5.50000000 	2462.5375292808
-6.50000000 6.00000000 	2462.5375292808
-6.50000000 6.50000000 	2462.5375292808
-6.50000000 7.00000000 	2462.5375292808
-6.50000000 7.50000000 	2462.5375292808
-6.50000000 8.00000000 	2462.5375292808
-6.00000000 -12.00000000 	7060.9766423974
-6.00000000 -11.50000000 	7060.9766423974
-6.00000000 -11.00000000 	7060.9766423974
-6.00000000 -10.50000000 	7060.9766423974
-6.00000000 -10.00000000 	7060.9766423974
-6.00000000 -9.50000000 	7060.9766423974
-6.00000000 -9.00000000 	7060.9766423974
-6.00000000 -8.50000000 	7060.9766423974
-6.00000000 -8.00000000 	7060.9766423974
-6.00000000 -7.50000000 	7060.9766423974
-6.00000000 -7.00000000 	7060.9766423974
-6.00000000 -6.50000000 	7060.9766423974
-6.00000000 -6.00000000 	7060.9766423974
-6.00000000 -5.50000000 	7060.9766423974
-6.00000000 -5.00000000 	7060.9766423974
-6.00000000 -4.50000000 	7060.9766423974
-6.00000000 -4.00000000 	7060.9766423974
-6.00000000 -3.50000000 	7060.9766423974
-6.00000000 -3.00000000 	7060.9766423974
-6.00000000 -2.50000000 	7060.9766423974
-6.00000000 -2.00000000 	7060.9766423974
-6.00000000 -1.50000000 	7060.9766423974
-6.00000000 -1.00000000 	7060.9766423974
-6.00000000 -0.50000000 	7060.9766423974
-6.00000000 0.00000000 	7060.9766423974
-6.00000000 0.50000000 	7060.9766423974
-6.00000000 1.00000000 	7060.9766423974
-6.00000000 1.50000000 	7060.9766423974
-6.00000000 2.00000000 	7060.9766423974
-6.00000000 2.50000000 	7060.9766423974
-6.00000000 3.00000000 	7060.9766423974
-6.00000000 3.50000000 	7060.9766423974
-6.00000000 4.00000000 	7060.9766423974
-6.00000000 4.50000000 	7060.9766423974
-6.00000000 5.00000000 	7060.9766423974
-6.00000000 5.50000000 	7060.9766423974
-6.00000000 6.00000000 	7060.9766423974
-6.00000000 6.50000000 	7060.9766423974
-6.00000000 7.00000000 	7060.9766423974
-6.00000000 7.50000000 	7060.9766423974
-6.00000000 8.00000000 	7060.9766423974
-5.50000000 -12.00000000 	8371.1032303122
-5.50000000 -11.50000000 	8371.1032303122
-5.50000000 -11.00000000 	8371.1032303122
-5.50000000 -10.50000000 	8371.1032303122
-5.50000000 -10.00000000 	8371.1032303122
-5.50000000 -9.50000000 	8371.1032303122
-5.50000000 -9.00000000 	8371.1032303122
-5.50000000 -8.50000000 	8371.1032303122
-5.50000000 -8.00000000 	8371.1032303122
-5.50000000 -7.50000000 	8371.1032303122
-5.50000000 -7.00000000 	8371.1032303122
-5.50000000 -6.50000000 	8371.1032303122
-5.50000000 -6.00000000 	8371.1032303122
-5.50000000 -5.50000000 	8371.1032303122
-5.50000000 -5.00000000 	8371.1032303122
-5.50000000 -4.50000000 	8371.1032303122
-5.50000000 -4.00000000 	8371.1032303122
-5.50000000 -3.50000000 	8371.1032303122
-5.50000000 -3.00000000 	8371.1032303122
-5.50000000 -2.50000000 	8371.1032303122
-5.50000000 -2.00000000 	8371.1032303122
-5.50000000 -1.50000000 	8371.1032303122
-5.50000000 -1.00000000 	8371.1032303122
-5.50000000 -0.50000000 	8371.1032303122
-5.50000000 0.00000000 	8371.1032303122
-5.50000000 0.50000000 	8371.1032303122
-5.50000000 1.00000000 	8371.1032303122
-5.50000000 1.50000000 	8371.1032303122
-5.50000000 2.00000000 	8371.1032303122
-5.50000000 2.50000000 	8371.1032303122
-5.50000000 3.00000000 	8371.1032303122
-5.50000000 3.50000000 	8371.1032303122
-5.50000000 4.00000000 	8371.1032303122
-5.50000000 4.50000000 	8371.1032303122
-5.50000000 5.00000000 	8371.1032303122
-5.50000000 5.50000000 	8371.1032303122
-5.50000000 6.00000000 	8371.1032303122
-5.50000000 6.50000000 	8371.1032303122
-5.50000000 7.00000000 	8371.1032303122
-5.50000000 7.50000000 	8371.1032303122
-5.50000000 8.00000000 	8371.1032303122
-5.00000000 -12.00000000 	5837.9195924570
-5.00000000 -11.50000000 	5837.9195924570
-5.00000000 -11.00000000 	5837.9195924570
-5.00000000 -10.50000000 	5837.9195924570
-5.00000000 -10.00000000 	5837.9195924570
-5.00000000 -9.50000000 	5837.9195924570
-5.00000000 -9.00000000 	5837.9195924570
-5.00000000 -8.50000000 	5837.9195924570
-5.00000000 -8.00000000 	5837.9195924570
-5.00000000 -7.50000000 	5837.9195924570
-5.00000000 -7.00000000 	5837.9195924570
-5.00000000 -6.50000000 	5837.9195924570
-5.00000000 -6.00000000 	5837.9195924570
-5.00000000 -5.50000000 	5837.9195924570
-5.00000000 -5.00000000 	5837.9195924570
-5.00000000 -4.50000000 	5837.9195924570
-5.00000000 -4.00000000 	5837.9195924570
-5.00000000 -3.50000000 	5837.9195924570
-5.00000000 -3.00000000 	5837.9195924570
-5.00000000 -2.50000000 	5837.9195924570
-5.00000000 -2.00000000 	5837.9195924570
-5.00000000 -1.50000000 	5837.9195924570
-5.00000000 -1.00000000 	5837.9195924570
-5.00000000 -0.50000000 	5837.9195924570
-5.00000000 0.00000000 	5837.9195924570
-5.00000000 0.50000000 	5837.9195924570
-5.00000000 1.00000000 	5837.9195924570
-5.00000000 1.50000000 	5837.9195924570
-5.00000000 2.00000000 	5837.9195924570
-5.00000000 2.50000000 	5837.9195924570
-5.00000000 3.00000000 	5837.9195924570
-5.00000000 3.50000000 	5837.9195924570
-5.00000000 4.00000000 	5837.9195924570
-5.00000000 4.50000000 	5837.9195924570
-5.00000000 5.00000000 	5837.9195924570
-5.00000000 5.50000000 	5837.9195924570
-5.00000000 6.00000000 	5837.9195924570
-5.00000000 6.50000000 	5837.9195924570
-5.00000000 7.00000000 	5837.9195924570
-5.00000000 7.50000000 	5837.9195924570
-5.00000000 8.00000000 	5837.9195924570
-4.50000000 -12.00000000 	2094.4139980047
-4.50000000 -11.50000000 	2094.4139980047
-4.50000000 -11.00000000 	2094.4139980047
-4.50000000 -10.50000000 	2094.4139980047
-4.50000000 -10.00000000 	2094.4139980047
-4.50000000 -9.50000000 	2094.4139980047
-4.50000000 -9.00000000 	2094.4139980047
-4.50000000 -8.50000000 	2094.4139980047
-4.50000000 -8.00000000 	2094.4139980047
-4.50000000 -7.50000000 	2094.4139980047
-4.50000000 -7.00000000 	2094.4139980047
-4.50000000 -6.50000000 	2094.4139980047
-4.50000000 -6.00000000 	2094.4139980047
-4.50000000 -5.50000000 	2094.4139980047
-4.50000000 -5.00000000 	2094.4139980047
-4.50000000 -4.50000000 	2094.4139980047
-4.50000000 -4.00000000 	2094.4139980047
-4.50000000 -3.50000000 	2094.4139980047
-4.50000000 -3.00000000 	2094.4139980047
-4.50000000 -2.50000000 	2094.4139980047
-4.50000000 -2.00000000 	2094.4139980047
-4.50000000 -1.50000000 	2094.4139980047
-4.50000000 -1.00000000 	2094.4139980047
-4.50000000 -0.50000000 	2094.4139980047
-4.50000000 0.00000000 	2094.4139980047
-4.50000000 0.50000000 	2094.4139980047
-4.50000000 1.00000000 	2094.4139980047
-4.50000000 1.50000000 	2094.4139980047
-4.50000000 2.00000000 	2094.4139980047
-4.50000000 2.50000000 	2094.4139980047
-4.50000000 3.00000000 	2094.4139980047
-4.50000000 3.50000000 	2094.4139980047
-4.50000000 4.00000000 	2094.4139980047
-4.50000000 4.50000000 	2094.4139980047
-4.50000000 5.00000000 	2094.4139980047
-4.50000000 5.50000000 	2094.4139980047
-4.50000000 6.00000000 	2094.4139980047
-4.50000000 6.50000000 	2094.4139980047
-4.50000000 7.00000000 	2094.4139980047
-4.50000000 7.50000000 	2094.4139980047
-4.50000000 8.00000000 	2094.4139980047
-4.00000000 -12.00000000 	256.0276550829
-4.00000000 -11.50000000 	256.0276550829
-4.00000000 -11.00000000 	256.0276550829
-4.00000000 -10.50000000 	256.0276550829
-4.00000000 -10.00000000 	256.0276550829
-4.00000000 -9.50000000 	256.0276550829
-4.00000000 -9.00000000 	256.0276550829
-4.00000000 -8.50000000 	256.0276550829
-4.00000000 -8.00000000 	256.0276550829
-4.00000000 -7.50000000 	256.0276550829
-4.00000000 -7.00000000 	256.0276550829
-4.00000000 -6.50000000 	256.0276550829
-4.00000000 -6.00000000 	256.0276550829
-4.00000000 -5.50000000 	256.0276550829
-4.00000000 -5.00000000 	256.0276550829
-4.00000000 -4.50000000 	256.0276550829
-4.00000000 -4.00000000 	256.0276550829
-4.00000000 -3.50000000 	256.0276550829
-4.00000000 -3.00000000 	256.0276550829
-4.00000000 -2.50000000 	256.0276550829
-4.00000000 -2.00000000 	256.0276550829
-4.00000000 -1.50000000 	256.0276550829
-4.00000000 -1.00000000 	256.0276550829
-4.00000000 -0.50000000 	256.0276550829
-4.00000000 0.00000000 	256.0276550829
-4.00000000 0.50000000 	256.0276550829
-4.00000000 1.00000000 	256.0276550829
-4.00000000 1.50000000 	256.0276550829
-4.00000000 2.00000000 	256.0276550829
-4.00000000 2.50000000 	256.0276550829
-4.00000000 3.00000000 	256.0276550829
-4.00000000 3.50000000 	256.0276550829
-4.00000000 4.00000000 	256.0276550829
-4.00000000 4.50000000 	256.0276550829
-4.00000000 5.00000000 	256.0276550829
-4.00000000 5.50000000 	256.0276550829
-4.00000000 6.00000000 	256.0276550829
-4.00000000 6.50000000 	256.0276550829
-4.00000000 7.00000000 	256.0276550829
-4.00000000 7.50000000 	256.0276550829
-4.00000000 8.00000000 	256.0276550829
-3.50000000 -12.00000000 	9.4413261526
-3.50000000 -11.50000000 	9.4413261526
-3.50000000 -11.00000000 	9.4413261526
-3.50000000 -10.50000000 	9.4413261526
-3.50000000 -10.00000000 	9.4413261526
-3.50000000 -9.50000000 	9.4413261526
-3.50000000 -9.00000000 	9.4413261526
-3.50000000 -8.50000000 	9.4413261526
-3.50000000 -8.00000000 	9.4413261526
-3.50000000 -7.50000000 	9.4413261526
-3.50000000 -7.00000000 	9.4413261526
-3.50000000 -6.50000000 	9.4413261526
-3.50000000 -6.00000000 	9.4413261526
-3.50000000 -5.50000000 	9.4413261526
-3.50000000 -5.00000000 	9.4413261526
-3.50000000 -4.50000000 	9.4413261526
-3.50000000 -4.00000000 	9.4413261526
-3.50000000 -3.50000000 	9.4413261526
-3.50000000 -3.00000000 	9.4413261526
-3.50000000 -2.50000000 	9.4413261526
-3.50000000 -2.00000000 	9.4413261526
-3.50000000 -1.50000000 	9.4413261526
-3.50000000 -1.00000000 	9.4413261526
-3.50000000 -0.50000000 	9.4413261526
-3.50000000 0.00000000 	9.4413261526
-3.50000000 0.50000000 	9.4413261526
-3.50000000 1.00000000 	9.4413261526
-3.50000000 1.50000000 	9.4413261526
-3.50000000 2.00000000 	9.4413261526
-3.50000000 2.50000000 	9.4413261526
-3.50000000 3.00000000 	9.4413261526
-3.50000000 3.50000000 	9.4413261526
-3.50000000 4.00000000 	9.4413261526
-3.50000000 4.50000000 	9.4413261526
-3.50000000 5.00000000 	9.4413261526
-3.50000000 5.50000000 	9.4413261526
-3.50000000 6.00000000 	9.4413261526
-3.50000000 6.50000000 	9.4413261526
-3.50000000 7.00000000 	9.4413261526
-3.50000000 7.50000000 	9.4413261526
-3.50000000 8.00000000 	9.4413261526
-3.00000000 -12.00000000 	0.0000000000
-3.00000000 -11.50000000 	0.0000000000
-3.00000000 -11.00000000 	0.0000000000
-3.00000000 -10.50000000 	0.0000000000
-3.00000000 -10.00000000 	0.0000000000
-3.00000000 -9.50000000 	0.0000000000
-3.00000000 -9.00000000 	0.0000000000
-3.00000000 -8.50000000 	0.0000000000
-3.00000000 -8.00000000 	0.0000000000
-3.00000000 -7.50000000 	0.0000000000
-3.00000000 -7.00000000 	0.0000000000
-3.00000000 -6.50000000 	0.0000000000
-3.00000000 -6.00000000 	0.0000000000
-3.00000000 -5.50000000 	0.0000000000
-3.00000000 -5.00000000 	0.0000000000
-3.00000000 -4.50000000 	0.0000000000
-3.00000000 -4.00000000 	0.0000000000
-3.00000000 -3.50000000 	0.0000000000
-3.00000000 -3.00000000 	0.0000000000
-3.00000000 -2.50000000 	0.0000000000
-3.00000000 -2.00000000 	0.0000005391
-3.00000000 -1.50000000 	0.0000134720
-3.00000000 -1.00000000 	0.0001319800
-3.00000000 -0.50000000 	0.0006360231
-3.00000000 0.00000000 	0.0015695700
-3.00000000 0.50000000 	0.0020733823
-3.00000000 1.00000000 	0.0021912426
-3.00000000 1.50000000 	0.0021912426
-3.00000000 2.00000000 	0.0020733823
-3.00000000 2.50000000 	0.0015695700
-3.00000000 3.00000000 	0.0006360231
-3.00000000 3.50000000 	0.0001319800
-3.00000000 4.00000000 	0.0000134720
-3.00000000 4.50000000 	0.0000005391
-3.00000000 5.00000000 	0.0000000000
-3.00000000 5.50000000 	0.0000000000
-3.00000000 6.00000000 	0.0000000000
-3.00000000 6.50000000 	0.0000000000
-3.00000000 7.00000000 	0.0000000000
-3.00000000 7.50000000 	0.0000000000
-3.00000000 8.00000000 	0.0000000000
-2.50000000 -12.00000000 	0.0000000000
-2.50000000 -11.50000000 	0.0000000000
-2.50000000 -11.00000000 	0.0000000000
-2.50000000 -10.50000000 	0.0000000000
-2.50000000 -10.00000000 	0.0000000000
-2.50000000 -9.50000000 	0.0000000000
-2.50000000 -9.00000000 	0.0000000000
-2.50000000 -8.50000000 	0.0000000000
-2.50000000 -8.00000000 	0.0000000000
-2.50000000 -7.50000000 	0.0000000000
-2.50000000 -7.00000000 	0.0000000000
-2.50000000 -6.50000000 	0.0000000000
-2.50000000 -6.00000000 	0.0000000000
-2.50000000 -5.50000000 	0.0000000000
-2.50000000 -5.00000000 	0.0000000000
-2.50000000 -4.50000000 	0.0000000000
-2.50000000 -4.00000000 	0.0000000000
-2.50000000 -3.50000000 	0.0000000000
-2.50000000 -3.00000000 	0.0000000000
-2.50000000 -2.50000000 	0.0000005391
-2.50000000 -2.00000000 	0.0000231612
-2.50000000 -1.50000000 	0.0003739542
-2.50000000 -1.00000000 	0.0030050484
-2.50000000 -0.50000000 	0.0129809566
-2.50000000 0.00000000 	0.0302288780
-2.50000000 0.50000000 	0.0393819753
-2.50000000 1.00000000 	0.0415075146
-2.50000000 1.50000000 	0.0415075146
-2.50000000 2.00000000 	0.0393819753
-2.50000000 2.50000000 	0.0302288780
-2.50000000 3.00000000 	0.0129809566
-2.50000000 3.50000000 	0.0030050484
-2.50000000 4.00000000 	0.0003739542
-2.50000000 4.50000000 	0.0000231612
-2.50000000 5.00000000 	0.0000005391
-2.50000000 5.50000000 	0.0000000000
-2.50000000 6.00000000 	0.0000000000
-2.50000000 6.50000000 	0.0000000000
-2.50000000 7.00000000 	0.0000000000
-2.50000000 7.50000000 	0.0000000000
-2.50000000 8.00000000 	0.0000000000
-2.00000000 -12.00000000 	0.0000000000
-2.00000000 -11.50000000 	0.0000000000
-2.00000000 -11.00000000 	0.0000000000
-2.00000000 -10.50000000 	0.0000000000
-2.00000000 -10.00000000 	0.0000000000
-2.00000000 -9.50000000 	0.0000000000
-2.00000000 -9.00000000 	0.0000000000
-2.00000000 -8.50000000 	0.0000000000
-2.00000000 -8.00000000 	0.0000000000
-2.00000000 -7.50000000 	0.0000000000
-2.00000000 -7.00000000 	0.0000000000
-2.00000000 -6.50000000 	0.0000000000
-2.00000000 -6.00000000 	0.0000000000
-2.00000000 -5.50000000 	0.0000000000
-2.00000000 -5.00000000 	0.0000000000
-2.00000000 -4.50000000 	0.0000000000
-2.00000000 -4.00000000 	0.0000000000
-2.00000000 -3.50000000 	0.0000000000
-2.00000000 -3.00000000 	0.0000005391
-2.00000000 -2.50000000 	0.0000231612
-2.00000000 -2.00000000 	0.0004330432
-2.00000000 -1.50000000 	0.0044793038
-2.00000000 -1.00000000 	0.0274107235
-2.00000000 -0.50000000 	0.0998564187
-2.00000000 0.00000000 	0.2117111355
-2.00000000 0.50000000 	0.2695050820
-2.00000000 1.00000000 	0.2827661143
-2.00000000 1.50000000 	0.2827661143
-2.00000000 2.00000000 	0.2695050820
-2.00000000 2.50000000 	0.2117111355
-2.00000000 3.00000000 	0.0998564187
-2.00000000 3.50000000 	0.0274107235
-2.00000000 4.00000000 	0.0044793038
-2.00000000 4.50000000 	0.0004330432
-2.00000000 5.00000000 	0.0000231612
-2.00000000 5.50000000 	0.0000005391
-2.00000000 6.00000000 	0.0000000000
-2.00000000 6.50000000 	0.0000000000
-2.00000000 7.00000000 	0.0000000000
-2.00000000 7.50000000 	0.0000000000
-2.00000000 8.00000000 	0.0000000000
-1.50000000 -12.00000000 	0.0000000000
-1.50000000 -11.50000000 	0.0000000000
-1.50000000 -11.00000000 	0.0000000000
-1.50000000 -10.50000000 	0.0000000000
-1.50000000 -10.00000000 	0.0000000000
-1.50000000 -9.50000000 	0.0000000000
-1.50000000 -9.00000000 	0.0000000000
-1.50000000 -8.50000000 	0.0000000000
-1.50000000 -8.00000000 	0.0000000000
-1.50000000 -7.50000000 	0.0000000000
-1.50000000 -7.00000000 	0.0000000000
-1.50000000 -6.50000000 	0.0000000000
-1.50000000 -6.00000000 	0.0000000000
-1.50000000 -5.50000000 	0.0000000000
-1.50000000 -5.00000000 	0.0000000000
-1.50000000 -4.50000000 	0.0000000000
-1.50000000 -4.00000000 	0.0000000000
-1.50000000 -3.50000000 	0.0000000000
-1.50000000 -3.00000000 	0.0000102334
-1.50000000 -2.50000000 	0.0003146471
-1.50000000 -2.00000000 	0.0041012443
-1.50000000 -1.50000000 	0.0296022991
-1.50000000 -1.00000000 	0.1301433998
-1.50000000 -0.50000000 	0.3628631724
-1.50000000 0.00000000 	0.6511890525
-1.50000000 0.50000000 	0.7922307241
-1.50000000 1.00000000 	0.8237623785
-1.50000000 1.50000000 	0.8237623785
-1.50000000 2.00000000 	0.7922312831
-1.50000000 2.50000000 	0.6512024183
-1.50000000 3.00000000 	0.3629833014
-1.50000000 3.50000000 	0.1306477943
-1.50000000 4.00000000 	0.0305343993
-1.50000000 4.50000000 	0.0046044778
-1.50000000 5.00000000 	0.0004330432
-1.50000000 5.50000000 	0.0000231612
-1.50000000 6.00000000 	0.0000005391
-1.50000000 6.50000000 	0.0000000000
-1.50000000 7.00000000 	0.0000000000
-1.50000000 7.50000000 	0.0000000000
-1.50000000 8.00000000 	0.0000000000
-1.00000000 -12.00000000 	0.0000000000
-1.00000000 -11.50000000 	0.0000000000
-1.00000000 -11.00000000 	0.0000000000
-1.00000000 -10.50000000 	0.0000000000
-1.00000000 -10.00000000 	0.0000000000
-1.00000000 -9.50000000 	0.0000000000
-1.00000000 -9.00000000 	0.0000000000
-1.00000000 -8.50000000 	0.0000000000
-1.00000000 -8.00000000 	0.0000000000
-1.00000000 -7.50000000 	0.0000000000
-1.00000000 -7.00000000 	0.0000000000
-1.00000000 -6.50000000 	0.0000000000
-1.00000000 -6.00000000 	0.0000000000
-1.00000000 -5.50000000 	0.0000000000
-1.00000000 -5.00000000 	0.0000000000
-1.00000000 -4.50000000 	0.0000000000
-1.00000000 -4.00000000 	0.0000000000
-1.00000000 -3.50000000 	0.0000005391
-1.00000000 -3.00000000 	0.0000823405
-1.00000000 -2.50000000 	0.0019755322
-1.00000000 -2.00000000 	0.0205667988
-1.00000000 -1.50000000 	0.1133457939
-1.00000000 -1.00000000 	0.3548486587
-1.00000000 -0.50000000 	0.6621304130
-1.00000000 0.00000000 	0.8351652996
-1.00000000 0.50000000 	0.8850668301
-1.00000000 1.00000000 	0.8925532500
-1.00000000 1.50000000 	0.8925532500
-1.00000000 2.00000000 	0.8850777835
-1.00000000 2.50000000 	0.8354239792
-1.00000000 3.00000000 	0.6643958964
-1.00000000 3.50000000 	0.3640934282
-1.00000000 4.00000000 	0.1301589213
-1.00000000 4.50000000 	0.0296013763
-1.00000000 5.00000000 	0.0041012443
-1.00000000 5.50000000 	0.0003146471
-1.00000000 6.00000000 	0.0000102334
-1.00000000 6.50000000 	0.0000000000
-1.00000000 7.00000000 	0.0000000000
-1.00000000 7.50000000 	0.0000000000
-1.00000000 8.00000000 	0.0000000000
-0.50000000 -12.00000000 	0.0000000000
-0.50000000 -11.50000000 	0.0000000000
-0.50000000 -11.00000000 	0.0000000000
-0.50000000 -10.50000000 	0.0000000000
-0.50000000 -10.00000000 	0.0000000000
-0.50000000 -9.50000000 	0.0000000000
-0.50000000 -9.00000000 	0.0000000000
-0.50000000 -8.50000000 	0.0000000000
-0.50000000 -8.00000000 	0.0000000000
-0.50000000 -7.50000000 	0.0000000000
-0.50000000 -7.00000000 	0.0000000000
-0.50000000 -6.50000000 	0.0000000000
-0.50000000 -6.00000000 	0.0000000000
-0.50000000 -5.50000000 	0.0000000000
-0.50000000 -5.00000000 	0.0000000000
-0.50000000 -4.50000000 	0.0000000000
-0.50000000 -4.00000000 	0.0000000000
-0.50000000 -3.50000000 	0.0000102334
-0.50000000 -3.00000000 	0.0004402910
-0.50000000 -2.50000000 	0.0071055972
-0.50000000 -2.00000000 	0.0570048655
-0.50000000 -1.50000000 	0.2466143308
-0.50000000 -1.00000000 	0.5720803608
-0.50000000 -0.50000000 	0.6667424235
-0.50000000 0.00000000 	0.4899341145
-0.50000000 0.50000000 	0.3649729526
-0.50000000 1.00000000 	0.3340672951
-0.50000000 1.50000000 	0.3340672951
-0.50000000 2.00000000 	0.3650424176
-0.50000000 2.50000000 	0.4915919605
-0.50000000 3.00000000 	0.6814808243
-0.50000000 3.50000000 	0.6313507169
-0.50000000 4.00000000 	0.3512398250
-0.50000000 4.50000000 	0.1122864091
-0.50000000 5.00000000 	0.0200640445
-0.50000000 5.50000000 	0.0018572303
-0.50000000 6.00000000 	0.0000694160
-0.50000000 6.50000000 	0.0000000000
-0.50000000 7.00000000 	0.0000000000
-0.50000000 7.50000000 	0.0000000000
-0.50000000 8.00000000 	0.0000000000
0.00000000 -12.00000000 	0.0000000000
0.00000000 -11.50000000 	0.0000000000
0.00000000 -11.00000000 	0.0000000000
0.00000000 -10.50000000 	0.0000000000
0.00000000 -10.00000000 	0.0000000000
0.00000000 -9.50000000 	0.0000000000
0.00000000 -9.00000000 	0.0000000000
0.00000000 -8.50000000 	0.0000000000
0.00000000 -8.00000000 	0.0000000000
0.00000000 -7.50000000 	0.0000000000
0.00000000 -7.00000000 	0.0000000000
0.00000000 -6.50000000 	0.0000000000
0.00000000 -6.00000000 	0.0000000000
0.00000000 -5.50000000 	0.0000000000
0.00000000 -5.00000000 	0.0000000000
0.00000000 -4.50000000 	0.0000000000
0.00000000 -4.00000000 	0.0000000000
0.00000000 -3.50000000 	0.0000694160
0.00000000 -3.00000000 	0.0018566325
0.00000000 -2.50000000 	0.0199253828
0.00000000 -2.00000000 	0.1094226273
0.00000000 -1.50000000 	0.3271460293
0.00000000 -1.00000000 	0.5136693807
0.00000000 -0.50000000 	0.3783127953
0.00000000 0.00000000 	0.1624984273
0.00000000 0.50000000 	0.0693662714
0.00000000 1.00000000 	0.0508381811
0.00000000 1.50000000 	0.0508381811
0.00000000 2.00000000 	0.0695139209
0.00000000 2.50000000 	0.1660616446
0.00000000 3.00000000 	0.4110363631
0.00000000 3.50000000 	0.6487346347
0.00000000 4.00000000 	0.5604242646
0.00000000 4.50000000 	0.2285523927
0.00000000 5.00000000 	0.0474511650
0.00000000 5.50000000 	0.0048624054
0.00000000 6.00000000 	0.0001951018
0.00000000 6.50000000 	0.0000000000
0.00000000 7.00000000 	0.0000000000
0.00000000 7.50000000 	0.0000000000
0.00000000 8.00000000 	0.0000000000
0.50000000 -12.00000000 	0.0000000000
0.50000000 -11.50000000 	0.0000000000
0.50000000 -11.00000000 	0.0000000000
0.50000000 -10.50000000 	0.0000000000
0.50000000 -10.00000000 	0.0000000000
0.50000000 -9.50000000 	0.0000000000
0.50000000 -9.00000000 	0.0000000000
0.50000000 -8.50000000 	0.0000000000
0.50000000 -8.00000000 	0.0000000000
0.50000000 -7.50000000 	0.0000000000
0.50000000 -7.00000000 	0.0000000000
0.50000000 -6.50000000 	0.0000000000
0.50000000 -6.00000000 	0.0000000000
0.50000000 -5.50000000 	0.0000000000
0.50000000 -5.00000000 	0.0000000000
0.50000000 -4.50000000 	0.0000000000
0.50000000 -4.00000000 	0.0000000000
0.50000000 -3.50000000 	0.0001951018
0.50000000 -3.00000000 	0.0047368441
0.50000000 -2.50000000 	0.0443906296
0.50000000 -2.00000000 	0.1996644298
0.50000000 -1.50000000 	0.4278706613
0.50000000 -1.00000000 	0.3517830621
0.50000000 -0.50000000 	0.1468722170
0.50000000 0.00000000 	0.0363594543
0.50000000 0.50000000 	0.0072127864
0.50000000 1.00000000 	0.0029293551
0.50000000 1.50000000 	0.0029293551
0.50000000 2.00000000 	0.0072120945
0.50000000 2.50000000 	0.0363507155
0.50000000 3.00000000 	0.1472980396
0.50000000 3.50000000 	0.3578524282
0.50000000 4.00000000 	0.4410433982
0.50000000 4.50000000 	0.2021553241
0.50000000 5.00000000 	0.0443548079
0.50000000 5.50000000 	0.0047221850
0.50000000 6.00000000 	0.0001946245
0.50000000 6.50000000 	0.0000000000
0.50000000 7.00000000 	0.0000000000
0.50000000 7.50000000 	0.0000000000
0.50000000 8.00000000 	0.0000000000
1.00000000 -12.00000000 	0.0000000000
1.00000000 -11.50000000 	0.0000000000
1.00000000 -11.00000000 	0.0000000000
1.00000000 -10.50000000 	0.0000000000
1.00000000 -10.00000000 	0.0000000000
1.00000000 -9.50000000 	0.0000000000
1.00000000 -9.00000000 	0.0000000000
1.00000000 -8.50000000 	0.0000000000
1.00000000 -8.00000000 	0.0000000000
1.00000000 -7.50000000 	0.0000000000
1.00000000 -7.00000000 	0.0000000000
1.00000000 -6.50000000 	0.0000000000
1.00000000 -6.00000000 	0.0000000000
1.00000000 -5.50000000 	0.0000000000
1.00000000 -5.00000000 	0.0000000000
1.00000000 -4.50000000 	0.0000000000
1.00000000 -4.00000000 	0.0000000000
1.00000000 -3.50000000 	0.0001946245
1.00000000 -3.00000000 	0.0046633986
1.00000000 -2.50000000 	0.0429356030
1.00000000 -2.00000000 	0.1887462041
1.00000000 -1.50000000 	0.3794511893
1.00000000 -1.00000000 	0.2311296277
1.00000000 -0.50000000 	0.0625296129
1.00000000 0.00000000 	0.0086975136
1.00000000 0.50000000 	0.0006518459
1.00000000 1.00000000 	0.0000275644
1.00000000 1.50000000 	0.0000275644
1.00000000 2.00000000 	0.0005047740
1.00000000 2.50000000 	0.0051575842
1.00000000 3.00000000 	0.0301139404
1.00000000 3.50000000 	0.0962678101
1.00000000 4.00000000 	0.1436640148
1.00000000 4.50000000 	0.0689093734
1.00000000 5.00000000 	0.0153955886
1.00000000 5.50000000 	0.0016605635
1.00000000 6.00000000 	0.0000690750
1.00000000 6.50000000 	0.0000000000
1.00000000 7.00000000 	0.0000000000
1.00000000 7.50000000 	0.0000000000
1.00000000 8.00000000 	0.0000000000
1.50000000 -12.00000000 	0.0000000000
1.50000000 -11.50000000 	0.0000000000
1.50000000 -11.00000000 	0.0000000000
1.50000000 -10.50000000 	0.0000000000
1.50000000 -10.00000000 	0.0000000000
1.50000000 -9.50000000 	0.0000000000
1.50000000 -9.00000000 	0.0000000000
1.50000000 -8.50000000 	0.0000000000
1.50000000 -8.00000000 	0.0000000000
1.50000000 -7.50000000 	0.0000000000
1.50000000 -7.00000000 	0.0000000000
1.50000000 -6.50000000 	0.0000000000
1.50000000 -6.00000000 	0.0000000000
1.50000000 -5.50000000 	0.0000000000
1.50000000 -5.00000000 	0.0000000000
1.50000000 -4.50000000 	0.0000000000
1.50000000 -4.00000000 	0.0000000000
1.50000000 -3.50000000 	0.0000690750
1.50000000 -3.00000000 	0.0016509770
1.50000000 -2.50000000 	0.0151650763
1.50000000 -2.00000000 	0.0667234164
1.50000000 -1.50000000 	0.1335688130
1.50000000 -1.00000000 	0.0763297577
1.50000000 -0.50000000 	0.0184423684
1.50000000 0.00000000 	0.0020826992
1.50000000 0.50000000 	0.0000959076
1.50000000 1.00000000 	0.0000006262
1.50000000 1.50000000 	0.0000006262
1.50000000 2.00000000 	0.0000269382
1.50000000 2.50000000 	0.0004239706
1.50000000 3.00000000 	0.0032121302
1.50000000 3.50000000 	0.0121531026
1.50000000 4.00000000 	0.0201590491
1.50000000 4.50000000 	0.0099219540
1.50000000 5.00000000 	0.0022407906
1.50000000 5.50000000 	0.0002433220
1.50000000 6.00000000 	0.0000101671
1.50000000 6.50000000 	0.0000000000
1.50000000 7.00000000 	0.0000000000
1.50000000 7.50000000 	0.0000000000
1.50000000 8.00000000 	0.0000000000
2.00000000 -12.00000000 	0.0000000000
2.00000000 -11.50000000 	0.0000000000
2.00000000 -11.00000000 	0.0000000000
2.00000000 -10.50000000 	0.0000000000
2.00000000 -10.00000000 	0.0000000000
2.00000000 -9.50000000 	0.0000000000
2.00000000 -9.00000000 	0.0000000000
2.00000000 -8.50000000 	0.0000000000
2.00000000 -8.00000000 	0.0000000000
2.00000000 -7.50000000 	0.0000000000
2.00000000 -7.00000000 	0.0000000000
2.00000000 -6.50000000 	0.0000000000
2.00000000 -6.00000000 	0.0000000000
2.00000000 -5.50000000 	0.0000000000
2.00000000 -5.00000000 	0.0000000000
2.00000000 -4.50000000 	0.0000000000
2.00000000 -4.00000000 	0.0000000000
2.00000000 -3.50000000 	0.0000104124
2.00000000 -3.00000000 	0.0002486201
2.00000000 -2.50000000 	0.0022815273
2.00000000 -2.00000000 	0.0100381817
2.00000000 -1.50000000 	0.0200844564
2.00000000 -1.00000000 	0.0113514274
2.00000000 -0.50000000 	0.0026904210
2.00000000 0.00000000 	0.0002931209
2.00000000 0.50000000 	0.0000121964
2.00000000 1.00000000 	0.0000000000
2.00000000 1.50000000 	0.0000000000
2.00000000 2.00000000 	0.0000006262
2.00000000 2.50000000 	0.0000150426
2.00000000 3.00000000 	0.0001380052
2.00000000 3.50000000 	0.0005821427
2.00000000 4.00000000 	0.0010300412
2.00000000 4.50000000 	0.0005151203
2.00000000 5.00000000 	0.0001171402
2.00000000 5.50000000 	0.0000127705
2.00000000 6.00000000 	0.0000005350
2.00000000 6.50000000 	0.0000000000
2.00000000 7.00000000 	0.0000000000
2.00000000 7.50000000 	0.0000000000
2.00000000 8.00000000 	0.0000000000
