-8.00000000 -12.00000000 	0.0000000000
-8.00000000 -11.50000000 	0.0000000000
-8.00000000 -11.00000000 	0.0000000000
-8.00000000 -10.50000000 	0.0000000000
-8.00000000 -10.00000000 	0.0000000000
-8.00000000 -9.50000000 	0.0000000000
-8.00000000 -9.00000000 	0.0000000000
-8.00000000 -8.50000000 	0.0000000000
-8.00000000 -8.00000000 	0.0000000000
-8.00000000 -7.50000000 	0.0000000000
-8.00000000 -7.00000000 	0.0000000000
-8.00000000 -6.50000000 	0.0000000000
-8.00000000 -6.00000000 	0.0000000000
-8.00000000 -5.50000000 	0.0000000000
-8.00000000 -5.00000000 	0.0000000000
-8.00000000 -4.50000000 	0.0000000000
-8.00000000 -4.00000000 	0.0000000000
-8.00000000 -3.50000000 	0.0000000000
-8.00000000 -3.00000000 	0.0000000000
-8.00000000 -2.50000000 	0.0000000000
-8.00000000 -2.00000000 	0.0000000000
-8.00000000 -1.50000000 	0.0000000000
-8.00000000 -1.00000000 	0.0000000000
-8.00000000 -0.50000000 	0.0000000000
-8.00000000 0.00000000 	0.0000000000
-8.00000000 0.50000000 	0.0000000000
-8.00000000 1.00000000 	0.0000000000
-8.00000000 1.50000000 	0.0000000000
-8.00000000 2.00000000 	0.0000000000
-8.00000000 2.50000000 	0.0000000000
-8.00000000 3.00000000 	0.0000000000
-8.00000000 3.50000000 	0.0000000000
-8.00000000 4.00000000 	0.0000000000
-8.00000000 4.50000000 	0.0000000000
-8.00000000 5.00000000 	0.0000000000
-8.00000000 5.50000000 	0.0000000000
-8.00000000 6.00000000 	0.0000000000
-8.00000000 6.50000000 	0.0000000000
-8.00000000 7.00000000 	0.0000000000
-8.00000000 7.50000000 	0.0000000000
-8.00000000 8.00000000 	0.0000000000
-7.50000000 -12.00000000 	0.0000000000
-7.50000000 -11.50000000 	0.0000000000
-7.50000000 -11.00000000 	0.0000000000
-7.50000000 -10.50000000 	0.0000000000
-7.50000000 -10.00000000 	0.0000000000
-7.50000000 -9.50000000 	0.0000000000
-7.50000000 -9.00000000 	0.0000000000
-7.50000000 -8.50000000 	0.0000000000
-7.50000000 -8.00000000 	0.0000000000
-7.50000000 -7.50000000 	0.0000000000
-7.50000000 -7.00000000 	0.0000000000
-7.50000000 -6.50000000 	0.0000000000
-7.50000000 -6.00000000 	0.0000000000
-7.50000000 -5.50000000 	0.0000000000
-7.50000000 -5.00000000 	0.0000000000
-7.50000000 -4.50000000 	0.0000000000
-7.50000000 -4.00000000 	0.0000000000
-7.50000000 -3.50000000 	0.0000000000
-7.50000000 -3.00000000 	0.0000000000
-7.50000000 -2.50000000 	0.0000000000
-7.50000000 -2.00000000 	0.0000000000
-7.50000000 -1.50000000 	0.0000000000
-7.50000000 -1.00000000 	0.0000000000
-7.50000000 -0.50000000 	0.0000000000
-7.50000000 0.00000000 	0.0000000000
-7.50000000 0.50000000 	0.0000000000
-7.50000000 1.00000000 	0.0000000000
-7.50000000 1.50000000 	0.0000000000
-7.50000000 2.00000000 	0.0000000000
-7.50000000 2.50000000 	0.0000000000
-7.50000000 3.00000000 	0.0000000000
-7.50000000 3.50000000 	0.0000000000
-7.50000000 4.00000000 	0.0000000000
-7.50000000 4.50000000 	0.0000000000
-7.50000000 5.00000000 	0.0000000000
-7.50000000 5.50000000 	0.0000000000
-7.50000000 6.00000000 	0.0000000000
-7.50000000 6.50000000 	0.0000000000
-7.50000000 7.00000000 	0.0000000000
-7.50000000 7.50000000 	0.0000000000
-7.50000000 8.00000000 	0.0000000000
-7.00000000 -12.00000000 	130.6823836609
-7.00000000 -11.50000000 	130.6823836609
-7.00000000 -11.00000000 	130.6823836609
-7.00000000 -10.50000000 	130.6823836609
-7.00000000 -10.00000000 	130.6823836609
-7.00000000 -9.50000000 	130.6823836609
-7.00000000 -9.00000000 	130.6823836609
-7.00000000 -8.50000000 	130.6823836609
-7.00000000 -8.00000000 	130.6823836609
-7.00000000 -7.50000000 	130.6823836609
-7.00000000 -7.00000000 	130.6823836609
-7.00000000 -6.50000000 	130.6823836609
-7.00000000 -6.00000000 	130.6823836609
-7.00000000 -5.50000000 	130.6823836609
-7.00000000 -5.00000000 	130.6823836609
-7.00000000 -4.50000000 	130.6823836609
-7.00000000 -4.00000000 	130.6823836609
-7.00000000 -3.50000000 	130.6823836609
-7.00000000 -3.00000000 	130.6823836609
-7.00000000 -2.50000000 	130.6823836609
-7.00000000 -2.00000000 	130.6823836609
-7.00000000 -1.50000000 	130.6823836609
-7.00000000 -1.00000000 	130.6823836609
-7.00000000 -0.50000000 	130.6823836609
-7.00000000 0.00000000 	130.6823836609
-7.00000000 0.50000000 	130.6823836609
-7.00000000 1.00000000 	130.6823836609
-7.00000000 1.50000000 	130.6823836609
-7.00000000 2.00000000 	130.6823836609
-7.00000000 2.50000000 	130.6823836609
-7.00000000 3.00000000 	130.6823836609
-7.00000000 3.50000000 	130.6823836609
-7.00000000 4.00000000 	130.6823836609
-7.00000000 4.50000000 	130.6823836609
-7.00000000 5.00000000 	130.6823836609
-7.00000000 5.50000000 	130.6823836609
-7.00000000 6.00000000 	130.6823836609
-7.00000000 6.50000000 	130.6823836609
-7.00000000 7.00000000 	130.6823836609
-7.00000000 7.50000000 	130.6823836609
-7.00000000 8.00000000 	130.6823836609
-6.50000000 -12.00000000 	1830.9008519418
-6.50000000 -11.50000000 	1830.9008519418
-6.50000000 -11.00000000 	1830.9008519418
-6.50000000 -10.50000000 	1830.9008519418
-6.50000000 -10.00000000 	1830.9008519418
-6.50000000 -9.50000000 	1830.9008519418
-6.50000000 -9.00000000 	1830.9008519418
-6.50000000 -8.50000000 	1830.9008519418
-6.50000000 -8.00000000 	1830.9008519418
-6.50000000 -7.50000000 	1830.9008519418
-6.50000000 -7.00000000 	1830.9008519418
-6.50000000 -6.50000000 	1830.9008519418
-6.50000000 -6.00000000 	1830.9008519418
-6.50000000 -5.50000000 	1830.9008519418
-6.50000000 -5.00000000 	1830.9008519418
-6.50000000 -4.50000000 	1830.9008519418
-6.50000000 -4.00000000 	1830.9008519418
-6.50000000 -3.50000000 	1830.9008519418
-6.50000000 -3.00000000 	1830.9008519418
-6.50000000 -2.50000000 	1830.9008519418
-6.50000000 -2.00000000 	1830.9008519418
-6.50000000 -1.50000000 	1830.9008519418
-6.50000000 -1.00000000 	1830.9008519418
-6.50000000 -0.50000000 	1830.9008519418
-6.50000000 0.00000000 	1830.9008519418
-6.50000000 0.50000000 	1830.9008519418
-6.50000000 1.00000000 	1830.9008519418
-6.50000000 1.50000000 	1830.9008519418
-6.50000000 2.00000000 	1830.9008519418
-6.50000000 2.50000000 	1830.9008519418
-6.50000000 3.00000000 	1830.9008519418
-6.50000000 3.50000000 	1830.9008519418
-6.50000000 4.00000000 	1830.9008519418
-6.50000000 4.50000000 	1830.9008519418
-6.50000000 5.00000000 	1830.9008519418
-6.50000000 5.50000000 	1830.9008519418
-6.50000000 6.00000000 	1830.9008519418
-6.50000000 6.50000000 	1830.9008519418
-6.50000000 7.00000000 	1830.9008519418
-6.50000000 7.50000000 	1830.9008519418
-6.50000000 8.00000000 	1830.9008519418
-6.00000000 -12.00000000 	8309.7333258675
-6.00000000 -11.50000000 	8309.7333258675
-6.00000000 -11.00000000 	8309.7333258675
-6.00000000 -10.50000000 	8309.7333258675
-6.00000000 -10.00000000 	8309.7333258675
-6.00000000 -9.50000000 	8309.7333258675
-6.00000000 -9.00000000 	8309.7333258675
-6.00000000 -8.50000000 	8309.7333258675
-6.00000000 -8.00000000 	8309.7333258675
-6.00000000 -7.50000000 	8309.7333258675
-6.00000000 -7.00000000 	8309.7333258675
-6.00000000 -6.50000000 	8309.7333258675
-6.00000000 -6.00000000 	8309.7333258675
-6.00000000 -5.50000000 	8309.7333258675
-6.00000000 -5.00000000 	8309.7333258675
-6.00000000 -4.50000000 	8309.7333258675
-6.00000000 -4.00000000 	8309.7333258675
-6.00000000 -3.50000000 	8309.7333258675
-6.00000000 -3.00000000 	8309.7333258675
-6.00000000 -2.50000000 	8309.7333258675
-6.00000000 -2.00000000 	8309.7333258675
-6.00000000 -1.50000000 	8309.7333258675
-6.00000000 -1.00000000 	8309.7333258675
-6.00000000 -0.50000000 	8309.7333258675
-6.00000000 0.00000000 	8309.7333258675
-6.00000000 0.50000000 	8309.7333258675
-6.00000000 1.00000000 	8309.7333258675
-6.00000000 1.50000000 	8309.7333258675
-6.00000000 2.00000000 	8309.7333258675
-6.00000000 2.50000000 	8309.7333258675
-6.00000000 3.00000000 	8309.7333258675
-6.00000000 3.50000000 	8309.7333258675
-6.00000000 4.00000000 	8309.7333258675
-6.00000000 4.50000000 	8309.7333258675
-6.00000000 5.00000000 	8309.7333258675
-6.00000000 5.50000000 	8309.7333258675
-6.00000000 6.00000000 	8309.7333258675
-6.00000000 6.50000000 	8309.7333258675
-6.00000000 7.00000000 	8309.7333258675
-6.00000000 7.50000000 	8309.7333258675
-6.00000000 8.00000000 	8309.7333258675
-5.50000000 -12.00000000 	9119.7479467193
-5.50000000 -11.50000000 	9119.7479467193
-5.50000000 -11.00000000 	9119.7479467193
-5.50000000 -10.50000000 	9119.7479467193
-5.50000000 -10.00000000 	9119.7479467193
-5.50000000 -9.50000000 	9119.7479467193
-5.50000000 -9.00000000 	9119.7479467193
-5.50000000 -8.50000000 	9119.7479467193
-5.50000000 -8.00000000 	9119.7479467193
-5.50000000 -7.50000000 	9119.7479467193
-5.50000000 -7.00000000 	9119.7479467193
-5.50000000 -6.50000000 	9119.7479467193
-5.50000000 -6.00000000 	9119.7479467193
-5.50000000 -5.50000000 	9119.7479467193
-5.50000000 -5.00000000 	9119.7479467193
-5.50000000 -4.50000000 	9119.7479467193
-5.50000000 -4.00000000 	9119.7479467193
-5.50000000 -3.50000000 	9119.7479467193
-5.50000000 -3.00000000 	9119.7479467193
-5.50000000 -2.50000000 	9119.7479467193
-5.50000000 -2.00000000 	9119.7479467193
-5.50000000 -1.50000000 	9119.7479467193
-5.50000000 -1.00000000 	9119.7479467193
-5.50000000 -0.50000000 	9119.7479467193
-5.50000000 0.00000000 	9119.7479467193
-5.50000000 0.50000000 	9119.7479467193
-5.50000000 1.00000000 	9119.7479467193
-5.50000000 1.50000000 	9119.7479467193
-5.50000000 2.00000000 	9119.7479467193
-5.50000000 2.50000000 	9119.7479467193
-5.50000000 3.00000000 	9119.7479467193
-5.50000000 3.50000000 	9119.7479467193
-5.50000000 4.00000000 	9119.7479467193
-5.50000000 4.50000000 	9119.7479467193
-5.50000000 5.00000000 	9119.7479467193
-5.50000000 5.50000000 	9119.7479467193
-5.50000000 6.00000000 	9119.7479467193
-5.50000000 6.50000000 	9119.7479467193
-5.50000000 7.00000000 	9119.7479467193
-5.50000000 7.50000000 	9119.7479467193
-5.50000000 8.00000000 	9119.7479467193
-5.00000000 -12.00000000 	4556.4026492114
-5.00000000 -11.50000000 	4556.4026492114
-5.00000000 -11.00000000 	4556.4026492114
-5.00000000 -10.50000000 	4556.4026492114
-5.00000000 -10.00000000 	4556.4026492114
-5.00000000 -9.50000000 	4556.4026492114
-5.00000000 -9.00000000 	4556.4026492114
-5.00000000 -8.50000000 	4556.4026492114
-5.00000000 -8.00000000 	4556.4026492114
-5.00000000 -7.50000000 	4556.4026492114
-5.00000000 -7.00000000 	4556.4026492114
-5.00000000 -6.50000000 	4556.4026492114
-5.00000000 -6.00000000 	4556.4026492114
-5.00000000 -5.50000000 	4556.4026492114
-5.00000000 -5.00000000 	4556.4026492114
-5.00000000 -4.50000000 	4556.4026492114
-5.00000000 -4.00000000 	4556.4026492114
-5.00000000 -3.50000000 	4556.4026492114
-5.00000000 -3.00000000 	4556.4026492114
-5.00000000 -2.50000000 	4556.4026492114
-5.00000000 -2.00000000 	4556.4026492114
-5.00000000 -1.50000000 	4556.4026492114
-5.00000000 -1.00000000 	4556.4026492114
-5.00000000 -0.50000000 	4556.4026492114
-5.00000000 0.00000000 	4556.4026492114
-5.00000000 0.50000000 	4556.4026492114
-5.00000000 1.00000000 	4556.4026492114
-5.00000000 1.50000000 	4556.4026492114
-5.00000000 2.00000000 	4556.4026492114
-5.00000000 2.50000000 	4556.4026492114
-5.00000000 3.00000000 	4556.4026492114
-5.00000000 3.50000000 	4556.4026492114
-5.00000000 4.00000000 	4556.4026492114
-5.00000000 4.50000000 	4556.4026492114
-5.00000000 5.00000000 	4556.4026492114
-5.00000000 5.50000000 	4556.4026492114
-5.00000000 6.00000000 	4556.4026492114
-5.00000000 6.50000000 	4556.4026492114
-5.00000000 7.00000000 	4556.4026492114
-5.00000000 7.50000000 	4556.4026492114
-5.00000000 8.00000000 	4556.4026492114
-4.50000000 -12.00000000 	542.7900384801
-4.50000000 -11.50000000 	542.7900384801
-4.50000000 -11.00000000 	542.7900384801
-4.50000000 -10.50000000 	542.7900384801
-4.50000000 -10.00000000 	542.7900384801
-4.50000000 -9.50000000 	542.7900384801
-4.50000000 -9.00000000 	542.7900384801
-4.50000000 -8.50000000 	542.7900384801
-4.50000000 -8.00000000 	542.7900384801
-4.50000000 -7.50000000 	542.7900384801
-4.50000000 -7.00000000 	542.7900384801
-4.50000000 -6.50000000 	542.7900384801
-4.50000000 -6.00000000 	542.7900384801
-4.50000000 -5.50000000 	542.7900384801
-4.50000000 -5.00000000 	542.7900384801
-4.50000000 -4.50000000 	542.7900384801
-4.50000000 -4.00000000 	542.7900384801
-4.50000000 -3.50000000 	542.7900384801
-4.50000000 -3.00000000 	542.7900384801
-4.50000000 -2.50000000 	542.7900384801
-4.50000000 -2.00000000 	542.7900384801
-4.50000000 -1.50000000 	542.7900384801
-4.50000000 -1.00000000 	542.7900384801
-4.50000000 -0.50000000 	542.7900384801
-4.50000000 0.00000000 	542.7900384801
-4.50000000 0.50000000 	542.7900384801
-4.50000000 1.00000000 	542.7900384801
-4.50000000 1.50000000 	542.7900384801
-4.50000000 2.00000000 	542.7900384801
-4.50000000 2.50000000 	542.7900384801
-4.50000000 3.00000000 	542.7900384801
-4.50000000 3.50000000 	542.7900384801
-4.50000000 4.00000000 	542.7900384801
-4.50000000 4.50000000 	542.7900384801
-4.50000000 5.00000000 	542.7900384801
-4.50000000 5.50000000 	542.7900384801
-4.50000000 6.00000000 	542.7900384801
-4.50000000 6.50000000 	542.7900384801
-4.50000000 7.00000000 	542.7900384801
-4.50000000 7.50000000 	542.7900384801
-4.50000000 8.00000000 	542.7900384801
-4.00000000 -12.00000000 	0.0000000000
-4.00000000 -11.50000000 	0.0000000000
-4.00000000 -11.00000000 	0.0000000000
-4.00000000 -10.50000000 	0.0000000000
-4.00000000 -10.00000000 	0.0000000000
-4.00000000 -9.50000000 	0.0000000000
-4.00000000 -9.00000000 	0.0000000000
-4.00000000 -8.50000000 	0.0000000000
-4.00000000 -8.00000000 	0.0000000000
-4.00000000 -7.50000000 	0.0000000000
-4.00000000 -7.00000000 	0.0000000000
-4.00000000 -6.50000000 	0.0000000000
-4.00000000 -6.00000000 	0.0000000000
-4.00000000 -5.50000000 	0.0000000000
-4.00000000 -5.00000000 	0.0000000000
-4.00000000 -4.50000000 	0.0000000000
-4.00000000 -4.00000000 	0.0000000000
-4.00000000 -3.50000000 	0.0000000000
-4.00000000 -3.00000000 	0.0000000000
-4.00000000 -2.50000000 	0.0000000000
-4.00000000 -2.00000000 	0.0000000000
-4.00000000 -1.50000000 	0.0000000000
-4.00000000 -1.00000000 	0.0000000000
-4.00000000 -0.50000000 	0.0000000000
-4.00000000 0.00000000 	0.0000000000
-4.00000000 0.50000000 	0.0000000000
-4.00000000 1.00000000 	0.0000000000
-4.00000000 1.50000000 	0.0000000000
-4.00000000 2.00000000 	0.0000000000
-4.00000000 2.50000000 	0.0000000000
-4.00000000 3.00000000 	0.0000000000
-4.00000000 3.50000000 	0.0000000000
-4.00000000 4.00000000 	0.0000000000
-4.00000000 4.50000000 	0.0000000000
-4.00000000 5.00000000 	0.0000000000
-4.00000000 5.50000000 	0.0000000000
-4.00000000 6.00000000 	0.0000000000
-4.00000000 6.50000000 	0.0000000000
-4.00000000 7.00000000 	0.0000000000
-4.00000000 7.50000000 	0.0000000000
-4.00000000 8.00000000 	0.0000000000
-3.50000000 -12.00000000 	0.0000000000
-3.50000000 -11.50000000 	0.0000000000
-3.50000000 -11.00000000 	0.0000000000
-3.50000000 -10.50000000 	0.0000000000
-3.50000000 -10.00000000 	0.0000000000
-3.50000000 -9.50000000 	0.0000000000
-3.50000000 -9.00000000 	0.0000000000
-3.50000000 -8.50000000 	0.0000000000
-3.50000000 -8.00000000 	0.0000000000
-3.50000000 -7.50000000 	0.0000000000
-3.50000000 -7.00000000 	0.0000000000
-3.50000000 -6.50000000 	0.0000000000
-3.50000000 -6.00000000 	0.0000000000
-3.50000000 -5.50000000 	0.0000000000
-3.50000000 -5.00000000 	0.0000000000
-3.50000000 -4.50000000 	0.0000000000
-3.50000000 -4.00000000 	0.0000000000
-3.50000000 -3.50000000 	0.0000000000
-3.50000000 -3.00000000 	0.0000000000
-3.50000000 -2.50000000 	0.0000000000
-3.50000000 -2.00000000 	0.0000000000
-3.50000000 -1.50000000 	0.0000000000
-3.50000000 -1.00000000 	0.0000000000
-3.50000000 -0.50000000 	0.0000000000
-3.50000000 0.00000000 	0.0000000000
-3.50000000 0.50000000 	0.0000000000
-3.50000000 1.00000000 	0.0000000000
-3.50000000 1.50000000 	0.0000000000
-3.50000000 2.00000000 	0.0000000000
-3.50000000 2.50000000 	0.0000000000
-3.50000000 3.00000000 	0.0000000000
-3.50000000 3.50000000 	0.0000000000
-3.50000000 4.00000000 	0.0000000000
-3.50000000 4.50000000 	0.0000000000
-3.50000000 5.00000000 	0.0000000000
-3.50000000 5.50000000 	0.0000000000
-3.50000000 6.00000000 	0.0000000000
-3.50000000 6.50000000 	0.0000000000
-3.50000000 7.00000000 	0.0000000000
-3.50000000 7.50000000 	0.0000000000
-3.50000000 8.00000000 	0.0000000000
-3.00000000 -12.00000000 	0.0000000000
-3.00000000 -11.50000000 	0.0000000000
-3.00000000 -11.00000000 	0.0000000000
-3.00000000 -10.50000000 	0.0000000000
-3.00000000 -10.00000000 	0.0000000000
-3.00000000 -9.50000000 	0.0000000000
-3.00000000 -9.00000000 	0.0000000000
-3.00000000 -8.50000000 	0.0000000000
-3.00000000 -8.00000000 	0.0000000000
-3.00000000 -7.50000000 	0.0000000000
-3.00000000 -7.00000000 	0.0000000000
-3.00000000 -6.50000000 	0.0000000000
-3.00000000 -6.00000000 	0.0000000000
-3.00000000 -5.50000000 	0.0000000000
-3.00000000 -5.00000000 	0.0000000000
-3.00000000 -4.50000000 	0.0000000000
-3.00000000 -4.00000000 	0.0000000000
-3.00000000 -3.50000000 	0.0000000000
-3.00000000 -3.00000000 	0.0000000000
-3.00000000 -2.50000000 	0.0000000000
-3.00000000 -2.00000000 	0.0000000000
-3.00000000 -1.50000000 	0.0000000000
-3.00000000 -1.00000000 	0.0000000000
-3.00000000 -0.50000000 	0.0000000000
-3.00000000 0.00000000 	0.0000000000
-3.00000000 0.50000000 	0.0000000000
-3.00000000 1.00000000 	0.0000000000
-3.00000000 1.50000000 	0.0000000000
-3.00000000 2.00000000 	0.0000000000
-3.00000000 2.50000000 	0.0000000000
-3.00000000 3.00000000 	0.0000000000
-3.00000000 3.50000000 	0.0000000000
-3.00000000 4.00000000 	0.0000000000
-3.00000000 4.50000000 	0.0000000000
-3.00000000 5.00000000 	0.0000000000
-3.00000000 5.50000000 	0.0000000000
-3.00000000 6.00000000 	0.0000000000
-3.00000000 6.50000000 	0.0000000000
-3.00000000 7.00000000 	0.0000000000
-3.00000000 7.50000000 	0.0000000000
-3.00000000 8.00000000 	0.0000000000
-2.50000000 -12.00000000 	0.0000000000
-2.50000000 -11.50000000 	0.0000000000
-2.50000000 -11.00000000 	0.0000000000
-2.50000000 -10.50000000 	0.0000000000
-2.50000000 -10.00000000 	0.0000000000
-2.50000000 -9.50000000 	0.0000000000
-2.50000000 -9.00000000 	0.0000000000
-2.50000000 -8.50000000 	0.0000000000
-2.50000000 -8.00000000 	0.0000000000
-2.50000000 -7.50000000 	0.0000000000
-2.50000000 -7.00000000 	0.0000000000
-2.50000000 -6.50000000 	0.0000000000
-2.50000000 -6.00000000 	0.0000000000
-2.50000000 -5.50000000 	0.0000000000
-2.50000000 -5.00000000 	0.0000000000
-2.50000000 -4.50000000 	0.0000000000
-2.50000000 -4.00000000 	0.0000000000
-2.50000000 -3.50000000 	0.0000000000
-2.50000000 -3.00000000 	0.0000000000
-2.50000000 -2.50000000 	0.0000000000
-2.50000000 -2.00000000 	0.0000000000
-2.50000000 -1.50000000 	0.0000000000
-2.50000000 -1.00000000 	0.0000000000
-2.50000000 -0.50000000 	0.0000000000
-2.50000000 0.00000000 	0.0000000000
-2.50000000 0.50000000 	0.0000000000
-2.50000000 1.00000000 	0.0000000000
-2.50000000 1.50000000 	0.0000000000
-2.50000000 2.00000000 	0.0000000000
-2.50000000 2.50000000 	0.0000000000
-2.50000000 3.00000000 	0.0000000000
-2.50000000 3.50000000 	0.0000000000
-2.50000000 4.00000000 	0.0000000000
-2.50000000 4.50000000 	0.0000000000
-2.50000000 5.00000000 	0.0000000000
-2.50000000 5.50000000 	0.0000000000
-2.50000000 6.00000000 	0.0000000000
-2.50000000 6.50000000 	0.0000000000
-2.50000000 7.00000000 	0.0000000000
-2.50000000 7.50000000 	0.0000000000
-2.50000000 8.00000000 	0.0000000000
-2.00000000 -12.00000000 	0.0000000000
-2.00000000 -11.50000000 	0.0000000000
-2.00000000 -11.00000000 	0.0000000000
-2.00000000 -10.50000000 	0.0000000000
-2.00000000 -10.00000000 	0.0000000000
-2.00000000 -9.50000000 	0.0000000000
-2.00000000 -9.00000000 	0.0000000000
-2.00000000 -8.50000000 	0.0000000000
-2.00000000 -8.00000000 	0.0000000000
-2.00000000 -7.50000000 	0.0000000000
-2.00000000 -7.00000000 	0.0000000000
-2.00000000 -6.50000000 	0.0000000000
-2.00000000 -6.00000000 	0.0000000000
-2.00000000 -5.50000000 	0.0000000000
-2.00000000 -5.00000000 	0.0000000000
-2.00000000 -4.50000000 	0.0000000000
-2.00000000 -4.00000000 	0.0000000000
-2.00000000 -3.50000000 	0.0000000000
-2.00000000 -3.00000000 	0.0000000000
-2.00000000 -2.50000000 	0.0000000000
-2.00000000 -2.00000000 	0.0000000000
-2.00000000 -1.50000000 	0.0000000000
-2.00000000 -1.00000000 	0.0010468934
-2.00000000 -0.50000000 	0.0136067815
-2.00000000 0.00000000 	0.0534428540
-2.00000000 0.50000000 	0.0660426096
-2.00000000 1.00000000 	0.0670923501
-2.00000000 1.50000000 	0.0670923501
-2.00000000 2.00000000 	0.0660426096
-2.00000000 2.50000000 	0.0534428540
-2.00000000 3.00000000 	0.0136067815
-2.00000000 3.50000000 	0.0010468934
-2.00000000 4.00000000 	0.0000000000
-2.00000000 4.50000000 	0.0000000000
-2.00000000 5.00000000 	0.0000000000
-2.00000000 5.50000000 	0.0000000000
-2.00000000 6.00000000 	0.0000000000
-2.00000000 6.50000000 	0.0000000000
-2.00000000 7.00000000 	0.0000000000
-2.00000000 7.50000000 	0.0000000000
-2.00000000 8.00000000 	0.0000000000
-1.50000000 -12.00000000 	0.0000000000
-1.50000000 -11.50000000 	0.0000000000
-1.50000000 -11.00000000 	0.0000000000
-1.50000000 -10.50000000 	0.0000000000
-1.50000000 -10.00000000 	0.0000000000
-1.50000000 -9.50000000 	0.0000000000
-1.50000000 -9.00000000 	0.0000000000
-1.50000000 -8.50000000 	0.0000000000
-1.50000000 -8.00000000 	0.0000000000
-1.50000000 -7.50000000 	0.0000000000
-1.50000000 -7.00000000 	0.0000000000
-1.50000000 -6.50000000 	0.0000000000
-1.50000000 -6.00000000 	0.0000000000
-1.50000000 -5.50000000 	0.0000000000
-1.50000000 -5.00000000 	0.0000000000
-1.50000000 -4.50000000 	0.0000000000
-1.50000000 -4.00000000 	0.0000000000
-1.50000000 -3.50000000 	0.0000000000
-1.50000000 -3.00000000 	0.0000000000
-1.50000000 -2.50000000 	0.0000000000
-1.50000000 -2.00000000 	0.0000000000
-1.50000000 -1.50000000 	0.0010468934
-1.50000000 -1.00000000 	0.0198606888
-1.50000000 -0.50000000 	0.1353068660
-1.50000000 0.00000000 	0.3935300804
-1.50000000 0.50000000 	0.4740527050
-1.50000000 1.00000000 	0.4806844107
-1.50000000 1.50000000 	0.4806844107
-1.50000000 2.00000000 	0.4740527050
-1.50000000 2.50000000 	0.3935300804
-1.50000000 3.00000000 	0.1353068660
-1.50000000 3.50000000 	0.0198606888
-1.50000000 4.00000000 	0.0010468934
-1.50000000 4.50000000 	0.0000000000
-1.50000000 5.00000000 	0.0000000000
-1.50000000 5.50000000 	0.0000000000
-1.50000000 6.00000000 	0.0000000000
-1.50000000 6.50000000 	0.0000000000
-1.50000000 7.00000000 	0.0000000000
-1.50000000 7.50000000 	0.0000000000
-1.50000000 8.00000000 	0.0000000000
-1.00000000 -12.00000000 	0.0000000000
-1.00000000 -11.50000000 	0.0000000000
-1.00000000 -11.00000000 	0.0000000000
-1.00000000 -10.50000000 	0.0000000000
-1.00000000 -10.00000000 	0.0000000000
-1.00000000 -9.50000000 	0.0000000000
-1.00000000 -9.00000000 	0.0000000000
-1.00000000 -8.50000000 	0.0000000000
-1.00000000 -8.00000000 	0.0000000000
-1.00000000 -7.50000000 	0.0000000000
-1.00000000 -7.00000000 	0.0000000000
-1.00000000 -6.50000000 	0.0000000000
-1.00000000 -6.00000000 	0.0000000000
-1.00000000 -5.50000000 	0.0000000000
-1.00000000 -5.00000000 	0.0000000000
-1.00000000 -4.50000000 	0.0000000000
-1.00000000 -4.00000000 	0.0000000000
-1.00000000 -3.50000000 	0.0000000000
-1.00000000 -3.00000000 	0.0000000000
-1.00000000 -2.50000000 	0.0000000000
-1.00000000 -2.00000000 	0.0010468934
-1.00000000 -1.50000000 	0.0198606888
-1.00000000 -1.00000000 	0.1354238551
-1.00000000 -0.50000000 	0.4016513785
-1.00000000 0.00000000 	0.5172749963
-1.00000000 0.50000000 	0.5364123505
-1.00000000 1.00000000 	0.5374189784
-1.00000000 1.50000000 	0.5374189784
-1.00000000 2.00000000 	0.5364123505
-1.00000000 2.50000000 	0.5172749963
-1.00000000 3.00000000 	0.4016513785
-1.00000000 3.50000000 	0.1354238551
-1.00000000 4.00000000 	0.0198606888
-1.00000000 4.50000000 	0.0010468934
-1.00000000 5.00000000 	0.0000000000
-1.00000000 5.50000000 	0.0000000000
-1.00000000 6.00000000 	0.0000000000
-1.00000000 6.50000000 	0.0000000000
-1.00000000 7.00000000 	0.0000000000
-1.00000000 7.50000000 	0.0000000000
-1.00000000 8.00000000 	0.0000000000
-0.50000000 -12.00000000 	0.0000000000
-0.50000000 -11.50000000 	0.0000000000
-0.50000000 -11.00000000 	0.0000000000
-0.50000000 -10.50000000 	0.0000000000
-0.50000000 -10.00000000 	0.0000000000
-0.50000000 -9.50000000 	0.0000000000
-0.50000000 -9.00000000 	0.0000000000
-0.50000000 -8.50000000 	0.0000000000
-0.50000000 -8.00000000 	0.0000000000
-0.50000000 -7.50000000 	0.0000000000
-0.50000000 -7.00000000 	0.0000000000
-0.50000000 -6.50000000 	0.0000000000
-0.50000000 -6.00000000 	0.0000000000
-0.50000000 -5.50000000 	0.0000000000
-0.50000000 -5.00000000 	0.0000000000
-0.50000000 -4.50000000 	0.0000000000
-0.50000000 -4.00000000 	0.0000000000
-0.50000000 -3.50000000 	0.0000000000
-0.50000000 -3.00000000 	0.0000000000
-0.50000000 -2.50000000 	0.0000000000
-0.50000000 -2.00000000 	0.0073093946
-0.50000000 -1.50000000 	0.0951971369
-0.50000000 -1.00000000 	0.3820197155
-0.50000000 -0.50000000 	0.4280128563
-0.50000000 0.00000000 	0.1746875138
-0.50000000 0.50000000 	0.0864390522
-0.50000000 1.00000000 	0.0790446259
-0.50000000 1.50000000 	0.0790446259
-0.50000000 2.00000000 	0.0864390522
-0.50000000 2.50000000 	0.1746875138
-0.50000000 3.00000000 	0.4292240119
-0.50000000 3.50000000 	0.3953717939
-0.50000000 4.00000000 	0.1354238551
-0.50000000 4.50000000 	0.0198606888
-0.50000000 5.00000000 	0.0010468934
-0.50000000 5.50000000 	0.0000000000
-0.50000000 6.00000000 	0.0000000000
-0.50000000 6.50000000 	0.0000000000
-0.50000000 7.00000000 	0.0000000000
-0.50000000 7.50000000 	0.0000000000
-0.50000000 8.00000000 	0.0000000000
0.00000000 -12.00000000 	0.0000000000
0.00000000 -11.50000000 	0.0000000000
0.00000000 -11.00000000 	0.0000000000
0.00000000 -10.50000000 	0.0000000000
0.00000000 -10.00000000 	0.0000000000
0.00000000 -9.50000000 	0.0000000000
0.00000000 -9.00000000 	0.0000000000
0.00000000 -8.50000000 	0.0000000000
0.00000000 -8.00000000 	0.0000000000
0.00000000 -7.50000000 	0.0000000000
0.00000000 -7.00000000 	0.0000000000
0.00000000 -6.50000000 	0.0000000000
0.00000000 -6.00000000 	0.0000000000
0.00000000 -5.50000000 	0.0000000000
0.00000000 -5.00000000 	0.0000000000
0.00000000 -4.50000000 	0.0000000000
0.00000000 -4.00000000 	0.0000000000
0.00000000 -3.50000000 	0.0000000000
0.00000000 -3.00000000 	0.0000000000
0.00000000 -2.50000000 	0.0010468934
0.00000000 -2.00000000 	0.0198217605
0.00000000 -1.50000000 	0.1309373913
0.00000000 -1.00000000 	0.3389744493
0.00000000 -0.50000000 	0.1513833275
0.00000000 0.00000000 	0.0235470669
0.00000000 0.50000000 	0.0012372765
0.00000000 1.00000000 	0.0000000000
0.00000000 1.50000000 	0.0000000000
0.00000000 2.00000000 	0.0012372765
0.00000000 2.50000000 	0.0235470669
0.00000000 3.00000000 	0.1588987792
0.00000000 3.50000000 	0.4268742044
0.00000000 4.00000000 	0.3820197155
0.00000000 4.50000000 	0.0951971369
0.00000000 5.00000000 	0.0073093946
0.00000000 5.50000000 	0.0000000000
0.00000000 6.00000000 	0.0000000000
0.00000000 6.50000000 	0.0000000000
0.00000000 7.00000000 	0.0000000000
0.00000000 7.50000000 	0.0000000000
0.00000000 8.00000000 	0.0000000000
0.50000000 -12.00000000 	0.0000000000
0.50000000 -11.50000000 	0.0000000000
0.50000000 -11.00000000 	0.0000000000
0.50000000 -10.50000000 	0.0000000000
0.50000000 -10.00000000 	0.0000000000
0.50000000 -9.50000000 	0.0000000000
0.50000000 -9.00000000 	0.0000000000
0.50000000 -8.50000000 	0.0000000000
0.50000000 -8.00000000 	0.0000000000
0.50000000 -7.50000000 	0.0000000000
0.50000000 -7.00000000 	0.0000000000
0.50000000 -6.50000000 	0.0000000000
0.50000000 -6.00000000 	0.0000000000
0.50000000 -5.50000000 	0.0000000000
0.50000000 -5.00000000 	0.0000000000
0.50000000 -4.50000000 	0.0000000000
0.50000000 -4.00000000 	0.0000000000
0.50000000 -3.50000000 	0.0000000000
0.50000000 -3.00000000 	0.0000000000
0.50000000 -2.50000000 	0.0073093946
0.50000000 -2.00000000 	0.0889773520
0.50000000 -1.50000000 	0.3050720295
0.50000000 -1.00000000 	0.1475908475
0.50000000 -0.50000000 	0.0235897719
0.50000000 0.00000000 	0.0012372765
0.50000000 0.50000000 	0.0000000000
0.50000000 1.00000000 	0.0000000000
0.50000000 1.50000000 	0.0000000000
0.50000000 2.00000000 	0.0000000000
0.50000000 2.50000000 	0.0012372765
0.50000000 3.00000000 	0.0235470669
0.50000000 3.50000000 	0.1501341397
0.50000000 4.00000000 	0.3245449598
0.50000000 4.50000000 	0.0898370011
0.50000000 5.00000000 	0.0072565445
0.50000000 5.50000000 	0.0000000000
0.50000000 6.00000000 	0.0000000000
0.50000000 6.50000000 	0.0000000000
0.50000000 7.00000000 	0.0000000000
0.50000000 7.50000000 	0.0000000000
0.50000000 8.00000000 	0.0000000000
1.00000000 -12.00000000 	0.0000000000
1.00000000 -11.50000000 	0.0000000000
1.00000000 -11.00000000 	0.0000000000
1.00000000 -10.50000000 	0.0000000000
1.00000000 -10.00000000 	0.0000000000
1.00000000 -9.50000000 	0.0000000000
1.00000000 -9.00000000 	0.0000000000
1.00000000 -8.50000000 	0.0000000000
1.00000000 -8.00000000 	0.0000000000
1.00000000 -7.50000000 	0.0000000000
1.00000000 -7.00000000 	0.0000000000
1.00000000 -6.50000000 	0.0000000000
1.00000000 -6.00000000 	0.0000000000
1.00000000 -5.50000000 	0.0000000000
1.00000000 -5.00000000 	0.0000000000
1.00000000 -4.50000000 	0.0000000000
1.00000000 -4.00000000 	0.0000000000
1.00000000 -3.50000000 	0.0000000000
1.00000000 -3.00000000 	0.0000000000
1.00000000 -2.50000000 	0.0072565445
1.00000000 -2.00000000 	0.0887864705
1.00000000 -1.50000000 	0.3107784101
1.00000000 -1.00000000 	0.1037918497
1.00000000 -0.50000000 	0.0086852423
1.00000000 0.00000000 	0.0000000000
1.00000000 0.50000000 	0.0000000000
1.00000000 1.00000000 	0.0000000000
1.00000000 1.50000000 	0.0000000000
1.00000000 2.00000000 	0.0000000000
1.00000000 2.50000000 	0.0000000000
1.00000000 3.00000000 	0.0012372765
1.00000000 3.50000000 	0.0148364412
1.00000000 4.00000000 	0.0450211059
1.00000000 4.50000000 	0.0126769897
1.00000000 5.00000000 	0.0010339591
1.00000000 5.50000000 	0.0000000000
1.00000000 6.00000000 	0.0000000000
1.00000000 6.50000000 	0.0000000000
1.00000000 7.00000000 	0.0000000000
1.00000000 7.50000000 	0.0000000000
1.00000000 8.00000000 	0.0000000000
1.50000000 -12.00000000 	0.0000000000
1.50000000 -11.50000000 	0.0000000000
1.50000000 -11.00000000 	0.0000000000
1.50000000 -10.50000000 	0.0000000000
1.50000000 -10.00000000 	0.0000000000
1.50000000 -9.50000000 	0.0000000000
1.50000000 -9.00000000 	0.0000000000
1.50000000 -8.50000000 	0.0000000000
1.50000000 -8.00000000 	0.0000000000
1.50000000 -7.50000000 	0.0000000000
1.50000000 -7.00000000 	0.0000000000
1.50000000 -6.50000000 	0.0000000000
1.50000000 -6.00000000 	0.0000000000
1.50000000 -5.50000000 	0.0000000000
1.50000000 -5.00000000 	0.0000000000
1.50000000 -4.50000000 	0.0000000000
1.50000000 -4.00000000 	0.0000000000
1.50000000 -3.50000000 	0.0000000000
1.50000000 -3.00000000 	0.0000000000
1.50000000 -2.50000000 	0.0010339591
1.50000000 -2.00000000 	0.0126769897
1.50000000 -1.50000000 	0.0450211059
1.50000000 -1.00000000 	0.0148364412
1.50000000 -0.50000000 	0.0012372765
1.50000000 0.00000000 	0.0000000000
1.50000000 0.50000000 	0.0000000000
1.50000000 1.00000000 	0.0000000000
1.50000000 1.50000000 	0.0000000000
1.50000000 2.00000000 	0.0000000000
1.50000000 2.50000000 	0.0000000000
1.50000000 3.00000000 	0.0000000000
1.50000000 3.50000000 	0.0000000000
1.50000000 4.00000000 	0.0000000000
1.50000000 4.50000000 	0.0000000000
1.50000000 5.00000000 	0.0000000000
1.50000000 5.50000000 	0.0000000000
1.50000000 6.00000000 	0.0000000000
1.50000000 6.50000000 	0.0000000000
1.50000000 7.00000000 	0.0000000000
1.50000000 7.50000000 	0.0000000000
1.50000000 8.00000000 	0.0000000000
2.00000000 -12.00000000 	0.0000000000
2.00000000 -11.50000000 	0.0000000000
2.00000000 -11.00000000 	0.0000000000
2.00000000 -10.50000000 	0.0000000000
2.00000000 -10.00000000 	0.0000000000
2.00000000 -9.50000000 	0.0000000000
2.00000000 -9.00000000 	0.0000000000
2.00000000 -8.50000000 	0.0000000000
2.00000000 -8.00000000 	0.0000000000
2.00000000 -7.50000000 	0.0000000000
2.00000000 -7.00000000 	0.0000000000
2.00000000 -6.50000000 	0.0000000000
2.00000000 -6.00000000 	0.0000000000
2.00000000 -5.50000000 	0.0000000000
2.00000000 -5.00000000 	0.0000000000
2.00000000 -4.50000000 	0.0000000000
2.00000000 -4.00000000 	0.0000000000
2.00000000 -3.50000000 	0.0000000000
2.00000000 -3.00000000 	0.0000000000
2.00000000 -2.50000000 	0.0000000000
2.00000000 -2.00000000 	0.0000000000
2.00000000 -1.50000000 	0.0000000000
2.00000000 -1.00000000 	0.0000000000
2.00000000 -0.50000000 	0.0000000000
2.00000000 0.00000000 	0.0000000000
2.00000000 0.50000000 	0.0000000000
2.00000000 1.00000000 	0.0000000000
2.00000000 1.50000000 	0.0000000000
2.00000000 2.00000000 	0.0000000000
2.00000000 2.50000000 	0.0000000000
2.00000000 3.00000000 	0.0000000000
2.00000000 3.50000000 	0.0000000000
2.00000000 4.00000000 	0.0000000000
2.00000000 4.50000000 	0.0000000000
2.00000000 5.00000000 	0.0000000000
2.00000000 5.50000000 	0.0000000000
2.00000000 6.00000000 	0.0000000000
2.00000000 6.50000000 	0.0000000000
2.00000000 7.00000000 	0.0000000000
2.00000000 7.50000000 	0.0000000000
2.00000000 8.00000000 	0.0000000000
