-8.00000000 -12.00000000 	-86.6025403784
-8.00000000 -11.50000000 	-86.6025403784
-8.00000000 -11.00000000 	-86.6025403784
-8.00000000 -10.50000000 	-86.6025403784
-8.00000000 -10.00000000 	-86.6025403784
-8.00000000 -9.50000000 	-86.6025403784
-8.00000000 -9.00000000 	-86.6025403784
-8.00000000 -8.50000000 	-86.6025403784
-8.00000000 -8.00000000 	-86.6025403784
-8.00000000 -7.50000000 	-86.6025403784
-8.00000000 -7.00000000 	-86.6025403784
-8.00000000 -6.50000000 	-86.6025403784
-8.00000000 -6.00000000 	-86.6025403784
-8.00000000 -5.50000000 	-86.6025403784
-8.00000000 -5.00000000 	-86.6025403784
-8.00000000 -4.50000000 	-86.6025403784
-8.00000000 -4.00000000 	-86.6025403784
-8.00000000 -3.50000000 	-86.6025403784
-8.00000000 -3.00000000 	-86.6025403784
-8.00000000 -2.50000000 	-86.6025403784
-8.00000000 -2.00000000 	-86.6025403784
-8.00000000 -1.50000000 	-86.6025403784
-8.00000000 -1.00000000 	-86.6025403784
-8.00000000 -0.50000000 	-86.6025403784
-8.00000000 0.00000000 	-86.6025403784
-8.00000000 0.50000000 	-86.6025403784
-8.00000000 1.00000000 	-86.6025403784
-8.00000000 1.50000000 	-86.6025403784
-8.00000000 2.00000000 	-86.6025403784
-8.00000000 2.50000000 	-86.6025403784
-8.00000000 3.00000000 	-86.6025403784
-8.00000000 3.50000000 	-86.6025403784
-8.00000000 4.00000000 	-86.6025403784
-8.00000000 4.50000000 	-86.6025403784
-8.00000000 5.00000000 	-86.6025403784
-8.00000000 5.50000000 	-86.6025403784
-8.00000000 6.00000000 	-86.6025403784
-8.00000000 6.50000000 	-86.6025403784
-8.00000000 7.00000000 	-86.6025403784
-8.00000000 7.50000000 	-86.6025403784
-8.00000000 8.00000000 	-86.6025403784
-7.50000000 -12.00000000 	-86.6025403784
-7.50000000 -11.50000000 	-86.6025403784
-7.50000000 -11.00000000 	-86.6025403784
-7.50000000 -10.50000000 	-86.6025403784
-7.50000000 -10.00000000 	-86.6025403784
-7.50000000 -9.50000000 	-86.6025403784
-7.50000000 -9.00000000 	-86.6025403784
-7.50000000 -8.50000000 	-86.6025403784
-7.50000000 -8.00000000 	-86.6025403784
-7.50000000 -7.50000000 	-86.6025403784
-7.50000000 -7.00000000 	-86.6025403784
-7.50000000 -6.50000000 	-86.6025403784
-7.50000000 -6.00000000 	-86.6025403784
-7.50000000 -5.50000000 	-86.6025403784
-7.50000000 -5.00000000 	-86.6025403784
-7.50000000 -4.50000000 	-86.6025403784
-7.50000000 -4.00000000 	-86.6025403784
-7.50000000 -3.50000000 	-86.6025403784
-7.50000000 -3.00000000 	-86.6025403784
-7.50000000 -2.50000000 	-86.6025403784
-7.50000000 -2.00000000 	-86.6025403784
-7.50000000 -1.50000000 	-86.6025403784
-7.50000000 -1.00000000 	-86.6025403784
-7.50000000 -0.50000000 	-86.6025403784
-7.50000000 0.00000000 	-86.6025403784
-7.50000000 0.50000000 	-86.6025403784
-7.50000000 1.00000000 	-86.6025403784
-7.50000000 1.50000000 	-86.6025403784
-7.50000000 2.00000000 	-86.6025403784
-7.50000000 2.50000000 	-86.6025403784
-7.50000000 3.00000000 	-86.6025403784
-7.50000000 3.50000000 	-86.6025403784
-7.50000000 4.00000000 	-86.6025403784
-7.50000000 4.50000000 	-86.6025403784
-7.50000000 5.00000000 	-86.6025403784
-7.50000000 5.50000000 	-86.6025403784
-7.50000000 6.00000000 	-86.6025403784
-7.50000000 6.50000000 	-86.6025403784
-7.50000000 7.00000000 	-86.6025403784
-7.50000000 7.50000000 	-86.6025403784
-7.50000000 8.00000000 	-86.6025403784
-7.00000000 -12.00000000 	-86.4301807022
-7.00000000 -11.50000000 	-86.4650480192
-7.00000000 -11.00000000 	-86.5411240000
-7.00000000 -10.50000000 	-86.5881423025
-7.00000000 -10.00000000 	-86.6008564591
-7.00000000 -9.50000000 	-86.6024624438
-7.00000000 -9.00000000 	-86.6025403784
-7.00000000 -8.50000000 	-86.6025403784
-7.00000000 -8.00000000 	-86.6025403784
-7.00000000 -7.50000000 	-86.6025403784
-7.00000000 -7.00000000 	-86.6025403784
-7.00000000 -6.50000000 	-86.6025403784
-7.00000000 -6.00000000 	-86.6025403784
-7.00000000 -5.50000000 	-86.6025403784
-7.00000000 -5.00000000 	-86.6025403784
-7.00000000 -4.50000000 	-86.6025403784
-7.00000000 -4.00000000 	-86.6025403784
-7.00000000 -3.50000000 	-86.6025403784
-7.00000000 -3.00000000 	-86.6025403784
-7.00000000 -2.50000000 	-86.6025403784
-7.00000000 -2.00000000 	-86.6025403784
-7.00000000 -1.50000000 	-86.6025403784
-7.00000000 -1.00000000 	-86.6025403784
-7.00000000 -0.50000000 	-86.6025403784
-7.00000000 0.00000000 	-86.6025403784
-7.00000000 0.50000000 	-86.6025403784
-7.00000000 1.00000000 	-86.6025403784
-7.00000000 1.50000000 	-86.6025403784
-7.00000000 2.00000000 	-86.6025403784
-7.00000000 2.50000000 	-86.6025403784
-7.00000000 3.00000000 	-86.6025403784
-7.00000000 3.50000000 	-86.6025403784
-7.00000000 4.00000000 	-86.6025403784
-7.00000000 4.50000000 	-86.6025403784
-7.00000000 5.00000000 	-86.6025403784
-7.00000000 5.50000000 	-86.6025403784
-7.00000000 6.00000000 	-86.6025403784
-7.00000000 6.50000000 	-86.6025403784
-7.00000000 7.00000000 	-86.6025403784
-7.00000000 7.50000000 	-86.6025403784
-7.00000000 8.00000000 	-86.6025403784
-6.50000000 -12.00000000 	-84.0418593032
-6.50000000 -11.50000000 	-84.5141945399
-6.50000000 -11.00000000 	-85.5679692830
-6.50000000 -10.50000000 	-86.2607851950
-6.50000000 -10.00000000 	-86.5169748517
-6.50000000 -9.50000000 	-86.5870122455
-6.50000000 -9.00000000 	-86.6008564591
-6.50000000 -8.50000000 	-86.6024624438
-6.50000000 -8.00000000 	-86.6025403784
-6.50000000 -7.50000000 	-86.6025403784
-6.50000000 -7.00000000 	-86.6025403784
-6.50000000 -6.50000000 	-86.6025403784
-6.50000000 -6.00000000 	-86.6025403784
-6.50000000 -5.50000000 	-86.6025403784
-6.50000000 -5.00000000 	-86.6025403784
-6.50000000 -4.50000000 	-86.6025403784
-6.50000000 -4.00000000 	-86.6025403784
-6.50000000 -3.50000000 	-86.6025403784
-6.50000000 -3.00000000 	-86.6025403784
-6.50000000 -2.50000000 	-86.6025403784
-6.50000000 -2.00000000 	-86.6025403784
-6.50000000 -1.50000000 	-86.6025403784
-6.50000000 -1.00000000 	-86.6025403784
-6.50000000 -0.50000000 	-86.6025403784
-6.50000000 0.00000000 	-86.6025403784
-6.50000000 0.50000000 	-86.6025403784
-6.50000000 1.00000000 	-86.6025403784
-6.50000000 1.50000000 	-86.6025403784
-6.50000000 2.00000000 	-86.6025403784
-6.50000000 2.50000000 	-86.6025403784
-6.50000000 3.00000000 	-86.6025403784
-6.50000000 3.50000000 	-86.6025403784
-6.50000000 4.00000000 	-86.6025403784
-6.50000000 4.50000000 	-86.6025403784
-6.50000000 5.00000000 	-86.6025403784
-6.50000000 5.50000000 	-86.6025403784
-6.50000000 6.00000000 	-86.6025403784
-6.50000000 6.50000000 	-86.6025403784
-6.50000000 7.00000000 	-86.6025403784
-6.50000000 7.50000000 	-86.6025403784
-6.50000000 8.00000000 	-86.6025403784
-6.00000000 -12.00000000 	-71.0718244698
-6.00000000 -11.50000000 	-73.6356758841
-6.00000000 -11.00000000 	-79.3934824508
-6.00000000 -10.50000000 	-83.4196386577
-6.00000000 -10.00000000 	-85.4394134812
-6.00000000 -9.50000000 	-86.2548004673
-6.00000000 -9.00000000 	-86.5169748517
-6.00000000 -8.50000000 	-86.5870122455
-6.00000000 -8.00000000 	-86.6008564591
-6.00000000 -7.50000000 	-86.6024624438
-6.00000000 -7.00000000 	-86.6025403784
-6.00000000 -6.50000000 	-86.6025403784
-6.00000000 -6.00000000 	-86.6025403784
-6.00000000 -5.50000000 	-86.6025403784
-6.00000000 -5.00000000 	-86.6025403784
-6.00000000 -4.50000000 	-86.6025403784
-6.00000000 -4.00000000 	-86.6025403784
-6.00000000 -3.50000000 	-86.6025403784
-6.00000000 -3.00000000 	-86.6025403784
-6.00000000 -2.50000000 	-86.6025403784
-6.00000000 -2.00000000 	-86.6025403784
-6.00000000 -1.50000000 	-86.6025403784
-6.00000000 -1.00000000 	-86.6025403784
-6.00000000 -0.50000000 	-86.6025403784
-6.00000000 0.00000000 	-86.6025403784
-6.00000000 0.50000000 	-86.6025403784
-6.00000000 1.00000000 	-86.6025403784
-6.00000000 1.50000000 	-86.6025403784
-6.00000000 2.00000000 	-86.6025403784
-6.00000000 2.50000000 	-86.6025403784
-6.00000000 3.00000000 	-86.6025403784
-6.00000000 3.50000000 	-86.6025403784
-6.00000000 4.00000000 	-86.6025403784
-6.00000000 4.50000000 	-86.6025403784
-6.00000000 5.00000000 	-86.6025403784
-6.00000000 5.50000000 	-86.6025403784
-6.00000000 6.00000000 	-86.6025403784
-6.00000000 6.50000000 	-86.6025403784
-6.00000000 7.00000000 	-86.6025403784
-6.00000000 7.50000000 	-86.6025403784
-6.00000000 8.00000000 	-86.6025403784
-5.50000000 -12.00000000 	-34.3110734881
-5.50000000 -11.50000000 	-41.9892090864
-5.50000000 -11.00000000 	-58.6143611476
-5.50000000 -10.50000000 	-70.8305203438
-5.50000000 -10.00000000 	-79.0800540480
-5.50000000 -9.50000000 	-83.4056938218
-5.50000000 -9.00000000 	-85.4394134812
-5.50000000 -8.50000000 	-86.2548004673
-5.50000000 -8.00000000 	-86.5169748517
-5.50000000 -7.50000000 	-86.5870122455
-5.50000000 -7.00000000 	-86.6008564591
-5.50000000 -6.50000000 	-86.6024624438
-5.50000000 -6.00000000 	-86.6025403784
-5.50000000 -5.50000000 	-86.6025403784
-5.50000000 -5.00000000 	-86.6025403784
-5.50000000 -4.50000000 	-86.6025403784
-5.50000000 -4.00000000 	-86.6025403784
-5.50000000 -3.50000000 	-86.6025403784
-5.50000000 -3.00000000 	-86.6025403784
-5.50000000 -2.50000000 	-86.6025403784
-5.50000000 -2.00000000 	-86.6025403784
-5.50000000 -1.50000000 	-86.6025403784
-5.50000000 -1.00000000 	-86.6025403784
-5.50000000 -0.50000000 	-86.6025403784
-5.50000000 0.00000000 	-86.6025403784
-5.50000000 0.50000000 	-86.6025403784
-5.50000000 1.00000000 	-86.6025403784
-5.50000000 1.50000000 	-86.6025403784
-5.50000000 2.00000000 	-86.6025403784
-5.50000000 2.50000000 	-86.6025403784
-5.50000000 3.00000000 	-86.6025403784
-5.50000000 3.50000000 	-86.6025403784
-5.50000000 4.00000000 	-86.6025403784
-5.50000000 4.50000000 	-86.6025403784
-5.50000000 5.00000000 	-86.6025403784
-5.50000000 5.50000000 	-86.6025403784
-5.50000000 6.00000000 	-86.6025403784
-5.50000000 6.50000000 	-86.6025403784
-5.50000000 7.00000000 	-86.6025403784
-5.50000000 7.50000000 	-86.6025403784
-5.50000000 8.00000000 	-86.6025403784
-5.00000000 -12.00000000 	28.0831350939
-5.00000000 -11.50000000 	13.5378106912
-5.00000000 -11.00000000 	-15.5018902205
-5.00000000 -10.50000000 	-38.1398491240
-5.00000000 -10.00000000 	-58.2311421488
-5.00000000 -9.50000000 	-70.8155018154
-5.00000000 -9.00000000 	-79.0800540480
-5.00000000 -8.50000000 	-83.4056938218
-5.00000000 -8.00000000 	-85.4394134812
-5.00000000 -7.50000000 	-86.2548004673
-5.00000000 -7.00000000 	-86.5169748517
-5.00000000 -6.50000000 	-86.5870122455
-5.00000000 -6.00000000 	-86.6008564591
-5.00000000 -5.50000000 	-86.6024624438
-5.00000000 -5.00000000 	-86.6025403784
-5.00000000 -4.50000000 	-86.6025403784
-5.00000000 -4.00000000 	-86.6025403784
-5.00000000 -3.50000000 	-86.6025403784
-5.00000000 -3.00000000 	-86.6025403784
-5.00000000 -2.50000000 	-86.6025403784
-5.00000000 -2.00000000 	-86.6025403784
-5.00000000 -1.50000000 	-86.6025403784
-5.00000000 -1.00000000 	-86.6025403784
-5.00000000 -0.50000000 	-86.6025403784
-5.00000000 0.00000000 	-86.6025403784
-5.00000000 0.50000000 	-86.6025403784
-5.00000000 1.00000000 	-86.6025403784
-5.00000000 1.50000000 	-86.6025403784
-5.00000000 2.00000000 	-86.6025403784
-5.00000000 2.50000000 	-86.6025403784
-5.00000000 3.00000000 	-86.6025403784
-5.00000000 3.50000000 	-86.6025403784
-5.00000000 4.00000000 	-86.6025403784
-5.00000000 4.50000000 	-86.6025403784
-5.00000000 5.00000000 	-86.6025403784
-5.00000000 5.50000000 	-86.6025403784
-5.00000000 6.00000000 	-86.6025403784
-5.00000000 6.50000000 	-86.6025403784
-5.00000000 7.00000000 	-86.6025403784
-5.00000000 7.50000000 	-86.6025403784
-5.00000000 8.00000000 	-86.6025403784
-4.50000000 -12.00000000 	67.3294547750
-4.50000000 -11.50000000 	57.6446205042
-4.50000000 -11.00000000 	38.0850594065
-4.50000000 -10.50000000 	15.3440069269
-4.50000000 -10.00000000 	-15.3456018131
-4.50000000 -9.50000000 	-38.1349205369
-4.50000000 -9.00000000 	-58.2311421488
-4.50000000 -8.50000000 	-70.8155018154
-4.50000000 -8.00000000 	-79.0800540480
-4.50000000 -7.50000000 	-83.4056938218
-4.50000000 -7.00000000 	-85.4394134812
-4.50000000 -6.50000000 	-86.2548004673
-4.50000000 -6.00000000 	-86.5169748517
-4.50000000 -5.50000000 	-86.5870122455
-4.50000000 -5.00000000 	-86.6008564591
-4.50000000 -4.50000000 	-86.6024624438
-4.50000000 -4.00000000 	-86.6025403784
-4.50000000 -3.50000000 	-86.6025403784
-4.50000000 -3.00000000 	-86.6025403784
-4.50000000 -2.50000000 	-86.6025403784
-4.50000000 -2.00000000 	-86.6025403784
-4.50000000 -1.50000000 	-86.6025403784
-4.50000000 -1.00000000 	-86.6025403784
-4.50000000 -0.50000000 	-86.6025403784
-4.50000000 0.00000000 	-86.6025403784
-4.50000000 0.50000000 	-86.6025403784
-4.50000000 1.00000000 	-86.6025403784
-4.50000000 1.50000000 	-86.6025403784
-4.50000000 2.00000000 	-86.6025403784
-4.50000000 2.50000000 	-86.6025403784
-4.50000000 3.00000000 	-86.6025403784
-4.50000000 3.50000000 	-86.6025403784
-4.50000000 4.00000000 	-86.6025403784
-4.50000000 4.50000000 	-86.6025403784
-4.50000000 5.00000000 	-86.6025403784
-4.50000000 5.50000000 	-86.6025403784
-4.50000000 6.00000000 	-86.6025403784
-4.50000000 6.50000000 	-86.6025403784
-4.50000000 7.00000000 	-86.6025403784
-4.50000000 7.50000000 	-86.6025403784
-4.50000000 8.00000000 	-86.6025403784
-4.00000000 -12.00000000 	82.7041224915
-4.00000000 -11.50000000 	78.9692245008
-4.00000000 -11.00000000 	70.8060275855
-4.00000000 -10.50000000 	58.2308138165
-4.00000000 -10.00000000 	38.1349205369
-4.00000000 -9.50000000 	15.3456018131
-4.00000000 -9.00000000 	-15.3456018131
-4.00000000 -8.50000000 	-38.1349205369
-4.00000000 -8.00000000 	-58.2311421488
-4.00000000 -7.50000000 	-70.8155018154
-4.00000000 -7.00000000 	-79.0800540480
-4.00000000 -6.50000000 	-83.4056938218
-4.00000000 -6.00000000 	-85.4394134812
-4.00000000 -5.50000000 	-86.2548004673
-4.00000000 -5.00000000 	-86.5169748517
-4.00000000 -4.50000000 	-86.5870122455
-4.00000000 -4.00000000 	-86.6008564591
-4.00000000 -3.50000000 	-86.6024624438
-4.00000000 -3.00000000 	-86.6025403784
-4.00000000 -2.50000000 	-86.6025403784
-4.00000000 -2.00000000 	-86.6025403784
-4.00000000 -1.50000000 	-86.6025403784
-4.00000000 -1.00000000 	-86.6025403784
-4.00000000 -0.50000000 	-86.6025403784
-4.00000000 0.00000000 	-86.6025403784
-4.00000000 0.50000000 	-86.6025403784
-4.00000000 1.00000000 	-86.6025403784
-4.00000000 1.50000000 	-86.6025403784
-4.00000000 2.00000000 	-86.6025403784
-4.00000000 2.50000000 	-86.6025403784
-4.00000000 3.00000000 	-86.6025403784
-4.00000000 3.50000000 	-86.6025403784
-4.00000000 4.00000000 	-86.6025403784
-4.00000000 4.50000000 	-86.6025403784
-4.00000000 5.00000000 	-86.6025403784
-4.00000000 5.50000000 	-86.6025403784
-4.00000000 6.00000000 	-86.6025403784
-4.00000000 6.50000000 	-86.6025403784
-4.00000000 7.00000000 	-86.6025403784
-4.00000000 7.50000000 	-86.6025403784
-4.00000000 8.00000000 	-86.6025403784
-3.50000000 -12.00000000 	86.1901892767
-3.50000000 -11.50000000 	85.4305794867
-3.50000000 -11.00000000 	83.4049585581
-3.50000000 -10.50000000 	79.0800274615
-3.50000000 -10.00000000 	70.8155018154
-3.50000000 -9.50000000 	58.2311421488
-3.50000000 -9.00000000 	38.1349205369
-3.50000000 -8.50000000 	15.3456018131
-3.50000000 -8.00000000 	-15.3456018131
-3.50000000 -7.50000000 	-38.1349205369
-3.50000000 -7.00000000 	-58.2311421488
-3.50000000 -6.50000000 	-70.8155018154
-3.50000000 -6.00000000 	-79.0800540480
-3.50000000 -5.50000000 	-83.4056938218
-3.50000000 -5.00000000 	-85.4394134812
-3.50000000 -4.50000000 	-86.2548004673
-3.50000000 -4.00000000 	-86.5169748517
-3.50000000 -3.50000000 	-86.5870122455
-3.50000000 -3.00000000 	-86.6008564591
-3.50000000 -2.50000000 	-86.6024624438
-3.50000000 -2.00000000 	-86.6025403784
-3.50000000 -1.50000000 	-86.6025403784
-3.50000000 -1.00000000 	-86.6025403784
-3.50000000 -0.50000000 	-86.6025403784
-3.50000000 0.00000000 	-86.6025403784
-3.50000000 0.50000000 	-86.6025403784
-3.50000000 1.00000000 	-86.6025403784
-3.50000000 1.50000000 	-86.6025403784
-3.50000000 2.00000000 	-86.6025403784
-3.50000000 2.50000000 	-86.6025403784
-3.50000000 3.00000000 	-86.6025403784
-3.50000000 3.50000000 	-86.6025403784
-3.50000000 4.00000000 	-86.6025403784
-3.50000000 4.50000000 	-86.6025403784
-3.50000000 5.00000000 	-86.6025403784
-3.50000000 5.50000000 	-86.6025403784
-3.50000000 6.00000000 	-86.6025403784
-3.50000000 6.50000000 	-86.6025403784
-3.50000000 7.00000000 	-86.6025403784
-3.50000000 7.50000000 	-86.6025403784
-3.50000000 8.00000000 	-86.6025403784
-3.00000000 -12.00000000 	86.5855423499
-3.00000000 -11.50000000 	86.5169203066
-3.00000000 -11.00000000 	86.2548004673
-3.00000000 -10.50000000 	85.4394134812
-3.00000000 -10.00000000 	83.4056938218
-3.00000000 -9.50000000 	79.0800540480
-3.00000000 -9.00000000 	70.8155018154
-3.00000000 -8.50000000 	58.2311421488
-3.00000000 -8.00000000 	38.1349205369
-3.00000000 -7.50000000 	15.3456018131
-3.00000000 -7.00000000 	-15.3456018131
-3.00000000 -6.50000000 	-38.1349205369
-3.00000000 -6.00000000 	-58.2311421488
-3.00000000 -5.50000000 	-70.8155018154
-3.00000000 -5.00000000 	-79.0800540480
-3.00000000 -4.50000000 	-83.4056938218
-3.00000000 -4.00000000 	-85.4394134812
-3.00000000 -3.50000000 	-86.2548004673
-3.00000000 -3.00000000 	-86.5169748517
-3.00000000 -2.50000000 	-86.5870122455
-3.00000000 -2.00000000 	-86.6008564591
-3.00000000 -1.50000000 	-86.6024624438
-3.00000000 -1.00000000 	-86.6025403784
-3.00000000 -0.50000000 	-86.6025403784
-3.00000000 0.00000000 	-86.6025403784
-3.00000000 0.50000000 	-86.6025403784
-3.00000000 1.00000000 	-86.6025403784
-3.00000000 1.50000000 	-86.6025403784
-3.00000000 2.00000000 	-86.6025403784
-3.00000000 2.50000000 	-86.6025403784
-3.00000000 3.00000000 	-86.6025403784
-3.00000000 3.50000000 	-86.6025403784
-3.00000000 4.00000000 	-86.6025403784
-3.00000000 4.50000000 	-86.6025403784
-3.00000000 5.00000000 	-86.6025403784
-3.00000000 5.50000000 	-86.6025403784
-3.00000000 6.00000000 	-86.6025403784
-3.00000000 6.50000000 	-86.6025403784
-3.00000000 7.00000000 	-86.6025403784
-3.00000000 7.50000000 	-86.6025403784
-3.00000000 8.00000000 	-86.6025403784
-2.50000000 -12.00000000 	86.6024624438
-2.50000000 -11.50000000 	86.6008564591
-2.50000000 -11.00000000 	86.5870122455
-2.50000000 -10.50000000 	86.5169748517
-2.50000000 -10.00000000 	86.2548004673
-2.50000000 -9.50000000 	85.4394134812
-2.50000000 -9.00000000 	83.4056938218
-2.50000000 -8.50000000 	79.0800540480
-2.50000000 -8.00000000 	70.8155018154
-2.50000000 -7.50000000 	58.2311421488
-2.50000000 -7.00000000 	38.1349205369
-2.50000000 -6.50000000 	15.3456018131
-2.50000000 -6.00000000 	-15.3456018131
-2.50000000 -5.50000000 	-38.1349205369
-2.50000000 -5.00000000 	-58.2311421488
-2.50000000 -4.50000000 	-70.8155018154
-2.50000000 -4.00000000 	-79.0800540480
-2.50000000 -3.50000000 	-83.4056938218
-2.50000000 -3.00000000 	-85.4394134812
-2.50000000 -2.50000000 	-86.2548004673
-2.50000000 -2.00000000 	-86.5169748517
-2.50000000 -1.50000000 	-86.5870122455
-2.50000000 -1.00000000 	-86.6008564591
-2.50000000 -0.50000000 	-86.6024624438
-2.50000000 0.00000000 	-86.6025403784
-2.50000000 0.50000000 	-86.6025403784
-2.50000000 1.00000000 	-86.6025403784
-2.50000000 1.50000000 	-86.6025403784
-2.50000000 2.00000000 	-86.6025403784
-2.50000000 2.50000000 	-86.6025403784
-2.50000000 3.00000000 	-86.6025403784
-2.50000000 3.50000000 	-86.6025403784
-2.50000000 4.00000000 	-86.6025403784
-2.50000000 4.50000000 	-86.6025403784
-2.50000000 5.00000000 	-86.6025403784
-2.50000000 5.50000000 	-86.6025403784
-2.50000000 6.00000000 	-86.6025403784
-2.50000000 6.50000000 	-86.6025403784
-2.50000000 7.00000000 	-86.6025403784
-2.50000000 7.50000000 	-86.6025403784
-2.50000000 8.00000000 	-86.6025403784
-2.00000000 -12.00000000 	86.6025403784
-2.00000000 -11.50000000 	86.6025403784
-2.00000000 -11.00000000 	86.6024624438
-2.00000000 -10.50000000 	86.6008564591
-2.00000000 -10.00000000 	86.5870122455
-2.00000000 -9.50000000 	86.5169748517
-2.00000000 -9.00000000 	86.2548004673
-2.00000000 -8.50000000 	85.4394134812
-2.00000000 -8.00000000 	83.4056938218
-2.00000000 -7.50000000 	79.0800540480
-2.00000000 -7.00000000 	70.8155018154
-2.00000000 -6.50000000 	58.2311421488
-2.00000000 -6.00000000 	38.1349205369
-2.00000000 -5.50000000 	15.3456018131
-2.00000000 -5.00000000 	-15.3456018131
-2.00000000 -4.50000000 	-38.1349205369
-2.00000000 -4.00000000 	-58.2311421488
-2.00000000 -3.50000000 	-70.8155018154
-2.00000000 -3.00000000 	-79.0800540480
-2.00000000 -2.50000000 	-83.4056938218
-2.00000000 -2.00000000 	-85.4394134812
-2.00000000 -1.50000000 	-86.2548004673
-2.00000000 -1.00000000 	-86.5169748517
-2.00000000 -0.50000000 	-86.5870122455
-2.00000000 0.00000000 	-86.6008564591
-2.00000000 0.50000000 	-86.6024624438
-2.00000000 1.00000000 	-86.6025403784
-2.00000000 1.50000000 	-86.6025403784
-2.00000000 2.00000000 	-86.6025403784
-2.00000000 2.50000000 	-86.6025403784
-2.00000000 3.00000000 	-86.6025403784
-2.00000000 3.50000000 	-86.6025403784
-2.00000000 4.00000000 	-86.6025403784
-2.00000000 4.50000000 	-86.6025403784
-2.00000000 5.00000000 	-86.6025403784
-2.00000000 5.50000000 	-86.6025403784
-2.00000000 6.00000000 	-86.6025403784
-2.00000000 6.50000000 	-86.6025403784
-2.00000000 7.00000000 	-86.6025403784
-2.00000000 7.50000000 	-86.6025403784
-2.00000000 8.00000000 	-86.6025403784
-1.50000000 -12.00000000 	86.6025403784
-1.50000000 -11.50000000 	86.6025403784
-1.50000000 -11.00000000 	86.6025403784
-1.50000000 -10.50000000 	86.6025403784
-1.50000000 -10.00000000 	86.6024624438
-1.50000000 -9.50000000 	86.6008564591
-1.50000000 -9.00000000 	86.5870122455
-1.50000000 -8.50000000 	86.5169748517
-1.50000000 -8.00000000 	86.2548004673
-1.50000000 -7.50000000 	85.4394134812
-1.50000000 -7.00000000 	83.4056938218
-1.50000000 -6.50000000 	79.0800540480
-1.50000000 -6.00000000 	70.8155018154
-1.50000000 -5.50000000 	58.2311421488
-1.50000000 -5.00000000 	38.1349205369
-1.50000000 -4.50000000 	15.3456018131
-1.50000000 -4.00000000 	-15.3456018131
-1.50000000 -3.50000000 	-38.1349205369
-1.50000000 -3.00000000 	-58.2311421488
-1.50000000 -2.50000000 	-70.8155018154
-1.50000000 -2.00000000 	-79.0800540480
-1.50000000 -1.50000000 	-83.4056938218
-1.50000000 -1.00000000 	-85.4394134812
-1.50000000 -0.50000000 	-86.2548004673
-1.50000000 0.00000000 	-86.5169748517
-1.50000000 0.50000000 	-86.5870122455
-1.50000000 1.00000000 	-86.6008564591
-1.50000000 1.50000000 	-86.6024624438
-1.50000000 2.00000000 	-86.6025403784
-1.50000000 2.50000000 	-86.6025403784
-1.50000000 3.00000000 	-86.6025403784
-1.50000000 3.50000000 	-86.6025403784
-1.50000000 4.00000000 	-86.6025403784
-1.50000000 4.50000000 	-86.6025403784
-1.50000000 5.00000000 	-86.6025403784
-1.50000000 5.50000000 	-86.6025403784
-1.50000000 6.00000000 	-86.6025403784
-1.50000000 6.50000000 	-86.6025403784
-1.50000000 7.00000000 	-86.6025403784
-1.50000000 7.50000000 	-86.6025403784
-1.50000000 8.00000000 	-86.6025403784
-1.00000000 -12.00000000 	86.6025403784
-1.00000000 -11.50000000 	86.6025403784
-1.00000000 -11.00000000 	86.6025403784
-1.00000000 -10.50000000 	86.6025403784
-1.00000000 -10.00000000 	86.6025403784
-1.00000000 -9.50000000 	86.6025403784
-1.00000000 -9.00000000 	86.6024624438
-1.00000000 -8.50000000 	86.6008564591
-1.00000000 -8.00000000 	86.5870122455
-1.00000000 -7.50000000 	86.5169748517
-1.00000000 -7.00000000 	86.2548004673
-1.00000000 -6.50000000 	85.4394134812
-1.00000000 -6.00000000 	83.4056938218
-1.00000000 -5.50000000 	79.0800540480
-1.00000000 -5.00000000 	70.8155018154
-1.00000000 -4.50000000 	58.2311421488
-1.00000000 -4.00000000 	38.1349205369
-1.00000000 -3.50000000 	15.3456018131
-1.00000000 -3.00000000 	-15.3456018131
-1.00000000 -2.50000000 	-38.1349205369
-1.00000000 -2.00000000 	-58.2311421488
-1.00000000 -1.50000000 	-70.8155018154
-1.00000000 -1.00000000 	-79.0800540480
-1.00000000 -0.50000000 	-83.4056938218
-1.00000000 0.00000000 	-85.4394134812
-1.00000000 0.50000000 	-86.2548004673
-1.00000000 1.00000000 	-86.5169748517
-1.00000000 1.50000000 	-86.5870122455
-1.00000000 2.00000000 	-86.6008564591
-1.00000000 2.50000000 	-86.6024624438
-1.00000000 3.00000000 	-86.6025403784
-1.00000000 3.50000000 	-86.6025403784
-1.00000000 4.00000000 	-86.6025403784
-1.00000000 4.50000000 	-86.6025403784
-1.00000000 5.00000000 	-86.6025403784
-1.00000000 5.50000000 	-86.6025403784
-1.00000000 6.00000000 	-86.6025403784
-1.00000000 6.50000000 	-86.6025403784
-1.00000000 7.00000000 	-86.6025403784
-1.00000000 7.50000000 	-86.6025403784
-1.00000000 8.00000000 	-86.6025403784
-0.50000000 -12.00000000 	86.6025403784
-0.50000000 -11.50000000 	86.6025403784
-0.50000000 -11.00000000 	86.6025403784
-0.50000000 -10.50000000 	86.6025403784
-0.50000000 -10.00000000 	86.6025403784
-0.50000000 -9.50000000 	86.6025403784
-0.50000000 -9.00000000 	86.6025403784
-0.50000000 -8.50000000 	86.6025403784
-0.50000000 -8.00000000 	86.6024624438
-0.50000000 -7.50000000 	86.6008564591
-0.50000000 -7.00000000 	86.5870122455
-0.50000000 -6.50000000 	86.5169748517
-0.50000000 -6.00000000 	86.2548004673
-0.50000000 -5.50000000 	85.4394134812
-0.50000000 -5.00000000 	83.4056938218
-0.50000000 -4.50000000 	79.0800540480
-0.50000000 -4.00000000 	70.8155018154
-0.50000000 -3.50000000 	58.2311421488
-0.50000000 -3.00000000 	38.1349205369
-0.50000000 -2.50000000 	15.3456018131
-0.50000000 -2.00000000 	-15.3456018131
-0.50000000 -1.50000000 	-38.1349205369
-0.50000000 -1.00000000 	-58.2311421488
-0.50000000 -0.50000000 	-70.8155018154
-0.50000000 0.00000000 	-79.0800540480
-0.50000000 0.50000000 	-83.4056938218
-0.50000000 1.00000000 	-85.4394134812
-0.50000000 1.50000000 	-86.2548004673
-0.50000000 2.00000000 	-86.5169748517
-0.50000000 2.50000000 	-86.5870122455
-0.50000000 3.00000000 	-86.6008564591
-0.50000000 3.50000000 	-86.6024624438
-0.50000000 4.00000000 	-86.6025403784
-0.50000000 4.50000000 	-86.6025403784
-0.50000000 5.00000000 	-86.6025403784
-0.50000000 5.50000000 	-86.6025403784
-0.50000000 6.00000000 	-86.6025403784
-0.50000000 6.50000000 	-86.6025403784
-0.50000000 7.00000000 	-86.6025403784
-0.50000000 7.50000000 	-86.6025403784
-0.50000000 8.00000000 	-86.6025403784
0.00000000 -12.00000000 	86.6025403784
0.00000000 -11.50000000 	86.6025403784
0.00000000 -11.00000000 	86.6025403784
0.00000000 -10.50000000 	86.6025403784
0.00000000 -10.00000000 	86.6025403784
0.00000000 -9.50000000 	86.6025403784
0.00000000 -9.00000000 	86.6025403784
0.00000000 -8.50000000 	86.6025403784
0.00000000 -8.00000000 	86.6025403784
0.00000000 -7.50000000 	86.6025403784
0.00000000 -7.00000000 	86.6024624438
0.00000000 -6.50000000 	86.6008564591
0.00000000 -6.00000000 	86.5870122455
0.00000000 -5.50000000 	86.5169748517
0.00000000 -5.00000000 	86.2548004673
0.00000000 -4.50000000 	85.4394134812
0.00000000 -4.00000000 	83.4056938218
0.00000000 -3.50000000 	79.0800540480
0.00000000 -3.00000000 	70.8155018154
0.00000000 -2.50000000 	58.2311421488
0.00000000 -2.00000000 	38.1349205369
0.00000000 -1.50000000 	15.3456018131
0.00000000 -1.00000000 	-15.3456018131
0.00000000 -0.50000000 	-38.1349205369
0.00000000 0.00000000 	-58.2311421488
0.00000000 0.50000000 	-70.8155018154
0.00000000 1.00000000 	-79.0800540480
0.00000000 1.50000000 	-83.4056938218
0.00000000 2.00000000 	-85.4394134812
0.00000000 2.50000000 	-86.2548004673
0.00000000 3.00000000 	-86.5169748517
0.00000000 3.50000000 	-86.5870122455
0.00000000 4.00000000 	-86.6008564591
0.00000000 4.50000000 	-86.6024624438
0.00000000 5.00000000 	-86.6025403784
0.00000000 5.50000000 	-86.6025403784
0.00000000 6.00000000 	-86.6025403784
0.00000000 6.50000000 	-86.6025403784
0.00000000 7.00000000 	-86.6025403784
0.00000000 7.50000000 	-86.6025403784
0.00000000 8.00000000 	-86.6025403784
0.50000000 -12.00000000 	86.6025403784
0.50000000 -11.50000000 	86.6025403784
0.50000000 -11.00000000 	86.6025403784
0.50000000 -10.50000000 	86.6025403784
0.50000000 -10.00000000 	86.6025403784
0.50000000 -9.50000000 	86.6025403784
0.50000000 -9.00000000 	86.6025403784
0.50000000 -8.50000000 	86.6025403784
0.50000000 -8.00000000 	86.6025403784
0.50000000 -7.50000000 	86.6025403784
0.50000000 -7.00000000 	86.6025403784
0.50000000 -6.50000000 	86.6025403784
0.50000000 -6.00000000 	86.6024624438
0.50000000 -5.50000000 	86.6008564591
0.50000000 -5.00000000 	86.5870122455
0.50000000 -4.50000000 	86.5169748517
0.50000000 -4.00000000 	86.2548004673
0.50000000 -3.50000000 	85.4394134812
0.50000000 -3.00000000 	83.4056938218
0.50000000 -2.50000000 	79.0800540480
0.50000000 -2.00000000 	70.8155018154
0.50000000 -1.50000000 	58.2311421488
0.50000000 -1.00000000 	38.1349205369
0.50000000 -0.50000000 	15.3456018131
0.50000000 0.00000000 	-15.3456018131
0.50000000 0.50000000 	-38.1349205369
0.50000000 1.00000000 	-58.2311685119
0.50000000 1.50000000 	-70.8162222766
0.50000000 2.00000000 	-79.0878962233
0.50000000 2.50000000 	-83.4477848673
0.50000000 3.00000000 	-85.5498141174
0.50000000 3.50000000 	-86.3773117553
0.50000000 4.00000000 	-86.5765975352
0.50000000 4.50000000 	-86.6013257989
0.50000000 5.00000000 	-86.6025403784
0.50000000 5.50000000 	-86.6025403784
0.50000000 6.00000000 	-86.6025403784
0.50000000 6.50000000 	-86.6025403784
0.50000000 7.00000000 	-86.6025403784
0.50000000 7.50000000 	-86.6025403784
0.50000000 8.00000000 	-86.6025403784
1.00000000 -12.00000000 	86.6025403784
1.00000000 -11.50000000 	86.6025403784
1.00000000 -11.00000000 	86.6025403784
1.00000000 -10.50000000 	86.6025403784
1.00000000 -10.00000000 	86.6025403784
1.00000000 -9.50000000 	86.6025403784
1.00000000 -9.00000000 	86.6025403784
1.00000000 -8.50000000 	86.6025403784
1.00000000 -8.00000000 	86.6025403784
1.00000000 -7.50000000 	86.6025403784
1.00000000 -7.00000000 	86.6025403784
1.00000000 -6.50000000 	86.6025403784
1.00000000 -6.00000000 	86.6025403784
1.00000000 -5.50000000 	86.6025403784
1.00000000 -5.00000000 	86.6024624438
1.00000000 -4.50000000 	86.6008564591
1.00000000 -4.00000000 	86.5870122455
1.00000000 -3.50000000 	86.5169748517
1.00000000 -3.00000000 	86.2548004673
1.00000000 -2.50000000 	85.4394134812
1.00000000 -2.00000000 	83.4056938218
1.00000000 -1.50000000 	79.0800540480
1.00000000 -1.00000000 	70.8155018154
1.00000000 -0.50000000 	58.2311421488
1.00000000 0.00000000 	38.1349318759
1.00000000 0.50000000 	15.3457380614
1.00000000 1.00000000 	-15.3458206366
1.00000000 1.50000000 	-38.1490684722
1.00000000 2.00000000 	-58.3620750858
1.00000000 2.50000000 	-71.4542449571
1.00000000 3.00000000 	-80.7259885347
1.00000000 3.50000000 	-85.2702252098
1.00000000 4.00000000 	-86.4466614999
1.00000000 4.50000000 	-86.5952517724
1.00000000 5.00000000 	-86.6025403784
1.00000000 5.50000000 	-86.6025403784
1.00000000 6.00000000 	-86.6025403784
1.00000000 6.50000000 	-86.6025403784
1.00000000 7.00000000 	-86.6025403784
1.00000000 7.50000000 	-86.6025403784
1.00000000 8.00000000 	-86.6025403784
1.50000000 -12.00000000 	86.6025403784
1.50000000 -11.50000000 	86.6025403784
1.50000000 -11.00000000 	86.6025403784
1.50000000 -10.50000000 	86.6025403784
1.50000000 -10.00000000 	86.6025403784
1.50000000 -9.50000000 	86.6025403784
1.50000000 -9.00000000 	86.6025403784
1.50000000 -8.50000000 	86.6025403784
1.50000000 -8.00000000 	86.6025403784
1.50000000 -7.50000000 	86.6025403784
1.50000000 -7.00000000 	86.6025403784
1.50000000 -6.50000000 	86.6025403784
1.50000000 -6.00000000 	86.6025403784
1.50000000 -5.50000000 	86.6025403784
1.50000000 -5.00000000 	86.6025403784
1.50000000 -4.50000000 	86.6025403784
1.50000000 -4.00000000 	86.6024624438
1.50000000 -3.50000000 	86.6008564591
1.50000000 -3.00000000 	86.5870122455
1.50000000 -2.50000000 	86.5169748517
1.50000000 -2.00000000 	86.2548004673
1.50000000 -1.50000000 	85.4394134812
1.50000000 -1.00000000 	83.4057065356
1.50000000 -0.50000000 	79.0802297588
1.50000000 0.00000000 	70.8163647061
1.50000000 0.50000000 	58.2328115835
1.50000000 1.00000000 	38.1254712968
1.50000000 1.50000000 	15.1924814147
1.50000000 2.00000000 	-16.3794876122
1.50000000 2.50000000 	-42.3780231903
1.50000000 3.00000000 	-68.5214208685
1.50000000 3.50000000 	-82.5108489785
1.50000000 4.00000000 	-86.1320744060
1.50000000 4.50000000 	-86.5810558349
1.50000000 5.00000000 	-86.6025403784
1.50000000 5.50000000 	-86.6025403784
1.50000000 6.00000000 	-86.6025403784
1.50000000 6.50000000 	-86.6025403784
1.50000000 7.00000000 	-86.6025403784
1.50000000 7.50000000 	-86.6025403784
1.50000000 8.00000000 	-86.6025403784
2.00000000 -12.00000000 	86.6025403784
2.00000000 -11.50000000 	86.6025403784
2.00000000 -11.00000000 	86.6025403784
2.00000000 -10.50000000 	86.6025403784
2.00000000 -10.00000000 	86.6025403784
2.00000000 -9.50000000 	86.6025403784
2.00000000 -9.00000000 	86.6025403784
2.00000000 -8.50000000 	86.6025403784
2.00000000 -8.00000000 	86.6025403784
2.00000000 -7.50000000 	86.6025403784
2.00000000 -7.00000000 	86.6025403784
2.00000000 -6.50000000 	86.6025403784
2.00000000 -6.00000000 	86.6025403784
2.00000000 -5.50000000 	86.6025403784
2.00000000 -5.00000000 	86.6025403784
2.00000000 -4.50000000 	86.6025403784
2.00000000 -4.00000000 	86.6025403784
2.00000000 -3.50000000 	86.6025403784
2.00000000 -3.00000000 	86.6024624438
2.00000000 -2.50000000 	86.6008564591
2.00000000 -2.00000000 	86.5870095478
2.00000000 -1.50000000 	86.5168432240
2.00000000 -1.00000000 	86.2531684593
2.00000000 -0.50000000 	85.4297227784
2.00000000 0.00000000 	83.3651538733
2.00000000 0.50000000 	78.9244682570
2.00000000 1.00000000 	70.2839668066
2.00000000 1.50000000 	56.4437587623
2.00000000 2.00000000 	31.9571269032
2.00000000 2.50000000 	-2.3051550457
2.00000000 3.00000000 	-52.2882864319
2.00000000 3.50000000 	-79.1673160217
2.00000000 4.00000000 	-85.7881957178
2.00000000 4.50000000 	-86.5671996670
2.00000000 5.00000000 	-86.6025403784
2.00000000 5.50000000 	-86.6025403784
2.00000000 6.00000000 	-86.6025403784
2.00000000 6.50000000 	-86.6025403784
2.00000000 7.00000000 	-86.6025403784
2.00000000 7.50000000 	-86.6025403784
2.00000000 8.00000000 	-86.6025403784
