-8.00000000 -12.00000000 	0.0000000000
-8.00000000 -11.50000000 	0.0000000000
-8.00000000 -11.00000000 	0.0000000000
-8.00000000 -10.50000000 	0.0000000000
-8.00000000 -10.00000000 	-0.0108994165
-8.00000000 -9.50000000 	-0.1535668558
-8.00000000 -9.00000000 	-0.7796681860
-8.00000000 -8.50000000 	-1.5164819521
-8.00000000 -8.00000000 	0.3661627283
-8.00000000 -7.50000000 	3.5037552522
-8.00000000 -7.00000000 	3.0041878188
-8.00000000 -6.50000000 	1.1956092377
-8.00000000 -6.00000000 	0.2665170441
-8.00000000 -5.50000000 	0.0344389356
-8.00000000 -5.00000000 	0.0024229314
-8.00000000 -4.50000000 	0.0000720397
-8.00000000 -4.00000000 	0.0000000000
-8.00000000 -3.50000000 	0.0000000000
-8.00000000 -3.00000000 	0.0000000000
-8.00000000 -2.50000000 	0.0000000000
-8.00000000 -2.00000000 	0.0000000000
-8.00000000 -1.50000000 	0.0000000000
-8.00000000 -1.00000000 	0.0000000000
-8.00000000 -0.50000000 	0.0000000000
-8.00000000 0.00000000 	0.0000000000
-8.00000000 0.50000000 	0.0000000000
-8.00000000 1.00000000 	0.0000000000
-8.00000000 1.50000000 	0.0000000000
-8.00000000 2.00000000 	0.0000000000
-8.00000000 2.50000000 	0.0000000000
-8.00000000 3.00000000 	0.0000000000
-8.00000000 3.50000000 	0.0000000000
-8.00000000 4.00000000 	0.0000000000
-8.00000000 4.50000000 	0.0000000000
-8.00000000 5.00000000 	0.0000000000
-8.00000000 5.50000000 	0.0000000000
-8.00000000 6.00000000 	0.0000000000
-8.00000000 6.50000000 	0.0000000000
-8.00000000 7.00000000 	0.0000000000
-8.00000000 7.50000000 	0.0000000000
-8.00000000 8.00000000 	0.0000000000
-7.50000000 -12.00000000 	0.0000000000
-7.50000000 -11.50000000 	0.0000000000
-7.50000000 -11.00000000 	0.0000000000
-7.50000000 -10.50000000 	0.0000000000
-7.50000000 -10.00000000 	-0.0125860754
-7.50000000 -9.50000000 	-0.2092854030
-7.50000000 -9.00000000 	-1.2974670212
-7.50000000 -8.50000000 	-3.4752854680
-7.50000000 -8.00000000 	-2.7796127534
-7.50000000 -7.50000000 	2.8172731221
-7.50000000 -7.00000000 	5.5657978796
-7.50000000 -6.50000000 	3.6647568554
-7.50000000 -6.00000000 	1.3044954899
-7.50000000 -5.50000000 	0.2762852700
-7.50000000 -5.00000000 	0.0348881641
-7.50000000 -4.50000000 	0.0024309939
-7.50000000 -4.00000000 	0.0000720397
-7.50000000 -3.50000000 	0.0000000000
-7.50000000 -3.00000000 	0.0000000000
-7.50000000 -2.50000000 	0.0000000000
-7.50000000 -2.00000000 	0.0000000000
-7.50000000 -1.50000000 	0.0000000000
-7.50000000 -1.00000000 	0.0000000000
-7.50000000 -0.50000000 	0.0000000000
-7.50000000 0.00000000 	0.0000000000
-7.50000000 0.50000000 	0.0000000000
-7.50000000 1.00000000 	0.0000000000
-7.50000000 1.50000000 	0.0000000000
-7.50000000 2.00000000 	0.0000000000
-7.50000000 2.50000000 	0.0000000000
-7.50000000 3.00000000 	0.0000000000
-7.50000000 3.50000000 	0.0000000000
-7.50000000 4.00000000 	0.0000000000
-7.50000000 4.50000000 	0.0000000000
-7.50000000 5.00000000 	0.0000000000
-7.50000000 5.50000000 	0.0000000000
-7.50000000 6.00000000 	0.0000000000
-7.50000000 6.50000000 	0.0000000000
-7.50000000 7.00000000 	0.0000000000
-7.50000000 7.50000000 	0.0000000000
-7.50000000 8.00000000 	0.0000000000
-7.00000000 -12.00000000 	0.0000000000
-7.00000000 -11.50000000 	0.0000000000
-7.00000000 -11.00000000 	0.0000000000
-7.00000000 -10.50000000 	0.0000000000
-7.00000000 -10.00000000 	-0.0056989537
-7.00000000 -9.50000000 	-0.1105936484
-7.00000000 -9.00000000 	-0.8418494679
-7.00000000 -8.50000000 	-3.1138024758
-7.00000000 -8.00000000 	-5.4767001900
-7.00000000 -7.50000000 	-3.0350978154
-7.00000000 -7.00000000 	3.0465115371
-7.00000000 -6.50000000 	5.6597045977
-7.00000000 -6.00000000 	3.6793453270
-7.00000000 -5.50000000 	1.3055216926
-7.00000000 -5.00000000 	0.2763120083
-7.00000000 -4.50000000 	0.0348881641
-7.00000000 -4.00000000 	0.0024309939
-7.00000000 -3.50000000 	0.0000720397
-7.00000000 -3.00000000 	0.0000000000
-7.00000000 -2.50000000 	0.0000000000
-7.00000000 -2.00000000 	0.0000000000
-7.00000000 -1.50000000 	0.0000000000
-7.00000000 -1.00000000 	0.0000000000
-7.00000000 -0.50000000 	0.0000000000
-7.00000000 0.00000000 	0.0000000000
-7.00000000 0.50000000 	0.0000000000
-7.00000000 1.00000000 	0.0000000000
-7.00000000 1.50000000 	0.0000000000
-7.00000000 2.00000000 	0.0000000000
-7.00000000 2.50000000 	0.0000000000
-7.00000000 3.00000000 	0.0000000000
-7.00000000 3.50000000 	0.0000000000
-7.00000000 4.00000000 	0.0000000000
-7.00000000 4.50000000 	0.0000000000
-7.00000000 5.00000000 	0.0000000000
-7.00000000 5.50000000 	0.0000000000
-7.00000000 6.00000000 	0.0000000000
-7.00000000 6.50000000 	0.0000000000
-7.00000000 7.00000000 	0.0000000000
-7.00000000 7.50000000 	0.0000000000
-7.00000000 8.00000000 	0.0000000000
-6.50000000 -12.00000000 	0.0000000000
-6.50000000 -11.50000000 	0.0000000000
-6.50000000 -11.00000000 	0.0000000000
-6.50000000 -10.50000000 	0.0000000000
-6.50000000 -10.00000000 	-0.0010683870
-6.50000000 -9.50000000 	-0.0250804055
-6.50000000 -9.00000000 	-0.2437878262
-6.50000000 -8.50000000 	-1.2593111012
-6.50000000 -8.00000000 	-3.6612785508
-6.50000000 -7.50000000 	-5.6573449739
-6.50000000 -7.00000000 	-3.0492990343
-6.50000000 -6.50000000 	3.0495090405
-6.50000000 -6.00000000 	5.6603100666
-6.50000000 -5.50000000 	3.6793750247
-6.50000000 -5.00000000 	1.3055216926
-6.50000000 -4.50000000 	0.2763120083
-6.50000000 -4.00000000 	0.0348881641
-6.50000000 -3.50000000 	0.0024309939
-6.50000000 -3.00000000 	0.0000720397
-6.50000000 -2.50000000 	0.0000000000
-6.50000000 -2.00000000 	0.0000000000
-6.50000000 -1.50000000 	0.0000000000
-6.50000000 -1.00000000 	0.0000000000
-6.50000000 -0.50000000 	0.0000000000
-6.50000000 0.00000000 	0.0000000000
-6.50000000 0.50000000 	0.0000000000
-6.50000000 1.00000000 	0.0000000000
-6.50000000 1.50000000 	0.0000000000
-6.50000000 2.00000000 	0.0000000000
-6.50000000 2.50000000 	0.0000000000
-6.50000000 3.00000000 	0.0000000000
-6.50000000 3.50000000 	0.0000000000
-6.50000000 4.00000000 	0.0000000000
-6.50000000 4.50000000 	0.0000000000
-6.50000000 5.00000000 	0.0000000000
-6.50000000 5.50000000 	0.0000000000
-6.50000000 6.00000000 	0.0000000000
-6.50000000 6.50000000 	0.0000000000
-6.50000000 7.00000000 	0.0000000000
-6.50000000 7.50000000 	0.0000000000
-6.50000000 8.00000000 	0.0000000000
-6.00000000 -12.00000000 	0.0000000000
-6.00000000 -11.50000000 	0.0000000000
-6.00000000 -11.00000000 	0.0000000000
-6.00000000 -10.50000000 	0.0000000000
-6.00000000 -10.00000000 	-0.0000720397
-6.00000000 -9.50000000 	-0.0024309939
-6.00000000 -9.00000000 	-0.0348881641
-6.00000000 -8.50000000 	-0.2763120083
-6.00000000 -8.00000000 	-1.3055216926
-6.00000000 -7.50000000 	-3.6793750247
-6.00000000 -7.00000000 	-5.6603100666
-6.00000000 -6.50000000 	-3.0495049973
-6.00000000 -6.00000000 	3.0495049973
-6.00000000 -5.50000000 	5.6603100666
-6.00000000 -5.00000000 	3.6793750247
-6.00000000 -4.50000000 	1.3055216926
-6.00000000 -4.00000000 	0.2763120083
-6.00000000 -3.50000000 	0.0348881641
-6.00000000 -3.00000000 	0.0024309939
-6.00000000 -2.50000000 	0.0000720397
-6.00000000 -2.00000000 	0.0000000000
-6.00000000 -1.50000000 	0.0000000000
-6.00000000 -1.00000000 	0.0000000000
-6.00000000 -0.50000000 	0.0000000000
-6.00000000 0.00000000 	0.0000000000
-6.00000000 0.50000000 	0.0000000000
-6.00000000 1.00000000 	0.0000000000
-6.00000000 1.50000000 	0.0000000000
-6.00000000 2.00000000 	0.0000000000
-6.00000000 2.50000000 	0.0000000000
-6.00000000 3.00000000 	0.0000000000
-6.00000000 3.50000000 	0.0000000000
-6.00000000 4.00000000 	0.0000000000
-6.00000000 4.50000000 	0.0000000000
-6.00000000 5.00000000 	0.0000000000
-6.00000000 5.50000000 	0.0000000000
-6.00000000 6.00000000 	0.0000000000
-6.00000000 6.50000000 	0.0000000000
-6.00000000 7.00000000 	0.0000000000
-6.00000000 7.50000000 	0.0000000000
-6.00000000 8.00000000 	0.0000000000
-5.50000000 -12.00000000 	0.0000000000
-5.50000000 -11.50000000 	0.0000000000
-5.50000000 -11.00000000 	0.0000000000
-5.50000000 -10.50000000 	0.0000000000
-5.50000000 -10.00000000 	0.0000000000
-5.50000000 -9.50000000 	-0.0000720397
-5.50000000 -9.00000000 	-0.0024309939
-5.50000000 -8.50000000 	-0.0348881641
-5.50000000 -8.00000000 	-0.2763120083
-5.50000000 -7.50000000 	-1.3055216926
-5.50000000 -7.00000000 	-3.6793750247
-5.50000000 -6.50000000 	-5.6603100666
-5.50000000 -6.00000000 	-3.0495049973
-5.50000000 -5.50000000 	3.0495049973
-5.50000000 -5.00000000 	5.6603100666
-5.50000000 -4.50000000 	3.6793750247
-5.50000000 -4.00000000 	1.3055216926
-5.50000000 -3.50000000 	0.2763120083
-5.50000000 -3.00000000 	0.0348881641
-5.50000000 -2.50000000 	0.0024309939
-5.50000000 -2.00000000 	0.0000720397
-5.50000000 -1.50000000 	0.0000000000
-5.50000000 -1.00000000 	0.0000000000
-5.50000000 -0.50000000 	0.0000000000
-5.50000000 0.00000000 	0.0000000000
-5.50000000 0.50000000 	0.0000000000
-5.50000000 1.00000000 	0.0000000000
-5.50000000 1.50000000 	0.0000000000
-5.50000000 2.00000000 	0.0000000000
-5.50000000 2.50000000 	0.0000000000
-5.50000000 3.00000000 	0.0000000000
-5.50000000 3.50000000 	0.0000000000
-5.50000000 4.00000000 	0.0000000000
-5.50000000 4.50000000 	0.0000000000
-5.50000000 5.00000000 	0.0000000000
-5.50000000 5.50000000 	0.0000000000
-5.50000000 6.00000000 	0.0000000000
-5.50000000 6.50000000 	0.0000000000
-5.50000000 7.00000000 	0.0000000000
-5.50000000 7.50000000 	0.0000000000
-5.50000000 8.00000000 	0.0000000000
-5.00000000 -12.00000000 	0.0000000000
-5.00000000 -11.50000000 	0.0000000000
-5.00000000 -11.00000000 	0.0000000000
-5.00000000 -10.50000000 	0.0000000000
-5.00000000 -10.00000000 	0.0000000000
-5.00000000 -9.50000000 	0.0000000000
-5.00000000 -9.00000000 	-0.0000720397
-5.00000000 -8.50000000 	-0.0024309939
-5.00000000 -8.00000000 	-0.0348881641
-5.00000000 -7.50000000 	-0.2763120083
-5.00000000 -7.00000000 	-1.3055216926
-5.00000000 -6.50000000 	-3.6793750247
-5.00000000 -6.00000000 	-5.6603100666
-5.00000000 -5.50000000 	-3.0495049973
-5.00000000 -5.00000000 	3.0495049973
-5.00000000 -4.50000000 	5.6603100666
-5.00000000 -4.00000000 	3.6793750247
-5.00000000 -3.50000000 	1.3055216926
-5.00000000 -3.00000000 	0.2763120083
-5.00000000 -2.50000000 	0.0348881641
-5.00000000 -2.00000000 	0.0024309939
-5.00000000 -1.50000000 	0.0000720397
-5.00000000 -1.00000000 	0.0000000000
-5.00000000 -0.50000000 	0.0000000000
-5.00000000 0.00000000 	0.0000000000
-5.00000000 0.50000000 	0.0000000000
-5.00000000 1.00000000 	0.0000000000
-5.00000000 1.50000000 	0.0000000000
-5.00000000 2.00000000 	0.0000000000
-5.00000000 2.50000000 	0.0000000000
-5.00000000 3.00000000 	0.0000000000
-5.00000000 3.50000000 	0.0000000000
-5.00000000 4.00000000 	0.0000000000
-5.00000000 4.50000000 	0.0000000000
-5.00000000 5.00000000 	0.0000000000
-5.00000000 5.50000000 	0.0000000000
-5.00000000 6.00000000 	0.0000000000
-5.00000000 6.50000000 	0.0000000000
-5.00000000 7.00000000 	0.0000000000
-5.00000000 7.50000000 	0.0000000000
-5.00000000 8.00000000 	0.0000000000
-4.50000000 -12.00000000 	0.0000000000
-4.50000000 -11.50000000 	0.0000000000
-4.50000000 -11.00000000 	0.0000000000
-4.50000000 -10.50000000 	0.0000000000
-4.50000000 -10.00000000 	0.0000000000
-4.50000000 -9.50000000 	0.0000000000
-4.50000000 -9.00000000 	0.0000000000
-4.50000000 -8.50000000 	-0.0000720397
-4.50000000 -8.00000000 	-0.0024309939
-4.50000000 -7.50000000 	-0.0348881641
-4.50000000 -7.00000000 	-0.2763120083
-4.50000000 -6.50000000 	-1.3055216926
-4.50000000 -6.00000000 	-3.6793750247
-4.50000000 -5.50000000 	-5.6603100666
-4.50000000 -5.00000000 	-3.0495049973
-4.50000000 -4.50000000 	3.0495049973
-4.50000000 -4.00000000 	5.6603100666
-4.50000000 -3.50000000 	3.6793750247
-4.50000000 -3.00000000 	1.3055216926
-4.50000000 -2.50000000 	0.2763120083
-4.50000000 -2.00000000 	0.0348881641
-4.50000000 -1.50000000 	0.0024309939
-4.50000000 -1.00000000 	0.0000720397
-4.50000000 -0.50000000 	0.0000000000
-4.50000000 0.00000000 	0.0000000000
-4.50000000 0.50000000 	0.0000000000
-4.50000000 1.00000000 	0.0000000000
-4.50000000 1.50000000 	0.0000000000
-4.50000000 2.00000000 	0.0000000000
-4.50000000 2.50000000 	0.0000000000
-4.50000000 3.00000000 	0.0000000000
-4.50000000 3.50000000 	0.0000000000
-4.50000000 4.00000000 	0.0000000000
-4.50000000 4.50000000 	0.0000000000
-4.50000000 5.00000000 	0.0000000000
-4.50000000 5.50000000 	0.0000000000
-4.50000000 6.00000000 	0.0000000000
-4.50000000 6.50000000 	0.0000000000
-4.50000000 7.00000000 	0.0000000000
-4.50000000 7.50000000 	0.0000000000
-4.50000000 8.00000000 	0.0000000000
-4.00000000 -12.00000000 	0.0000000000
-4.00000000 -11.50000000 	0.0000000000
-4.00000000 -11.00000000 	0.0000000000
-4.00000000 -10.50000000 	0.0000000000
-4.00000000 -10.00000000 	0.0000000000
-4.00000000 -9.50000000 	0.0000000000
-4.00000000 -9.00000000 	0.0000000000
-4.00000000 -8.50000000 	0.0000000000
-4.00000000 -8.00000000 	-0.0000720397
-4.00000000 -7.50000000 	-0.0024309939
-4.00000000 -7.00000000 	-0.0348881641
-4.00000000 -6.50000000 	-0.2763120083
-4.00000000 -6.00000000 	-1.3055216926
-4.00000000 -5.50000000 	-3.6793750247
-4.00000000 -5.00000000 	-5.6603100666
-4.00000000 -4.50000000 	-3.0495049973
-4.00000000 -4.00000000 	3.0495049973
-4.00000000 -3.50000000 	5.6603100666
-4.00000000 -3.00000000 	3.6793750247
-4.00000000 -2.50000000 	1.3055216926
-4.00000000 -2.00000000 	0.2763120083
-4.00000000 -1.50000000 	0.0348881641
-4.00000000 -1.00000000 	0.0024309939
-4.00000000 -0.50000000 	0.0000720397
-4.00000000 0.00000000 	0.0000000000
-4.00000000 0.50000000 	0.0000000000
-4.00000000 1.00000000 	0.0000000000
-4.00000000 1.50000000 	0.0000000000
-4.00000000 2.00000000 	0.0000000000
-4.00000000 2.50000000 	0.0000000000
-4.00000000 3.00000000 	0.0000000000
-4.00000000 3.50000000 	0.0000000000
-4.00000000 4.00000000 	0.0000000000
-4.00000000 4.50000000 	0.0000000000
-4.00000000 5.00000000 	0.0000000000
-4.00000000 5.50000000 	0.0000000000
-4.00000000 6.00000000 	0.0000000000
-4.00000000 6.50000000 	0.0000000000
-4.00000000 7.00000000 	0.0000000000
-4.00000000 7.50000000 	0.0000000000
-4.00000000 8.00000000 	0.0000000000
-3.50000000 -12.00000000 	0.0000000000
-3.50000000 -11.50000000 	0.0000000000
-3.50000000 -11.00000000 	0.0000000000
-3.50000000 -10.50000000 	0.0000000000
-3.50000000 -10.00000000 	0.0000000000
-3.50000000 -9.50000000 	0.0000000000
-3.50000000 -9.00000000 	0.0000000000
-3.50000000 -8.50000000 	0.0000000000
-3.50000000 -8.00000000 	0.0000000000
-3.50000000 -7.50000000 	-0.0000720397
-3.50000000 -7.00000000 	-0.0024309939
-3.50000000 -6.50000000 	-0.0348881641
-3.50000000 -6.00000000 	-0.2763120083
-3.50000000 -5.50000000 	-1.3055216926
-3.50000000 -5.00000000 	-3.6793750247
-3.50000000 -4.50000000 	-5.6603100666
-3.50000000 -4.00000000 	-3.0495049973
-3.50000000 -3.50000000 	3.0495049973
-3.50000000 -3.00000000 	5.6603100666
-3.50000000 -2.50000000 	3.6793750247
-3.50000000 -2.00000000 	1.3055216926
-3.50000000 -1.50000000 	0.2763120083
-3.50000000 -1.00000000 	0.0348881641
-3.50000000 -0.50000000 	0.0024309939
-3.50000000 0.00000000 	0.0000720397
-3.50000000 0.50000000 	0.0000000000
-3.50000000 1.00000000 	0.0000000000
-3.50000000 1.50000000 	0.0000000000
-3.50000000 2.00000000 	0.0000000000
-3.50000000 2.50000000 	0.0000000000
-3.50000000 3.00000000 	0.0000000000
-3.50000000 3.50000000 	0.0000000000
-3.50000000 4.00000000 	0.0000000000
-3.50000000 4.50000000 	0.0000000000
-3.50000000 5.00000000 	0.0000000000
-3.50000000 5.50000000 	0.0000000000
-3.50000000 6.00000000 	0.0000000000
-3.50000000 6.50000000 	0.0000000000
-3.50000000 7.00000000 	0.0000000000
-3.50000000 7.50000000 	0.0000000000
-3.50000000 8.00000000 	0.0000000000
-3.00000000 -12.00000000 	0.0000000000
-3.00000000 -11.50000000 	0.0000000000
-3.00000000 -11.00000000 	0.0000000000
-3.00000000 -10.50000000 	0.0000000000
-3.00000000 -10.00000000 	0.0000000000
-3.00000000 -9.50000000 	0.0000000000
-3.00000000 -9.00000000 	0.0000000000
-3.00000000 -8.50000000 	0.0000000000
-3.00000000 -8.00000000 	0.0000000000
-3.00000000 -7.50000000 	0.0000000000
-3.00000000 -7.00000000 	-0.0000720397
-3.00000000 -6.50000000 	-0.0024309939
-3.00000000 -6.00000000 	-0.0348881641
-3.00000000 -5.50000000 	-0.2763120083
-3.00000000 -5.00000000 	-1.3055216926
-3.00000000 -4.50000000 	-3.6793750247
-3.00000000 -4.00000000 	-5.6603100666
-3.00000000 -3.50000000 	-3.0495049973
-3.00000000 -3.00000000 	3.0495049973
-3.00000000 -2.50000000 	5.6603100666
-3.00000000 -2.00000000 	3.6793750247
-3.00000000 -1.50000000 	1.3055216926
-3.00000000 -1.00000000 	0.2763120083
-3.00000000 -0.50000000 	0.0348881641
-3.00000000 0.00000000 	0.0024309939
-3.00000000 0.50000000 	0.0000720397
-3.00000000 1.00000000 	0.0000000000
-3.00000000 1.50000000 	0.0000000000
-3.00000000 2.00000000 	0.0000000000
-3.00000000 2.50000000 	0.0000000000
-3.00000000 3.00000000 	0.0000000000
-3.00000000 3.50000000 	0.0000000000
-3.00000000 4.00000000 	0.0000000000
-3.00000000 4.50000000 	0.0000000000
-3.00000000 5.00000000 	0.0000000000
-3.00000000 5.50000000 	0.0000000000
-3.00000000 6.00000000 	0.0000000000
-3.00000000 6.50000000 	0.0000000000
-3.00000000 7.00000000 	0.0000000000
-3.00000000 7.50000000 	0.0000000000
-3.00000000 8.00000000 	0.0000000000
-2.50000000 -12.00000000 	0.0000000000
-2.50000000 -11.50000000 	0.0000000000
-2.50000000 -11.00000000 	0.0000000000
-2.50000000 -10.50000000 	0.0000000000
-2.50000000 -10.00000000 	0.0000000000
-2.50000000 -9.50000000 	0.0000000000
-2.50000000 -9.00000000 	0.0000000000
-2.50000000 -8.50000000 	0.0000000000
-2.50000000 -8.00000000 	0.0000000000
-2.50000000 -7.50000000 	0.0000000000
-2.50000000 -7.00000000 	0.0000000000
-2.50000000 -6.50000000 	-0.0000720397
-2.50000000 -6.00000000 	-0.0024309939
-2.50000000 -5.50000000 	-0.0348881641
-2.50000000 -5.00000000 	-0.2763120083
-2.50000000 -4.50000000 	-1.3055216926
-2.50000000 -4.00000000 	-3.6793750247
-2.50000000 -3.50000000 	-5.6603100666
-2.50000000 -3.00000000 	-3.0495049973
-2.50000000 -2.50000000 	3.0495049973
-2.50000000 -2.00000000 	5.6603100666
-2.50000000 -1.50000000 	3.6793750247
-2.50000000 -1.00000000 	1.3055216926
-2.50000000 -0.50000000 	0.2763120083
-2.50000000 0.00000000 	0.0348881641
-2.50000000 0.50000000 	0.0024309939
-2.50000000 1.00000000 	0.0000720397
-2.50000000 1.50000000 	0.0000000000
-2.50000000 2.00000000 	0.0000000000
-2.50000000 2.50000000 	0.0000000000
-2.50000000 3.00000000 	0.0000000000
-2.50000000 3.50000000 	0.0000000000
-2.50000000 4.00000000 	0.0000000000
-2.50000000 4.50000000 	0.0000000000
-2.50000000 5.00000000 	0.0000000000
-2.50000000 5.50000000 	0.0000000000
-2.50000000 6.00000000 	0.0000000000
-2.50000000 6.50000000 	0.0000000000
-2.50000000 7.00000000 	0.0000000000
-2.50000000 7.50000000 	0.0000000000
-2.50000000 8.00000000 	0.0000000000
-2.00000000 -12.00000000 	0.0000000000
-2.00000000 -11.50000000 	0.0000000000
-2.00000000 -11.00000000 	0.0000000000
-2.00000000 -10.50000000 	0.0000000000
-2.00000000 -10.00000000 	0.0000000000
-2.00000000 -9.50000000 	0.0000000000
-2.00000000 -9.00000000 	0.0000000000
-2.00000000 -8.50000000 	0.0000000000
-2.00000000 -8.00000000 	0.0000000000
-2.00000000 -7.50000000 	0.0000000000
-2.00000000 -7.00000000 	0.0000000000
-2.00000000 -6.50000000 	0.0000000000
-2.00000000 -6.00000000 	-0.0000720397
-2.00000000 -5.50000000 	-0.0024309939
-2.00000000 -5.00000000 	-0.0348881641
-2.00000000 -4.50000000 	-0.2763120083
-2.00000000 -4.00000000 	-1.3055216926
-2.00000000 -3.50000000 	-3.6793750247
-2.00000000 -3.00000000 	-5.6603100666
-2.00000000 -2.50000000 	-3.0495049973
-2.00000000 -2.00000000 	3.0495049973
-2.00000000 -1.50000000 	5.6603100666
-2.00000000 -1.00000000 	3.6793750247
-2.00000000 -0.50000000 	1.3055216926
-2.00000000 0.00000000 	0.2763120083
-2.00000000 0.50000000 	0.0348881641
-2.00000000 1.00000000 	0.0024309939
-2.00000000 1.50000000 	0.0000720397
-2.00000000 2.00000000 	0.0000000000
-2.00000000 2.50000000 	0.0000000000
-2.00000000 3.00000000 	0.0000000000
-2.00000000 3.50000000 	0.0000000000
-2.00000000 4.00000000 	0.0000000000
-2.00000000 4.50000000 	0.0000000000
-2.00000000 5.00000000 	0.0000000000
-2.00000000 5.50000000 	0.0000000000
-2.00000000 6.00000000 	0.0000000000
-2.00000000 6.50000000 	0.0000000000
-2.00000000 7.00000000 	0.0000000000
-2.00000000 7.50000000 	0.0000000000
-2.00000000 8.00000000 	0.0000000000
-1.50000000 -12.00000000 	0.0000000000
-1.50000000 -11.50000000 	0.0000000000
-1.50000000 -11.00000000 	0.0000000000
-1.50000000 -10.50000000 	0.0000000000
-1.50000000 -10.00000000 	0.0000000000
-1.50000000 -9.50000000 	0.0000000000
-1.50000000 -9.00000000 	0.0000000000
-1.50000000 -8.50000000 	0.0000000000
-1.50000000 -8.00000000 	0.0000000000
-1.50000000 -7.50000000 	0.0000000000
-1.50000000 -7.00000000 	0.0000000000
-1.50000000 -6.50000000 	0.0000000000
-1.50000000 -6.00000000 	0.0000000000
-1.50000000 -5.50000000 	-0.0000720397
-1.50000000 -5.00000000 	-0.0024309939
-1.50000000 -4.50000000 	-0.0348881641
-1.50000000 -4.00000000 	-0.2763120083
-1.50000000 -3.50000000 	-1.3055216926
-1.50000000 -3.00000000 	-3.6793750247
-1.50000000 -2.50000000 	-5.6603100666
-1.50000000 -2.00000000 	-3.0495049973
-1.50000000 -1.50000000 	3.0495049973
-1.50000000 -1.00000000 	5.6603100666
-1.50000000 -0.50000000 	3.6793750247
-1.50000000 0.00000000 	1.3055216926
-1.50000000 0.50000000 	0.2763120083
-1.50000000 1.00000000 	0.0348881641
-1.50000000 1.50000000 	0.0024309939
-1.50000000 2.00000000 	0.0000720397
-1.50000000 2.50000000 	0.0000000000
-1.50000000 3.00000000 	0.0000000000
-1.50000000 3.50000000 	0.0000000000
-1.50000000 4.00000000 	0.0000000000
-1.50000000 4.50000000 	0.0000000000
-1.50000000 5.00000000 	0.0000000000
-1.50000000 5.50000000 	0.0000000000
-1.50000000 6.00000000 	0.0000000000
-1.50000000 6.50000000 	0.0000000000
-1.50000000 7.00000000 	0.0000000000
-1.50000000 7.50000000 	0.0000000000
-1.50000000 8.00000000 	0.0000000000
-1.00000000 -12.00000000 	0.0000000000
-1.00000000 -11.50000000 	0.0000000000
-1.00000000 -11.00000000 	0.0000000000
-1.00000000 -10.50000000 	0.0000000000
-1.00000000 -10.00000000 	0.0000000000
-1.00000000 -9.50000000 	0.0000000000
-1.00000000 -9.00000000 	0.0000000000
-1.00000000 -8.50000000 	0.0000000000
-1.00000000 -8.00000000 	0.0000000000
-1.00000000 -7.50000000 	0.0000000000
-1.00000000 -7.00000000 	0.0000000000
-1.00000000 -6.50000000 	0.0000000000
-1.00000000 -6.00000000 	0.0000000000
-1.00000000 -5.50000000 	0.0000000000
-1.00000000 -5.00000000 	-0.0000720397
-1.00000000 -4.50000000 	-0.0024309939
-1.00000000 -4.00000000 	-0.0348881641
-1.00000000 -3.50000000 	-0.2763120083
-1.00000000 -3.00000000 	-1.3055216926
-1.00000000 -2.50000000 	-3.6793750247
-1.00000000 -2.00000000 	-5.6603100666
-1.00000000 -1.50000000 	-3.0495049973
-1.00000000 -1.00000000 	3.0495049973
-1.00000000 -0.50000000 	5.6603100666
-1.00000000 0.00000000 	3.6793750247
-1.00000000 0.50000000 	1.3055216926
-1.00000000 1.00000000 	0.2763120083
-1.00000000 1.50000000 	0.0348881641
-1.00000000 2.00000000 	0.0024309939
-1.00000000 2.50000000 	0.0000720397
-1.00000000 3.00000000 	0.0000000000
-1.00000000 3.50000000 	0.0000000000
-1.00000000 4.00000000 	0.0000000000
-1.00000000 4.50000000 	0.0000000000
-1.00000000 5.00000000 	0.0000000000
-1.00000000 5.50000000 	0.0000000000
-1.00000000 6.00000000 	0.0000000000
-1.00000000 6.50000000 	0.0000000000
-1.00000000 7.00000000 	0.0000000000
-1.00000000 7.50000000 	0.0000000000
-1.00000000 8.00000000 	0.0000000000
-0.50000000 -12.00000000 	0.0000000000
-0.50000000 -11.50000000 	0.0000000000
-0.50000000 -11.00000000 	0.0000000000
-0.50000000 -10.50000000 	0.0000000000
-0.50000000 -10.00000000 	0.0000000000
-0.50000000 -9.50000000 	0.0000000000
-0.50000000 -9.00000000 	0.0000000000
-0.50000000 -8.50000000 	0.0000000000
-0.50000000 -8.00000000 	0.0000000000
-0.50000000 -7.50000000 	0.0000000000
-0.50000000 -7.00000000 	0.0000000000
-0.50000000 -6.50000000 	0.0000000000
-0.50000000 -6.00000000 	0.0000000000
-0.50000000 -5.50000000 	0.0000000000
-0.50000000 -5.00000000 	0.0000000000
-0.50000000 -4.50000000 	-0.0000720397
-0.50000000 -4.00000000 	-0.0024309939
-0.50000000 -3.50000000 	-0.0348881641
-0.50000000 -3.00000000 	-0.2763120083
-0.50000000 -2.50000000 	-1.3055216926
-0.50000000 -2.00000000 	-3.6793750247
-0.50000000 -1.50000000 	-5.6603100666
-0.50000000 -1.00000000 	-3.0495049973
-0.50000000 -0.50000000 	3.0495049973
-0.50000000 0.00000000 	5.6603100666
-0.50000000 0.50000000 	3.6793750247
-0.50000000 1.00000000 	1.3055216926
-0.50000000 1.50000000 	0.2763120083
-0.50000000 2.00000000 	0.0348881641
-0.50000000 2.50000000 	0.0024309939
-0.50000000 3.00000000 	0.0000720397
-0.50000000 3.50000000 	0.0000000000
-0.50000000 4.00000000 	0.0000000000
-0.50000000 4.50000000 	0.0000000000
-0.50000000 5.00000000 	0.0000000000
-0.50000000 5.50000000 	0.0000000000
-0.50000000 6.00000000 	0.0000000000
-0.50000000 6.50000000 	0.0000000000
-0.50000000 7.00000000 	0.0000000000
-0.50000000 7.50000000 	0.0000000000
-0.50000000 8.00000000 	0.0000000000
0.00000000 -12.00000000 	0.0000000000
0.00000000 -11.50000000 	0.0000000000
0.00000000 -11.00000000 	0.0000000000
0.00000000 -10.50000000 	0.0000000000
0.00000000 -10.00000000 	0.0000000000
0.00000000 -9.50000000 	0.0000000000
0.00000000 -9.00000000 	0.0000000000
0.00000000 -8.50000000 	0.0000000000
0.00000000 -8.00000000 	0.0000000000
0.00000000 -7.50000000 	0.0000000000
0.00000000 -7.00000000 	0.0000000000
0.00000000 -6.50000000 	0.0000000000
0.00000000 -6.00000000 	0.0000000000
0.00000000 -5.50000000 	0.0000000000
0.00000000 -5.00000000 	0.0000000000
0.00000000 -4.50000000 	0.0000000000
0.00000000 -4.00000000 	-0.0000720397
0.00000000 -3.50000000 	-0.0024309939
0.00000000 -3.00000000 	-0.0348881641
0.00000000 -2.50000000 	-0.2763120083
0.00000000 -2.00000000 	-1.3055216926
0.00000000 -1.50000000 	-3.6793750247
0.00000000 -1.00000000 	-5.6603100666
0.00000000 -0.50000000 	-3.0495049973
0.00000000 0.00000000 	3.0495049973
0.00000000 0.50000000 	5.6603100666
0.00000000 1.00000000 	3.6793750247
0.00000000 1.50000000 	1.3055216926
0.00000000 2.00000000 	0.2763120083
0.00000000 2.50000000 	0.0348881641
0.00000000 3.00000000 	0.0024309939
0.00000000 3.50000000 	0.0000720397
0.00000000 4.00000000 	0.0000000000
0.00000000 4.50000000 	0.0000000000
0.00000000 5.00000000 	0.0000000000
0.00000000 5.50000000 	0.0000000000
0.00000000 6.00000000 	0.0000000000
0.00000000 6.50000000 	0.0000000000
0.00000000 7.00000000 	0.0000000000
0.00000000 7.50000000 	0.0000000000
0.00000000 8.00000000 	0.0000000000
0.50000000 -12.00000000 	0.0000000000
0.50000000 -11.50000000 	0.0000000000
0.50000000 -11.00000000 	0.0000000000
0.50000000 -10.50000000 	0.0000000000
0.50000000 -10.00000000 	0.0000000000
0.50000000 -9.50000000 	0.0000000000
0.50000000 -9.00000000 	0.0000000000
0.50000000 -8.50000000 	0.0000000000
0.50000000 -8.00000000 	0.0000000000
0.50000000 -7.50000000 	0.0000000000
0.50000000 -7.00000000 	0.0000000000
0.50000000 -6.50000000 	0.0000000000
0.50000000 -6.00000000 	0.0000000000
0.50000000 -5.50000000 	0.0000000000
0.50000000 -5.00000000 	0.0000000000
0.50000000 -4.50000000 	0.0000000000
0.50000000 -4.00000000 	0.0000000000
0.50000000 -3.50000000 	-0.0000720397
0.50000000 -3.00000000 	-0.0024309939
0.50000000 -2.50000000 	-0.0348881641
0.50000000 -2.00000000 	-0.2763120083
0.50000000 -1.50000000 	-1.3055216926
0.50000000 -1.00000000 	-3.6793750247
0.50000000 -0.50000000 	-5.6603100666
0.50000000 0.00000000 	-3.0495090405
0.50000000 0.50000000 	3.0492990343
0.50000000 1.00000000 	5.6573449739
0.50000000 1.50000000 	3.6612785508
0.50000000 2.00000000 	1.2593111012
0.50000000 2.50000000 	0.2437878262
0.50000000 3.00000000 	0.0250804055
0.50000000 3.50000000 	0.0010683870
0.50000000 4.00000000 	0.0000000000
0.50000000 4.50000000 	0.0000000000
0.50000000 5.00000000 	0.0000000000
0.50000000 5.50000000 	0.0000000000
0.50000000 6.00000000 	0.0000000000
0.50000000 6.50000000 	0.0000000000
0.50000000 7.00000000 	0.0000000000
0.50000000 7.50000000 	0.0000000000
0.50000000 8.00000000 	0.0000000000
1.00000000 -12.00000000 	0.0000000000
1.00000000 -11.50000000 	0.0000000000
1.00000000 -11.00000000 	0.0000000000
1.00000000 -10.50000000 	0.0000000000
1.00000000 -10.00000000 	0.0000000000
1.00000000 -9.50000000 	0.0000000000
1.00000000 -9.00000000 	0.0000000000
1.00000000 -8.50000000 	0.0000000000
1.00000000 -8.00000000 	0.0000000000
1.00000000 -7.50000000 	0.0000000000
1.00000000 -7.00000000 	0.0000000000
1.00000000 -6.50000000 	0.0000000000
1.00000000 -6.00000000 	0.0000000000
1.00000000 -5.50000000 	0.0000000000
1.00000000 -5.00000000 	0.0000000000
1.00000000 -4.50000000 	0.0000000000
1.00000000 -4.00000000 	0.0000000000
1.00000000 -3.50000000 	0.0000000000
1.00000000 -3.00000000 	-0.0000720397
1.00000000 -2.50000000 	-0.0024309939
1.00000000 -2.00000000 	-0.0348881641
1.00000000 -1.50000000 	-0.2763120083
1.00000000 -1.00000000 	-1.3055216926
1.00000000 -0.50000000 	-3.6793453270
1.00000000 0.00000000 	-5.6597045977
1.00000000 0.50000000 	-3.0465115371
1.00000000 1.00000000 	3.0350978154
1.00000000 1.50000000 	5.4767001900
1.00000000 2.00000000 	3.1138024758
1.00000000 2.50000000 	0.8418494679
1.00000000 3.00000000 	0.1105936484
1.00000000 3.50000000 	0.0056989537
1.00000000 4.00000000 	0.0000000000
1.00000000 4.50000000 	0.0000000000
1.00000000 5.00000000 	0.0000000000
1.00000000 5.50000000 	0.0000000000
1.00000000 6.00000000 	0.0000000000
1.00000000 6.50000000 	0.0000000000
1.00000000 7.00000000 	0.0000000000
1.00000000 7.50000000 	0.0000000000
1.00000000 8.00000000 	0.0000000000
1.50000000 -12.00000000 	0.0000000000
1.50000000 -11.50000000 	0.0000000000
1.50000000 -11.00000000 	0.0000000000
1.50000000 -10.50000000 	0.0000000000
1.50000000 -10.00000000 	0.0000000000
1.50000000 -9.50000000 	0.0000000000
1.50000000 -9.00000000 	0.0000000000
1.50000000 -8.50000000 	0.0000000000
1.50000000 -8.00000000 	0.0000000000
1.50000000 -7.50000000 	0.0000000000
1.50000000 -7.00000000 	0.0000000000
1.50000000 -6.50000000 	0.0000000000
1.50000000 -6.00000000 	0.0000000000
1.50000000 -5.50000000 	0.0000000000
1.50000000 -5.00000000 	0.0000000000
1.50000000 -4.50000000 	0.0000000000
1.50000000 -4.00000000 	0.0000000000
1.50000000 -3.50000000 	0.0000000000
1.50000000 -3.00000000 	0.0000000000
1.50000000 -2.50000000 	-0.0000720397
1.50000000 -2.00000000 	-0.0024309939
1.50000000 -1.50000000 	-0.0348881641
1.50000000 -1.00000000 	-0.2762852700
1.50000000 -0.50000000 	-1.3044954899
1.50000000 0.00000000 	-3.6647568554
1.50000000 0.50000000 	-5.5657978796
1.50000000 1.00000000 	-2.8172731221
1.50000000 1.50000000 	2.7796127534
1.50000000 2.00000000 	3.4752854680
1.50000000 2.50000000 	1.2974670212
1.50000000 3.00000000 	0.2092854030
1.50000000 3.50000000 	0.0125860754
1.50000000 4.00000000 	0.0000000000
1.50000000 4.50000000 	0.0000000000
1.50000000 5.00000000 	0.0000000000
1.50000000 5.50000000 	0.0000000000
1.50000000 6.00000000 	0.0000000000
1.50000000 6.50000000 	0.0000000000
1.50000000 7.00000000 	0.0000000000
1.50000000 7.50000000 	0.0000000000
1.50000000 8.00000000 	0.0000000000
2.00000000 -12.00000000 	0.0000000000
2.00000000 -11.50000000 	0.0000000000
2.00000000 -11.00000000 	0.0000000000
2.00000000 -10.50000000 	0.0000000000
2.00000000 -10.00000000 	0.0000000000
2.00000000 -9.50000000 	0.0000000000
2.00000000 -9.00000000 	0.0000000000
2.00000000 -8.50000000 	0.0000000000
2.00000000 -8.00000000 	0.0000000000
2.00000000 -7.50000000 	0.0000000000
2.00000000 -7.00000000 	0.0000000000
2.00000000 -6.50000000 	0.0000000000
2.00000000 -6.00000000 	0.0000000000
2.00000000 -5.50000000 	0.0000000000
2.00000000 -5.00000000 	0.0000000000
2.00000000 -4.50000000 	0.0000000000
2.00000000 -4.00000000 	0.0000000000
2.00000000 -3.50000000 	0.0000000000
2.00000000 -3.00000000 	0.0000000000
2.00000000 -2.50000000 	0.0000000000
2.00000000 -2.00000000 	-0.0000720397
2.00000000 -1.50000000 	-0.0024229314
2.00000000 -1.00000000 	-0.0344389356
2.00000000 -0.50000000 	-0.2665170441
2.00000000 0.00000000 	-1.1956092377
2.00000000 0.50000000 	-3.0041878188
2.00000000 1.00000000 	-3.5037552522
2.00000000 1.50000000 	-0.3661627283
2.00000000 2.00000000 	1.5164819521
2.00000000 2.50000000 	0.7796681860
2.00000000 3.00000000 	0.1535668558
2.00000000 3.50000000 	0.0108994165
2.00000000 4.00000000 	0.0000000000
2.00000000 4.50000000 	0.0000000000
2.00000000 5.00000000 	0.0000000000
2.00000000 5.50000000 	0.0000000000
2.00000000 6.00000000 	0.0000000000
2.00000000 6.50000000 	0.0000000000
2.00000000 7.00000000 	0.0000000000
2.00000000 7.50000000 	0.0000000000
2.00000000 8.00000000 	0.0000000000
