-8.00000000 -12.00000000 	0.0007054238
-8.00000000 -11.50000000 	0.0007054238
-8.00000000 -11.00000000 	0.0007054238
-8.00000000 -10.50000000 	0.0007054238
-8.00000000 -10.00000000 	0.0007054238
-8.00000000 -9.50000000 	0.0007054238
-8.00000000 -9.00000000 	0.0007054238
-8.00000000 -8.50000000 	0.0007054238
-8.00000000 -8.00000000 	0.0007054238
-8.00000000 -7.50000000 	0.0007054238
-8.00000000 -7.00000000 	0.0007054238
-8.00000000 -6.50000000 	0.0007054238
-8.00000000 -6.00000000 	0.0007054238
-8.00000000 -5.50000000 	0.0007054238
-8.00000000 -5.00000000 	0.0007054238
-8.00000000 -4.50000000 	0.0007054238
-8.00000000 -4.00000000 	0.0007054238
-8.00000000 -3.50000000 	0.0007054238
-8.00000000 -3.00000000 	0.0007054238
-8.00000000 -2.50000000 	0.0007054238
-8.00000000 -2.00000000 	0.0007054238
-8.00000000 -1.50000000 	0.0007054238
-8.00000000 -1.00000000 	0.0007054238
-8.00000000 -0.50000000 	0.0007054238
-8.00000000 0.00000000 	0.0007054238
-8.00000000 0.50000000 	0.0007054238
-8.00000000 1.00000000 	0.0007054238
-8.00000000 1.50000000 	0.0007054238
-8.00000000 2.00000000 	0.0007054238
-8.00000000 2.50000000 	0.0007054238
-8.00000000 3.00000000 	0.0007054238
-8.00000000 3.50000000 	0.0007054238
-8.00000000 4.00000000 	0.0007054238
-8.00000000 4.50000000 	0.0007054238
-8.00000000 5.00000000 	0.0007054238
-8.00000000 5.50000000 	0.0007054238
-8.00000000 6.00000000 	0.0007054238
-8.00000000 6.50000000 	0.0007054238
-8.00000000 7.00000000 	0.0007054238
-8.00000000 7.50000000 	0.0007054238
-8.00000000 8.00000000 	0.0007054238
-7.50000000 -12.00000000 	-0.2112314191
-7.50000000 -11.50000000 	-0.2112314191
-7.50000000 -11.00000000 	-0.2112314191
-7.50000000 -10.50000000 	-0.2112314191
-7.50000000 -10.00000000 	-0.2112314191
-7.50000000 -9.50000000 	-0.2112314191
-7.50000000 -9.00000000 	-0.2112314191
-7.50000000 -8.50000000 	-0.2112314191
-7.50000000 -8.00000000 	-0.2112314191
-7.50000000 -7.50000000 	-0.2112314191
-7.50000000 -7.00000000 	-0.2112314191
-7.50000000 -6.50000000 	-0.2112314191
-7.50000000 -6.00000000 	-0.2112314191
-7.50000000 -5.50000000 	-0.2112314191
-7.50000000 -5.00000000 	-0.2112314191
-7.50000000 -4.50000000 	-0.2112314191
-7.50000000 -4.00000000 	-0.2112314191
-7.50000000 -3.50000000 	-0.2112314191
-7.50000000 -3.00000000 	-0.2112314191
-7.50000000 -2.50000000 	-0.2112314191
-7.50000000 -2.00000000 	-0.2112314191
-7.50000000 -1.50000000 	-0.2112314191
-7.50000000 -1.00000000 	-0.2112314191
-7.50000000 -0.50000000 	-0.2112314191
-7.50000000 0.00000000 	-0.2112314191
-7.50000000 0.50000000 	-0.2112314191
-7.50000000 1.00000000 	-0.2112314191
-7.50000000 1.50000000 	-0.2112314191
-7.50000000 2.00000000 	-0.2112314191
-7.50000000 2.50000000 	-0.2112314191
-7.50000000 3.00000000 	-0.2112314191
-7.50000000 3.50000000 	-0.2112314191
-7.50000000 4.00000000 	-0.2112314191
-7.50000000 4.50000000 	-0.2112314191
-7.50000000 5.00000000 	-0.2112314191
-7.50000000 5.50000000 	-0.2112314191
-7.50000000 6.00000000 	-0.2112314191
-7.50000000 6.50000000 	-0.2112314191
-7.50000000 7.00000000 	-0.2112314191
-7.50000000 7.50000000 	-0.2112314191
-7.50000000 8.00000000 	-0.2112314191
-7.00000000 -12.00000000 	-1.2993415441
-7.00000000 -11.50000000 	-1.2993415441
-7.00000000 -11.00000000 	-1.2993415441
-7.00000000 -10.50000000 	-1.2993415441
-7.00000000 -10.00000000 	-1.2993415441
-7.00000000 -9.50000000 	-1.2993415441
-7.00000000 -9.00000000 	-1.2993415441
-7.00000000 -8.50000000 	-1.2993415441
-7.00000000 -8.00000000 	-1.2993415441
-7.00000000 -7.50000000 	-1.2993415441
-7.00000000 -7.00000000 	-1.2993415441
-7.00000000 -6.50000000 	-1.2993415441
-7.00000000 -6.00000000 	-1.2993415441
-7.00000000 -5.50000000 	-1.2993415441
-7.00000000 -5.00000000 	-1.2993415441
-7.00000000 -4.50000000 	-1.2993415441
-7.00000000 -4.00000000 	-1.2993415441
-7.00000000 -3.50000000 	-1.2993415441
-7.00000000 -3.00000000 	-1.2993415441
-7.00000000 -2.50000000 	-1.2993415441
-7.00000000 -2.00000000 	-1.2993415441
-7.00000000 -1.50000000 	-1.2993415441
-7.00000000 -1.00000000 	-1.2993415441
-7.00000000 -0.50000000 	-1.2993415441
-7.00000000 0.00000000 	-1.2993415441
-7.00000000 0.50000000 	-1.2993415441
-7.00000000 1.00000000 	-1.2993415441
-7.00000000 1.50000000 	-1.2993415441
-7.00000000 2.00000000 	-1.2993415441
-7.00000000 2.50000000 	-1.2993415441
-7.00000000 3.00000000 	-1.2993415441
-7.00000000 3.50000000 	-1.2993415441
-7.00000000 4.00000000 	-1.2993415441
-7.00000000 4.50000000 	-1.2993415441
-7.00000000 5.00000000 	-1.2993415441
-7.00000000 5.50000000 	-1.2993415441
-7.00000000 6.00000000 	-1.2993415441
-7.00000000 6.50000000 	-1.2993415441
-7.00000000 7.00000000 	-1.2993415441
-7.00000000 7.50000000 	-1.2993415441
-7.00000000 8.00000000 	-1.2993415441
-6.50000000 -12.00000000 	-3.3687067664
-6.50000000 -11.50000000 	-3.3687067664
-6.50000000 -11.00000000 	-3.3687067664
-6.50000000 -10.50000000 	-3.3687067664
-6.50000000 -10.00000000 	-3.3687067664
-6.50000000 -9.50000000 	-3.3687067664
-6.50000000 -9.00000000 	-3.3687067664
-6.50000000 -8.50000000 	-3.3687067664
-6.50000000 -8.00000000 	-3.3687067664
-6.50000000 -7.50000000 	-3.3687067664
-6.50000000 -7.00000000 	-3.3687067664
-6.50000000 -6.50000000 	-3.3687067664
-6.50000000 -6.00000000 	-3.3687067664
-6.50000000 -5.50000000 	-3.3687067664
-6.50000000 -5.00000000 	-3.3687067664
-6.50000000 -4.50000000 	-3.3687067664
-6.50000000 -4.00000000 	-3.3687067664
-6.50000000 -3.50000000 	-3.3687067664
-6.50000000 -3.00000000 	-3.3687067664
-6.50000000 -2.50000000 	-3.3687067664
-6.50000000 -2.00000000 	-3.3687067664
-6.50000000 -1.50000000 	-3.3687067664
-6.50000000 -1.00000000 	-3.3687067664
-6.50000000 -0.50000000 	-3.3687067664
-6.50000000 0.00000000 	-3.3687067664
-6.50000000 0.50000000 	-3.3687067664
-6.50000000 1.00000000 	-3.3687067664
-6.50000000 1.50000000 	-3.3687067664
-6.50000000 2.00000000 	-3.3687067664
-6.50000000 2.50000000 	-3.3687067664
-6.50000000 3.00000000 	-3.3687067664
-6.50000000 3.50000000 	-3.3687067664
-6.50000000 4.00000000 	-3.3687067664
-6.50000000 4.50000000 	-3.3687067664
-6.50000000 5.00000000 	-3.3687067664
-6.50000000 5.50000000 	-3.3687067664
-6.50000000 6.00000000 	-3.3687067664
-6.50000000 6.50000000 	-3.3687067664
-6.50000000 7.00000000 	-3.3687067664
-6.50000000 7.50000000 	-3.3687067664
-6.50000000 8.00000000 	-3.3687067664
-6.00000000 -12.00000000 	-4.2719002055
-6.00000000 -11.50000000 	-4.2719002055
-6.00000000 -11.00000000 	-4.2719002055
-6.00000000 -10.50000000 	-4.2719002055
-6.00000000 -10.00000000 	-4.2719002055
-6.00000000 -9.50000000 	-4.2719002055
-6.00000000 -9.00000000 	-4.2719002055
-6.00000000 -8.50000000 	-4.2719002055
-6.00000000 -8.00000000 	-4.2719002055
-6.00000000 -7.50000000 	-4.2719002055
-6.00000000 -7.00000000 	-4.2719002055
-6.00000000 -6.50000000 	-4.2719002055
-6.00000000 -6.00000000 	-4.2719002055
-6.00000000 -5.50000000 	-4.2719002055
-6.00000000 -5.00000000 	-4.2719002055
-6.00000000 -4.50000000 	-4.2719002055
-6.00000000 -4.00000000 	-4.2719002055
-6.00000000 -3.50000000 	-4.2719002055
-6.00000000 -3.00000000 	-4.2719002055
-6.00000000 -2.50000000 	-4.2719002055
-6.00000000 -2.00000000 	-4.2719002055
-6.00000000 -1.50000000 	-4.2719002055
-6.00000000 -1.00000000 	-4.2719002055
-6.00000000 -0.50000000 	-4.2719002055
-6.00000000 0.00000000 	-4.2719002055
-6.00000000 0.50000000 	-4.2719002055
-6.00000000 1.00000000 	-4.2719002055
-6.00000000 1.50000000 	-4.2719002055
-6.00000000 2.00000000 	-4.2719002055
-6.00000000 2.50000000 	-4.2719002055
-6.00000000 3.00000000 	-4.2719002055
-6.00000000 3.50000000 	-4.2719002055
-6.00000000 4.00000000 	-4.2719002055
-6.00000000 4.50000000 	-4.2719002055
-6.00000000 5.00000000 	-4.2719002055
-6.00000000 5.50000000 	-4.2719002055
-6.00000000 6.00000000 	-4.2719002055
-6.00000000 6.50000000 	-4.2719002055
-6.00000000 7.00000000 	-4.2719002055
-6.00000000 7.50000000 	-4.2719002055
-6.00000000 8.00000000 	-4.2719002055
-5.50000000 -12.00000000 	-1.3285204095
-5.50000000 -11.50000000 	-1.3285204095
-5.50000000 -11.00000000 	-1.3285204095
-5.50000000 -10.50000000 	-1.3285204095
-5.50000000 -10.00000000 	-1.3285204095
-5.50000000 -9.50000000 	-1.3285204095
-5.50000000 -9.00000000 	-1.3285204095
-5.50000000 -8.50000000 	-1.3285204095
-5.50000000 -8.00000000 	-1.3285204095
-5.50000000 -7.50000000 	-1.3285204095
-5.50000000 -7.00000000 	-1.3285204095
-5.50000000 -6.50000000 	-1.3285204095
-5.50000000 -6.00000000 	-1.3285204095
-5.50000000 -5.50000000 	-1.3285204095
-5.50000000 -5.00000000 	-1.3285204095
-5.50000000 -4.50000000 	-1.3285204095
-5.50000000 -4.00000000 	-1.3285204095
-5.50000000 -3.50000000 	-1.3285204095
-5.50000000 -3.00000000 	-1.3285204095
-5.50000000 -2.50000000 	-1.3285204095
-5.50000000 -2.00000000 	-1.3285204095
-5.50000000 -1.50000000 	-1.3285204095
-5.50000000 -1.00000000 	-1.3285204095
-5.50000000 -0.50000000 	-1.3285204095
-5.50000000 0.00000000 	-1.3285204095
-5.50000000 0.50000000 	-1.3285204095
-5.50000000 1.00000000 	-1.3285204095
-5.50000000 1.50000000 	-1.3285204095
-5.50000000 2.00000000 	-1.3285204095
-5.50000000 2.50000000 	-1.3285204095
-5.50000000 3.00000000 	-1.3285204095
-5.50000000 3.50000000 	-1.3285204095
-5.50000000 4.00000000 	-1.3285204095
-5.50000000 4.50000000 	-1.3285204095
-5.50000000 5.00000000 	-1.3285204095
-5.50000000 5.50000000 	-1.3285204095
-5.50000000 6.00000000 	-1.3285204095
-5.50000000 6.50000000 	-1.3285204095
-5.50000000 7.00000000 	-1.3285204095
-5.50000000 7.50000000 	-1.3285204095
-5.50000000 8.00000000 	-1.3285204095
-5.00000000 -12.00000000 	3.3452632379
-5.00000000 -11.50000000 	3.3452632379
-5.00000000 -11.00000000 	3.3452632379
-5.00000000 -10.50000000 	3.3452632379
-5.00000000 -10.00000000 	3.3452632379
-5.00000000 -9.50000000 	3.3452632379
-5.00000000 -9.00000000 	3.3452632379
-5.00000000 -8.50000000 	3.3452632379
-5.00000000 -8.00000000 	3.3452632379
-5.00000000 -7.50000000 	3.3452632379
-5.00000000 -7.00000000 	3.3452632379
-5.00000000 -6.50000000 	3.3452632379
-5.00000000 -6.00000000 	3.3452632379
-5.00000000 -5.50000000 	3.3452632379
-5.00000000 -5.00000000 	3.3452632379
-5.00000000 -4.50000000 	3.3452632379
-5.00000000 -4.00000000 	3.3452632379
-5.00000000 -3.50000000 	3.3452632379
-5.00000000 -3.00000000 	3.3452632379
-5.00000000 -2.50000000 	3.3452632379
-5.00000000 -2.00000000 	3.3452632379
-5.00000000 -1.50000000 	3.3452632379
-5.00000000 -1.00000000 	3.3452632379
-5.00000000 -0.50000000 	3.3452632379
-5.00000000 0.00000000 	3.3452632379
-5.00000000 0.50000000 	3.3452632379
-5.00000000 1.00000000 	3.3452632379
-5.00000000 1.50000000 	3.3452632379
-5.00000000 2.00000000 	3.3452632379
-5.00000000 2.50000000 	3.3452632379
-5.00000000 3.00000000 	3.3452632379
-5.00000000 3.50000000 	3.3452632379
-5.00000000 4.00000000 	3.3452632379
-5.00000000 4.50000000 	3.3452632379
-5.00000000 5.00000000 	3.3452632379
-5.00000000 5.50000000 	3.3452632379
-5.00000000 6.00000000 	3.3452632379
-5.00000000 6.50000000 	3.3452632379
-5.00000000 7.00000000 	3.3452632379
-5.00000000 7.50000000 	3.3452632379
-5.00000000 8.00000000 	3.3452632379
-4.50000000 -12.00000000 	4.5092147181
-4.50000000 -11.50000000 	4.5092147181
-4.50000000 -11.00000000 	4.5092147181
-4.50000000 -10.50000000 	4.5092147181
-4.50000000 -10.00000000 	4.5092147181
-4.50000000 -9.50000000 	4.5092147181
-4.50000000 -9.00000000 	4.5092147181
-4.50000000 -8.50000000 	4.5092147181
-4.50000000 -8.00000000 	4.5092147181
-4.50000000 -7.50000000 	4.5092147181
-4.50000000 -7.00000000 	4.5092147181
-4.50000000 -6.50000000 	4.5092147181
-4.50000000 -6.00000000 	4.5092147181
-4.50000000 -5.50000000 	4.5092147181
-4.50000000 -5.00000000 	4.5092147181
-4.50000000 -4.50000000 	4.5092147181
-4.50000000 -4.00000000 	4.5092147181
-4.50000000 -3.50000000 	4.5092147181
-4.50000000 -3.00000000 	4.5092147181
-4.50000000 -2.50000000 	4.5092147181
-4.50000000 -2.00000000 	4.5092147181
-4.50000000 -1.50000000 	4.5092147181
-4.50000000 -1.00000000 	4.5092147181
-4.50000000 -0.50000000 	4.5092147181
-4.50000000 0.00000000 	4.5092147181
-4.50000000 0.50000000 	4.5092147181
-4.50000000 1.00000000 	4.5092147181
-4.50000000 1.50000000 	4.5092147181
-4.50000000 2.00000000 	4.5092147181
-4.50000000 2.50000000 	4.5092147181
-4.50000000 3.00000000 	4.5092147181
-4.50000000 3.50000000 	4.5092147181
-4.50000000 4.00000000 	4.5092147181
-4.50000000 4.50000000 	4.5092147181
-4.50000000 5.00000000 	4.5092147181
-4.50000000 5.50000000 	4.5092147181
-4.50000000 6.00000000 	4.5092147181
-4.50000000 6.50000000 	4.5092147181
-4.50000000 7.00000000 	4.5092147181
-4.50000000 7.50000000 	4.5092147181
-4.50000000 8.00000000 	4.5092147181
-4.00000000 -12.00000000 	2.2252730879
-4.00000000 -11.50000000 	2.2252730879
-4.00000000 -11.00000000 	2.2252730879
-4.00000000 -10.50000000 	2.2252730879
-4.00000000 -10.00000000 	2.2252730879
-4.00000000 -9.50000000 	2.2252730879
-4.00000000 -9.00000000 	2.2252730879
-4.00000000 -8.50000000 	2.2252730879
-4.00000000 -8.00000000 	2.2252730879
-4.00000000 -7.50000000 	2.2252730879
-4.00000000 -7.00000000 	2.2252730879
-4.00000000 -6.50000000 	2.2252730879
-4.00000000 -6.00000000 	2.2252730879
-4.00000000 -5.50000000 	2.2252730879
-4.00000000 -5.00000000 	2.2252730879
-4.00000000 -4.50000000 	2.2252730879
-4.00000000 -4.00000000 	2.2252730879
-4.00000000 -3.50000000 	2.2252730879
-4.00000000 -3.00000000 	2.2252730879
-4.00000000 -2.50000000 	2.2252730879
-4.00000000 -2.00000000 	2.2252730879
-4.00000000 -1.50000000 	2.2252730879
-4.00000000 -1.00000000 	2.2252730879
-4.00000000 -0.50000000 	2.2252730879
-4.00000000 0.00000000 	2.2252730879
-4.00000000 0.50000000 	2.2252730879
-4.00000000 1.00000000 	2.2252730879
-4.00000000 1.50000000 	2.2252730879
-4.00000000 2.00000000 	2.2252730879
-4.00000000 2.50000000 	2.2252730879
-4.00000000 3.00000000 	2.2252730879
-4.00000000 3.50000000 	2.2252730879
-4.00000000 4.00000000 	2.2252730879
-4.00000000 4.50000000 	2.2252730879
-4.00000000 5.00000000 	2.2252730879
-4.00000000 5.50000000 	2.2252730879
-4.00000000 6.00000000 	2.2252730879
-4.00000000 6.50000000 	2.2252730879
-4.00000000 7.00000000 	2.2252730879
-4.00000000 7.50000000 	2.2252730879
-4.00000000 8.00000000 	2.2252730879
-3.50000000 -12.00000000 	0.3992438769
-3.50000000 -11.50000000 	0.3992438769
-3.50000000 -11.00000000 	0.3992438769
-3.50000000 -10.50000000 	0.3992438769
-3.50000000 -10.00000000 	0.3992438769
-3.50000000 -9.50000000 	0.3992438769
-3.50000000 -9.00000000 	0.3992438769
-3.50000000 -8.50000000 	0.3992438769
-3.50000000 -8.00000000 	0.3992438769
-3.50000000 -7.50000000 	0.3992438769
-3.50000000 -7.00000000 	0.3992438769
-3.50000000 -6.50000000 	0.3992438769
-3.50000000 -6.00000000 	0.3992438769
-3.50000000 -5.50000000 	0.3992438769
-3.50000000 -5.00000000 	0.3992438769
-3.50000000 -4.50000000 	0.3992438769
-3.50000000 -4.00000000 	0.3992438769
-3.50000000 -3.50000000 	0.3992438769
-3.50000000 -3.00000000 	0.3992438769
-3.50000000 -2.50000000 	0.3992438769
-3.50000000 -2.00000000 	0.3992438769
-3.50000000 -1.50000000 	0.3992438769
-3.50000000 -1.00000000 	0.3992438769
-3.50000000 -0.50000000 	0.3992438769
-3.50000000 0.00000000 	0.3992438769
-3.50000000 0.50000000 	0.3992438769
-3.50000000 1.00000000 	0.3992438769
-3.50000000 1.50000000 	0.3992438769
-3.50000000 2.00000000 	0.3992438769
-3.50000000 2.50000000 	0.3992438769
-3.50000000 3.00000000 	0.3992438769
-3.50000000 3.50000000 	0.3992438769
-3.50000000 4.00000000 	0.3992438769
-3.50000000 4.50000000 	0.3992438769
-3.50000000 5.00000000 	0.3992438769
-3.50000000 5.50000000 	0.3992438769
-3.50000000 6.00000000 	0.3992438769
-3.50000000 6.50000000 	0.3992438769
-3.50000000 7.00000000 	0.3992438769
-3.50000000 7.50000000 	0.3992438769
-3.50000000 8.00000000 	0.3992438769
-3.00000000 -12.00000000 	0.0000000000
-3.00000000 -11.50000000 	0.0000000000
-3.00000000 -11.00000000 	0.0000000000
-3.00000000 -10.50000000 	0.0000000000
-3.00000000 -10.00000000 	0.0000000000
-3.00000000 -9.50000000 	0.0000000000
-3.00000000 -9.00000000 	0.0000000000
-3.00000000 -8.50000000 	0.0000000000
-3.00000000 -8.00000000 	0.0000000000
-3.00000000 -7.50000000 	0.0000000000
-3.00000000 -7.00000000 	0.0000000000
-3.00000000 -6.50000000 	0.0000000000
-3.00000000 -6.00000000 	0.0000000000
-3.00000000 -5.50000000 	0.0000000000
-3.00000000 -5.00000000 	0.0000000000
-3.00000000 -4.50000000 	0.0000000000
-3.00000000 -4.00000000 	0.0000000000
-3.00000000 -3.50000000 	0.0000000000
-3.00000000 -3.00000000 	0.0000000000
-3.00000000 -2.50000000 	0.0000000000
-3.00000000 -2.00000000 	0.0000000000
-3.00000000 -1.50000000 	0.0000000000
-3.00000000 -1.00000000 	0.0000000000
-3.00000000 -0.50000000 	0.0000000000
-3.00000000 0.00000000 	0.0341659999
-3.00000000 0.50000000 	0.0341659999
-3.00000000 1.00000000 	0.0341659999
-3.00000000 1.50000000 	0.0341659999
-3.00000000 2.00000000 	0.0341659999
-3.00000000 2.50000000 	0.0341659999
-3.00000000 3.00000000 	0.0000000000
-3.00000000 3.50000000 	0.0000000000
-3.00000000 4.00000000 	0.0000000000
-3.00000000 4.50000000 	0.0000000000
-3.00000000 5.00000000 	0.0000000000
-3.00000000 5.50000000 	0.0000000000
-3.00000000 6.00000000 	0.0000000000
-3.00000000 6.50000000 	0.0000000000
-3.00000000 7.00000000 	0.0000000000
-3.00000000 7.50000000 	0.0000000000
-3.00000000 8.00000000 	0.0000000000
-2.50000000 -12.00000000 	0.0000000000
-2.50000000 -11.50000000 	0.0000000000
-2.50000000 -11.00000000 	0.0000000000
-2.50000000 -10.50000000 	0.0000000000
-2.50000000 -10.00000000 	0.0000000000
-2.50000000 -9.50000000 	0.0000000000
-2.50000000 -9.00000000 	0.0000000000
-2.50000000 -8.50000000 	0.0000000000
-2.50000000 -8.00000000 	0.0000000000
-2.50000000 -7.50000000 	0.0000000000
-2.50000000 -7.00000000 	0.0000000000
-2.50000000 -6.50000000 	0.0000000000
-2.50000000 -6.00000000 	0.0000000000
-2.50000000 -5.50000000 	0.0000000000
-2.50000000 -5.00000000 	0.0000000000
-2.50000000 -4.50000000 	0.0000000000
-2.50000000 -4.00000000 	0.0000000000
-2.50000000 -3.50000000 	0.0000000000
-2.50000000 -3.00000000 	0.0000000000
-2.50000000 -2.50000000 	0.0000000000
-2.50000000 -2.00000000 	0.0000000000
-2.50000000 -1.50000000 	0.0000000000
-2.50000000 -1.00000000 	0.0000000000
-2.50000000 -0.50000000 	0.1372289317
-2.50000000 0.00000000 	0.1372289317
-2.50000000 0.50000000 	0.2410293272
-2.50000000 1.00000000 	0.2410293272
-2.50000000 1.50000000 	0.2410293272
-2.50000000 2.00000000 	0.2410293272
-2.50000000 2.50000000 	0.1372289317
-2.50000000 3.00000000 	0.1372289317
-2.50000000 3.50000000 	0.0000000000
-2.50000000 4.00000000 	0.0000000000
-2.50000000 4.50000000 	0.0000000000
-2.50000000 5.00000000 	0.0000000000
-2.50000000 5.50000000 	0.0000000000
-2.50000000 6.00000000 	0.0000000000
-2.50000000 6.50000000 	0.0000000000
-2.50000000 7.00000000 	0.0000000000
-2.50000000 7.50000000 	0.0000000000
-2.50000000 8.00000000 	0.0000000000
-2.00000000 -12.00000000 	0.0000000000
-2.00000000 -11.50000000 	0.0000000000
-2.00000000 -11.00000000 	0.0000000000
-2.00000000 -10.50000000 	0.0000000000
-2.00000000 -10.00000000 	0.0000000000
-2.00000000 -9.50000000 	0.0000000000
-2.00000000 -9.00000000 	0.0000000000
-2.00000000 -8.50000000 	0.0000000000
-2.00000000 -8.00000000 	0.0000000000
-2.00000000 -7.50000000 	0.0000000000
-2.00000000 -7.00000000 	0.0000000000
-2.00000000 -6.50000000 	0.0000000000
-2.00000000 -6.00000000 	0.0000000000
-2.00000000 -5.50000000 	0.0000000000
-2.00000000 -5.00000000 	0.0000000000
-2.00000000 -4.50000000 	0.0000000000
-2.00000000 -4.00000000 	0.0000000000
-2.00000000 -3.50000000 	0.0000000000
-2.00000000 -3.00000000 	0.0000000000
-2.00000000 -2.50000000 	0.0000000000
-2.00000000 -2.00000000 	0.0000000000
-2.00000000 -1.50000000 	0.0000000000
-2.00000000 -1.00000000 	0.2409303314
-2.00000000 -0.50000000 	0.2409303314
-2.00000000 0.00000000 	0.6260357141
-2.00000000 0.50000000 	0.6260357141
-2.00000000 1.00000000 	0.7320029368
-2.00000000 1.50000000 	0.7320029368
-2.00000000 2.00000000 	0.6260357141
-2.00000000 2.50000000 	0.6260357141
-2.00000000 3.00000000 	0.2409303314
-2.00000000 3.50000000 	0.2409303314
-2.00000000 4.00000000 	0.0000000000
-2.00000000 4.50000000 	0.0000000000
-2.00000000 5.00000000 	0.0000000000
-2.00000000 5.50000000 	0.0000000000
-2.00000000 6.00000000 	0.0000000000
-2.00000000 6.50000000 	0.0000000000
-2.00000000 7.00000000 	0.0000000000
-2.00000000 7.50000000 	0.0000000000
-2.00000000 8.00000000 	0.0000000000
-1.50000000 -12.00000000 	0.0000000000
-1.50000000 -11.50000000 	0.0000000000
-1.50000000 -11.00000000 	0.0000000000
-1.50000000 -10.50000000 	0.0000000000
-1.50000000 -10.00000000 	0.0000000000
-1.50000000 -9.50000000 	0.0000000000
-1.50000000 -9.00000000 	0.0000000000
-1.50000000 -8.50000000 	0.0000000000
-1.50000000 -8.00000000 	0.0000000000
-1.50000000 -7.50000000 	0.0000000000
-1.50000000 -7.00000000 	0.0000000000
-1.50000000 -6.50000000 	0.0000000000
-1.50000000 -6.00000000 	0.0000000000
-1.50000000 -5.50000000 	0.0000000000
-1.50000000 -5.00000000 	0.0000000000
-1.50000000 -4.50000000 	0.0000000000
-1.50000000 -4.00000000 	0.0000000000
-1.50000000 -3.50000000 	0.0000000000
-1.50000000 -3.00000000 	0.0000000000
-1.50000000 -2.50000000 	0.0000000000
-1.50000000 -2.00000000 	0.0000000000
-1.50000000 -1.50000000 	0.2409282596
-1.50000000 -1.00000000 	0.2756962753
-1.50000000 -0.50000000 	0.8772145707
-1.50000000 0.00000000 	0.8772145707
-1.50000000 0.50000000 	1.2039093971
-1.50000000 1.00000000 	1.2039093971
-1.50000000 1.50000000 	1.2039093971
-1.50000000 2.00000000 	1.2039093971
-1.50000000 2.50000000 	0.8772145707
-1.50000000 3.00000000 	0.8772145707
-1.50000000 3.50000000 	0.2756962753
-1.50000000 4.00000000 	0.2756962753
-1.50000000 4.50000000 	0.0000000000
-1.50000000 5.00000000 	0.0000000000
-1.50000000 5.50000000 	0.0000000000
-1.50000000 6.00000000 	0.0000000000
-1.50000000 6.50000000 	0.0000000000
-1.50000000 7.00000000 	0.0000000000
-1.50000000 7.50000000 	0.0000000000
-1.50000000 8.00000000 	0.0000000000
-1.00000000 -12.00000000 	0.0000000000
-1.00000000 -11.50000000 	0.0000000000
-1.00000000 -11.00000000 	0.0000000000
-1.00000000 -10.50000000 	0.0000000000
-1.00000000 -10.00000000 	0.0000000000
-1.00000000 -9.50000000 	0.0000000000
-1.00000000 -9.00000000 	0.0000000000
-1.00000000 -8.50000000 	0.0000000000
-1.00000000 -8.00000000 	0.0000000000
-1.00000000 -7.50000000 	0.0000000000
-1.00000000 -7.00000000 	0.0000000000
-1.00000000 -6.50000000 	0.0000000000
-1.00000000 -6.00000000 	0.0000000000
-1.00000000 -5.50000000 	0.0000000000
-1.00000000 -5.00000000 	0.0000000000
-1.00000000 -4.50000000 	0.0000000000
-1.00000000 -4.00000000 	0.0000000000
-1.00000000 -3.50000000 	0.0000000000
-1.00000000 -3.00000000 	0.0000000000
-1.00000000 -2.50000000 	0.0000000000
-1.00000000 -2.00000000 	0.1372258590
-1.00000000 -1.50000000 	0.2756947284
-1.00000000 -1.00000000 	0.7735077555
-1.00000000 -0.50000000 	0.8809374261
-1.00000000 0.00000000 	1.2217470160
-1.00000000 0.50000000 	1.2217470160
-1.00000000 1.00000000 	1.2632906617
-1.00000000 1.50000000 	1.2632906617
-1.00000000 2.00000000 	1.2217470160
-1.00000000 2.50000000 	1.2217470160
-1.00000000 3.00000000 	0.8809374261
-1.00000000 3.50000000 	0.8809374261
-1.00000000 4.00000000 	0.2756947284
-1.00000000 4.50000000 	0.2409267127
-1.00000000 5.00000000 	0.0000000000
-1.00000000 5.50000000 	0.0000000000
-1.00000000 6.00000000 	0.0000000000
-1.00000000 6.50000000 	0.0000000000
-1.00000000 7.00000000 	0.0000000000
-1.00000000 7.50000000 	0.0000000000
-1.00000000 8.00000000 	0.0000000000
-0.50000000 -12.00000000 	0.0000000000
-0.50000000 -11.50000000 	0.0000000000
-0.50000000 -11.00000000 	0.0000000000
-0.50000000 -10.50000000 	0.0000000000
-0.50000000 -10.00000000 	0.0000000000
-0.50000000 -9.50000000 	0.0000000000
-0.50000000 -9.00000000 	0.0000000000
-0.50000000 -8.50000000 	0.0000000000
-0.50000000 -8.00000000 	0.0000000000
-0.50000000 -7.50000000 	0.0000000000
-0.50000000 -7.00000000 	0.0000000000
-0.50000000 -6.50000000 	0.0000000000
-0.50000000 -6.00000000 	0.0000000000
-0.50000000 -5.50000000 	0.0000000000
-0.50000000 -5.00000000 	0.0000000000
-0.50000000 -4.50000000 	0.0000000000
-0.50000000 -4.00000000 	0.0000000000
-0.50000000 -3.50000000 	0.0000000000
-0.50000000 -3.00000000 	0.0000000000
-0.50000000 -2.50000000 	0.0341650057
-0.50000000 -2.00000000 	0.2409267127
-0.50000000 -1.50000000 	0.4544094077
-0.50000000 -1.00000000 	0.8461647647
-0.50000000 -0.50000000 	0.8675042113
-0.50000000 0.00000000 	0.9781532143
-0.50000000 0.50000000 	0.8076224183
-0.50000000 1.00000000 	0.8076224183
-0.50000000 1.50000000 	0.8076224183
-0.50000000 2.00000000 	0.8076224183
-0.50000000 2.50000000 	0.9781532143
-0.50000000 3.00000000 	0.9781532143
-0.50000000 3.50000000 	0.8461647647
-0.50000000 4.00000000 	0.7387350941
-0.50000000 4.50000000 	0.2409267127
-0.50000000 5.00000000 	0.1372258590
-0.50000000 5.50000000 	0.0000000000
-0.50000000 6.00000000 	0.0000000000
-0.50000000 6.50000000 	0.0000000000
-0.50000000 7.00000000 	0.0000000000
-0.50000000 7.50000000 	0.0000000000
-0.50000000 8.00000000 	0.0000000000
0.00000000 -12.00000000 	0.0000000000
0.00000000 -11.50000000 	0.0000000000
0.00000000 -11.00000000 	0.0000000000
0.00000000 -10.50000000 	0.0000000000
0.00000000 -10.00000000 	0.0000000000
0.00000000 -9.50000000 	0.0000000000
0.00000000 -9.00000000 	0.0000000000
0.00000000 -8.50000000 	0.0000000000
0.00000000 -8.00000000 	0.0000000000
0.00000000 -7.50000000 	0.0000000000
0.00000000 -7.00000000 	0.0000000000
0.00000000 -6.50000000 	0.0000000000
0.00000000 -6.00000000 	0.0000000000
0.00000000 -5.50000000 	0.0000000000
0.00000000 -5.00000000 	0.0000000000
0.00000000 -4.50000000 	0.0000000000
0.00000000 -4.00000000 	0.0000000000
0.00000000 -3.50000000 	0.0000000000
0.00000000 -3.00000000 	0.0000000000
0.00000000 -2.50000000 	0.1372258590
0.00000000 -2.00000000 	0.2078114885
0.00000000 -1.50000000 	0.7387350941
0.00000000 -1.00000000 	0.5390301399
0.00000000 -0.50000000 	0.8707184880
0.00000000 0.00000000 	0.3706214464
0.00000000 0.50000000 	0.4082028194
0.00000000 1.00000000 	0.2606774387
0.00000000 1.50000000 	0.2606774387
0.00000000 2.00000000 	0.4082028194
0.00000000 2.50000000 	0.4082028194
0.00000000 3.00000000 	0.8707184880
0.00000000 3.50000000 	0.7600694851
0.00000000 4.00000000 	0.7387350941
0.00000000 4.50000000 	0.4192642260
0.00000000 5.00000000 	0.1372258590
0.00000000 5.50000000 	0.0341650057
0.00000000 6.00000000 	0.0000000000
0.00000000 6.50000000 	0.0000000000
0.00000000 7.00000000 	0.0000000000
0.00000000 7.50000000 	0.0000000000
0.00000000 8.00000000 	0.0000000000
0.50000000 -12.00000000 	0.0000000000
0.50000000 -11.50000000 	0.0000000000
0.50000000 -11.00000000 	0.0000000000
0.50000000 -10.50000000 	0.0000000000
0.50000000 -10.00000000 	0.0000000000
0.50000000 -9.50000000 	0.0000000000
0.50000000 -9.00000000 	0.0000000000
0.50000000 -8.50000000 	0.0000000000
0.50000000 -8.00000000 	0.0000000000
0.50000000 -7.50000000 	0.0000000000
0.50000000 -7.00000000 	0.0000000000
0.50000000 -6.50000000 	0.0000000000
0.50000000 -6.00000000 	0.0000000000
0.50000000 -5.50000000 	0.0000000000
0.50000000 -5.00000000 	0.0000000000
0.50000000 -4.50000000 	0.0000000000
0.50000000 -4.00000000 	0.0000000000
0.50000000 -3.50000000 	0.0000000000
0.50000000 -3.00000000 	0.0341650057
0.50000000 -2.50000000 	0.1030599949
0.50000000 -2.00000000 	0.4192642260
0.50000000 -1.50000000 	0.4259946756
0.50000000 -1.00000000 	0.7600694851
0.50000000 -0.50000000 	0.2586382346
0.50000000 0.00000000 	0.2975526735
0.50000000 0.50000000 	0.0375815802
0.50000000 1.00000000 	0.0375815802
0.50000000 1.50000000 	0.0375815802
0.50000000 2.00000000 	0.0375815802
0.50000000 2.50000000 	0.2975526735
0.50000000 3.00000000 	0.2599713005
0.50000000 3.50000000 	0.7600694851
0.50000000 4.00000000 	0.4304965383
0.50000000 4.50000000 	0.4192642260
0.50000000 5.00000000 	0.1037979577
0.50000000 5.50000000 	0.0341650057
0.50000000 6.00000000 	0.0000000000
0.50000000 6.50000000 	0.0000000000
0.50000000 7.00000000 	0.0000000000
0.50000000 7.50000000 	0.0000000000
0.50000000 8.00000000 	0.0000000000
1.00000000 -12.00000000 	0.0000000000
1.00000000 -11.50000000 	0.0000000000
1.00000000 -11.00000000 	0.0000000000
1.00000000 -10.50000000 	0.0000000000
1.00000000 -10.00000000 	0.0000000000
1.00000000 -9.50000000 	0.0000000000
1.00000000 -9.00000000 	0.0000000000
1.00000000 -8.50000000 	0.0000000000
1.00000000 -8.00000000 	0.0000000000
1.00000000 -7.50000000 	0.0000000000
1.00000000 -7.00000000 	0.0000000000
1.00000000 -6.50000000 	0.0000000000
1.00000000 -6.00000000 	0.0000000000
1.00000000 -5.50000000 	0.0000000000
1.00000000 -5.00000000 	0.0000000000
1.00000000 -4.50000000 	0.0000000000
1.00000000 -4.00000000 	0.0000000000
1.00000000 -3.50000000 	0.0000000000
1.00000000 -3.00000000 	0.0341650057
1.00000000 -2.50000000 	0.1037979577
1.00000000 -2.00000000 	0.3151509725
1.00000000 -1.50000000 	0.4304965383
1.00000000 -1.00000000 	0.3652146412
1.00000000 -0.50000000 	0.2599713005
1.00000000 0.00000000 	0.0375827125
1.00000000 0.50000000 	0.0000000000
1.00000000 1.00000000 	0.0000000000
1.00000000 1.50000000 	0.0000000000
1.00000000 2.00000000 	0.0000000000
1.00000000 2.50000000 	0.0000000000
1.00000000 3.00000000 	0.2599713005
1.00000000 3.50000000 	0.1475220682
1.00000000 4.00000000 	0.4304965383
1.00000000 4.50000000 	0.1059690304
1.00000000 5.00000000 	0.1037979577
1.00000000 5.50000000 	0.0000000000
1.00000000 6.00000000 	0.0000000000
1.00000000 6.50000000 	0.0000000000
1.00000000 7.00000000 	0.0000000000
1.00000000 7.50000000 	0.0000000000
1.00000000 8.00000000 	0.0000000000
1.50000000 -12.00000000 	0.0000000000
1.50000000 -11.50000000 	0.0000000000
1.50000000 -11.00000000 	0.0000000000
1.50000000 -10.50000000 	0.0000000000
1.50000000 -10.00000000 	0.0000000000
1.50000000 -9.50000000 	0.0000000000
1.50000000 -9.00000000 	0.0000000000
1.50000000 -8.50000000 	0.0000000000
1.50000000 -8.00000000 	0.0000000000
1.50000000 -7.50000000 	0.0000000000
1.50000000 -7.00000000 	0.0000000000
1.50000000 -6.50000000 	0.0000000000
1.50000000 -6.00000000 	0.0000000000
1.50000000 -5.50000000 	0.0000000000
1.50000000 -5.00000000 	0.0000000000
1.50000000 -4.50000000 	0.0000000000
1.50000000 -4.00000000 	0.0000000000
1.50000000 -3.50000000 	0.0000000000
1.50000000 -3.00000000 	0.0000000000
1.50000000 -2.50000000 	0.1037979577
1.50000000 -2.00000000 	0.1059690304
1.50000000 -1.50000000 	0.3235933229
1.50000000 -1.00000000 	0.1475220682
1.50000000 -0.50000000 	0.1119851691
1.50000000 0.00000000 	0.0000000000
1.50000000 0.50000000 	0.0000000000
1.50000000 1.00000000 	0.0000000000
1.50000000 1.50000000 	0.0000000000
1.50000000 2.00000000 	0.0000000000
1.50000000 2.50000000 	0.0000000000
1.50000000 3.00000000 	0.0000000000
1.50000000 3.50000000 	0.1475220682
1.50000000 4.00000000 	0.0362946885
1.50000000 4.50000000 	0.1059690304
1.50000000 5.00000000 	0.0000000000
1.50000000 5.50000000 	0.0000000000
1.50000000 6.00000000 	0.0000000000
1.50000000 6.50000000 	0.0000000000
1.50000000 7.00000000 	0.0000000000
1.50000000 7.50000000 	0.0000000000
1.50000000 8.00000000 	0.0000000000
2.00000000 -12.00000000 	0.0000000000
2.00000000 -11.50000000 	0.0000000000
2.00000000 -11.00000000 	0.0000000000
2.00000000 -10.50000000 	0.0000000000
2.00000000 -10.00000000 	0.0000000000
2.00000000 -9.50000000 	0.0000000000
2.00000000 -9.00000000 	0.0000000000
2.00000000 -8.50000000 	0.0000000000
2.00000000 -8.00000000 	0.0000000000
2.00000000 -7.50000000 	0.0000000000
2.00000000 -7.00000000 	0.0000000000
2.00000000 -6.50000000 	0.0000000000
2.00000000 -6.00000000 	0.0000000000
2.00000000 -5.50000000 	0.0000000000
2.00000000 -5.00000000 	0.0000000000
2.00000000 -4.50000000 	0.0000000000
2.00000000 -4.00000000 	0.0000000000
2.00000000 -3.50000000 	0.0000000000
2.00000000 -3.00000000 	0.0000000000
2.00000000 -2.50000000 	0.0000000000
2.00000000 -2.00000000 	0.1059690304
2.00000000 -1.50000000 	0.0519716777
2.00000000 -1.00000000 	0.1107777220
2.00000000 -0.50000000 	0.0000000000
2.00000000 0.00000000 	0.0000000000
2.00000000 0.50000000 	0.0000000000
2.00000000 1.00000000 	0.0000000000
2.00000000 1.50000000 	0.0000000000
2.00000000 2.00000000 	0.0000000000
2.00000000 2.50000000 	0.0000000000
2.00000000 3.00000000 	0.0000000000
2.00000000 3.50000000 	0.0000000000
2.00000000 4.00000000 	0.0362946885
2.00000000 4.50000000 	0.0000000000
2.00000000 5.00000000 	0.0000000000
2.00000000 5.50000000 	0.0000000000
2.00000000 6.00000000 	0.0000000000
2.00000000 6.50000000 	0.0000000000
2.00000000 7.00000000 	0.0000000000
2.00000000 7.50000000 	0.0000000000
2.00000000 8.00000000 	0.0000000000
