-8.00000000 -12.00000000 	0.0000000000
-8.00000000 -11.50000000 	0.0000000000
-8.00000000 -11.00000000 	0.0000000000
-8.00000000 -10.50000000 	0.0000000000
-8.00000000 -10.00000000 	0.0000000000
-8.00000000 -9.50000000 	0.0000000000
-8.00000000 -9.00000000 	0.0000000000
-8.00000000 -8.50000000 	0.0305635755
-8.00000000 -8.00000000 	0.1855171376
-8.00000000 -7.50000000 	0.0323217156
-8.00000000 -7.00000000 	0.0000000000
-8.00000000 -6.50000000 	0.0000000000
-8.00000000 -6.00000000 	0.0000000000
-8.00000000 -5.50000000 	0.0000000000
-8.00000000 -5.00000000 	0.0000000000
-8.00000000 -4.50000000 	0.0000000000
-8.00000000 -4.00000000 	0.0000000000
-8.00000000 -3.50000000 	0.0000000000
-8.00000000 -3.00000000 	0.0000000000
-8.00000000 -2.50000000 	0.0000000000
-8.00000000 -2.00000000 	0.0000000000
-8.00000000 -1.50000000 	0.0000000000
-8.00000000 -1.00000000 	0.0000000000
-8.00000000 -0.50000000 	0.0000000000
-8.00000000 0.00000000 	0.0000000000
-8.00000000 0.50000000 	0.0000000000
-8.00000000 1.00000000 	0.0000000000
-8.00000000 1.50000000 	0.0000000000
-8.00000000 2.00000000 	0.0000000000
-8.00000000 2.50000000 	0.0000000000
-8.00000000 3.00000000 	0.0000000000
-8.00000000 3.50000000 	0.0000000000
-8.00000000 4.00000000 	0.0000000000
-8.00000000 4.50000000 	0.0000000000
-8.00000000 5.00000000 	0.0000000000
-8.00000000 5.50000000 	0.0000000000
-8.00000000 6.00000000 	0.0000000000
-8.00000000 6.50000000 	0.0000000000
-8.00000000 7.00000000 	0.0000000000
-8.00000000 7.50000000 	0.0000000000
-8.00000000 8.00000000 	0.0000000000
-7.50000000 -12.00000000 	0.0000000000
-7.50000000 -11.50000000 	0.0000000000
-7.50000000 -11.00000000 	0.0000000000
-7.50000000 -10.50000000 	0.0000000000
-7.50000000 -10.00000000 	0.0000000000
-7.50000000 -9.50000000 	0.0000000000
-7.50000000 -9.00000000 	0.0000000000
-7.50000000 -8.50000000 	-0.0323217156
-7.50000000 -8.00000000 	-0.1551534339
-7.50000000 -7.50000000 	0.1551534339
-7.50000000 -7.00000000 	0.0323217156
-7.50000000 -6.50000000 	0.0000000000
-7.50000000 -6.00000000 	0.0000000000
-7.50000000 -5.50000000 	0.0000000000
-7.50000000 -5.00000000 	0.0000000000
-7.50000000 -4.50000000 	0.0000000000
-7.50000000 -4.00000000 	0.0000000000
-7.50000000 -3.50000000 	0.0000000000
-7.50000000 -3.00000000 	0.0000000000
-7.50000000 -2.50000000 	0.0000000000
-7.50000000 -2.00000000 	0.0000000000
-7.50000000 -1.50000000 	0.0000000000
-7.50000000 -1.00000000 	0.0000000000
-7.50000000 -0.50000000 	0.0000000000
-7.50000000 0.00000000 	0.0000000000
-7.50000000 0.50000000 	0.0000000000
-7.50000000 1.00000000 	0.0000000000
-7.50000000 1.50000000 	0.0000000000
-7.50000000 2.00000000 	0.0000000000
-7.50000000 2.50000000 	0.0000000000
-7.50000000 3.00000000 	0.0000000000
-7.50000000 3.50000000 	0.0000000000
-7.50000000 4.00000000 	0.0000000000
-7.50000000 4.50000000 	0.0000000000
-7.50000000 5.00000000 	0.0000000000
-7.50000000 5.50000000 	0.0000000000
-7.50000000 6.00000000 	0.0000000000
-7.50000000 6.50000000 	0.0000000000
-7.50000000 7.00000000 	0.0000000000
-7.50000000 7.50000000 	0.0000000000
-7.50000000 8.00000000 	0.0000000000
-7.00000000 -12.00000000 	0.0000000000
-7.00000000 -11.50000000 	0.0000000000
-7.00000000 -11.00000000 	0.0000000000
-7.00000000 -10.50000000 	0.0000000000
-7.00000000 -10.00000000 	0.0000000000
-7.00000000 -9.50000000 	0.0000000000
-7.00000000 -9.00000000 	0.0000000000
-7.00000000 -8.50000000 	0.0000000000
-7.00000000 -8.00000000 	-0.0323217156
-7.00000000 -7.50000000 	-0.1551534339
-7.00000000 -7.00000000 	0.1551534339
-7.00000000 -6.50000000 	0.0323217156
-7.00000000 -6.00000000 	0.0000000000
-7.00000000 -5.50000000 	0.0000000000
-7.00000000 -5.00000000 	0.0000000000
-7.00000000 -4.50000000 	0.0000000000
-7.00000000 -4.00000000 	0.0000000000
-7.00000000 -3.50000000 	0.0000000000
-7.00000000 -3.00000000 	0.0000000000
-7.00000000 -2.50000000 	0.0000000000
-7.00000000 -2.00000000 	0.0000000000
-7.00000000 -1.50000000 	0.0000000000
-7.00000000 -1.00000000 	0.0000000000
-7.00000000 -0.50000000 	0.0000000000
-7.00000000 0.00000000 	0.0000000000
-7.00000000 0.50000000 	0.0000000000
-7.00000000 1.00000000 	0.0000000000
-7.00000000 1.50000000 	0.0000000000
-7.00000000 2.00000000 	0.0000000000
-7.00000000 2.50000000 	0.0000000000
-7.00000000 3.00000000 	0.0000000000
-7.00000000 3.50000000 	0.0000000000
-7.00000000 4.00000000 	0.0000000000
-7.00000000 4.50000000 	0.0000000000
-7.00000000 5.00000000 	0.0000000000
-7.00000000 5.50000000 	0.0000000000
-7.00000000 6.00000000 	0.0000000000
-7.00000000 6.50000000 	0.0000000000
-7.00000000 7.00000000 	0.0000000000
-7.00000000 7.50000000 	0.0000000000
-7.00000000 8.00000000 	0.0000000000
-6.50000000 -12.00000000 	0.0000000000
-6.50000000 -11.50000000 	0.0000000000
-6.50000000 -11.00000000 	0.0000000000
-6.50000000 -10.50000000 	0.0000000000
-6.50000000 -10.00000000 	0.0000000000
-6.50000000 -9.50000000 	0.0000000000
-6.50000000 -9.00000000 	0.0000000000
-6.50000000 -8.50000000 	0.0000000000
-6.50000000 -8.00000000 	0.0000000000
-6.50000000 -7.50000000 	-0.0323217156
-6.50000000 -7.00000000 	-0.1551534339
-6.50000000 -6.50000000 	0.1551534339
-6.50000000 -6.00000000 	0.0323217156
-6.50000000 -5.50000000 	0.0000000000
-6.50000000 -5.00000000 	0.0000000000
-6.50000000 -4.50000000 	0.0000000000
-6.50000000 -4.00000000 	0.0000000000
-6.50000000 -3.50000000 	0.0000000000
-6.50000000 -3.00000000 	0.0000000000
-6.50000000 -2.50000000 	0.0000000000
-6.50000000 -2.00000000 	0.0000000000
-6.50000000 -1.50000000 	0.0000000000
-6.50000000 -1.00000000 	0.0000000000
-6.50000000 -0.50000000 	0.0000000000
-6.50000000 0.00000000 	0.0000000000
-6.50000000 0.50000000 	0.0000000000
-6.50000000 1.00000000 	0.0000000000
-6.50000000 1.50000000 	0.0000000000
-6.50000000 2.00000000 	0.0000000000
-6.50000000 2.50000000 	0.0000000000
-6.50000000 3.00000000 	0.0000000000
-6.50000000 3.50000000 	0.0000000000
-6.50000000 4.00000000 	0.0000000000
-6.50000000 4.50000000 	0.0000000000
-6.50000000 5.00000000 	0.0000000000
-6.50000000 5.50000000 	0.0000000000
-6.50000000 6.00000000 	0.0000000000
-6.50000000 6.50000000 	0.0000000000
-6.50000000 7.00000000 	0.0000000000
-6.50000000 7.50000000 	0.0000000000
-6.50000000 8.00000000 	0.0000000000
-6.00000000 -12.00000000 	0.0000000000
-6.00000000 -11.50000000 	0.0000000000
-6.00000000 -11.00000000 	0.0000000000
-6.00000000 -10.50000000 	0.0000000000
-6.00000000 -10.00000000 	0.0000000000
-6.00000000 -9.50000000 	0.0000000000
-6.00000000 -9.00000000 	0.0000000000
-6.00000000 -8.50000000 	0.0000000000
-6.00000000 -8.00000000 	0.0000000000
-6.00000000 -7.50000000 	0.0000000000
-6.00000000 -7.00000000 	-0.0323217156
-6.00000000 -6.50000000 	-0.1551534339
-6.00000000 -6.00000000 	0.1551534339
-6.00000000 -5.50000000 	0.0323217156
-6.00000000 -5.00000000 	0.0000000000
-6.00000000 -4.50000000 	0.0000000000
-6.00000000 -4.00000000 	0.0000000000
-6.00000000 -3.50000000 	0.0000000000
-6.00000000 -3.00000000 	0.0000000000
-6.00000000 -2.50000000 	0.0000000000
-6.00000000 -2.00000000 	0.0000000000
-6.00000000 -1.50000000 	0.0000000000
-6.00000000 -1.00000000 	0.0000000000
-6.00000000 -0.50000000 	0.0000000000
-6.00000000 0.00000000 	0.0000000000
-6.00000000 0.50000000 	0.0000000000
-6.00000000 1.00000000 	0.0000000000
-6.00000000 1.50000000 	0.0000000000
-6.00000000 2.00000000 	0.0000000000
-6.00000000 2.50000000 	0.0000000000
-6.00000000 3.00000000 	0.0000000000
-6.00000000 3.50000000 	0.0000000000
-6.00000000 4.00000000 	0.0000000000
-6.00000000 4.50000000 	0.0000000000
-6.00000000 5.00000000 	0.0000000000
-6.00000000 5.50000000 	0.0000000000
-6.00000000 6.00000000 	0.0000000000
-6.00000000 6.50000000 	0.0000000000
-6.00000000 7.00000000 	0.0000000000
-6.00000000 7.50000000 	0.0000000000
-6.00000000 8.00000000 	0.0000000000
-5.50000000 -12.00000000 	0.0000000000
-5.50000000 -11.50000000 	0.0000000000
-5.50000000 -11.00000000 	0.0000000000
-5.50000000 -10.50000000 	0.0000000000
-5.50000000 -10.00000000 	0.0000000000
-5.50000000 -9.50000000 	0.0000000000
-5.50000000 -9.00000000 	0.0000000000
-5.50000000 -8.50000000 	0.0000000000
-5.50000000 -8.00000000 	0.0000000000
-5.50000000 -7.50000000 	0.0000000000
-5.50000000 -7.00000000 	0.0000000000
-5.50000000 -6.50000000 	-0.0323217156
-5.50000000 -6.00000000 	-0.1551534339
-5.50000000 -5.50000000 	0.1551534339
-5.50000000 -5.00000000 	0.0323217156
-5.50000000 -4.50000000 	0.0000000000
-5.50000000 -4.00000000 	0.0000000000
-5.50000000 -3.50000000 	0.0000000000
-5.50000000 -3.00000000 	0.0000000000
-5.50000000 -2.50000000 	0.0000000000
-5.50000000 -2.00000000 	0.0000000000
-5.50000000 -1.50000000 	0.0000000000
-5.50000000 -1.00000000 	0.0000000000
-5.50000000 -0.50000000 	0.0000000000
-5.50000000 0.00000000 	0.0000000000
-5.50000000 0.50000000 	0.0000000000
-5.50000000 1.00000000 	0.0000000000
-5.50000000 1.50000000 	0.0000000000
-5.50000000 2.00000000 	0.0000000000
-5.50000000 2.50000000 	0.0000000000
-5.50000000 3.00000000 	0.0000000000
-5.50000000 3.50000000 	0.0000000000
-5.50000000 4.00000000 	0.0000000000
-5.50000000 4.50000000 	0.0000000000
-5.50000000 5.00000000 	0.0000000000
-5.50000000 5.50000000 	0.0000000000
-5.50000000 6.00000000 	0.0000000000
-5.50000000 6.50000000 	0.0000000000
-5.50000000 7.00000000 	0.0000000000
-5.50000000 7.50000000 	0.0000000000
-5.50000000 8.00000000 	0.0000000000
-5.00000000 -12.00000000 	0.0000000000
-5.00000000 -11.50000000 	0.0000000000
-5.00000000 -11.00000000 	0.0000000000
-5.00000000 -10.50000000 	0.0000000000
-5.00000000 -10.00000000 	0.0000000000
-5.00000000 -9.50000000 	0.0000000000
-5.00000000 -9.00000000 	0.0000000000
-5.00000000 -8.50000000 	0.0000000000
-5.00000000 -8.00000000 	0.0000000000
-5.00000000 -7.50000000 	0.0000000000
-5.00000000 -7.00000000 	0.0000000000
-5.00000000 -6.50000000 	0.0000000000
-5.00000000 -6.00000000 	-0.0323217156
-5.00000000 -5.50000000 	-0.1551534339
-5.00000000 -5.00000000 	0.1551534339
-5.00000000 -4.50000000 	0.0323217156
-5.00000000 -4.00000000 	0.0000000000
-5.00000000 -3.50000000 	0.0000000000
-5.00000000 -3.00000000 	0.0000000000
-5.00000000 -2.50000000 	0.0000000000
-5.00000000 -2.00000000 	0.0000000000
-5.00000000 -1.50000000 	0.0000000000
-5.00000000 -1.00000000 	0.0000000000
-5.00000000 -0.50000000 	0.0000000000
-5.00000000 0.00000000 	0.0000000000
-5.00000000 0.50000000 	0.0000000000
-5.00000000 1.00000000 	0.0000000000
-5.00000000 1.50000000 	0.0000000000
-5.00000000 2.00000000 	0.0000000000
-5.00000000 2.50000000 	0.0000000000
-5.00000000 3.00000000 	0.0000000000
-5.00000000 3.50000000 	0.0000000000
-5.00000000 4.00000000 	0.0000000000
-5.00000000 4.50000000 	0.0000000000
-5.00000000 5.00000000 	0.0000000000
-5.00000000 5.50000000 	0.0000000000
-5.00000000 6.00000000 	0.0000000000
-5.00000000 6.50000000 	0.0000000000
-5.00000000 7.00000000 	0.0000000000
-5.00000000 7.50000000 	0.0000000000
-5.00000000 8.00000000 	0.0000000000
-4.50000000 -12.00000000 	0.0000000000
-4.50000000 -11.50000000 	0.0000000000
-4.50000000 -11.00000000 	0.0000000000
-4.50000000 -10.50000000 	0.0000000000
-4.50000000 -10.00000000 	0.0000000000
-4.50000000 -9.50000000 	0.0000000000
-4.50000000 -9.00000000 	0.0000000000
-4.50000000 -8.50000000 	0.0000000000
-4.50000000 -8.00000000 	0.0000000000
-4.50000000 -7.50000000 	0.0000000000
-4.50000000 -7.00000000 	0.0000000000
-4.50000000 -6.50000000 	0.0000000000
-4.50000000 -6.00000000 	0.0000000000
-4.50000000 -5.50000000 	-0.0323217156
-4.50000000 -5.00000000 	-0.1551534339
-4.50000000 -4.50000000 	0.1551534339
-4.50000000 -4.00000000 	0.0323217156
-4.50000000 -3.50000000 	0.0000000000
-4.50000000 -3.00000000 	0.0000000000
-4.50000000 -2.50000000 	0.0000000000
-4.50000000 -2.00000000 	0.0000000000
-4.50000000 -1.50000000 	0.0000000000
-4.50000000 -1.00000000 	0.0000000000
-4.50000000 -0.50000000 	0.0000000000
-4.50000000 0.00000000 	0.0000000000
-4.50000000 0.50000000 	0.0000000000
-4.50000000 1.00000000 	0.0000000000
-4.50000000 1.50000000 	0.0000000000
-4.50000000 2.00000000 	0.0000000000
-4.50000000 2.50000000 	0.0000000000
-4.50000000 3.00000000 	0.0000000000
-4.50000000 3.50000000 	0.0000000000
-4.50000000 4.00000000 	0.0000000000
-4.50000000 4.50000000 	0.0000000000
-4.50000000 5.00000000 	0.0000000000
-4.50000000 5.50000000 	0.0000000000
-4.50000000 6.00000000 	0.0000000000
-4.50000000 6.50000000 	0.0000000000
-4.50000000 7.00000000 	0.0000000000
-4.50000000 7.50000000 	0.0000000000
-4.50000000 8.00000000 	0.0000000000
-4.00000000 -12.00000000 	0.0000000000
-4.00000000 -11.50000000 	0.0000000000
-4.00000000 -11.00000000 	0.0000000000
-4.00000000 -10.50000000 	0.0000000000
-4.00000000 -10.00000000 	0.0000000000
-4.00000000 -9.50000000 	0.0000000000
-4.00000000 -9.00000000 	0.0000000000
-4.00000000 -8.50000000 	0.0000000000
-4.00000000 -8.00000000 	0.0000000000
-4.00000000 -7.50000000 	0.0000000000
-4.00000000 -7.00000000 	0.0000000000
-4.00000000 -6.50000000 	0.0000000000
-4.00000000 -6.00000000 	0.0000000000
-4.00000000 -5.50000000 	0.0000000000
-4.00000000 -5.00000000 	-0.0323217156
-4.00000000 -4.50000000 	-0.1551534339
-4.00000000 -4.00000000 	0.1551534339
-4.00000000 -3.50000000 	0.0323217156
-4.00000000 -3.00000000 	0.0000000000
-4.00000000 -2.50000000 	0.0000000000
-4.00000000 -2.00000000 	0.0000000000
-4.00000000 -1.50000000 	0.0000000000
-4.00000000 -1.00000000 	0.0000000000
-4.00000000 -0.50000000 	0.0000000000
-4.00000000 0.00000000 	0.0000000000
-4.00000000 0.50000000 	0.0000000000
-4.00000000 1.00000000 	0.0000000000
-4.00000000 1.50000000 	0.0000000000
-4.00000000 2.00000000 	0.0000000000
-4.00000000 2.50000000 	0.0000000000
-4.00000000 3.00000000 	0.0000000000
-4.00000000 3.50000000 	0.0000000000
-4.00000000 4.00000000 	0.0000000000
-4.00000000 4.50000000 	0.0000000000
-4.00000000 5.00000000 	0.0000000000
-4.00000000 5.50000000 	0.0000000000
-4.00000000 6.00000000 	0.0000000000
-4.00000000 6.50000000 	0.0000000000
-4.00000000 7.00000000 	0.0000000000
-4.00000000 7.50000000 	0.0000000000
-4.00000000 8.00000000 	0.0000000000
-3.50000000 -12.00000000 	0.0000000000
-3.50000000 -11.50000000 	0.0000000000
-3.50000000 -11.00000000 	0.0000000000
-3.50000000 -10.50000000 	0.0000000000
-3.50000000 -10.00000000 	0.0000000000
-3.50000000 -9.50000000 	0.0000000000
-3.50000000 -9.00000000 	0.0000000000
-3.50000000 -8.50000000 	0.0000000000
-3.50000000 -8.00000000 	0.0000000000
-3.50000000 -7.50000000 	0.0000000000
-3.50000000 -7.00000000 	0.0000000000
-3.50000000 -6.50000000 	0.0000000000
-3.50000000 -6.00000000 	0.0000000000
-3.50000000 -5.50000000 	0.0000000000
-3.50000000 -5.00000000 	0.0000000000
-3.50000000 -4.50000000 	-0.0323217156
-3.50000000 -4.00000000 	-0.1551534339
-3.50000000 -3.50000000 	0.1551534339
-3.50000000 -3.00000000 	0.0323217156
-3.50000000 -2.50000000 	0.0000000000
-3.50000000 -2.00000000 	0.0000000000
-3.50000000 -1.50000000 	0.0000000000
-3.50000000 -1.00000000 	0.0000000000
-3.50000000 -0.50000000 	0.0000000000
-3.50000000 0.00000000 	0.0000000000
-3.50000000 0.50000000 	0.0000000000
-3.50000000 1.00000000 	0.0000000000
-3.50000000 1.50000000 	0.0000000000
-3.50000000 2.00000000 	0.0000000000
-3.50000000 2.50000000 	0.0000000000
-3.50000000 3.00000000 	0.0000000000
-3.50000000 3.50000000 	0.0000000000
-3.50000000 4.00000000 	0.0000000000
-3.50000000 4.50000000 	0.0000000000
-3.50000000 5.00000000 	0.0000000000
-3.50000000 5.50000000 	0.0000000000
-3.50000000 6.00000000 	0.0000000000
-3.50000000 6.50000000 	0.0000000000
-3.50000000 7.00000000 	0.0000000000
-3.50000000 7.50000000 	0.0000000000
-3.50000000 8.00000000 	0.0000000000
-3.00000000 -12.00000000 	0.0000000000
-3.00000000 -11.50000000 	0.0000000000
-3.00000000 -11.00000000 	0.0000000000
-3.00000000 -10.50000000 	0.0000000000
-3.00000000 -10.00000000 	0.0000000000
-3.00000000 -9.50000000 	0.0000000000
-3.00000000 -9.00000000 	0.0000000000
-3.00000000 -8.50000000 	0.0000000000
-3.00000000 -8.00000000 	0.0000000000
-3.00000000 -7.50000000 	0.0000000000
-3.00000000 -7.00000000 	0.0000000000
-3.00000000 -6.50000000 	0.0000000000
-3.00000000 -6.00000000 	0.0000000000
-3.00000000 -5.50000000 	0.0000000000
-3.00000000 -5.00000000 	0.0000000000
-3.00000000 -4.50000000 	0.0000000000
-3.00000000 -4.00000000 	-0.0323217156
-3.00000000 -3.50000000 	-0.1551534339
-3.00000000 -3.00000000 	0.1551534339
-3.00000000 -2.50000000 	0.0323217156
-3.00000000 -2.00000000 	0.0000000000
-3.00000000 -1.50000000 	0.0000000000
-3.00000000 -1.00000000 	0.0000000000
-3.00000000 -0.50000000 	0.0000000000
-3.00000000 0.00000000 	0.0000000000
-3.00000000 0.50000000 	0.0000000000
-3.00000000 1.00000000 	0.0000000000
-3.00000000 1.50000000 	0.0000000000
-3.00000000 2.00000000 	0.0000000000
-3.00000000 2.50000000 	0.0000000000
-3.00000000 3.00000000 	0.0000000000
-3.00000000 3.50000000 	0.0000000000
-3.00000000 4.00000000 	0.0000000000
-3.00000000 4.50000000 	0.0000000000
-3.00000000 5.00000000 	0.0000000000
-3.00000000 5.50000000 	0.0000000000
-3.00000000 6.00000000 	0.0000000000
-3.00000000 6.50000000 	0.0000000000
-3.00000000 7.00000000 	0.0000000000
-3.00000000 7.50000000 	0.0000000000
-3.00000000 8.00000000 	0.0000000000
-2.50000000 -12.00000000 	0.0000000000
-2.50000000 -11.50000000 	0.0000000000
-2.50000000 -11.00000000 	0.0000000000
-2.50000000 -10.50000000 	0.0000000000
-2.50000000 -10.00000000 	0.0000000000
-2.50000000 -9.50000000 	0.0000000000
-2.50000000 -9.00000000 	0.0000000000
-2.50000000 -8.50000000 	0.0000000000
-2.50000000 -8.00000000 	0.0000000000
-2.50000000 -7.50000000 	0.0000000000
-2.50000000 -7.00000000 	0.0000000000
-2.50000000 -6.50000000 	0.0000000000
-2.50000000 -6.00000000 	0.0000000000
-2.50000000 -5.50000000 	0.0000000000
-2.50000000 -5.00000000 	0.0000000000
-2.50000000 -4.50000000 	0.0000000000
-2.50000000 -4.00000000 	0.0000000000
-2.50000000 -3.50000000 	-0.0323217156
-2.50000000 -3.00000000 	-0.1551534339
-2.50000000 -2.50000000 	0.1551534339
-2.50000000 -2.00000000 	0.0323217156
-2.50000000 -1.50000000 	0.0000000000
-2.50000000 -1.00000000 	0.0000000000
-2.50000000 -0.50000000 	0.0000000000
-2.50000000 0.00000000 	0.0000000000
-2.50000000 0.50000000 	0.0000000000
-2.50000000 1.00000000 	0.0000000000
-2.50000000 1.50000000 	0.0000000000
-2.50000000 2.00000000 	0.0000000000
-2.50000000 2.50000000 	0.0000000000
-2.50000000 3.00000000 	0.0000000000
-2.50000000 3.50000000 	0.0000000000
-2.50000000 4.00000000 	0.0000000000
-2.50000000 4.50000000 	0.0000000000
-2.50000000 5.00000000 	0.0000000000
-2.50000000 5.50000000 	0.0000000000
-2.50000000 6.00000000 	0.0000000000
-2.50000000 6.50000000 	0.0000000000
-2.50000000 7.00000000 	0.0000000000
-2.50000000 7.50000000 	0.0000000000
-2.50000000 8.00000000 	0.0000000000
-2.00000000 -12.00000000 	0.0000000000
-2.00000000 -11.50000000 	0.0000000000
-2.00000000 -11.00000000 	0.0000000000
-2.00000000 -10.50000000 	0.0000000000
-2.00000000 -10.00000000 	0.0000000000
-2.00000000 -9.50000000 	0.0000000000
-2.00000000 -9.00000000 	0.0000000000
-2.00000000 -8.50000000 	0.0000000000
-2.00000000 -8.00000000 	0.0000000000
-2.00000000 -7.50000000 	0.0000000000
-2.00000000 -7.00000000 	0.0000000000
-2.00000000 -6.50000000 	0.0000000000
-2.00000000 -6.00000000 	0.0000000000
-2.00000000 -5.50000000 	0.0000000000
-2.00000000 -5.00000000 	0.0000000000
-2.00000000 -4.50000000 	0.0000000000
-2.00000000 -4.00000000 	0.0000000000
-2.00000000 -3.50000000 	0.0000000000
-2.00000000 -3.00000000 	-0.0323217156
-2.00000000 -2.50000000 	-0.1551534339
-2.00000000 -2.00000000 	0.1551534339
-2.00000000 -1.50000000 	0.0323217156
-2.00000000 -1.00000000 	0.0000000000
-2.00000000 -0.50000000 	0.0000000000
-2.00000000 0.00000000 	0.0000000000
-2.00000000 0.50000000 	0.0000000000
-2.00000000 1.00000000 	0.0000000000
-2.00000000 1.50000000 	0.0000000000
-2.00000000 2.00000000 	0.0000000000
-2.00000000 2.50000000 	0.0000000000
-2.00000000 3.00000000 	0.0000000000
-2.00000000 3.50000000 	0.0000000000
-2.00000000 4.00000000 	0.0000000000
-2.00000000 4.50000000 	0.0000000000
-2.00000000 5.00000000 	0.0000000000
-2.00000000 5.50000000 	0.0000000000
-2.00000000 6.00000000 	0.0000000000
-2.00000000 6.50000000 	0.0000000000
-2.00000000 7.00000000 	0.0000000000
-2.00000000 7.50000000 	0.0000000000
-2.00000000 8.00000000 	0.0000000000
-1.50000000 -12.00000000 	0.0000000000
-1.50000000 -11.50000000 	0.0000000000
-1.50000000 -11.00000000 	0.0000000000
-1.50000000 -10.50000000 	0.0000000000
-1.50000000 -10.00000000 	0.0000000000
-1.50000000 -9.50000000 	0.0000000000
-1.50000000 -9.00000000 	0.0000000000
-1.50000000 -8.50000000 	0.0000000000
-1.50000000 -8.00000000 	0.0000000000
-1.50000000 -7.50000000 	0.0000000000
-1.50000000 -7.00000000 	0.0000000000
-1.50000000 -6.50000000 	0.0000000000
-1.50000000 -6.00000000 	0.0000000000
-1.50000000 -5.50000000 	0.0000000000
-1.50000000 -5.00000000 	0.0000000000
-1.50000000 -4.50000000 	0.0000000000
-1.50000000 -4.00000000 	0.0000000000
-1.50000000 -3.50000000 	0.0000000000
-1.50000000 -3.00000000 	0.0000000000
-1.50000000 -2.50000000 	-0.0323217156
-1.50000000 -2.00000000 	-0.1551534339
-1.50000000 -1.50000000 	0.1551534339
-1.50000000 -1.00000000 	0.0323217156
-1.50000000 -0.50000000 	0.0000000000
-1.50000000 0.00000000 	0.0000000000
-1.50000000 0.50000000 	0.0000000000
-1.50000000 1.00000000 	0.0000000000
-1.50000000 1.50000000 	0.0000000000
-1.50000000 2.00000000 	0.0000000000
-1.50000000 2.50000000 	0.0000000000
-1.50000000 3.00000000 	0.0000000000
-1.50000000 3.50000000 	0.0000000000
-1.50000000 4.00000000 	0.0000000000
-1.50000000 4.50000000 	0.0000000000
-1.50000000 5.00000000 	0.0000000000
-1.50000000 5.50000000 	0.0000000000
-1.50000000 6.00000000 	0.0000000000
-1.50000000 6.50000000 	0.0000000000
-1.50000000 7.00000000 	0.0000000000
-1.50000000 7.50000000 	0.0000000000
-1.50000000 8.00000000 	0.0000000000
-1.00000000 -12.00000000 	0.0000000000
-1.00000000 -11.50000000 	0.0000000000
-1.00000000 -11.00000000 	0.0000000000
-1.00000000 -10.50000000 	0.0000000000
-1.00000000 -10.00000000 	0.0000000000
-1.00000000 -9.50000000 	0.0000000000
-1.00000000 -9.00000000 	0.0000000000
-1.00000000 -8.50000000 	0.0000000000
-1.00000000 -8.00000000 	0.0000000000
-1.00000000 -7.50000000 	0.0000000000
-1.00000000 -7.00000000 	0.0000000000
-1.00000000 -6.50000000 	0.0000000000
-1.00000000 -6.00000000 	0.0000000000
-1.00000000 -5.50000000 	0.0000000000
-1.00000000 -5.00000000 	0.0000000000
-1.00000000 -4.50000000 	0.0000000000
-1.00000000 -4.00000000 	0.0000000000
-1.00000000 -3.50000000 	0.0000000000
-1.00000000 -3.00000000 	0.0000000000
-1.00000000 -2.50000000 	0.0000000000
-1.00000000 -2.00000000 	-0.0323217156
-1.00000000 -1.50000000 	-0.1551534339
-1.00000000 -1.00000000 	0.1551534339
-1.00000000 -0.50000000 	0.0323217156
-1.00000000 0.00000000 	0.0000000000
-1.00000000 0.50000000 	0.0000000000
-1.00000000 1.00000000 	0.0000000000
-1.00000000 1.50000000 	0.0000000000
-1.00000000 2.00000000 	0.0000000000
-1.00000000 2.50000000 	0.0000000000
-1.00000000 3.00000000 	0.0000000000
-1.00000000 3.50000000 	0.0000000000
-1.00000000 4.00000000 	0.0000000000
-1.00000000 4.50000000 	0.0000000000
-1.00000000 5.00000000 	0.0000000000
-1.00000000 5.50000000 	0.0000000000
-1.00000000 6.00000000 	0.0000000000
-1.00000000 6.50000000 	0.0000000000
-1.00000000 7.00000000 	0.0000000000
-1.00000000 7.50000000 	0.0000000000
-1.00000000 8.00000000 	0.0000000000
-0.50000000 -12.00000000 	0.0000000000
-0.50000000 -11.50000000 	0.0000000000
-0.50000000 -11.00000000 	0.0000000000
-0.50000000 -10.50000000 	0.0000000000
-0.50000000 -10.00000000 	0.0000000000
-0.50000000 -9.50000000 	0.0000000000
-0.50000000 -9.00000000 	0.0000000000
-0.50000000 -8.50000000 	0.0000000000
-0.50000000 -8.00000000 	0.0000000000
-0.50000000 -7.50000000 	0.0000000000
-0.50000000 -7.00000000 	0.0000000000
-0.50000000 -6.50000000 	0.0000000000
-0.50000000 -6.00000000 	0.0000000000
-0.50000000 -5.50000000 	0.0000000000
-0.50000000 -5.00000000 	0.0000000000
-0.50000000 -4.50000000 	0.0000000000
-0.50000000 -4.00000000 	0.0000000000
-0.50000000 -3.50000000 	0.0000000000
-0.50000000 -3.00000000 	0.0000000000
-0.50000000 -2.50000000 	0.0000000000
-0.50000000 -2.00000000 	0.0000000000
-0.50000000 -1.50000000 	-0.0323217156
-0.50000000 -1.00000000 	-0.1551534339
-0.50000000 -0.50000000 	0.1551534339
-0.50000000 0.00000000 	0.0323217156
-0.50000000 0.50000000 	0.0000000000
-0.50000000 1.00000000 	0.0000000000
-0.50000000 1.50000000 	0.0000000000
-0.50000000 2.00000000 	0.0000000000
-0.50000000 2.50000000 	0.0000000000
-0.50000000 3.00000000 	0.0000000000
-0.50000000 3.50000000 	0.0000000000
-0.50000000 4.00000000 	0.0000000000
-0.50000000 4.50000000 	0.0000000000
-0.50000000 5.00000000 	0.0000000000
-0.50000000 5.50000000 	0.0000000000
-0.50000000 6.00000000 	0.0000000000
-0.50000000 6.50000000 	0.0000000000
-0.50000000 7.00000000 	0.0000000000
-0.50000000 7.50000000 	0.0000000000
-0.50000000 8.00000000 	0.0000000000
0.00000000 -12.00000000 	0.0000000000
0.00000000 -11.50000000 	0.0000000000
0.00000000 -11.00000000 	0.0000000000
0.00000000 -10.50000000 	0.0000000000
0.00000000 -10.00000000 	0.0000000000
0.00000000 -9.50000000 	0.0000000000
0.00000000 -9.00000000 	0.0000000000
0.00000000 -8.50000000 	0.0000000000
0.00000000 -8.00000000 	0.0000000000
0.00000000 -7.50000000 	0.0000000000
0.00000000 -7.00000000 	0.0000000000
0.00000000 -6.50000000 	0.0000000000
0.00000000 -6.00000000 	0.0000000000
0.00000000 -5.50000000 	0.0000000000
0.00000000 -5.00000000 	0.0000000000
0.00000000 -4.50000000 	0.0000000000
0.00000000 -4.00000000 	0.0000000000
0.00000000 -3.50000000 	0.0000000000
0.00000000 -3.00000000 	0.0000000000
0.00000000 -2.50000000 	0.0000000000
0.00000000 -2.00000000 	0.0000000000
0.00000000 -1.50000000 	0.0000000000
0.00000000 -1.00000000 	-0.0323217156
0.00000000 -0.50000000 	-0.1551534339
0.00000000 0.00000000 	0.1551534339
0.00000000 0.50000000 	0.0323217156
0.00000000 1.00000000 	0.0000000000
0.00000000 1.50000000 	0.0000000000
0.00000000 2.00000000 	0.0000000000
0.00000000 2.50000000 	0.0000000000
0.00000000 3.00000000 	0.0000000000
0.00000000 3.50000000 	0.0000000000
0.00000000 4.00000000 	0.0000000000
0.00000000 4.50000000 	0.0000000000
0.00000000 5.00000000 	0.0000000000
0.00000000 5.50000000 	0.0000000000
0.00000000 6.00000000 	0.0000000000
0.00000000 6.50000000 	0.0000000000
0.00000000 7.00000000 	0.0000000000
0.00000000 7.50000000 	0.0000000000
0.00000000 8.00000000 	0.0000000000
0.50000000 -12.00000000 	0.0000000000
0.50000000 -11.50000000 	0.0000000000
0.50000000 -11.00000000 	0.0000000000
0.50000000 -10.50000000 	0.0000000000
0.50000000 -10.00000000 	0.0000000000
0.50000000 -9.50000000 	0.0000000000
0.50000000 -9.00000000 	0.0000000000
0.50000000 -8.50000000 	0.0000000000
0.50000000 -8.00000000 	0.0000000000
0.50000000 -7.50000000 	0.0000000000
0.50000000 -7.00000000 	0.0000000000
0.50000000 -6.50000000 	0.0000000000
0.50000000 -6.00000000 	0.0000000000
0.50000000 -5.50000000 	0.0000000000
0.50000000 -5.00000000 	0.0000000000
0.50000000 -4.50000000 	0.0000000000
0.50000000 -4.00000000 	0.0000000000
0.50000000 -3.50000000 	0.0000000000
0.50000000 -3.00000000 	0.0000000000
0.50000000 -2.50000000 	0.0000000000
0.50000000 -2.00000000 	0.0000000000
0.50000000 -1.50000000 	0.0000000000
0.50000000 -1.00000000 	0.0000000000
0.50000000 -0.50000000 	-0.0323217156
0.50000000 0.00000000 	-0.1551534339
0.50000000 0.50000000 	0.1551534339
0.50000000 1.00000000 	0.0323217156
0.50000000 1.50000000 	0.0000000000
0.50000000 2.00000000 	0.0000000000
0.50000000 2.50000000 	0.0000000000
0.50000000 3.00000000 	0.0000000000
0.50000000 3.50000000 	0.0000000000
0.50000000 4.00000000 	0.0000000000
0.50000000 4.50000000 	0.0000000000
0.50000000 5.00000000 	0.0000000000
0.50000000 5.50000000 	0.0000000000
0.50000000 6.00000000 	0.0000000000
0.50000000 6.50000000 	0.0000000000
0.50000000 7.00000000 	0.0000000000
0.50000000 7.50000000 	0.0000000000
0.50000000 8.00000000 	0.0000000000
1.00000000 -12.00000000 	0.0000000000
1.00000000 -11.50000000 	0.0000000000
1.00000000 -11.00000000 	0.0000000000
1.00000000 -10.50000000 	0.0000000000
1.00000000 -10.00000000 	0.0000000000
1.00000000 -9.50000000 	0.0000000000
1.00000000 -9.00000000 	0.0000000000
1.00000000 -8.50000000 	0.0000000000
1.00000000 -8.00000000 	0.0000000000
1.00000000 -7.50000000 	0.0000000000
1.00000000 -7.00000000 	0.0000000000
1.00000000 -6.50000000 	0.0000000000
1.00000000 -6.00000000 	0.0000000000
1.00000000 -5.50000000 	0.0000000000
1.00000000 -5.00000000 	0.0000000000
1.00000000 -4.50000000 	0.0000000000
1.00000000 -4.00000000 	0.0000000000
1.00000000 -3.50000000 	0.0000000000
1.00000000 -3.00000000 	0.0000000000
1.00000000 -2.50000000 	0.0000000000
1.00000000 -2.00000000 	0.0000000000
1.00000000 -1.50000000 	0.0000000000
1.00000000 -1.00000000 	0.0000000000
1.00000000 -0.50000000 	0.0000000000
1.00000000 0.00000000 	-0.0323217156
1.00000000 0.50000000 	-0.1551534339
1.00000000 1.00000000 	0.1551534339
1.00000000 1.50000000 	0.0323217156
1.00000000 2.00000000 	0.0000000000
1.00000000 2.50000000 	0.0000000000
1.00000000 3.00000000 	0.0000000000
1.00000000 3.50000000 	0.0000000000
1.00000000 4.00000000 	0.0000000000
1.00000000 4.50000000 	0.0000000000
1.00000000 5.00000000 	0.0000000000
1.00000000 5.50000000 	0.0000000000
1.00000000 6.00000000 	0.0000000000
1.00000000 6.50000000 	0.0000000000
1.00000000 7.00000000 	0.0000000000
1.00000000 7.50000000 	0.0000000000
1.00000000 8.00000000 	0.0000000000
1.50000000 -12.00000000 	0.0000000000
1.50000000 -11.50000000 	0.0000000000
1.50000000 -11.00000000 	0.0000000000
1.50000000 -10.50000000 	0.0000000000
1.50000000 -10.00000000 	0.0000000000
1.50000000 -9.50000000 	0.0000000000
1.50000000 -9.00000000 	0.0000000000
1.50000000 -8.50000000 	0.0000000000
1.50000000 -8.00000000 	0.0000000000
1.50000000 -7.50000000 	0.0000000000
1.50000000 -7.00000000 	0.0000000000
1.50000000 -6.50000000 	0.0000000000
1.50000000 -6.00000000 	0.0000000000
1.50000000 -5.50000000 	0.0000000000
1.50000000 -5.00000000 	0.0000000000
1.50000000 -4.50000000 	0.0000000000
1.50000000 -4.00000000 	0.0000000000
1.50000000 -3.50000000 	0.0000000000
1.50000000 -3.00000000 	0.0000000000
1.50000000 -2.50000000 	0.0000000000
1.50000000 -2.00000000 	0.0000000000
1.50000000 -1.50000000 	0.0000000000
1.50000000 -1.00000000 	0.0000000000
1.50000000 -0.50000000 	0.0000000000
1.50000000 0.00000000 	0.0000000000
1.50000000 0.50000000 	-0.0323217156
1.50000000 1.00000000 	-0.1551534339
1.50000000 1.50000000 	0.1551534339
1.50000000 2.00000000 	0.0323217156
1.50000000 2.50000000 	0.0000000000
1.50000000 3.00000000 	0.0000000000
1.50000000 3.50000000 	0.0000000000
1.50000000 4.00000000 	0.0000000000
1.50000000 4.50000000 	0.0000000000
1.50000000 5.00000000 	0.0000000000
1.50000000 5.50000000 	0.0000000000
1.50000000 6.00000000 	0.0000000000
1.50000000 6.50000000 	0.0000000000
1.50000000 7.00000000 	0.0000000000
1.50000000 7.50000000 	0.0000000000
1.50000000 8.00000000 	0.0000000000
2.00000000 -12.00000000 	0.0000000000
2.00000000 -11.50000000 	0.0000000000
2.00000000 -11.00000000 	0.0000000000
2.00000000 -10.50000000 	0.0000000000
2.00000000 -10.00000000 	0.0000000000
2.00000000 -9.50000000 	0.0000000000
2.00000000 -9.00000000 	0.0000000000
2.00000000 -8.50000000 	0.0000000000
2.00000000 -8.00000000 	0.0000000000
2.00000000 -7.50000000 	0.0000000000
2.00000000 -7.00000000 	0.0000000000
2.00000000 -6.50000000 	0.0000000000
2.00000000 -6.00000000 	0.0000000000
2.00000000 -5.50000000 	0.0000000000
2.00000000 -5.00000000 	0.0000000000
2.00000000 -4.50000000 	0.0000000000
2.00000000 -4.00000000 	0.0000000000
2.00000000 -3.50000000 	0.0000000000
2.00000000 -3.00000000 	0.0000000000
2.00000000 -2.50000000 	0.0000000000
2.00000000 -2.00000000 	0.0000000000
2.00000000 -1.50000000 	0.0000000000
2.00000000 -1.00000000 	0.0000000000
2.00000000 -0.50000000 	0.0000000000
2.00000000 0.00000000 	0.0000000000
2.00000000 0.50000000 	0.0000000000
2.00000000 1.00000000 	-0.0323217156
2.00000000 1.50000000 	-0.1855171376
2.00000000 2.00000000 	-0.0305635755
2.00000000 2.50000000 	0.0000000000
2.00000000 3.00000000 	0.0000000000
2.00000000 3.50000000 	0.0000000000
2.00000000 4.00000000 	0.0000000000
2.00000000 4.50000000 	0.0000000000
2.00000000 5.00000000 	0.0000000000
2.00000000 5.50000000 	0.0000000000
2.00000000 6.00000000 	0.0000000000
2.00000000 6.50000000 	0.0000000000
2.00000000 7.00000000 	0.0000000000
2.00000000 7.50000000 	0.0000000000
2.00000000 8.00000000 	0.0000000000
