-8.00000000 -12.00000000 	0.0000000000
-8.00000000 -11.50000000 	0.0000000000
-8.00000000 -11.00000000 	0.0000000000
-8.00000000 -10.50000000 	0.0000000000
-8.00000000 -10.00000000 	0.0000000000
-8.00000000 -9.50000000 	0.0000000000
-8.00000000 -9.00000000 	0.0000000000
-8.00000000 -8.50000000 	0.0000000000
-8.00000000 -8.00000000 	0.0000000000
-8.00000000 -7.50000000 	0.0000000000
-8.00000000 -7.00000000 	0.0000000000
-8.00000000 -6.50000000 	0.0000000000
-8.00000000 -6.00000000 	0.0000000000
-8.00000000 -5.50000000 	0.0000000000
-8.00000000 -5.00000000 	0.0000000000
-8.00000000 -4.50000000 	0.0000000000
-8.00000000 -4.00000000 	0.0000000000
-8.00000000 -3.50000000 	0.0000000000
-8.00000000 -3.00000000 	0.0000000000
-8.00000000 -2.50000000 	0.0000000000
-8.00000000 -2.00000000 	0.0000000000
-8.00000000 -1.50000000 	0.0000000000
-8.00000000 -1.00000000 	0.0000000000
-8.00000000 -0.50000000 	0.0000000000
-8.00000000 0.00000000 	0.0000000000
-8.00000000 0.50000000 	0.0000000000
-8.00000000 1.00000000 	0.0000000000
-8.00000000 1.50000000 	0.0000000000
-8.00000000 2.00000000 	0.0000000000
-8.00000000 2.50000000 	0.0000000000
-8.00000000 3.00000000 	0.0000000000
-8.00000000 3.50000000 	0.0000000000
-8.00000000 4.00000000 	0.0000000000
-8.00000000 4.50000000 	0.0000000000
-8.00000000 5.00000000 	0.0000000000
-8.00000000 5.50000000 	0.0000000000
-8.00000000 6.00000000 	0.0000000000
-8.00000000 6.50000000 	0.0000000000
-8.00000000 7.00000000 	0.0000000000
-8.00000000 7.50000000 	0.0000000000
-8.00000000 8.00000000 	0.0000000000
-7.50000000 -12.00000000 	-0.1131853590
-7.50000000 -11.50000000 	-0.1131853590
-7.50000000 -11.00000000 	-0.1131853590
-7.50000000 -10.50000000 	-0.1131853590
-7.50000000 -10.00000000 	-0.1131853590
-7.50000000 -9.50000000 	-0.1131853590
-7.50000000 -9.00000000 	-0.1131853590
-7.50000000 -8.50000000 	-0.1131853590
-7.50000000 -8.00000000 	-0.1131853590
-7.50000000 -7.50000000 	-0.1131853590
-7.50000000 -7.00000000 	-0.1131853590
-7.50000000 -6.50000000 	-0.1131853590
-7.50000000 -6.00000000 	-0.1131853590
-7.50000000 -5.50000000 	-0.1131853590
-7.50000000 -5.00000000 	-0.1131853590
-7.50000000 -4.50000000 	-0.1131853590
-7.50000000 -4.00000000 	-0.1131853590
-7.50000000 -3.50000000 	-0.1131853590
-7.50000000 -3.00000000 	-0.1131853590
-7.50000000 -2.50000000 	-0.1131853590
-7.50000000 -2.00000000 	-0.1131853590
-7.50000000 -1.50000000 	-0.1131853590
-7.50000000 -1.00000000 	-0.1131853590
-7.50000000 -0.50000000 	-0.1131853590
-7.50000000 0.00000000 	-0.1131853590
-7.50000000 0.50000000 	-0.1131853590
-7.50000000 1.00000000 	-0.1131853590
-7.50000000 1.50000000 	-0.1131853590
-7.50000000 2.00000000 	-0.1131853590
-7.50000000 2.50000000 	-0.1131853590
-7.50000000 3.00000000 	-0.1131853590
-7.50000000 3.50000000 	-0.1131853590
-7.50000000 4.00000000 	-0.1131853590
-7.50000000 4.50000000 	-0.1131853590
-7.50000000 5.00000000 	-0.1131853590
-7.50000000 5.50000000 	-0.1131853590
-7.50000000 6.00000000 	-0.1131853590
-7.50000000 6.50000000 	-0.1131853590
-7.50000000 7.00000000 	-0.1131853590
-7.50000000 7.50000000 	-0.1131853590
-7.50000000 8.00000000 	-0.1131853590
-7.00000000 -12.00000000 	-1.0187151202
-7.00000000 -11.50000000 	-1.0187151202
-7.00000000 -11.00000000 	-1.0187151202
-7.00000000 -10.50000000 	-1.0187151202
-7.00000000 -10.00000000 	-1.0187151202
-7.00000000 -9.50000000 	-1.0187151202
-7.00000000 -9.00000000 	-1.0187151202
-7.00000000 -8.50000000 	-1.0187151202
-7.00000000 -8.00000000 	-1.0187151202
-7.00000000 -7.50000000 	-1.0187151202
-7.00000000 -7.00000000 	-1.0187151202
-7.00000000 -6.50000000 	-1.0187151202
-7.00000000 -6.00000000 	-1.0187151202
-7.00000000 -5.50000000 	-1.0187151202
-7.00000000 -5.00000000 	-1.0187151202
-7.00000000 -4.50000000 	-1.0187151202
-7.00000000 -4.00000000 	-1.0187151202
-7.00000000 -3.50000000 	-1.0187151202
-7.00000000 -3.00000000 	-1.0187151202
-7.00000000 -2.50000000 	-1.0187151202
-7.00000000 -2.00000000 	-1.0187151202
-7.00000000 -1.50000000 	-1.0187151202
-7.00000000 -1.00000000 	-1.0187151202
-7.00000000 -0.50000000 	-1.0187151202
-7.00000000 0.00000000 	-1.0187151202
-7.00000000 0.50000000 	-1.0187151202
-7.00000000 1.00000000 	-1.0187151202
-7.00000000 1.50000000 	-1.0187151202
-7.00000000 2.00000000 	-1.0187151202
-7.00000000 2.50000000 	-1.0187151202
-7.00000000 3.00000000 	-1.0187151202
-7.00000000 3.50000000 	-1.0187151202
-7.00000000 4.00000000 	-1.0187151202
-7.00000000 4.50000000 	-1.0187151202
-7.00000000 5.00000000 	-1.0187151202
-7.00000000 5.50000000 	-1.0187151202
-7.00000000 6.00000000 	-1.0187151202
-7.00000000 6.50000000 	-1.0187151202
-7.00000000 7.00000000 	-1.0187151202
-7.00000000 7.50000000 	-1.0187151202
-7.00000000 8.00000000 	-1.0187151202
-6.50000000 -12.00000000 	-3.1036232120
-6.50000000 -11.50000000 	-3.1036232120
-6.50000000 -11.00000000 	-3.1036232120
-6.50000000 -10.50000000 	-3.1036232120
-6.50000000 -10.00000000 	-3.1036232120
-6.50000000 -9.50000000 	-3.1036232120
-6.50000000 -9.00000000 	-3.1036232120
-6.50000000 -8.50000000 	-3.1036232120
-6.50000000 -8.00000000 	-3.1036232120
-6.50000000 -7.50000000 	-3.1036232120
-6.50000000 -7.00000000 	-3.1036232120
-6.50000000 -6.50000000 	-3.1036232120
-6.50000000 -6.00000000 	-3.1036232120
-6.50000000 -5.50000000 	-3.1036232120
-6.50000000 -5.00000000 	-3.1036232120
-6.50000000 -4.50000000 	-3.1036232120
-6.50000000 -4.00000000 	-3.1036232120
-6.50000000 -3.50000000 	-3.1036232120
-6.50000000 -3.00000000 	-3.1036232120
-6.50000000 -2.50000000 	-3.1036232120
-6.50000000 -2.00000000 	-3.1036232120
-6.50000000 -1.50000000 	-3.1036232120
-6.50000000 -1.00000000 	-3.1036232120
-6.50000000 -0.50000000 	-3.1036232120
-6.50000000 0.00000000 	-3.1036232120
-6.50000000 0.50000000 	-3.1036232120
-6.50000000 1.00000000 	-3.1036232120
-6.50000000 1.50000000 	-3.1036232120
-6.50000000 2.00000000 	-3.1036232120
-6.50000000 2.50000000 	-3.1036232120
-6.50000000 3.00000000 	-3.1036232120
-6.50000000 3.50000000 	-3.1036232120
-6.50000000 4.00000000 	-3.1036232120
-6.50000000 4.50000000 	-3.1036232120
-6.50000000 5.00000000 	-3.1036232120
-6.50000000 5.50000000 	-3.1036232120
-6.50000000 6.00000000 	-3.1036232120
-6.50000000 6.50000000 	-3.1036232120
-6.50000000 7.00000000 	-3.1036232120
-6.50000000 7.50000000 	-3.1036232120
-6.50000000 8.00000000 	-3.1036232120
-6.00000000 -12.00000000 	-3.8337883720
-6.00000000 -11.50000000 	-3.8337883720
-6.00000000 -11.00000000 	-3.8337883720
-6.00000000 -10.50000000 	-3.8337883720
-6.00000000 -10.00000000 	-3.8337883720
-6.00000000 -9.50000000 	-3.8337883720
-6.00000000 -9.00000000 	-3.8337883720
-6.00000000 -8.50000000 	-3.8337883720
-6.00000000 -8.00000000 	-3.8337883720
-6.00000000 -7.50000000 	-3.8337883720
-6.00000000 -7.00000000 	-3.8337883720
-6.00000000 -6.50000000 	-3.8337883720
-6.00000000 -6.00000000 	-3.8337883720
-6.00000000 -5.50000000 	-3.8337883720
-6.00000000 -5.00000000 	-3.8337883720
-6.00000000 -4.50000000 	-3.8337883720
-6.00000000 -4.00000000 	-3.8337883720
-6.00000000 -3.50000000 	-3.8337883720
-6.00000000 -3.00000000 	-3.8337883720
-6.00000000 -2.50000000 	-3.8337883720
-6.00000000 -2.00000000 	-3.8337883720
-6.00000000 -1.50000000 	-3.8337883720
-6.00000000 -1.00000000 	-3.8337883720
-6.00000000 -0.50000000 	-3.8337883720
-6.00000000 0.00000000 	-3.8337883720
-6.00000000 0.50000000 	-3.8337883720
-6.00000000 1.00000000 	-3.8337883720
-6.00000000 1.50000000 	-3.8337883720
-6.00000000 2.00000000 	-3.8337883720
-6.00000000 2.50000000 	-3.8337883720
-6.00000000 3.00000000 	-3.8337883720
-6.00000000 3.50000000 	-3.8337883720
-6.00000000 4.00000000 	-3.8337883720
-6.00000000 4.50000000 	-3.8337883720
-6.00000000 5.00000000 	-3.8337883720
-6.00000000 5.50000000 	-3.8337883720
-6.00000000 6.00000000 	-3.8337883720
-6.00000000 6.50000000 	-3.8337883720
-6.00000000 7.00000000 	-3.8337883720
-6.00000000 7.50000000 	-3.8337883720
-6.00000000 8.00000000 	-3.8337883720
-5.50000000 -12.00000000 	-0.2379197316
-5.50000000 -11.50000000 	-0.2379197316
-5.50000000 -11.00000000 	-0.2379197316
-5.50000000 -10.50000000 	-0.2379197316
-5.50000000 -10.00000000 	-0.2379197316
-5.50000000 -9.50000000 	-0.2379197316
-5.50000000 -9.00000000 	-0.2379197316
-5.50000000 -8.50000000 	-0.2379197316
-5.50000000 -8.00000000 	-0.2379197316
-5.50000000 -7.50000000 	-0.2379197316
-5.50000000 -7.00000000 	-0.2379197316
-5.50000000 -6.50000000 	-0.2379197316
-5.50000000 -6.00000000 	-0.2379197316
-5.50000000 -5.50000000 	-0.2379197316
-5.50000000 -5.00000000 	-0.2379197316
-5.50000000 -4.50000000 	-0.2379197316
-5.50000000 -4.00000000 	-0.2379197316
-5.50000000 -3.50000000 	-0.2379197316
-5.50000000 -3.00000000 	-0.2379197316
-5.50000000 -2.50000000 	-0.2379197316
-5.50000000 -2.00000000 	-0.2379197316
-5.50000000 -1.50000000 	-0.2379197316
-5.50000000 -1.00000000 	-0.2379197316
-5.50000000 -0.50000000 	-0.2379197316
-5.50000000 0.00000000 	-0.2379197316
-5.50000000 0.50000000 	-0.2379197316
-5.50000000 1.00000000 	-0.2379197316
-5.50000000 1.50000000 	-0.2379197316
-5.50000000 2.00000000 	-0.2379197316
-5.50000000 2.50000000 	-0.2379197316
-5.50000000 3.00000000 	-0.2379197316
-5.50000000 3.50000000 	-0.2379197316
-5.50000000 4.00000000 	-0.2379197316
-5.50000000 4.50000000 	-0.2379197316
-5.50000000 5.00000000 	-0.2379197316
-5.50000000 5.50000000 	-0.2379197316
-5.50000000 6.00000000 	-0.2379197316
-5.50000000 6.50000000 	-0.2379197316
-5.50000000 7.00000000 	-0.2379197316
-5.50000000 7.50000000 	-0.2379197316
-5.50000000 8.00000000 	-0.2379197316
-5.00000000 -12.00000000 	3.9423404857
-5.00000000 -11.50000000 	3.9423404857
-5.00000000 -11.00000000 	3.9423404857
-5.00000000 -10.50000000 	3.9423404857
-5.00000000 -10.00000000 	3.9423404857
-5.00000000 -9.50000000 	3.9423404857
-5.00000000 -9.00000000 	3.9423404857
-5.00000000 -8.50000000 	3.9423404857
-5.00000000 -8.00000000 	3.9423404857
-5.00000000 -7.50000000 	3.9423404857
-5.00000000 -7.00000000 	3.9423404857
-5.00000000 -6.50000000 	3.9423404857
-5.00000000 -6.00000000 	3.9423404857
-5.00000000 -5.50000000 	3.9423404857
-5.00000000 -5.00000000 	3.9423404857
-5.00000000 -4.50000000 	3.9423404857
-5.00000000 -4.00000000 	3.9423404857
-5.00000000 -3.50000000 	3.9423404857
-5.00000000 -3.00000000 	3.9423404857
-5.00000000 -2.50000000 	3.9423404857
-5.00000000 -2.00000000 	3.9423404857
-5.00000000 -1.50000000 	3.9423404857
-5.00000000 -1.00000000 	3.9423404857
-5.00000000 -0.50000000 	3.9423404857
-5.00000000 0.00000000 	3.9423404857
-5.00000000 0.50000000 	3.9423404857
-5.00000000 1.00000000 	3.9423404857
-5.00000000 1.50000000 	3.9423404857
-5.00000000 2.00000000 	3.9423404857
-5.00000000 2.50000000 	3.9423404857
-5.00000000 3.00000000 	3.9423404857
-5.00000000 3.50000000 	3.9423404857
-5.00000000 4.00000000 	3.9423404857
-5.00000000 4.50000000 	3.9423404857
-5.00000000 5.00000000 	3.9423404857
-5.00000000 5.50000000 	3.9423404857
-5.00000000 6.00000000 	3.9423404857
-5.00000000 6.50000000 	3.9423404857
-5.00000000 7.00000000 	3.9423404857
-5.00000000 7.50000000 	3.9423404857
-5.00000000 8.00000000 	3.9423404857
-4.50000000 -12.00000000 	3.4547283025
-4.50000000 -11.50000000 	3.4547283025
-4.50000000 -11.00000000 	3.4547283025
-4.50000000 -10.50000000 	3.4547283025
-4.50000000 -10.00000000 	3.4547283025
-4.50000000 -9.50000000 	3.4547283025
-4.50000000 -9.00000000 	3.4547283025
-4.50000000 -8.50000000 	3.4547283025
-4.50000000 -8.00000000 	3.4547283025
-4.50000000 -7.50000000 	3.4547283025
-4.50000000 -7.00000000 	3.4547283025
-4.50000000 -6.50000000 	3.4547283025
-4.50000000 -6.00000000 	3.4547283025
-4.50000000 -5.50000000 	3.4547283025
-4.50000000 -5.00000000 	3.4547283025
-4.50000000 -4.50000000 	3.4547283025
-4.50000000 -4.00000000 	3.4547283025
-4.50000000 -3.50000000 	3.4547283025
-4.50000000 -3.00000000 	3.4547283025
-4.50000000 -2.50000000 	3.4547283025
-4.50000000 -2.00000000 	3.4547283025
-4.50000000 -1.50000000 	3.4547283025
-4.50000000 -1.00000000 	3.4547283025
-4.50000000 -0.50000000 	3.4547283025
-4.50000000 0.00000000 	3.4547283025
-4.50000000 0.50000000 	3.4547283025
-4.50000000 1.00000000 	3.4547283025
-4.50000000 1.50000000 	3.4547283025
-4.50000000 2.00000000 	3.4547283025
-4.50000000 2.50000000 	3.4547283025
-4.50000000 3.00000000 	3.4547283025
-4.50000000 3.50000000 	3.4547283025
-4.50000000 4.00000000 	3.4547283025
-4.50000000 4.50000000 	3.4547283025
-4.50000000 5.00000000 	3.4547283025
-4.50000000 5.50000000 	3.4547283025
-4.50000000 6.00000000 	3.4547283025
-4.50000000 6.50000000 	3.4547283025
-4.50000000 7.00000000 	3.4547283025
-4.50000000 7.50000000 	3.4547283025
-4.50000000 8.00000000 	3.4547283025
-4.00000000 -12.00000000 	0.9101630065
-4.00000000 -11.50000000 	0.9101630065
-4.00000000 -11.00000000 	0.9101630065
-4.00000000 -10.50000000 	0.9101630065
-4.00000000 -10.00000000 	0.9101630065
-4.00000000 -9.50000000 	0.9101630065
-4.00000000 -9.00000000 	0.9101630065
-4.00000000 -8.50000000 	0.9101630065
-4.00000000 -8.00000000 	0.9101630065
-4.00000000 -7.50000000 	0.9101630065
-4.00000000 -7.00000000 	0.9101630065
-4.00000000 -6.50000000 	0.9101630065
-4.00000000 -6.00000000 	0.9101630065
-4.00000000 -5.50000000 	0.9101630065
-4.00000000 -5.00000000 	0.9101630065
-4.00000000 -4.50000000 	0.9101630065
-4.00000000 -4.00000000 	0.9101630065
-4.00000000 -3.50000000 	0.9101630065
-4.00000000 -3.00000000 	0.9101630065
-4.00000000 -2.50000000 	0.9101630065
-4.00000000 -2.00000000 	0.9101630065
-4.00000000 -1.50000000 	0.9101630065
-4.00000000 -1.00000000 	0.9101630065
-4.00000000 -0.50000000 	0.9101630065
-4.00000000 0.00000000 	0.9101630065
-4.00000000 0.50000000 	0.9101630065
-4.00000000 1.00000000 	0.9101630065
-4.00000000 1.50000000 	0.9101630065
-4.00000000 2.00000000 	0.9101630065
-4.00000000 2.50000000 	0.9101630065
-4.00000000 3.00000000 	0.9101630065
-4.00000000 3.50000000 	0.9101630065
-4.00000000 4.00000000 	0.9101630065
-4.00000000 4.50000000 	0.9101630065
-4.00000000 5.00000000 	0.9101630065
-4.00000000 5.50000000 	0.9101630065
-4.00000000 6.00000000 	0.9101630065
-4.00000000 6.50000000 	0.9101630065
-4.00000000 7.00000000 	0.9101630065
-4.00000000 7.50000000 	0.9101630065
-4.00000000 8.00000000 	0.9101630065
-3.50000000 -12.00000000 	0.0000000000
-3.50000000 -11.50000000 	0.0000000000
-3.50000000 -11.00000000 	0.0000000000
-3.50000000 -10.50000000 	0.0000000000
-3.50000000 -10.00000000 	0.0000000000
-3.50000000 -9.50000000 	0.0000000000
-3.50000000 -9.00000000 	0.0000000000
-3.50000000 -8.50000000 	0.0000000000
-3.50000000 -8.00000000 	0.0000000000
-3.50000000 -7.50000000 	0.0000000000
-3.50000000 -7.00000000 	0.0000000000
-3.50000000 -6.50000000 	0.0000000000
-3.50000000 -6.00000000 	0.0000000000
-3.50000000 -5.50000000 	0.0000000000
-3.50000000 -5.00000000 	0.0000000000
-3.50000000 -4.50000000 	0.0000000000
-3.50000000 -4.00000000 	0.0000000000
-3.50000000 -3.50000000 	0.0000000000
-3.50000000 -3.00000000 	0.0000000000
-3.50000000 -2.50000000 	0.0000000000
-3.50000000 -2.00000000 	0.0000000000
-3.50000000 -1.50000000 	0.0000000000
-3.50000000 -1.00000000 	0.0000000000
-3.50000000 -0.50000000 	0.0000000000
-3.50000000 0.00000000 	0.0000000000
-3.50000000 0.50000000 	0.0000000000
-3.50000000 1.00000000 	0.0000000000
-3.50000000 1.50000000 	0.0000000000
-3.50000000 2.00000000 	0.0000000000
-3.50000000 2.50000000 	0.0000000000
-3.50000000 3.00000000 	0.0000000000
-3.50000000 3.50000000 	0.0000000000
-3.50000000 4.00000000 	0.0000000000
-3.50000000 4.50000000 	0.0000000000
-3.50000000 5.00000000 	0.0000000000
-3.50000000 5.50000000 	0.0000000000
-3.50000000 6.00000000 	0.0000000000
-3.50000000 6.50000000 	0.0000000000
-3.50000000 7.00000000 	0.0000000000
-3.50000000 7.50000000 	0.0000000000
-3.50000000 8.00000000 	0.0000000000
-3.00000000 -12.00000000 	0.0000000000
-3.00000000 -11.50000000 	0.0000000000
-3.00000000 -11.00000000 	0.0000000000
-3.00000000 -10.50000000 	0.0000000000
-3.00000000 -10.00000000 	0.0000000000
-3.00000000 -9.50000000 	0.0000000000
-3.00000000 -9.00000000 	0.0000000000
-3.00000000 -8.50000000 	0.0000000000
-3.00000000 -8.00000000 	0.0000000000
-3.00000000 -7.50000000 	0.0000000000
-3.00000000 -7.00000000 	0.0000000000
-3.00000000 -6.50000000 	0.0000000000
-3.00000000 -6.00000000 	0.0000000000
-3.00000000 -5.50000000 	0.0000000000
-3.00000000 -5.00000000 	0.0000000000
-3.00000000 -4.50000000 	0.0000000000
-3.00000000 -4.00000000 	0.0000000000
-3.00000000 -3.50000000 	0.0000000000
-3.00000000 -3.00000000 	0.0000000000
-3.00000000 -2.50000000 	0.0000000000
-3.00000000 -2.00000000 	0.0000000000
-3.00000000 -1.50000000 	0.0000000000
-3.00000000 -1.00000000 	0.0000000000
-3.00000000 -0.50000000 	0.0000000000
-3.00000000 0.00000000 	0.0000000000
-3.00000000 0.50000000 	0.0000000000
-3.00000000 1.00000000 	0.0000000000
-3.00000000 1.50000000 	0.0000000000
-3.00000000 2.00000000 	0.0000000000
-3.00000000 2.50000000 	0.0000000000
-3.00000000 3.00000000 	0.0000000000
-3.00000000 3.50000000 	0.0000000000
-3.00000000 4.00000000 	0.0000000000
-3.00000000 4.50000000 	0.0000000000
-3.00000000 5.00000000 	0.0000000000
-3.00000000 5.50000000 	0.0000000000
-3.00000000 6.00000000 	0.0000000000
-3.00000000 6.50000000 	0.0000000000
-3.00000000 7.00000000 	0.0000000000
-3.00000000 7.50000000 	0.0000000000
-3.00000000 8.00000000 	0.0000000000
-2.50000000 -12.00000000 	0.0000000000
-2.50000000 -11.50000000 	0.0000000000
-2.50000000 -11.00000000 	0.0000000000
-2.50000000 -10.50000000 	0.0000000000
-2.50000000 -10.00000000 	0.0000000000
-2.50000000 -9.50000000 	0.0000000000
-2.50000000 -9.00000000 	0.0000000000
-2.50000000 -8.50000000 	0.0000000000
-2.50000000 -8.00000000 	0.0000000000
-2.50000000 -7.50000000 	0.0000000000
-2.50000000 -7.00000000 	0.0000000000
-2.50000000 -6.50000000 	0.0000000000
-2.50000000 -6.00000000 	0.0000000000
-2.50000000 -5.50000000 	0.0000000000
-2.50000000 -5.00000000 	0.0000000000
-2.50000000 -4.50000000 	0.0000000000
-2.50000000 -4.00000000 	0.0000000000
-2.50000000 -3.50000000 	0.0000000000
-2.50000000 -3.00000000 	0.0000000000
-2.50000000 -2.50000000 	0.0000000000
-2.50000000 -2.00000000 	0.0000000000
-2.50000000 -1.50000000 	0.0016079217
-2.50000000 -1.00000000 	0.0112700824
-2.50000000 -0.50000000 	0.0354668674
-2.50000000 0.00000000 	0.0677880880
-2.50000000 0.50000000 	0.0920737887
-2.50000000 1.00000000 	0.1018054026
-2.50000000 1.50000000 	0.1018054026
-2.50000000 2.00000000 	0.0920737887
-2.50000000 2.50000000 	0.0677880880
-2.50000000 3.00000000 	0.0354668674
-2.50000000 3.50000000 	0.0112700824
-2.50000000 4.00000000 	0.0016079217
-2.50000000 4.50000000 	0.0000000000
-2.50000000 5.00000000 	0.0000000000
-2.50000000 5.50000000 	0.0000000000
-2.50000000 6.00000000 	0.0000000000
-2.50000000 6.50000000 	0.0000000000
-2.50000000 7.00000000 	0.0000000000
-2.50000000 7.50000000 	0.0000000000
-2.50000000 8.00000000 	0.0000000000
-2.00000000 -12.00000000 	0.0000000000
-2.00000000 -11.50000000 	0.0000000000
-2.00000000 -11.00000000 	0.0000000000
-2.00000000 -10.50000000 	0.0000000000
-2.00000000 -10.00000000 	0.0000000000
-2.00000000 -9.50000000 	0.0000000000
-2.00000000 -9.00000000 	0.0000000000
-2.00000000 -8.50000000 	0.0000000000
-2.00000000 -8.00000000 	0.0000000000
-2.00000000 -7.50000000 	0.0000000000
-2.00000000 -7.00000000 	0.0000000000
-2.00000000 -6.50000000 	0.0000000000
-2.00000000 -6.00000000 	0.0000000000
-2.00000000 -5.50000000 	0.0000000000
-2.00000000 -5.00000000 	0.0000000000
-2.00000000 -4.50000000 	0.0000000000
-2.00000000 -4.00000000 	0.0000000000
-2.00000000 -3.50000000 	0.0000000000
-2.00000000 -3.00000000 	0.0000000000
-2.00000000 -2.50000000 	0.0000000000
-2.00000000 -2.00000000 	0.0016079217
-2.00000000 -1.50000000 	0.0177378535
-2.00000000 -1.00000000 	0.0809240453
-2.00000000 -0.50000000 	0.2112228087
-2.00000000 0.00000000 	0.3668173975
-2.00000000 0.50000000 	0.4754932551
-2.00000000 1.00000000 	0.5168496203
-2.00000000 1.50000000 	0.5168496203
-2.00000000 2.00000000 	0.4754932551
-2.00000000 2.50000000 	0.3668173975
-2.00000000 3.00000000 	0.2112228087
-2.00000000 3.50000000 	0.0809240453
-2.00000000 4.00000000 	0.0177378535
-2.00000000 4.50000000 	0.0016079217
-2.00000000 5.00000000 	0.0000000000
-2.00000000 5.50000000 	0.0000000000
-2.00000000 6.00000000 	0.0000000000
-2.00000000 6.50000000 	0.0000000000
-2.00000000 7.00000000 	0.0000000000
-2.00000000 7.50000000 	0.0000000000
-2.00000000 8.00000000 	0.0000000000
-1.50000000 -12.00000000 	0.0000000000
-1.50000000 -11.50000000 	0.0000000000
-1.50000000 -11.00000000 	0.0000000000
-1.50000000 -10.50000000 	0.0000000000
-1.50000000 -10.00000000 	0.0000000000
-1.50000000 -9.50000000 	0.0000000000
-1.50000000 -9.00000000 	0.0000000000
-1.50000000 -8.50000000 	0.0000000000
-1.50000000 -8.00000000 	0.0000000000
-1.50000000 -7.50000000 	0.0000000000
-1.50000000 -7.00000000 	0.0000000000
-1.50000000 -6.50000000 	0.0000000000
-1.50000000 -6.00000000 	0.0000000000
-1.50000000 -5.50000000 	0.0000000000
-1.50000000 -5.00000000 	0.0000000000
-1.50000000 -4.50000000 	0.0000000000
-1.50000000 -4.00000000 	0.0000000000
-1.50000000 -3.50000000 	0.0000000000
-1.50000000 -3.00000000 	0.0000000000
-1.50000000 -2.50000000 	0.0016079217
-1.50000000 -2.00000000 	0.0177378535
-1.50000000 -1.50000000 	0.0891225519
-1.50000000 -1.00000000 	0.2691709578
-1.50000000 -0.50000000 	0.5505667892
-1.50000000 0.00000000 	0.8287065234
-1.50000000 0.50000000 	0.9982058654
-1.50000000 1.00000000 	1.0563891499
-1.50000000 1.50000000 	1.0563891499
-1.50000000 2.00000000 	0.9982058654
-1.50000000 2.50000000 	0.8287065234
-1.50000000 3.00000000 	0.5505667892
-1.50000000 3.50000000 	0.2691709578
-1.50000000 4.00000000 	0.0891225519
-1.50000000 4.50000000 	0.0177378535
-1.50000000 5.00000000 	0.0016079217
-1.50000000 5.50000000 	0.0000000000
-1.50000000 6.00000000 	0.0000000000
-1.50000000 6.50000000 	0.0000000000
-1.50000000 7.00000000 	0.0000000000
-1.50000000 7.50000000 	0.0000000000
-1.50000000 8.00000000 	0.0000000000
-1.00000000 -12.00000000 	0.0000000000
-1.00000000 -11.50000000 	0.0000000000
-1.00000000 -11.00000000 	0.0000000000
-1.00000000 -10.50000000 	0.0000000000
-1.00000000 -10.00000000 	0.0000000000
-1.00000000 -9.50000000 	0.0000000000
-1.00000000 -9.00000000 	0.0000000000
-1.00000000 -8.50000000 	0.0000000000
-1.00000000 -8.00000000 	0.0000000000
-1.00000000 -7.50000000 	0.0000000000
-1.00000000 -7.00000000 	0.0000000000
-1.00000000 -6.50000000 	0.0000000000
-1.00000000 -6.00000000 	0.0000000000
-1.00000000 -5.50000000 	0.0000000000
-1.00000000 -5.00000000 	0.0000000000
-1.00000000 -4.50000000 	0.0000000000
-1.00000000 -4.00000000 	0.0000000000
-1.00000000 -3.50000000 	0.0000000000
-1.00000000 -3.00000000 	0.0000000000
-1.00000000 -2.50000000 	0.0080542331
-1.00000000 -2.00000000 	0.0647723694
-1.00000000 -1.50000000 	0.2366209212
-1.00000000 -1.00000000 	0.5274421462
-1.00000000 -0.50000000 	0.8248841937
-1.00000000 0.00000000 	1.0094710701
-1.00000000 0.50000000 	1.0746238975
-1.00000000 1.00000000 	1.0853287012
-1.00000000 1.50000000 	1.0853287012
-1.00000000 2.00000000 	1.0746238975
-1.00000000 2.50000000 	1.0111731523
-1.00000000 3.00000000 	0.8349443803
-1.00000000 3.50000000 	0.5522629501
-1.00000000 4.00000000 	0.2693581045
-1.00000000 4.50000000 	0.0891225519
-1.00000000 5.00000000 	0.0177378535
-1.00000000 5.50000000 	0.0016079217
-1.00000000 6.00000000 	0.0000000000
-1.00000000 6.50000000 	0.0000000000
-1.00000000 7.00000000 	0.0000000000
-1.00000000 7.50000000 	0.0000000000
-1.00000000 8.00000000 	0.0000000000
-0.50000000 -12.00000000 	0.0000000000
-0.50000000 -11.50000000 	0.0000000000
-0.50000000 -11.00000000 	0.0000000000
-0.50000000 -10.50000000 	0.0000000000
-0.50000000 -10.00000000 	0.0000000000
-0.50000000 -9.50000000 	0.0000000000
-0.50000000 -9.00000000 	0.0000000000
-0.50000000 -8.50000000 	0.0000000000
-0.50000000 -8.00000000 	0.0000000000
-0.50000000 -7.50000000 	0.0000000000
-0.50000000 -7.00000000 	0.0000000000
-0.50000000 -6.50000000 	0.0000000000
-0.50000000 -6.00000000 	0.0000000000
-0.50000000 -5.50000000 	0.0000000000
-0.50000000 -5.00000000 	0.0000000000
-0.50000000 -4.50000000 	0.0000000000
-0.50000000 -4.00000000 	0.0000000000
-0.50000000 -3.50000000 	0.0000000000
-0.50000000 -3.00000000 	0.0016079217
-0.50000000 -2.50000000 	0.0258414894
-0.50000000 -2.00000000 	0.1383754456
-0.50000000 -1.50000000 	0.3867592452
-0.50000000 -1.00000000 	0.6668863938
-0.50000000 -0.50000000 	0.7875282437
-0.50000000 0.00000000 	0.7200364442
-0.50000000 0.50000000 	0.6116709993
-0.50000000 1.00000000 	0.5613098885
-0.50000000 1.50000000 	0.5613098885
-0.50000000 2.00000000 	0.6116709993
-0.50000000 2.50000000 	0.7269594398
-0.50000000 3.00000000 	0.8284675513
-0.50000000 3.50000000 	0.7677189563
-0.50000000 4.00000000 	0.5193364026
-0.50000000 4.50000000 	0.2366209212
-0.50000000 5.00000000 	0.0647723694
-0.50000000 5.50000000 	0.0080542331
-0.50000000 6.00000000 	0.0000000000
-0.50000000 6.50000000 	0.0000000000
-0.50000000 7.00000000 	0.0000000000
-0.50000000 7.50000000 	0.0000000000
-0.50000000 8.00000000 	0.0000000000
0.00000000 -12.00000000 	0.0000000000
0.00000000 -11.50000000 	0.0000000000
0.00000000 -11.00000000 	0.0000000000
0.00000000 -10.50000000 	0.0000000000
0.00000000 -10.00000000 	0.0000000000
0.00000000 -9.50000000 	0.0000000000
0.00000000 -9.00000000 	0.0000000000
0.00000000 -8.50000000 	0.0000000000
0.00000000 -8.00000000 	0.0000000000
0.00000000 -7.50000000 	0.0000000000
0.00000000 -7.00000000 	0.0000000000
0.00000000 -6.50000000 	0.0000000000
0.00000000 -6.00000000 	0.0000000000
0.00000000 -5.50000000 	0.0000000000
0.00000000 -5.00000000 	0.0000000000
0.00000000 -4.50000000 	0.0000000000
0.00000000 -4.00000000 	0.0000000000
0.00000000 -3.50000000 	0.0000000000
0.00000000 -3.00000000 	0.0080542331
0.00000000 -2.50000000 	0.0648482872
0.00000000 -2.00000000 	0.2293078944
0.00000000 -1.50000000 	0.4664904324
0.00000000 -1.00000000 	0.6016373455
0.00000000 -0.50000000 	0.5164748141
0.00000000 0.00000000 	0.3151757848
0.00000000 0.50000000 	0.1693946377
0.00000000 1.00000000 	0.1190892725
0.00000000 1.50000000 	0.1190892725
0.00000000 2.00000000 	0.1693946377
0.00000000 2.50000000 	0.3239636324
0.00000000 3.00000000 	0.5686268958
0.00000000 3.50000000 	0.7301532205
0.00000000 4.00000000 	0.6351089019
0.00000000 4.50000000 	0.3537559319
0.00000000 5.00000000 	0.1139177164
0.00000000 5.50000000 	0.0161424533
0.00000000 6.00000000 	0.0000000000
0.00000000 6.50000000 	0.0000000000
0.00000000 7.00000000 	0.0000000000
0.00000000 7.50000000 	0.0000000000
0.00000000 8.00000000 	0.0000000000
0.50000000 -12.00000000 	0.0000000000
0.50000000 -11.50000000 	0.0000000000
0.50000000 -11.00000000 	0.0000000000
0.50000000 -10.50000000 	0.0000000000
0.50000000 -10.00000000 	0.0000000000
0.50000000 -9.50000000 	0.0000000000
0.50000000 -9.00000000 	0.0000000000
0.50000000 -8.50000000 	0.0000000000
0.50000000 -8.00000000 	0.0000000000
0.50000000 -7.50000000 	0.0000000000
0.50000000 -7.00000000 	0.0000000000
0.50000000 -6.50000000 	0.0000000000
0.50000000 -6.00000000 	0.0000000000
0.50000000 -5.50000000 	0.0000000000
0.50000000 -5.00000000 	0.0000000000
0.50000000 -4.50000000 	0.0000000000
0.50000000 -4.00000000 	0.0000000000
0.50000000 -3.50000000 	0.0000000000
0.50000000 -3.00000000 	0.0161424533
0.50000000 -2.50000000 	0.1058517964
0.50000000 -2.00000000 	0.2984155199
0.50000000 -1.50000000 	0.4702272093
0.50000000 -1.00000000 	0.4504969858
0.50000000 -0.50000000 	0.2673688833
0.50000000 0.00000000 	0.0959538123
0.50000000 0.50000000 	0.0193239297
0.50000000 1.00000000 	0.0017630474
0.50000000 1.50000000 	0.0017630474
0.50000000 2.00000000 	0.0193239297
0.50000000 2.50000000 	0.0960611433
0.50000000 3.00000000 	0.2682414164
0.50000000 3.50000000 	0.4528862691
0.50000000 4.00000000 	0.4732069096
0.50000000 4.50000000 	0.3001975233
0.50000000 5.00000000 	0.1063141930
0.50000000 5.50000000 	0.0161784656
0.50000000 6.00000000 	0.0000000000
0.50000000 6.50000000 	0.0000000000
0.50000000 7.00000000 	0.0000000000
0.50000000 7.50000000 	0.0000000000
0.50000000 8.00000000 	0.0000000000
1.00000000 -12.00000000 	0.0000000000
1.00000000 -11.50000000 	0.0000000000
1.00000000 -11.00000000 	0.0000000000
1.00000000 -10.50000000 	0.0000000000
1.00000000 -10.00000000 	0.0000000000
1.00000000 -9.50000000 	0.0000000000
1.00000000 -9.00000000 	0.0000000000
1.00000000 -8.50000000 	0.0000000000
1.00000000 -8.00000000 	0.0000000000
1.00000000 -7.50000000 	0.0000000000
1.00000000 -7.00000000 	0.0000000000
1.00000000 -6.50000000 	0.0000000000
1.00000000 -6.00000000 	0.0000000000
1.00000000 -5.50000000 	0.0000000000
1.00000000 -5.00000000 	0.0000000000
1.00000000 -4.50000000 	0.0000000000
1.00000000 -4.00000000 	0.0000000000
1.00000000 -3.50000000 	0.0000000000
1.00000000 -3.00000000 	0.0161784656
1.00000000 -2.50000000 	0.0997916208
1.00000000 -2.00000000 	0.2588661970
1.00000000 -1.50000000 	0.3624223969
1.00000000 -1.00000000 	0.2910438290
1.00000000 -0.50000000 	0.1301630783
1.00000000 0.00000000 	0.0280516517
1.00000000 0.50000000 	0.0017630474
1.00000000 1.00000000 	0.0000000000
1.00000000 1.50000000 	0.0000000000
1.00000000 2.00000000 	0.0017630474
1.00000000 2.50000000 	0.0193239297
1.00000000 3.00000000 	0.0784510321
1.00000000 3.50000000 	0.1636625306
1.00000000 4.00000000 	0.1951660731
1.00000000 4.50000000 	0.1352154959
1.00000000 5.00000000 	0.0509286995
1.00000000 5.50000000 	0.0081068959
1.00000000 6.00000000 	0.0000000000
1.00000000 6.50000000 	0.0000000000
1.00000000 7.00000000 	0.0000000000
1.00000000 7.50000000 	0.0000000000
1.00000000 8.00000000 	0.0000000000
1.50000000 -12.00000000 	0.0000000000
1.50000000 -11.50000000 	0.0000000000
1.50000000 -11.00000000 	0.0000000000
1.50000000 -10.50000000 	0.0000000000
1.50000000 -10.00000000 	0.0000000000
1.50000000 -9.50000000 	0.0000000000
1.50000000 -9.00000000 	0.0000000000
1.50000000 -8.50000000 	0.0000000000
1.50000000 -8.00000000 	0.0000000000
1.50000000 -7.50000000 	0.0000000000
1.50000000 -7.00000000 	0.0000000000
1.50000000 -6.50000000 	0.0000000000
1.50000000 -6.00000000 	0.0000000000
1.50000000 -5.50000000 	0.0000000000
1.50000000 -5.00000000 	0.0000000000
1.50000000 -4.50000000 	0.0000000000
1.50000000 -4.00000000 	0.0000000000
1.50000000 -3.50000000 	0.0000000000
1.50000000 -3.00000000 	0.0081068959
1.50000000 -2.50000000 	0.0492827021
1.50000000 -2.00000000 	0.1251711962
1.50000000 -1.50000000 	0.1696517982
1.50000000 -1.00000000 	0.1291793646
1.50000000 -0.50000000 	0.0523171543
1.50000000 0.00000000 	0.0087941979
1.50000000 0.50000000 	0.0000000000
1.50000000 1.00000000 	0.0000000000
1.50000000 1.50000000 	0.0000000000
1.50000000 2.00000000 	0.0000000000
1.50000000 2.50000000 	0.0017630474
1.50000000 3.00000000 	0.0105027231
1.50000000 3.50000000 	0.0259564199
1.50000000 4.00000000 	0.0340972198
1.50000000 4.50000000 	0.0251456457
1.50000000 5.00000000 	0.0098897366
1.50000000 5.50000000 	0.0016245666
1.50000000 6.00000000 	0.0000000000
1.50000000 6.50000000 	0.0000000000
1.50000000 7.00000000 	0.0000000000
1.50000000 7.50000000 	0.0000000000
1.50000000 8.00000000 	0.0000000000
2.00000000 -12.00000000 	0.0000000000
2.00000000 -11.50000000 	0.0000000000
2.00000000 -11.00000000 	0.0000000000
2.00000000 -10.50000000 	0.0000000000
2.00000000 -10.00000000 	0.0000000000
2.00000000 -9.50000000 	0.0000000000
2.00000000 -9.00000000 	0.0000000000
2.00000000 -8.50000000 	0.0000000000
2.00000000 -8.00000000 	0.0000000000
2.00000000 -7.50000000 	0.0000000000
2.00000000 -7.00000000 	0.0000000000
2.00000000 -6.50000000 	0.0000000000
2.00000000 -6.00000000 	0.0000000000
2.00000000 -5.50000000 	0.0000000000
2.00000000 -5.00000000 	0.0000000000
2.00000000 -4.50000000 	0.0000000000
2.00000000 -4.00000000 	0.0000000000
2.00000000 -3.50000000 	0.0000000000
2.00000000 -3.00000000 	0.0016245666
2.00000000 -2.50000000 	0.0098897366
2.00000000 -2.00000000 	0.0251456457
2.00000000 -1.50000000 	0.0340972198
2.00000000 -1.00000000 	0.0259564199
2.00000000 -0.50000000 	0.0105027231
2.00000000 0.00000000 	0.0017630474
2.00000000 0.50000000 	0.0000000000
2.00000000 1.00000000 	0.0000000000
2.00000000 1.50000000 	0.0000000000
2.00000000 2.00000000 	0.0000000000
2.00000000 2.50000000 	0.0000000000
2.00000000 3.00000000 	0.0000000000
2.00000000 3.50000000 	0.0000000000
2.00000000 4.00000000 	0.0000000000
2.00000000 4.50000000 	0.0000000000
2.00000000 5.00000000 	0.0000000000
2.00000000 5.50000000 	0.0000000000
2.00000000 6.00000000 	0.0000000000
2.00000000 6.50000000 	0.0000000000
2.00000000 7.00000000 	0.0000000000
2.00000000 7.50000000 	0.0000000000
2.00000000 8.00000000 	0.0000000000
