-8.00000000 -12.00000000 	0.0000000000
-8.00000000 -11.50000000 	0.0000000000
-8.00000000 -11.00000000 	0.0000000000
-8.00000000 -10.50000000 	0.0000000000
-8.00000000 -10.00000000 	-0.0004313464
-8.00000000 -9.50000000 	-0.0268572553
-8.00000000 -9.00000000 	-0.2165972137
-8.00000000 -8.50000000 	-0.5548796217
-8.00000000 -8.00000000 	-0.0041647108
-8.00000000 -7.50000000 	1.1690318322
-8.00000000 -7.00000000 	0.8946697281
-8.00000000 -6.50000000 	0.2006819143
-8.00000000 -6.00000000 	0.0000000000
-8.00000000 -5.50000000 	0.0000000000
-8.00000000 -5.00000000 	0.0000000000
-8.00000000 -4.50000000 	0.0000000000
-8.00000000 -4.00000000 	0.0000000000
-8.00000000 -3.50000000 	0.0000000000
-8.00000000 -3.00000000 	0.0000000000
-8.00000000 -2.50000000 	0.0000000000
-8.00000000 -2.00000000 	0.0000000000
-8.00000000 -1.50000000 	0.0000000000
-8.00000000 -1.00000000 	0.0000000000
-8.00000000 -0.50000000 	0.0000000000
-8.00000000 0.00000000 	0.0000000000
-8.00000000 0.50000000 	0.0000000000
-8.00000000 1.00000000 	0.0000000000
-8.00000000 1.50000000 	0.0000000000
-8.00000000 2.00000000 	0.0000000000
-8.00000000 2.50000000 	0.0000000000
-8.00000000 3.00000000 	0.0000000000
-8.00000000 3.50000000 	0.0000000000
-8.00000000 4.00000000 	0.0000000000
-8.00000000 4.50000000 	0.0000000000
-8.00000000 5.00000000 	0.0000000000
-8.00000000 5.50000000 	0.0000000000
-8.00000000 6.00000000 	0.0000000000
-8.00000000 6.50000000 	0.0000000000
-8.00000000 7.00000000 	0.0000000000
-8.00000000 7.50000000 	0.0000000000
-8.00000000 8.00000000 	0.0000000000
-7.50000000 -12.00000000 	0.0000000000
-7.50000000 -11.50000000 	0.0000000000
-7.50000000 -11.00000000 	0.0000000000
-7.50000000 -10.50000000 	0.0000000000
-7.50000000 -10.00000000 	0.0000000000
-7.50000000 -9.50000000 	-0.0263567897
-7.50000000 -9.00000000 	-0.2936385964
-7.50000000 -8.50000000 	-1.0363341849
-7.50000000 -8.00000000 	-0.9656390086
-7.50000000 -7.50000000 	0.8847626108
-7.50000000 -7.00000000 	1.7152222807
-7.50000000 -6.50000000 	0.9738085491
-7.50000000 -6.00000000 	0.2006819143
-7.50000000 -5.50000000 	0.0000000000
-7.50000000 -5.00000000 	0.0000000000
-7.50000000 -4.50000000 	0.0000000000
-7.50000000 -4.00000000 	0.0000000000
-7.50000000 -3.50000000 	0.0000000000
-7.50000000 -3.00000000 	0.0000000000
-7.50000000 -2.50000000 	0.0000000000
-7.50000000 -2.00000000 	0.0000000000
-7.50000000 -1.50000000 	0.0000000000
-7.50000000 -1.00000000 	0.0000000000
-7.50000000 -0.50000000 	0.0000000000
-7.50000000 0.00000000 	0.0000000000
-7.50000000 0.50000000 	0.0000000000
-7.50000000 1.00000000 	0.0000000000
-7.50000000 1.50000000 	0.0000000000
-7.50000000 2.00000000 	0.0000000000
-7.50000000 2.50000000 	0.0000000000
-7.50000000 3.00000000 	0.0000000000
-7.50000000 3.50000000 	0.0000000000
-7.50000000 4.00000000 	0.0000000000
-7.50000000 4.50000000 	0.0000000000
-7.50000000 5.00000000 	0.0000000000
-7.50000000 5.50000000 	0.0000000000
-7.50000000 6.00000000 	0.0000000000
-7.50000000 6.50000000 	0.0000000000
-7.50000000 7.00000000 	0.0000000000
-7.50000000 7.50000000 	0.0000000000
-7.50000000 8.00000000 	0.0000000000
-7.00000000 -12.00000000 	0.0000000000
-7.00000000 -11.50000000 	0.0000000000
-7.00000000 -11.00000000 	0.0000000000
-7.00000000 -10.50000000 	0.0000000000
-7.00000000 -10.00000000 	0.0000000000
-7.00000000 -9.50000000 	0.0000000000
-7.00000000 -9.00000000 	-0.1010981979
-7.00000000 -8.50000000 	-0.7540223394
-7.00000000 -8.00000000 	-1.6907462989
-7.00000000 -7.50000000 	-0.9421020589
-7.00000000 -7.00000000 	0.9421020589
-7.00000000 -6.50000000 	1.7152222807
-7.00000000 -6.00000000 	0.9738085491
-7.00000000 -5.50000000 	0.2006819143
-7.00000000 -5.00000000 	0.0000000000
-7.00000000 -4.50000000 	0.0000000000
-7.00000000 -4.00000000 	0.0000000000
-7.00000000 -3.50000000 	0.0000000000
-7.00000000 -3.00000000 	0.0000000000
-7.00000000 -2.50000000 	0.0000000000
-7.00000000 -2.00000000 	0.0000000000
-7.00000000 -1.50000000 	0.0000000000
-7.00000000 -1.00000000 	0.0000000000
-7.00000000 -0.50000000 	0.0000000000
-7.00000000 0.00000000 	0.0000000000
-7.00000000 0.50000000 	0.0000000000
-7.00000000 1.00000000 	0.0000000000
-7.00000000 1.50000000 	0.0000000000
-7.00000000 2.00000000 	0.0000000000
-7.00000000 2.50000000 	0.0000000000
-7.00000000 3.00000000 	0.0000000000
-7.00000000 3.50000000 	0.0000000000
-7.00000000 4.00000000 	0.0000000000
-7.00000000 4.50000000 	0.0000000000
-7.00000000 5.00000000 	0.0000000000
-7.00000000 5.50000000 	0.0000000000
-7.00000000 6.00000000 	0.0000000000
-7.00000000 6.50000000 	0.0000000000
-7.00000000 7.00000000 	0.0000000000
-7.00000000 7.50000000 	0.0000000000
-7.00000000 8.00000000 	0.0000000000
-6.50000000 -12.00000000 	0.0000000000
-6.50000000 -11.50000000 	0.0000000000
-6.50000000 -11.00000000 	0.0000000000
-6.50000000 -10.50000000 	0.0000000000
-6.50000000 -10.00000000 	0.0000000000
-6.50000000 -9.50000000 	0.0000000000
-6.50000000 -9.00000000 	0.0000000000
-6.50000000 -8.50000000 	-0.1755195557
-6.50000000 -8.00000000 	-0.9738085491
-6.50000000 -7.50000000 	-1.7152222807
-6.50000000 -7.00000000 	-0.9421020589
-6.50000000 -6.50000000 	0.9421020589
-6.50000000 -6.00000000 	1.7152222807
-6.50000000 -5.50000000 	0.9738085491
-6.50000000 -5.00000000 	0.2006819143
-6.50000000 -4.50000000 	0.0000000000
-6.50000000 -4.00000000 	0.0000000000
-6.50000000 -3.50000000 	0.0000000000
-6.50000000 -3.00000000 	0.0000000000
-6.50000000 -2.50000000 	0.0000000000
-6.50000000 -2.00000000 	0.0000000000
-6.50000000 -1.50000000 	0.0000000000
-6.50000000 -1.00000000 	0.0000000000
-6.50000000 -0.50000000 	0.0000000000
-6.50000000 0.00000000 	0.0000000000
-6.50000000 0.50000000 	0.0000000000
-6.50000000 1.00000000 	0.0000000000
-6.50000000 1.50000000 	0.0000000000
-6.50000000 2.00000000 	0.0000000000
-6.50000000 2.50000000 	0.0000000000
-6.50000000 3.00000000 	0.0000000000
-6.50000000 3.50000000 	0.0000000000
-6.50000000 4.00000000 	0.0000000000
-6.50000000 4.50000000 	0.0000000000
-6.50000000 5.00000000 	0.0000000000
-6.50000000 5.50000000 	0.0000000000
-6.50000000 6.00000000 	0.0000000000
-6.50000000 6.50000000 	0.0000000000
-6.50000000 7.00000000 	0.0000000000
-6.50000000 7.50000000 	0.0000000000
-6.50000000 8.00000000 	0.0000000000
-6.00000000 -12.00000000 	0.0000000000
-6.00000000 -11.50000000 	0.0000000000
-6.00000000 -11.00000000 	0.0000000000
-6.00000000 -10.50000000 	0.0000000000
-6.00000000 -10.00000000 	0.0000000000
-6.00000000 -9.50000000 	0.0000000000
-6.00000000 -9.00000000 	0.0000000000
-6.00000000 -8.50000000 	0.0000000000
-6.00000000 -8.00000000 	-0.2006819143
-6.00000000 -7.50000000 	-0.9738085491
-6.00000000 -7.00000000 	-1.7152222807
-6.00000000 -6.50000000 	-0.9421020589
-6.00000000 -6.00000000 	0.9421020589
-6.00000000 -5.50000000 	1.7152222807
-6.00000000 -5.00000000 	0.9738085491
-6.00000000 -4.50000000 	0.2006819143
-6.00000000 -4.00000000 	0.0000000000
-6.00000000 -3.50000000 	0.0000000000
-6.00000000 -3.00000000 	0.0000000000
-6.00000000 -2.50000000 	0.0000000000
-6.00000000 -2.00000000 	0.0000000000
-6.00000000 -1.50000000 	0.0000000000
-6.00000000 -1.00000000 	0.0000000000
-6.00000000 -0.50000000 	0.0000000000
-6.00000000 0.00000000 	0.0000000000
-6.00000000 0.50000000 	0.0000000000
-6.00000000 1.00000000 	0.0000000000
-6.00000000 1.50000000 	0.0000000000
-6.00000000 2.00000000 	0.0000000000
-6.00000000 2.50000000 	0.0000000000
-6.00000000 3.00000000 	0.0000000000
-6.00000000 3.50000000 	0.0000000000
-6.00000000 4.00000000 	0.0000000000
-6.00000000 4.50000000 	0.0000000000
-6.00000000 5.00000000 	0.0000000000
-6.00000000 5.50000000 	0.0000000000
-6.00000000 6.00000000 	0.0000000000
-6.00000000 6.50000000 	0.0000000000
-6.00000000 7.00000000 	0.0000000000
-6.00000000 7.50000000 	0.0000000000
-6.00000000 8.00000000 	0.0000000000
-5.50000000 -12.00000000 	0.0000000000
-5.50000000 -11.50000000 	0.0000000000
-5.50000000 -11.00000000 	0.0000000000
-5.50000000 -10.50000000 	0.0000000000
-5.50000000 -10.00000000 	0.0000000000
-5.50000000 -9.50000000 	0.0000000000
-5.50000000 -9.00000000 	0.0000000000
-5.50000000 -8.50000000 	0.0000000000
-5.50000000 -8.00000000 	0.0000000000
-5.50000000 -7.50000000 	-0.2006819143
-5.50000000 -7.00000000 	-0.9738085491
-5.50000000 -6.50000000 	-1.7152222807
-5.50000000 -6.00000000 	-0.9421020589
-5.50000000 -5.50000000 	0.9421020589
-5.50000000 -5.00000000 	1.7152222807
-5.50000000 -4.50000000 	0.9738085491
-5.50000000 -4.00000000 	0.2006819143
-5.50000000 -3.50000000 	0.0000000000
-5.50000000 -3.00000000 	0.0000000000
-5.50000000 -2.50000000 	0.0000000000
-5.50000000 -2.00000000 	0.0000000000
-5.50000000 -1.50000000 	0.0000000000
-5.50000000 -1.00000000 	0.0000000000
-5.50000000 -0.50000000 	0.0000000000
-5.50000000 0.00000000 	0.0000000000
-5.50000000 0.50000000 	0.0000000000
-5.50000000 1.00000000 	0.0000000000
-5.50000000 1.50000000 	0.0000000000
-5.50000000 2.00000000 	0.0000000000
-5.50000000 2.50000000 	0.0000000000
-5.50000000 3.00000000 	0.0000000000
-5.50000000 3.50000000 	0.0000000000
-5.50000000 4.00000000 	0.0000000000
-5.50000000 4.50000000 	0.0000000000
-5.50000000 5.00000000 	0.0000000000
-5.50000000 5.50000000 	0.0000000000
-5.50000000 6.00000000 	0.0000000000
-5.50000000 6.50000000 	0.0000000000
-5.50000000 7.00000000 	0.0000000000
-5.50000000 7.50000000 	0.0000000000
-5.50000000 8.00000000 	0.0000000000
-5.00000000 -12.00000000 	0.0000000000
-5.00000000 -11.50000000 	0.0000000000
-5.00000000 -11.00000000 	0.0000000000
-5.00000000 -10.50000000 	0.0000000000
-5.00000000 -10.00000000 	0.0000000000
-5.00000000 -9.50000000 	0.0000000000
-5.00000000 -9.00000000 	0.0000000000
-5.00000000 -8.50000000 	0.0000000000
-5.00000000 -8.00000000 	0.0000000000
-5.00000000 -7.50000000 	0.0000000000
-5.00000000 -7.00000000 	-0.2006819143
-5.00000000 -6.50000000 	-0.9738085491
-5.00000000 -6.00000000 	-1.7152222807
-5.00000000 -5.50000000 	-0.9421020589
-5.00000000 -5.00000000 	0.9421020589
-5.00000000 -4.50000000 	1.7152222807
-5.00000000 -4.00000000 	0.9738085491
-5.00000000 -3.50000000 	0.2006819143
-5.00000000 -3.00000000 	0.0000000000
-5.00000000 -2.50000000 	0.0000000000
-5.00000000 -2.00000000 	0.0000000000
-5.00000000 -1.50000000 	0.0000000000
-5.00000000 -1.00000000 	0.0000000000
-5.00000000 -0.50000000 	0.0000000000
-5.00000000 0.00000000 	0.0000000000
-5.00000000 0.50000000 	0.0000000000
-5.00000000 1.00000000 	0.0000000000
-5.00000000 1.50000000 	0.0000000000
-5.00000000 2.00000000 	0.0000000000
-5.00000000 2.50000000 	0.0000000000
-5.00000000 3.00000000 	0.0000000000
-5.00000000 3.50000000 	0.0000000000
-5.00000000 4.00000000 	0.0000000000
-5.00000000 4.50000000 	0.0000000000
-5.00000000 5.00000000 	0.0000000000
-5.00000000 5.50000000 	0.0000000000
-5.00000000 6.00000000 	0.0000000000
-5.00000000 6.50000000 	0.0000000000
-5.00000000 7.00000000 	0.0000000000
-5.00000000 7.50000000 	0.0000000000
-5.00000000 8.00000000 	0.0000000000
-4.50000000 -12.00000000 	0.0000000000
-4.50000000 -11.50000000 	0.0000000000
-4.50000000 -11.00000000 	0.0000000000
-4.50000000 -10.50000000 	0.0000000000
-4.50000000 -10.00000000 	0.0000000000
-4.50000000 -9.50000000 	0.0000000000
-4.50000000 -9.00000000 	0.0000000000
-4.50000000 -8.50000000 	0.0000000000
-4.50000000 -8.00000000 	0.0000000000
-4.50000000 -7.50000000 	0.0000000000
-4.50000000 -7.00000000 	0.0000000000
-4.50000000 -6.50000000 	-0.2006819143
-4.50000000 -6.00000000 	-0.9738085491
-4.50000000 -5.50000000 	-1.7152222807
-4.50000000 -5.00000000 	-0.9421020589
-4.50000000 -4.50000000 	0.9421020589
-4.50000000 -4.00000000 	1.7152222807
-4.50000000 -3.50000000 	0.9738085491
-4.50000000 -3.00000000 	0.2006819143
-4.50000000 -2.50000000 	0.0000000000
-4.50000000 -2.00000000 	0.0000000000
-4.50000000 -1.50000000 	0.0000000000
-4.50000000 -1.00000000 	0.0000000000
-4.50000000 -0.50000000 	0.0000000000
-4.50000000 0.00000000 	0.0000000000
-4.50000000 0.50000000 	0.0000000000
-4.50000000 1.00000000 	0.0000000000
-4.50000000 1.50000000 	0.0000000000
-4.50000000 2.00000000 	0.0000000000
-4.50000000 2.50000000 	0.0000000000
-4.50000000 3.00000000 	0.0000000000
-4.50000000 3.50000000 	0.0000000000
-4.50000000 4.00000000 	0.0000000000
-4.50000000 4.50000000 	0.0000000000
-4.50000000 5.00000000 	0.0000000000
-4.50000000 5.50000000 	0.0000000000
-4.50000000 6.00000000 	0.0000000000
-4.50000000 6.50000000 	0.0000000000
-4.50000000 7.00000000 	0.0000000000
-4.50000000 7.50000000 	0.0000000000
-4.50000000 8.00000000 	0.0000000000
-4.00000000 -12.00000000 	0.0000000000
-4.00000000 -11.50000000 	0.0000000000
-4.00000000 -11.00000000 	0.0000000000
-4.00000000 -10.50000000 	0.0000000000
-4.00000000 -10.00000000 	0.0000000000
-4.00000000 -9.50000000 	0.0000000000
-4.00000000 -9.00000000 	0.0000000000
-4.00000000 -8.50000000 	0.0000000000
-4.00000000 -8.00000000 	0.0000000000
-4.00000000 -7.50000000 	0.0000000000
-4.00000000 -7.00000000 	0.0000000000
-4.00000000 -6.50000000 	0.0000000000
-4.00000000 -6.00000000 	-0.2006819143
-4.00000000 -5.50000000 	-0.9738085491
-4.00000000 -5.00000000 	-1.7152222807
-4.00000000 -4.50000000 	-0.9421020589
-4.00000000 -4.00000000 	0.9421020589
-4.00000000 -3.50000000 	1.7152222807
-4.00000000 -3.00000000 	0.9738085491
-4.00000000 -2.50000000 	0.2006819143
-4.00000000 -2.00000000 	0.0000000000
-4.00000000 -1.50000000 	0.0000000000
-4.00000000 -1.00000000 	0.0000000000
-4.00000000 -0.50000000 	0.0000000000
-4.00000000 0.00000000 	0.0000000000
-4.00000000 0.50000000 	0.0000000000
-4.00000000 1.00000000 	0.0000000000
-4.00000000 1.50000000 	0.0000000000
-4.00000000 2.00000000 	0.0000000000
-4.00000000 2.50000000 	0.0000000000
-4.00000000 3.00000000 	0.0000000000
-4.00000000 3.50000000 	0.0000000000
-4.00000000 4.00000000 	0.0000000000
-4.00000000 4.50000000 	0.0000000000
-4.00000000 5.00000000 	0.0000000000
-4.00000000 5.50000000 	0.0000000000
-4.00000000 6.00000000 	0.0000000000
-4.00000000 6.50000000 	0.0000000000
-4.00000000 7.00000000 	0.0000000000
-4.00000000 7.50000000 	0.0000000000
-4.00000000 8.00000000 	0.0000000000
-3.50000000 -12.00000000 	0.0000000000
-3.50000000 -11.50000000 	0.0000000000
-3.50000000 -11.00000000 	0.0000000000
-3.50000000 -10.50000000 	0.0000000000
-3.50000000 -10.00000000 	0.0000000000
-3.50000000 -9.50000000 	0.0000000000
-3.50000000 -9.00000000 	0.0000000000
-3.50000000 -8.50000000 	0.0000000000
-3.50000000 -8.00000000 	0.0000000000
-3.50000000 -7.50000000 	0.0000000000
-3.50000000 -7.00000000 	0.0000000000
-3.50000000 -6.50000000 	0.0000000000
-3.50000000 -6.00000000 	0.0000000000
-3.50000000 -5.50000000 	-0.2006819143
-3.50000000 -5.00000000 	-0.9738085491
-3.50000000 -4.50000000 	-1.7152222807
-3.50000000 -4.00000000 	-0.9421020589
-3.50000000 -3.50000000 	0.9421020589
-3.50000000 -3.00000000 	1.7152222807
-3.50000000 -2.50000000 	0.9738085491
-3.50000000 -2.00000000 	0.2006819143
-3.50000000 -1.50000000 	0.0000000000
-3.50000000 -1.00000000 	0.0000000000
-3.50000000 -0.50000000 	0.0000000000
-3.50000000 0.00000000 	0.0000000000
-3.50000000 0.50000000 	0.0000000000
-3.50000000 1.00000000 	0.0000000000
-3.50000000 1.50000000 	0.0000000000
-3.50000000 2.00000000 	0.0000000000
-3.50000000 2.50000000 	0.0000000000
-3.50000000 3.00000000 	0.0000000000
-3.50000000 3.50000000 	0.0000000000
-3.50000000 4.00000000 	0.0000000000
-3.50000000 4.50000000 	0.0000000000
-3.50000000 5.00000000 	0.0000000000
-3.50000000 5.50000000 	0.0000000000
-3.50000000 6.00000000 	0.0000000000
-3.50000000 6.50000000 	0.0000000000
-3.50000000 7.00000000 	0.0000000000
-3.50000000 7.50000000 	0.0000000000
-3.50000000 8.00000000 	0.0000000000
-3.00000000 -12.00000000 	0.0000000000
-3.00000000 -11.50000000 	0.0000000000
-3.00000000 -11.00000000 	0.0000000000
-3.00000000 -10.50000000 	0.0000000000
-3.00000000 -10.00000000 	0.0000000000
-3.00000000 -9.50000000 	0.0000000000
-3.00000000 -9.00000000 	0.0000000000
-3.00000000 -8.50000000 	0.0000000000
-3.00000000 -8.00000000 	0.0000000000
-3.00000000 -7.50000000 	0.0000000000
-3.00000000 -7.00000000 	0.0000000000
-3.00000000 -6.50000000 	0.0000000000
-3.00000000 -6.00000000 	0.0000000000
-3.00000000 -5.50000000 	0.0000000000
-3.00000000 -5.00000000 	-0.2006819143
-3.00000000 -4.50000000 	-0.9738085491
-3.00000000 -4.00000000 	-1.7152222807
-3.00000000 -3.50000000 	-0.9421020589
-3.00000000 -3.00000000 	0.9421020589
-3.00000000 -2.50000000 	1.7152222807
-3.00000000 -2.00000000 	0.9738085491
-3.00000000 -1.50000000 	0.2006819143
-3.00000000 -1.00000000 	0.0000000000
-3.00000000 -0.50000000 	0.0000000000
-3.00000000 0.00000000 	0.0000000000
-3.00000000 0.50000000 	0.0000000000
-3.00000000 1.00000000 	0.0000000000
-3.00000000 1.50000000 	0.0000000000
-3.00000000 2.00000000 	0.0000000000
-3.00000000 2.50000000 	0.0000000000
-3.00000000 3.00000000 	0.0000000000
-3.00000000 3.50000000 	0.0000000000
-3.00000000 4.00000000 	0.0000000000
-3.00000000 4.50000000 	0.0000000000
-3.00000000 5.00000000 	0.0000000000
-3.00000000 5.50000000 	0.0000000000
-3.00000000 6.00000000 	0.0000000000
-3.00000000 6.50000000 	0.0000000000
-3.00000000 7.00000000 	0.0000000000
-3.00000000 7.50000000 	0.0000000000
-3.00000000 8.00000000 	0.0000000000
-2.50000000 -12.00000000 	0.0000000000
-2.50000000 -11.50000000 	0.0000000000
-2.50000000 -11.00000000 	0.0000000000
-2.50000000 -10.50000000 	0.0000000000
-2.50000000 -10.00000000 	0.0000000000
-2.50000000 -9.50000000 	0.0000000000
-2.50000000 -9.00000000 	0.0000000000
-2.50000000 -8.50000000 	0.0000000000
-2.50000000 -8.00000000 	0.0000000000
-2.50000000 -7.50000000 	0.0000000000
-2.50000000 -7.00000000 	0.0000000000
-2.50000000 -6.50000000 	0.0000000000
-2.50000000 -6.00000000 	0.0000000000
-2.50000000 -5.50000000 	0.0000000000
-2.50000000 -5.00000000 	0.0000000000
-2.50000000 -4.50000000 	-0.2006819143
-2.50000000 -4.00000000 	-0.9738085491
-2.50000000 -3.50000000 	-1.7152222807
-2.50000000 -3.00000000 	-0.9421020589
-2.50000000 -2.50000000 	0.9421020589
-2.50000000 -2.00000000 	1.7152222807
-2.50000000 -1.50000000 	0.9738085491
-2.50000000 -1.00000000 	0.2006819143
-2.50000000 -0.50000000 	0.0000000000
-2.50000000 0.00000000 	0.0000000000
-2.50000000 0.50000000 	0.0000000000
-2.50000000 1.00000000 	0.0000000000
-2.50000000 1.50000000 	0.0000000000
-2.50000000 2.00000000 	0.0000000000
-2.50000000 2.50000000 	0.0000000000
-2.50000000 3.00000000 	0.0000000000
-2.50000000 3.50000000 	0.0000000000
-2.50000000 4.00000000 	0.0000000000
-2.50000000 4.50000000 	0.0000000000
-2.50000000 5.00000000 	0.0000000000
-2.50000000 5.50000000 	0.0000000000
-2.50000000 6.00000000 	0.0000000000
-2.50000000 6.50000000 	0.0000000000
-2.50000000 7.00000000 	0.0000000000
-2.50000000 7.50000000 	0.0000000000
-2.50000000 8.00000000 	0.0000000000
-2.00000000 -12.00000000 	0.0000000000
-2.00000000 -11.50000000 	0.0000000000
-2.00000000 -11.00000000 	0.0000000000
-2.00000000 -10.50000000 	0.0000000000
-2.00000000 -10.00000000 	0.0000000000
-2.00000000 -9.50000000 	0.0000000000
-2.00000000 -9.00000000 	0.0000000000
-2.00000000 -8.50000000 	0.0000000000
-2.00000000 -8.00000000 	0.0000000000
-2.00000000 -7.50000000 	0.0000000000
-2.00000000 -7.00000000 	0.0000000000
-2.00000000 -6.50000000 	0.0000000000
-2.00000000 -6.00000000 	0.0000000000
-2.00000000 -5.50000000 	0.0000000000
-2.00000000 -5.00000000 	0.0000000000
-2.00000000 -4.50000000 	0.0000000000
-2.00000000 -4.00000000 	-0.2006819143
-2.00000000 -3.50000000 	-0.9738085491
-2.00000000 -3.00000000 	-1.7152222807
-2.00000000 -2.50000000 	-0.9421020589
-2.00000000 -2.00000000 	0.9421020589
-2.00000000 -1.50000000 	1.7152222807
-2.00000000 -1.00000000 	0.9738085491
-2.00000000 -0.50000000 	0.2006819143
-2.00000000 0.00000000 	0.0000000000
-2.00000000 0.50000000 	0.0000000000
-2.00000000 1.00000000 	0.0000000000
-2.00000000 1.50000000 	0.0000000000
-2.00000000 2.00000000 	0.0000000000
-2.00000000 2.50000000 	0.0000000000
-2.00000000 3.00000000 	0.0000000000
-2.00000000 3.50000000 	0.0000000000
-2.00000000 4.00000000 	0.0000000000
-2.00000000 4.50000000 	0.0000000000
-2.00000000 5.00000000 	0.0000000000
-2.00000000 5.50000000 	0.0000000000
-2.00000000 6.00000000 	0.0000000000
-2.00000000 6.50000000 	0.0000000000
-2.00000000 7.00000000 	0.0000000000
-2.00000000 7.50000000 	0.0000000000
-2.00000000 8.00000000 	0.0000000000
-1.50000000 -12.00000000 	0.0000000000
-1.50000000 -11.50000000 	0.0000000000
-1.50000000 -11.00000000 	0.0000000000
-1.50000000 -10.50000000 	0.0000000000
-1.50000000 -10.00000000 	0.0000000000
-1.50000000 -9.50000000 	0.0000000000
-1.50000000 -9.00000000 	0.0000000000
-1.50000000 -8.50000000 	0.0000000000
-1.50000000 -8.00000000 	0.0000000000
-1.50000000 -7.50000000 	0.0000000000
-1.50000000 -7.00000000 	0.0000000000
-1.50000000 -6.50000000 	0.0000000000
-1.50000000 -6.00000000 	0.0000000000
-1.50000000 -5.50000000 	0.0000000000
-1.50000000 -5.00000000 	0.0000000000
-1.50000000 -4.50000000 	0.0000000000
-1.50000000 -4.00000000 	0.0000000000
-1.50000000 -3.50000000 	-0.2006819143
-1.50000000 -3.00000000 	-0.9738085491
-1.50000000 -2.50000000 	-1.7152222807
-1.50000000 -2.00000000 	-0.9421020589
-1.50000000 -1.50000000 	0.9421020589
-1.50000000 -1.00000000 	1.7152222807
-1.50000000 -0.50000000 	0.9738085491
-1.50000000 0.00000000 	0.2006819143
-1.50000000 0.50000000 	0.0000000000
-1.50000000 1.00000000 	0.0000000000
-1.50000000 1.50000000 	0.0000000000
-1.50000000 2.00000000 	0.0000000000
-1.50000000 2.50000000 	0.0000000000
-1.50000000 3.00000000 	0.0000000000
-1.50000000 3.50000000 	0.0000000000
-1.50000000 4.00000000 	0.0000000000
-1.50000000 4.50000000 	0.0000000000
-1.50000000 5.00000000 	0.0000000000
-1.50000000 5.50000000 	0.0000000000
-1.50000000 6.00000000 	0.0000000000
-1.50000000 6.50000000 	0.0000000000
-1.50000000 7.00000000 	0.0000000000
-1.50000000 7.50000000 	0.0000000000
-1.50000000 8.00000000 	0.0000000000
-1.00000000 -12.00000000 	0.0000000000
-1.00000000 -11.50000000 	0.0000000000
-1.00000000 -11.00000000 	0.0000000000
-1.00000000 -10.50000000 	0.0000000000
-1.00000000 -10.00000000 	0.0000000000
-1.00000000 -9.50000000 	0.0000000000
-1.00000000 -9.00000000 	0.0000000000
-1.00000000 -8.50000000 	0.0000000000
-1.00000000 -8.00000000 	0.0000000000
-1.00000000 -7.50000000 	0.0000000000
-1.00000000 -7.00000000 	0.0000000000
-1.00000000 -6.50000000 	0.0000000000
-1.00000000 -6.00000000 	0.0000000000
-1.00000000 -5.50000000 	0.0000000000
-1.00000000 -5.00000000 	0.0000000000
-1.00000000 -4.50000000 	0.0000000000
-1.00000000 -4.00000000 	0.0000000000
-1.00000000 -3.50000000 	0.0000000000
-1.00000000 -3.00000000 	-0.2006819143
-1.00000000 -2.50000000 	-0.9738085491
-1.00000000 -2.00000000 	-1.7152222807
-1.00000000 -1.50000000 	-0.9421020589
-1.00000000 -1.00000000 	0.9421020589
-1.00000000 -0.50000000 	1.7152222807
-1.00000000 0.00000000 	0.9738085491
-1.00000000 0.50000000 	0.2006819143
-1.00000000 1.00000000 	0.0000000000
-1.00000000 1.50000000 	0.0000000000
-1.00000000 2.00000000 	0.0000000000
-1.00000000 2.50000000 	0.0000000000
-1.00000000 3.00000000 	0.0000000000
-1.00000000 3.50000000 	0.0000000000
-1.00000000 4.00000000 	0.0000000000
-1.00000000 4.50000000 	0.0000000000
-1.00000000 5.00000000 	0.0000000000
-1.00000000 5.50000000 	0.0000000000
-1.00000000 6.00000000 	0.0000000000
-1.00000000 6.50000000 	0.0000000000
-1.00000000 7.00000000 	0.0000000000
-1.00000000 7.50000000 	0.0000000000
-1.00000000 8.00000000 	0.0000000000
-0.50000000 -12.00000000 	0.0000000000
-0.50000000 -11.50000000 	0.0000000000
-0.50000000 -11.00000000 	0.0000000000
-0.50000000 -10.50000000 	0.0000000000
-0.50000000 -10.00000000 	0.0000000000
-0.50000000 -9.50000000 	0.0000000000
-0.50000000 -9.00000000 	0.0000000000
-0.50000000 -8.50000000 	0.0000000000
-0.50000000 -8.00000000 	0.0000000000
-0.50000000 -7.50000000 	0.0000000000
-0.50000000 -7.00000000 	0.0000000000
-0.50000000 -6.50000000 	0.0000000000
-0.50000000 -6.00000000 	0.0000000000
-0.50000000 -5.50000000 	0.0000000000
-0.50000000 -5.00000000 	0.0000000000
-0.50000000 -4.50000000 	0.0000000000
-0.50000000 -4.00000000 	0.0000000000
-0.50000000 -3.50000000 	0.0000000000
-0.50000000 -3.00000000 	0.0000000000
-0.50000000 -2.50000000 	-0.2006819143
-0.50000000 -2.00000000 	-0.9738085491
-0.50000000 -1.50000000 	-1.7152222807
-0.50000000 -1.00000000 	-0.9421020589
-0.50000000 -0.50000000 	0.9421020589
-0.50000000 0.00000000 	1.7152222807
-0.50000000 0.50000000 	0.9738085491
-0.50000000 1.00000000 	0.2006819143
-0.50000000 1.50000000 	0.0000000000
-0.50000000 2.00000000 	0.0000000000
-0.50000000 2.50000000 	0.0000000000
-0.50000000 3.00000000 	0.0000000000
-0.50000000 3.50000000 	0.0000000000
-0.50000000 4.00000000 	0.0000000000
-0.50000000 4.50000000 	0.0000000000
-0.50000000 5.00000000 	0.0000000000
-0.50000000 5.50000000 	0.0000000000
-0.50000000 6.00000000 	0.0000000000
-0.50000000 6.50000000 	0.0000000000
-0.50000000 7.00000000 	0.0000000000
-0.50000000 7.50000000 	0.0000000000
-0.50000000 8.00000000 	0.0000000000
0.00000000 -12.00000000 	0.0000000000
0.00000000 -11.50000000 	0.0000000000
0.00000000 -11.00000000 	0.0000000000
0.00000000 -10.50000000 	0.0000000000
0.00000000 -10.00000000 	0.0000000000
0.00000000 -9.50000000 	0.0000000000
0.00000000 -9.00000000 	0.0000000000
0.00000000 -8.50000000 	0.0000000000
0.00000000 -8.00000000 	0.0000000000
0.00000000 -7.50000000 	0.0000000000
0.00000000 -7.00000000 	0.0000000000
0.00000000 -6.50000000 	0.0000000000
0.00000000 -6.00000000 	0.0000000000
0.00000000 -5.50000000 	0.0000000000
0.00000000 -5.00000000 	0.0000000000
0.00000000 -4.50000000 	0.0000000000
0.00000000 -4.00000000 	0.0000000000
0.00000000 -3.50000000 	0.0000000000
0.00000000 -3.00000000 	0.0000000000
0.00000000 -2.50000000 	0.0000000000
0.00000000 -2.00000000 	-0.2006819143
0.00000000 -1.50000000 	-0.9738085491
0.00000000 -1.00000000 	-1.7152222807
0.00000000 -0.50000000 	-0.9421020589
0.00000000 0.00000000 	0.9421020589
0.00000000 0.50000000 	1.7152222807
0.00000000 1.00000000 	0.9738085491
0.00000000 1.50000000 	0.2006819143
0.00000000 2.00000000 	0.0000000000
0.00000000 2.50000000 	0.0000000000
0.00000000 3.00000000 	0.0000000000
0.00000000 3.50000000 	0.0000000000
0.00000000 4.00000000 	0.0000000000
0.00000000 4.50000000 	0.0000000000
0.00000000 5.00000000 	0.0000000000
0.00000000 5.50000000 	0.0000000000
0.00000000 6.00000000 	0.0000000000
0.00000000 6.50000000 	0.0000000000
0.00000000 7.00000000 	0.0000000000
0.00000000 7.50000000 	0.0000000000
0.00000000 8.00000000 	0.0000000000
0.50000000 -12.00000000 	0.0000000000
0.50000000 -11.50000000 	0.0000000000
0.50000000 -11.00000000 	0.0000000000
0.50000000 -10.50000000 	0.0000000000
0.50000000 -10.00000000 	0.0000000000
0.50000000 -9.50000000 	0.0000000000
0.50000000 -9.00000000 	0.0000000000
0.50000000 -8.50000000 	0.0000000000
0.50000000 -8.00000000 	0.0000000000
0.50000000 -7.50000000 	0.0000000000
0.50000000 -7.00000000 	0.0000000000
0.50000000 -6.50000000 	0.0000000000
0.50000000 -6.00000000 	0.0000000000
0.50000000 -5.50000000 	0.0000000000
0.50000000 -5.00000000 	0.0000000000
0.50000000 -4.50000000 	0.0000000000
0.50000000 -4.00000000 	0.0000000000
0.50000000 -3.50000000 	0.0000000000
0.50000000 -3.00000000 	0.0000000000
0.50000000 -2.50000000 	0.0000000000
0.50000000 -2.00000000 	0.0000000000
0.50000000 -1.50000000 	-0.2006819143
0.50000000 -1.00000000 	-0.9738085491
0.50000000 -0.50000000 	-1.7152222807
0.50000000 0.00000000 	-0.9421020589
0.50000000 0.50000000 	0.9421020589
0.50000000 1.00000000 	1.7152222807
0.50000000 1.50000000 	0.9738085491
0.50000000 2.00000000 	0.1755195557
0.50000000 2.50000000 	0.0000000000
0.50000000 3.00000000 	0.0000000000
0.50000000 3.50000000 	0.0000000000
0.50000000 4.00000000 	0.0000000000
0.50000000 4.50000000 	0.0000000000
0.50000000 5.00000000 	0.0000000000
0.50000000 5.50000000 	0.0000000000
0.50000000 6.00000000 	0.0000000000
0.50000000 6.50000000 	0.0000000000
0.50000000 7.00000000 	0.0000000000
0.50000000 7.50000000 	0.0000000000
0.50000000 8.00000000 	0.0000000000
1.00000000 -12.00000000 	0.0000000000
1.00000000 -11.50000000 	0.0000000000
1.00000000 -11.00000000 	0.0000000000
1.00000000 -10.50000000 	0.0000000000
1.00000000 -10.00000000 	0.0000000000
1.00000000 -9.50000000 	0.0000000000
1.00000000 -9.00000000 	0.0000000000
1.00000000 -8.50000000 	0.0000000000
1.00000000 -8.00000000 	0.0000000000
1.00000000 -7.50000000 	0.0000000000
1.00000000 -7.00000000 	0.0000000000
1.00000000 -6.50000000 	0.0000000000
1.00000000 -6.00000000 	0.0000000000
1.00000000 -5.50000000 	0.0000000000
1.00000000 -5.00000000 	0.0000000000
1.00000000 -4.50000000 	0.0000000000
1.00000000 -4.00000000 	0.0000000000
1.00000000 -3.50000000 	0.0000000000
1.00000000 -3.00000000 	0.0000000000
1.00000000 -2.50000000 	0.0000000000
1.00000000 -2.00000000 	0.0000000000
1.00000000 -1.50000000 	0.0000000000
1.00000000 -1.00000000 	-0.2006819143
1.00000000 -0.50000000 	-0.9738085491
1.00000000 0.00000000 	-1.7152222807
1.00000000 0.50000000 	-0.9421020589
1.00000000 1.00000000 	0.9421020589
1.00000000 1.50000000 	1.6907462989
1.00000000 2.00000000 	0.7540223394
1.00000000 2.50000000 	0.1010981979
1.00000000 3.00000000 	0.0000000000
1.00000000 3.50000000 	0.0000000000
1.00000000 4.00000000 	0.0000000000
1.00000000 4.50000000 	0.0000000000
1.00000000 5.00000000 	0.0000000000
1.00000000 5.50000000 	0.0000000000
1.00000000 6.00000000 	0.0000000000
1.00000000 6.50000000 	0.0000000000
1.00000000 7.00000000 	0.0000000000
1.00000000 7.50000000 	0.0000000000
1.00000000 8.00000000 	0.0000000000
1.50000000 -12.00000000 	0.0000000000
1.50000000 -11.50000000 	0.0000000000
1.50000000 -11.00000000 	0.0000000000
1.50000000 -10.50000000 	0.0000000000
1.50000000 -10.00000000 	0.0000000000
1.50000000 -9.50000000 	0.0000000000
1.50000000 -9.00000000 	0.0000000000
1.50000000 -8.50000000 	0.0000000000
1.50000000 -8.00000000 	0.0000000000
1.50000000 -7.50000000 	0.0000000000
1.50000000 -7.00000000 	0.0000000000
1.50000000 -6.50000000 	0.0000000000
1.50000000 -6.00000000 	0.0000000000
1.50000000 -5.50000000 	0.0000000000
1.50000000 -5.00000000 	0.0000000000
1.50000000 -4.50000000 	0.0000000000
1.50000000 -4.00000000 	0.0000000000
1.50000000 -3.50000000 	0.0000000000
1.50000000 -3.00000000 	0.0000000000
1.50000000 -2.50000000 	0.0000000000
1.50000000 -2.00000000 	0.0000000000
1.50000000 -1.50000000 	0.0000000000
1.50000000 -1.00000000 	0.0000000000
1.50000000 -0.50000000 	-0.2006819143
1.50000000 0.00000000 	-0.9738085491
1.50000000 0.50000000 	-1.7152222807
1.50000000 1.00000000 	-0.8847626108
1.50000000 1.50000000 	0.9656390086
1.50000000 2.00000000 	1.0363341849
1.50000000 2.50000000 	0.2936385964
1.50000000 3.00000000 	0.0263567897
1.50000000 3.50000000 	0.0000000000
1.50000000 4.00000000 	0.0000000000
1.50000000 4.50000000 	0.0000000000
1.50000000 5.00000000 	0.0000000000
1.50000000 5.50000000 	0.0000000000
1.50000000 6.00000000 	0.0000000000
1.50000000 6.50000000 	0.0000000000
1.50000000 7.00000000 	0.0000000000
1.50000000 7.50000000 	0.0000000000
1.50000000 8.00000000 	0.0000000000
2.00000000 -12.00000000 	0.0000000000
2.00000000 -11.50000000 	0.0000000000
2.00000000 -11.00000000 	0.0000000000
2.00000000 -10.50000000 	0.0000000000
2.00000000 -10.00000000 	0.0000000000
2.00000000 -9.50000000 	0.0000000000
2.00000000 -9.00000000 	0.0000000000
2.00000000 -8.50000000 	0.0000000000
2.00000000 -8.00000000 	0.0000000000
2.00000000 -7.50000000 	0.0000000000
2.00000000 -7.00000000 	0.0000000000
2.00000000 -6.50000000 	0.0000000000
2.00000000 -6.00000000 	0.0000000000
2.00000000 -5.50000000 	0.0000000000
2.00000000 -5.00000000 	0.0000000000
2.00000000 -4.50000000 	0.0000000000
2.00000000 -4.00000000 	0.0000000000
2.00000000 -3.50000000 	0.0000000000
2.00000000 -3.00000000 	0.0000000000
2.00000000 -2.50000000 	0.0000000000
2.00000000 -2.00000000 	0.0000000000
2.00000000 -1.50000000 	0.0000000000
2.00000000 -1.00000000 	0.0000000000
2.00000000 -0.50000000 	0.0000000000
2.00000000 0.00000000 	-0.2006819143
2.00000000 0.50000000 	-0.8946697281
2.00000000 1.00000000 	-1.1690318322
2.00000000 1.50000000 	0.0041647108
2.00000000 2.00000000 	0.5548796217
2.00000000 2.50000000 	0.2165972137
2.00000000 3.00000000 	0.0268572553
2.00000000 3.50000000 	0.0004313464
2.00000000 4.00000000 	0.0000000000
2.00000000 4.50000000 	0.0000000000
2.00000000 5.00000000 	0.0000000000
2.00000000 5.50000000 	0.0000000000
2.00000000 6.00000000 	0.0000000000
2.00000000 6.50000000 	0.0000000000
2.00000000 7.00000000 	0.0000000000
2.00000000 7.50000000 	0.0000000000
2.00000000 8.00000000 	0.0000000000
