-8.00000000 -12.00000000 	0.0000000000
-8.00000000 -11.00000000 	0.0000000000
-8.00000000 -10.00000000 	0.0000000000
-8.00000000 -9.00000000 	0.0000000000
-8.00000000 -8.00000000 	0.0000000000
-8.00000000 -7.00000000 	0.0000000000
-8.00000000 -6.00000000 	0.0000000000
-8.00000000 -5.00000000 	0.0000000000
-8.00000000 -4.00000000 	0.0000000000
-8.00000000 -3.00000000 	0.0000000000
-8.00000000 -2.00000000 	0.0000000000
-8.00000000 -1.00000000 	0.0000000000
-8.00000000 0.00000000 	0.0000000000
-8.00000000 1.00000000 	0.0000000000
-8.00000000 2.00000000 	0.0000000000
-8.00000000 3.00000000 	0.0000000000
-8.00000000 4.00000000 	0.0000000000
-8.00000000 5.00000000 	0.0000000000
-8.00000000 6.00000000 	0.0000000000
-8.00000000 7.00000000 	0.0000000000
-8.00000000 8.00000000 	0.0000000000
-7.00000000 -12.00000000 	0.0000000000
-7.00000000 -11.00000000 	0.0000000000
-7.00000000 -10.00000000 	0.0000000000
-7.00000000 -9.00000000 	0.0000000000
-7.00000000 -8.00000000 	0.0000000000
-7.00000000 -7.00000000 	0.0000000000
-7.00000000 -6.00000000 	0.0000000000
-7.00000000 -5.00000000 	0.0000000000
-7.00000000 -4.00000000 	0.0000000000
-7.00000000 -3.00000000 	0.0000000000
-7.00000000 -2.00000000 	0.0000000000
-7.00000000 -1.00000000 	0.0000000000
-7.00000000 0.00000000 	0.0000000000
-7.00000000 1.00000000 	0.0000000000
-7.00000000 2.00000000 	0.0000000000
-7.00000000 3.00000000 	0.0000000000
-7.00000000 4.00000000 	0.0000000000
-7.00000000 5.00000000 	0.0000000000
-7.00000000 6.00000000 	0.0000000000
-7.00000000 7.00000000 	0.0000000000
-7.00000000 8.00000000 	0.0000000000
-6.00000000 -12.00000000 	0.0000000000
-6.00000000 -11.00000000 	0.0000000000
-6.00000000 -10.00000000 	0.0000000000
-6.00000000 -9.00000000 	0.0000000000
-6.00000000 -8.00000000 	0.0000000000
-6.00000000 -7.00000000 	0.0000000000
-6.00000000 -6.00000000 	0.0000000000
-6.00000000 -5.00000000 	0.0000000000
-6.00000000 -4.00000000 	0.0000000000
-6.00000000 -3.00000000 	0.0000000000
-6.00000000 -2.00000000 	0.0000000000
-6.00000000 -1.00000000 	0.0000000000
-6.00000000 0.00000000 	0.0000000000
-6.00000000 1.00000000 	0.0000000000
-6.00000000 2.00000000 	0.0000000000
-6.00000000 3.00000000 	0.0000000000
-6.00000000 4.00000000 	0.0000000000
-6.00000000 5.00000000 	0.0000000000
-6.00000000 6.00000000 	0.0000000000
-6.00000000 7.00000000 	0.0000000000
-6.00000000 8.00000000 	0.0000000000
-5.00000000 -12.00000000 	0.0000000000
-5.00000000 -11.00000000 	0.0000000000
-5.00000000 -10.00000000 	0.0000000000
-5.00000000 -9.00000000 	0.0000000000
-5.00000000 -8.00000000 	0.0000000000
-5.00000000 -7.00000000 	0.0000000000
-5.00000000 -6.00000000 	0.0000000000
-5.00000000 -5.00000000 	0.0000000000
-5.00000000 -4.00000000 	0.0000000000
-5.00000000 -3.00000000 	0.0000000000
-5.00000000 -2.00000000 	0.0000000000
-5.00000000 -1.00000000 	0.0000000000
-5.00000000 0.00000000 	0.0000000000
-5.00000000 1.00000000 	0.0000000000
-5.00000000 2.00000000 	0.0000000000
-5.00000000 3.00000000 	0.0000000000
-5.00000000 4.00000000 	0.0000000000
-5.00000000 5.00000000 	0.0000000000
-5.00000000 6.00000000 	0.0000000000
-5.00000000 7.00000000 	0.0000000000
-5.00000000 8.00000000 	0.0000000000
-4.00000000 -12.00000000 	0.0000000000
-4.00000000 -11.00000000 	0.0000000000
-4.00000000 -10.00000000 	0.0000000000
-4.00000000 -9.00000000 	0.0000000000
-4.00000000 -8.00000000 	0.0000000000
-4.00000000 -7.00000000 	0.0000000000
-4.00000000 -6.00000000 	0.0000000000
-4.00000000 -5.00000000 	0.0000000000
-4.00000000 -4.00000000 	0.0000000000
-4.00000000 -3.00000000 	0.0000000000
-4.00000000 -2.00000000 	0.0000000000
-4.00000000 -1.00000000 	0.0000000000
-4.00000000 0.00000000 	0.0000000000
-4.00000000 1.00000000 	0.0000000000
-4.00000000 2.00000000 	0.0000000000
-4.00000000 3.00000000 	0.0000000000
-4.00000000 4.00000000 	0.0000000000
-4.00000000 5.00000000 	0.0000000000
-4.00000000 6.00000000 	0.0000000000
-4.00000000 7.00000000 	0.0000000000
-4.00000000 8.00000000 	0.0000000000
-3.00000000 -12.00000000 	0.0000000000
-3.00000000 -11.00000000 	0.0000000000
-3.00000000 -10.00000000 	0.0000000000
-3.00000000 -9.00000000 	0.0000000000
-3.00000000 -8.00000000 	0.0000000000
-3.00000000 -7.00000000 	0.0000000000
-3.00000000 -6.00000000 	0.0000000000
-3.00000000 -5.00000000 	0.0000000000
-3.00000000 -4.00000000 	0.0000000000
-3.00000000 -3.00000000 	0.0000000000
-3.00000000 -2.00000000 	0.0000000000
-3.00000000 -1.00000000 	0.0000000000
-3.00000000 0.00000000 	0.0000000000
-3.00000000 1.00000000 	0.0000000000
-3.00000000 2.00000000 	0.0000000000
-3.00000000 3.00000000 	0.0000000000
-3.00000000 4.00000000 	0.0000000000
-3.00000000 5.00000000 	0.0000000000
-3.00000000 6.00000000 	0.0000000000
-3.00000000 7.00000000 	0.0000000000
-3.00000000 8.00000000 	0.0000000000
-2.00000000 -12.00000000 	0.0000000000
-2.00000000 -11.00000000 	0.0000000000
-2.00000000 -10.00000000 	0.0000000000
-2.00000000 -9.00000000 	0.0000000000
-2.00000000 -8.00000000 	0.0000000000
-2.00000000 -7.00000000 	0.0000000000
-2.00000000 -6.00000000 	0.0000000000
-2.00000000 -5.00000000 	0.0000000000
-2.00000000 -4.00000000 	0.0000000000
-2.00000000 -3.00000000 	1.1634145375
-2.00000000 -2.00000000 	0.0000000000
-2.00000000 -1.00000000 	1.1738861335
-2.00000000 0.00000000 	0.0000000000
-2.00000000 1.00000000 	-1.1738861335
-2.00000000 2.00000000 	-0.0000000000
-2.00000000 3.00000000 	-1.1634145375
-2.00000000 4.00000000 	0.0000000000
-2.00000000 5.00000000 	0.0000000000
-2.00000000 6.00000000 	0.0000000000
-2.00000000 7.00000000 	0.0000000000
-2.00000000 8.00000000 	0.0000000000
-1.00000000 -12.00000000 	0.0000000000
-1.00000000 -11.00000000 	0.0000000000
-1.00000000 -10.00000000 	0.0000000000
-1.00000000 -9.00000000 	0.0000000000
-1.00000000 -8.00000000 	0.0000000000
-1.00000000 -7.00000000 	0.0000000000
-1.00000000 -6.00000000 	0.0000000000
-1.00000000 -5.00000000 	0.9799876582
-1.00000000 -4.00000000 	0.9799876582
-1.00000000 -3.00000000 	1.9965544824
-1.00000000 -2.00000000 	1.9656543835
-1.00000000 -1.00000000 	0.9652785499
-1.00000000 0.00000000 	0.0000000000
-1.00000000 1.00000000 	-0.9652785499
-1.00000000 2.00000000 	-1.9656543835
-1.00000000 3.00000000 	-1.9965544824
-1.00000000 4.00000000 	-0.9799876582
-1.00000000 5.00000000 	-0.9799876582
-1.00000000 6.00000000 	0.0000000000
-1.00000000 7.00000000 	0.0000000000
-1.00000000 8.00000000 	0.0000000000
0.00000000 -12.00000000 	0.0000000000
0.00000000 -11.00000000 	0.0000000000
0.00000000 -10.00000000 	0.0000000000
0.00000000 -9.00000000 	0.0000000000
0.00000000 -8.00000000 	0.0000000000
0.00000000 -7.00000000 	0.0000000000
0.00000000 -6.00000000 	0.0000000000
0.00000000 -5.00000000 	1.1436711701
0.00000000 -4.00000000 	1.1436711701
0.00000000 -3.00000000 	4.5705583360
0.00000000 -2.00000000 	2.2934778099
0.00000000 -1.00000000 	3.5792446557
0.00000000 0.00000000 	0.0000000000
0.00000000 1.00000000 	-3.5792446557
0.00000000 2.00000000 	-2.2934778099
0.00000000 3.00000000 	-4.5705583360
0.00000000 4.00000000 	-1.1436711701
0.00000000 5.00000000 	-1.1436711701
0.00000000 6.00000000 	0.0000000000
0.00000000 7.00000000 	0.0000000000
0.00000000 8.00000000 	0.0000000000
1.00000000 -12.00000000 	0.0000000000
1.00000000 -11.00000000 	0.0000000000
1.00000000 -10.00000000 	0.0000000000
1.00000000 -9.00000000 	0.0000000000
1.00000000 -8.00000000 	0.0000000000
1.00000000 -7.00000000 	0.0000000000
1.00000000 -6.00000000 	0.0000000000
1.00000000 -5.00000000 	3.3485582642
1.00000000 -4.00000000 	3.3485582642
1.00000000 -3.00000000 	6.8899042550
1.00000000 -2.00000000 	6.8050825800
1.00000000 -1.00000000 	3.5888553771
1.00000000 0.00000000 	0.0000000000
1.00000000 1.00000000 	-3.5888553771
1.00000000 2.00000000 	-6.8050825800
1.00000000 3.00000000 	-6.8899042550
1.00000000 4.00000000 	-3.3485582642
1.00000000 5.00000000 	-3.3485582642
1.00000000 6.00000000 	0.0000000000
1.00000000 7.00000000 	0.0000000000
1.00000000 8.00000000 	0.0000000000
2.00000000 -12.00000000 	0.0000000000
2.00000000 -11.00000000 	0.0000000000
2.00000000 -10.00000000 	0.0000000000
2.00000000 -9.00000000 	0.0000000000
2.00000000 -8.00000000 	0.0000000000
2.00000000 -7.00000000 	0.0000000000
2.00000000 -6.00000000 	0.0000000000
2.00000000 -5.00000000 	3.3869993300
2.00000000 -4.00000000 	3.3869993300
2.00000000 -3.00000000 	8.1485529654
2.00000000 -2.00000000 	6.9510531738
2.00000000 -1.00000000 	5.0083547167
2.00000000 0.00000000 	0.0000000000
2.00000000 1.00000000 	-5.0083547167
2.00000000 2.00000000 	-6.9510531738
2.00000000 3.00000000 	-8.1485529654
2.00000000 4.00000000 	-3.3869993300
2.00000000 5.00000000 	-3.3869993300
2.00000000 6.00000000 	0.0000000000
2.00000000 7.00000000 	0.0000000000
2.00000000 8.00000000 	0.0000000000
