-8.00000000 -12.00000000 	-70.7106781187
-8.00000000 -11.50000000 	-70.7106781187
-8.00000000 -11.00000000 	-70.7106781187
-8.00000000 -10.50000000 	-70.7106781187
-8.00000000 -10.00000000 	-70.0543876557
-8.00000000 -9.50000000 	-67.5351668873
-8.00000000 -9.00000000 	-55.9718213705
-8.00000000 -8.50000000 	-39.2777739175
-8.00000000 -8.00000000 	-3.8398770220
-8.00000000 -7.50000000 	19.7661804883
-8.00000000 -7.00000000 	52.4600736069
-8.00000000 -6.50000000 	61.0357834156
-8.00000000 -6.00000000 	70.7106781187
-8.00000000 -5.50000000 	70.7106781187
-8.00000000 -5.00000000 	70.7106781187
-8.00000000 -4.50000000 	70.7106781187
-8.00000000 -4.00000000 	70.7106781187
-8.00000000 -3.50000000 	70.7106781187
-8.00000000 -3.00000000 	70.7106781187
-8.00000000 -2.50000000 	70.7106781187
-8.00000000 -2.00000000 	70.7106781187
-8.00000000 -1.50000000 	70.7106781187
-8.00000000 -1.00000000 	70.7106781187
-8.00000000 -0.50000000 	70.7106781187
-8.00000000 0.00000000 	70.7106781187
-8.00000000 0.50000000 	70.7106781187
-8.00000000 1.00000000 	70.7106781187
-8.00000000 1.50000000 	70.7106781187
-8.00000000 2.00000000 	70.7106781187
-8.00000000 2.50000000 	70.7106781187
-8.00000000 3.00000000 	70.7106781187
-8.00000000 3.50000000 	70.7106781187
-8.00000000 4.00000000 	70.7106781187
-8.00000000 4.50000000 	70.7106781187
-8.00000000 5.00000000 	70.7106781187
-8.00000000 5.50000000 	70.7106781187
-8.00000000 6.00000000 	70.7106781187
-8.00000000 6.50000000 	70.7106781187
-8.00000000 7.00000000 	70.7106781187
-8.00000000 7.50000000 	70.7106781187
-8.00000000 8.00000000 	70.7106781187
-7.50000000 -12.00000000 	-70.7106781187
-7.50000000 -11.50000000 	-70.7106781187
-7.50000000 -11.00000000 	-70.7106781187
-7.50000000 -10.50000000 	-70.7106781187
-7.50000000 -10.00000000 	-70.7106781187
-7.50000000 -9.50000000 	-67.5351668873
-7.50000000 -9.00000000 	-63.9072195493
-7.50000000 -8.50000000 	-39.2777739175
-7.50000000 -8.00000000 	-28.4084943881
-7.50000000 -7.50000000 	19.7661804883
-7.50000000 -7.00000000 	25.7471115422
-7.50000000 -6.50000000 	61.0357834156
-7.50000000 -6.00000000 	61.0357834156
-7.50000000 -5.50000000 	70.7106781187
-7.50000000 -5.00000000 	70.7106781187
-7.50000000 -4.50000000 	70.7106781187
-7.50000000 -4.00000000 	70.7106781187
-7.50000000 -3.50000000 	70.7106781187
-7.50000000 -3.00000000 	70.7106781187
-7.50000000 -2.50000000 	70.7106781187
-7.50000000 -2.00000000 	70.7106781187
-7.50000000 -1.50000000 	70.7106781187
-7.50000000 -1.00000000 	70.7106781187
-7.50000000 -0.50000000 	70.7106781187
-7.50000000 0.00000000 	70.7106781187
-7.50000000 0.50000000 	70.7106781187
-7.50000000 1.00000000 	70.7106781187
-7.50000000 1.50000000 	70.7106781187
-7.50000000 2.00000000 	70.7106781187
-7.50000000 2.50000000 	70.7106781187
-7.50000000 3.00000000 	70.7106781187
-7.50000000 3.50000000 	70.7106781187
-7.50000000 4.00000000 	70.7106781187
-7.50000000 4.50000000 	70.7106781187
-7.50000000 5.00000000 	70.7106781187
-7.50000000 5.50000000 	70.7106781187
-7.50000000 6.00000000 	70.7106781187
-7.50000000 6.50000000 	70.7106781187
-7.50000000 7.00000000 	70.7106781187
-7.50000000 7.50000000 	70.7106781187
-7.50000000 8.00000000 	70.7106781187
-7.00000000 -12.00000000 	-70.7106781187
-7.00000000 -11.50000000 	-70.7106781187
-7.00000000 -11.00000000 	-70.7106781187
-7.00000000 -10.50000000 	-70.7106781187
-7.00000000 -10.00000000 	-70.7106781187
-7.00000000 -9.50000000 	-70.7106781187
-7.00000000 -9.00000000 	-63.9072195493
-7.00000000 -8.50000000 	-61.5890542500
-7.00000000 -8.00000000 	-28.4084943881
-7.00000000 -7.50000000 	-25.7471115422
-7.00000000 -7.00000000 	25.7471115422
-7.00000000 -6.50000000 	25.7471115422
-7.00000000 -6.00000000 	61.0357834156
-7.00000000 -5.50000000 	61.0357834156
-7.00000000 -5.00000000 	70.7106781187
-7.00000000 -4.50000000 	70.7106781187
-7.00000000 -4.00000000 	70.7106781187
-7.00000000 -3.50000000 	70.7106781187
-7.00000000 -3.00000000 	70.7106781187
-7.00000000 -2.50000000 	70.7106781187
-7.00000000 -2.00000000 	70.7106781187
-7.00000000 -1.50000000 	70.7106781187
-7.00000000 -1.00000000 	70.7106781187
-7.00000000 -0.50000000 	70.7106781187
-7.00000000 0.00000000 	70.7106781187
-7.00000000 0.50000000 	70.7106781187
-7.00000000 1.00000000 	70.7106781187
-7.00000000 1.50000000 	70.7106781187
-7.00000000 2.00000000 	70.7106781187
-7.00000000 2.50000000 	70.7106781187
-7.00000000 3.00000000 	70.7106781187
-7.00000000 3.50000000 	70.7106781187
-7.00000000 4.00000000 	70.7106781187
-7.00000000 4.50000000 	70.7106781187
-7.00000000 5.00000000 	70.7106781187
-7.00000000 5.50000000 	70.7106781187
-7.00000000 6.00000000 	70.7106781187
-7.00000000 6.50000000 	70.7106781187
-7.00000000 7.00000000 	70.7106781187
-7.00000000 7.50000000 	70.7106781187
-7.00000000 8.00000000 	70.7106781187
-6.50000000 -12.00000000 	-70.7106781187
-6.50000000 -11.50000000 	-70.7106781187
-6.50000000 -11.00000000 	-70.7106781187
-6.50000000 -10.50000000 	-70.7106781187
-6.50000000 -10.00000000 	-70.7106781187
-6.50000000 -9.50000000 	-70.7106781187
-6.50000000 -9.00000000 	-70.7106781187
-6.50000000 -8.50000000 	-61.5890542500
-6.50000000 -8.00000000 	-61.0357834156
-6.50000000 -7.50000000 	-25.7471115422
-6.50000000 -7.00000000 	-25.7471115422
-6.50000000 -6.50000000 	25.7471115422
-6.50000000 -6.00000000 	25.7471115422
-6.50000000 -5.50000000 	61.0357834156
-6.50000000 -5.00000000 	61.0357834156
-6.50000000 -4.50000000 	70.7106781187
-6.50000000 -4.00000000 	70.7106781187
-6.50000000 -3.50000000 	70.7106781187
-6.50000000 -3.00000000 	70.7106781187
-6.50000000 -2.50000000 	70.7106781187
-6.50000000 -2.00000000 	70.7106781187
-6.50000000 -1.50000000 	70.7106781187
-6.50000000 -1.00000000 	70.7106781187
-6.50000000 -0.50000000 	70.7106781187
-6.50000000 0.00000000 	70.7106781187
-6.50000000 0.50000000 	70.7106781187
-6.50000000 1.00000000 	70.7106781187
-6.50000000 1.50000000 	70.7106781187
-6.50000000 2.00000000 	70.7106781187
-6.50000000 2.50000000 	70.7106781187
-6.50000000 3.00000000 	70.7106781187
-6.50000000 3.50000000 	70.7106781187
-6.50000000 4.00000000 	70.7106781187
-6.50000000 4.50000000 	70.7106781187
-6.50000000 5.00000000 	70.7106781187
-6.50000000 5.50000000 	70.7106781187
-6.50000000 6.00000000 	70.7106781187
-6.50000000 6.50000000 	70.7106781187
-6.50000000 7.00000000 	70.7106781187
-6.50000000 7.50000000 	70.7106781187
-6.50000000 8.00000000 	70.7106781187
-6.00000000 -12.00000000 	-70.7106781187
-6.00000000 -11.50000000 	-70.7106781187
-6.00000000 -11.00000000 	-70.7106781187
-6.00000000 -10.50000000 	-70.7106781187
-6.00000000 -10.00000000 	-70.7106781187
-6.00000000 -9.50000000 	-70.7106781187
-6.00000000 -9.00000000 	-70.7106781187
-6.00000000 -8.50000000 	-70.7106781187
-6.00000000 -8.00000000 	-61.0357834156
-6.00000000 -7.50000000 	-61.0357834156
-6.00000000 -7.00000000 	-25.7471115422
-6.00000000 -6.50000000 	-25.7471115422
-6.00000000 -6.00000000 	25.7471115422
-6.00000000 -5.50000000 	25.7471115422
-6.00000000 -5.00000000 	61.0357834156
-6.00000000 -4.50000000 	61.0357834156
-6.00000000 -4.00000000 	70.7106781187
-6.00000000 -3.50000000 	70.7106781187
-6.00000000 -3.00000000 	70.7106781187
-6.00000000 -2.50000000 	70.7106781187
-6.00000000 -2.00000000 	70.7106781187
-6.00000000 -1.50000000 	70.7106781187
-6.00000000 -1.00000000 	70.7106781187
-6.00000000 -0.50000000 	70.7106781187
-6.00000000 0.00000000 	70.7106781187
-6.00000000 0.50000000 	70.7106781187
-6.00000000 1.00000000 	70.7106781187
-6.00000000 1.50000000 	70.7106781187
-6.00000000 2.00000000 	70.7106781187
-6.00000000 2.50000000 	70.7106781187
-6.00000000 3.00000000 	70.7106781187
-6.00000000 3.50000000 	70.7106781187
-6.00000000 4.00000000 	70.7106781187
-6.00000000 4.50000000 	70.7106781187
-6.00000000 5.00000000 	70.7106781187
-6.00000000 5.50000000 	70.7106781187
-6.00000000 6.00000000 	70.7106781187
-6.00000000 6.50000000 	70.7106781187
-6.00000000 7.00000000 	70.7106781187
-6.00000000 7.50000000 	70.7106781187
-6.00000000 8.00000000 	70.7106781187
-5.50000000 -12.00000000 	-70.7106781187
-5.50000000 -11.50000000 	-70.7106781187
-5.50000000 -11.00000000 	-70.7106781187
-5.50000000 -10.50000000 	-70.7106781187
-5.50000000 -10.00000000 	-70.7106781187
-5.50000000 -9.50000000 	-70.7106781187
-5.50000000 -9.00000000 	-70.7106781187
-5.50000000 -8.50000000 	-70.7106781187
-5.50000000 -8.00000000 	-70.7106781187
-5.50000000 -7.50000000 	-61.0357834156
-5.50000000 -7.00000000 	-61.0357834156
-5.50000000 -6.50000000 	-25.7471115422
-5.50000000 -6.00000000 	-25.7471115422
-5.50000000 -5.50000000 	25.7471115422
-5.50000000 -5.00000000 	25.7471115422
-5.50000000 -4.50000000 	61.0357834156
-5.50000000 -4.00000000 	61.0357834156
-5.50000000 -3.50000000 	70.7106781187
-5.50000000 -3.00000000 	70.7106781187
-5.50000000 -2.50000000 	70.7106781187
-5.50000000 -2.00000000 	70.7106781187
-5.50000000 -1.50000000 	70.7106781187
-5.50000000 -1.00000000 	70.7106781187
-5.50000000 -0.50000000 	70.7106781187
-5.50000000 0.00000000 	70.7106781187
-5.50000000 0.50000000 	70.7106781187
-5.50000000 1.00000000 	70.7106781187
-5.50000000 1.50000000 	70.7106781187
-5.50000000 2.00000000 	70.7106781187
-5.50000000 2.50000000 	70.7106781187
-5.50000000 3.00000000 	70.7106781187
-5.50000000 3.50000000 	70.7106781187
-5.50000000 4.00000000 	70.7106781187
-5.50000000 4.50000000 	70.7106781187
-5.50000000 5.00000000 	70.7106781187
-5.50000000 5.50000000 	70.7106781187
-5.50000000 6.00000000 	70.7106781187
-5.50000000 6.50000000 	70.7106781187
-5.50000000 7.00000000 	70.7106781187
-5.50000000 7.50000000 	70.7106781187
-5.50000000 8.00000000 	70.7106781187
-5.00000000 -12.00000000 	-70.7106781187
-5.00000000 -11.50000000 	-70.7106781187
-5.00000000 -11.00000000 	-70.7106781187
-5.00000000 -10.50000000 	-70.7106781187
-5.00000000 -10.00000000 	-70.7106781187
-5.00000000 -9.50000000 	-70.7106781187
-5.00000000 -9.00000000 	-70.7106781187
-5.00000000 -8.50000000 	-70.7106781187
-5.00000000 -8.00000000 	-70.7106781187
-5.00000000 -7.50000000 	-70.7106781187
-5.00000000 -7.00000000 	-61.0357834156
-5.00000000 -6.50000000 	-61.0357834156
-5.00000000 -6.00000000 	-25.7471115422
-5.00000000 -5.50000000 	-25.7471115422
-5.00000000 -5.00000000 	25.7471115422
-5.00000000 -4.50000000 	25.7471115422
-5.00000000 -4.00000000 	61.0357834156
-5.00000000 -3.50000000 	61.0357834156
-5.00000000 -3.00000000 	70.7106781187
-5.00000000 -2.50000000 	70.7106781187
-5.00000000 -2.00000000 	70.7106781187
-5.00000000 -1.50000000 	70.7106781187
-5.00000000 -1.00000000 	70.7106781187
-5.00000000 -0.50000000 	70.7106781187
-5.00000000 0.00000000 	70.7106781187
-5.00000000 0.50000000 	70.7106781187
-5.00000000 1.00000000 	70.7106781187
-5.00000000 1.50000000 	70.7106781187
-5.00000000 2.00000000 	70.7106781187
-5.00000000 2.50000000 	70.7106781187
-5.00000000 3.00000000 	70.7106781187
-5.00000000 3.50000000 	70.7106781187
-5.00000000 4.00000000 	70.7106781187
-5.00000000 4.50000000 	70.7106781187
-5.00000000 5.00000000 	70.7106781187
-5.00000000 5.50000000 	70.7106781187
-5.00000000 6.00000000 	70.7106781187
-5.00000000 6.50000000 	70.7106781187
-5.00000000 7.00000000 	70.7106781187
-5.00000000 7.50000000 	70.7106781187
-5.00000000 8.00000000 	70.7106781187
-4.50000000 -12.00000000 	-70.7106781187
-4.50000000 -11.50000000 	-70.7106781187
-4.50000000 -11.00000000 	-70.7106781187
-4.50000000 -10.50000000 	-70.7106781187
-4.50000000 -10.00000000 	-70.7106781187
-4.50000000 -9.50000000 	-70.7106781187
-4.50000000 -9.00000000 	-70.7106781187
-4.50000000 -8.50000000 	-70.7106781187
-4.50000000 -8.00000000 	-70.7106781187
-4.50000000 -7.50000000 	-70.7106781187
-4.50000000 -7.00000000 	-70.7106781187
-4.50000000 -6.50000000 	-61.0357834156
-4.50000000 -6.00000000 	-61.0357834156
-4.50000000 -5.50000000 	-25.7471115422
-4.50000000 -5.00000000 	-25.7471115422
-4.50000000 -4.50000000 	25.7471115422
-4.50000000 -4.00000000 	25.7471115422
-4.50000000 -3.50000000 	61.0357834156
-4.50000000 -3.00000000 	61.0357834156
-4.50000000 -2.50000000 	70.7106781187
-4.50000000 -2.00000000 	70.7106781187
-4.50000000 -1.50000000 	70.7106781187
-4.50000000 -1.00000000 	70.7106781187
-4.50000000 -0.50000000 	70.7106781187
-4.50000000 0.00000000 	70.7106781187
-4.50000000 0.50000000 	70.7106781187
-4.50000000 1.00000000 	70.7106781187
-4.50000000 1.50000000 	70.7106781187
-4.50000000 2.00000000 	70.7106781187
-4.50000000 2.50000000 	70.7106781187
-4.50000000 3.00000000 	70.7106781187
-4.50000000 3.50000000 	70.7106781187
-4.50000000 4.00000000 	70.7106781187
-4.50000000 4.50000000 	70.7106781187
-4.50000000 5.00000000 	70.7106781187
-4.50000000 5.50000000 	70.7106781187
-4.50000000 6.00000000 	70.7106781187
-4.50000000 6.50000000 	70.7106781187
-4.50000000 7.00000000 	70.7106781187
-4.50000000 7.50000000 	70.7106781187
-4.50000000 8.00000000 	70.7106781187
-4.00000000 -12.00000000 	-70.7106781187
-4.00000000 -11.50000000 	-70.7106781187
-4.00000000 -11.00000000 	-70.7106781187
-4.00000000 -10.50000000 	-70.7106781187
-4.00000000 -10.00000000 	-70.7106781187
-4.00000000 -9.50000000 	-70.7106781187
-4.00000000 -9.00000000 	-70.7106781187
-4.00000000 -8.50000000 	-70.7106781187
-4.00000000 -8.00000000 	-70.7106781187
-4.00000000 -7.50000000 	-70.7106781187
-4.00000000 -7.00000000 	-70.7106781187
-4.00000000 -6.50000000 	-70.7106781187
-4.00000000 -6.00000000 	-61.0357834156
-4.00000000 -5.50000000 	-61.0357834156
-4.00000000 -5.00000000 	-25.7471115422
-4.00000000 -4.50000000 	-25.7471115422
-4.00000000 -4.00000000 	25.7471115422
-4.00000000 -3.50000000 	25.7471115422
-4.00000000 -3.00000000 	61.0357834156
-4.00000000 -2.50000000 	61.0357834156
-4.00000000 -2.00000000 	70.7106781187
-4.00000000 -1.50000000 	70.7106781187
-4.00000000 -1.00000000 	70.7106781187
-4.00000000 -0.50000000 	70.7106781187
-4.00000000 0.00000000 	70.7106781187
-4.00000000 0.50000000 	70.7106781187
-4.00000000 1.00000000 	70.7106781187
-4.00000000 1.50000000 	70.7106781187
-4.00000000 2.00000000 	70.7106781187
-4.00000000 2.50000000 	70.7106781187
-4.00000000 3.00000000 	70.7106781187
-4.00000000 3.50000000 	70.7106781187
-4.00000000 4.00000000 	70.7106781187
-4.00000000 4.50000000 	70.7106781187
-4.00000000 5.00000000 	70.7106781187
-4.00000000 5.50000000 	70.7106781187
-4.00000000 6.00000000 	70.7106781187
-4.00000000 6.50000000 	70.7106781187
-4.00000000 7.00000000 	70.7106781187
-4.00000000 7.50000000 	70.7106781187
-4.00000000 8.00000000 	70.7106781187
-3.50000000 -12.00000000 	-70.7106781187
-3.50000000 -11.50000000 	-70.7106781187
-3.50000000 -11.00000000 	-70.7106781187
-3.50000000 -10.50000000 	-70.7106781187
-3.50000000 -10.00000000 	-70.7106781187
-3.50000000 -9.50000000 	-70.7106781187
-3.50000000 -9.00000000 	-70.7106781187
-3.50000000 -8.50000000 	-70.7106781187
-3.50000000 -8.00000000 	-70.7106781187
-3.50000000 -7.50000000 	-70.7106781187
-3.50000000 -7.00000000 	-70.7106781187
-3.50000000 -6.50000000 	-70.7106781187
-3.50000000 -6.00000000 	-70.7106781187
-3.50000000 -5.50000000 	-61.0357834156
-3.50000000 -5.00000000 	-61.0357834156
-3.50000000 -4.50000000 	-25.7471115422
-3.50000000 -4.00000000 	-25.7471115422
-3.50000000 -3.50000000 	25.7471115422
-3.50000000 -3.00000000 	25.7471115422
-3.50000000 -2.50000000 	61.0357834156
-3.50000000 -2.00000000 	61.0357834156
-3.50000000 -1.50000000 	70.7106781187
-3.50000000 -1.00000000 	70.7106781187
-3.50000000 -0.50000000 	70.7106781187
-3.50000000 0.00000000 	70.7106781187
-3.50000000 0.50000000 	70.7106781187
-3.50000000 1.00000000 	70.7106781187
-3.50000000 1.50000000 	70.7106781187
-3.50000000 2.00000000 	70.7106781187
-3.50000000 2.50000000 	70.7106781187
-3.50000000 3.00000000 	70.7106781187
-3.50000000 3.50000000 	70.7106781187
-3.50000000 4.00000000 	70.7106781187
-3.50000000 4.50000000 	70.7106781187
-3.50000000 5.00000000 	70.7106781187
-3.50000000 5.50000000 	70.7106781187
-3.50000000 6.00000000 	70.7106781187
-3.50000000 6.50000000 	70.7106781187
-3.50000000 7.00000000 	70.7106781187
-3.50000000 7.50000000 	70.7106781187
-3.50000000 8.00000000 	70.7106781187
-3.00000000 -12.00000000 	-70.7106781187
-3.00000000 -11.50000000 	-70.7106781187
-3.00000000 -11.00000000 	-70.7106781187
-3.00000000 -10.50000000 	-70.7106781187
-3.00000000 -10.00000000 	-70.7106781187
-3.00000000 -9.50000000 	-70.7106781187
-3.00000000 -9.00000000 	-70.7106781187
-3.00000000 -8.50000000 	-70.7106781187
-3.00000000 -8.00000000 	-70.7106781187
-3.00000000 -7.50000000 	-70.7106781187
-3.00000000 -7.00000000 	-70.7106781187
-3.00000000 -6.50000000 	-70.7106781187
-3.00000000 -6.00000000 	-70.7106781187
-3.00000000 -5.50000000 	-70.7106781187
-3.00000000 -5.00000000 	-61.0357834156
-3.00000000 -4.50000000 	-61.0357834156
-3.00000000 -4.00000000 	-25.7471115422
-3.00000000 -3.50000000 	-25.7471115422
-3.00000000 -3.00000000 	25.7471115422
-3.00000000 -2.50000000 	25.7471115422
-3.00000000 -2.00000000 	61.0357834156
-3.00000000 -1.50000000 	61.0357834156
-3.00000000 -1.00000000 	70.7106781187
-3.00000000 -0.50000000 	70.7106781187
-3.00000000 0.00000000 	70.7106781187
-3.00000000 0.50000000 	70.7106781187
-3.00000000 1.00000000 	70.7106781187
-3.00000000 1.50000000 	70.7106781187
-3.00000000 2.00000000 	70.7106781187
-3.00000000 2.50000000 	70.7106781187
-3.00000000 3.00000000 	70.7106781187
-3.00000000 3.50000000 	70.7106781187
-3.00000000 4.00000000 	70.7106781187
-3.00000000 4.50000000 	70.7106781187
-3.00000000 5.00000000 	70.7106781187
-3.00000000 5.50000000 	70.7106781187
-3.00000000 6.00000000 	70.7106781187
-3.00000000 6.50000000 	70.7106781187
-3.00000000 7.00000000 	70.7106781187
-3.00000000 7.50000000 	70.7106781187
-3.00000000 8.00000000 	70.7106781187
-2.50000000 -12.00000000 	-70.7106781187
-2.50000000 -11.50000000 	-70.7106781187
-2.50000000 -11.00000000 	-70.7106781187
-2.50000000 -10.50000000 	-70.7106781187
-2.50000000 -10.00000000 	-70.7106781187
-2.50000000 -9.50000000 	-70.7106781187
-2.50000000 -9.00000000 	-70.7106781187
-2.50000000 -8.50000000 	-70.7106781187
-2.50000000 -8.00000000 	-70.7106781187
-2.50000000 -7.50000000 	-70.7106781187
-2.50000000 -7.00000000 	-70.7106781187
-2.50000000 -6.50000000 	-70.7106781187
-2.50000000 -6.00000000 	-70.7106781187
-2.50000000 -5.50000000 	-70.7106781187
-2.50000000 -5.00000000 	-70.7106781187
-2.50000000 -4.50000000 	-61.0357834156
-2.50000000 -4.00000000 	-61.0357834156
-2.50000000 -3.50000000 	-25.7471115422
-2.50000000 -3.00000000 	-25.7471115422
-2.50000000 -2.50000000 	25.7471115422
-2.50000000 -2.00000000 	25.7471115422
-2.50000000 -1.50000000 	61.0357834156
-2.50000000 -1.00000000 	61.0357834156
-2.50000000 -0.50000000 	70.7106781187
-2.50000000 0.00000000 	70.7106781187
-2.50000000 0.50000000 	70.7106781187
-2.50000000 1.00000000 	70.7106781187
-2.50000000 1.50000000 	70.7106781187
-2.50000000 2.00000000 	70.7106781187
-2.50000000 2.50000000 	70.7106781187
-2.50000000 3.00000000 	70.7106781187
-2.50000000 3.50000000 	70.7106781187
-2.50000000 4.00000000 	70.7106781187
-2.50000000 4.50000000 	70.7106781187
-2.50000000 5.00000000 	70.7106781187
-2.50000000 5.50000000 	70.7106781187
-2.50000000 6.00000000 	70.7106781187
-2.50000000 6.50000000 	70.7106781187
-2.50000000 7.00000000 	70.7106781187
-2.50000000 7.50000000 	70.7106781187
-2.50000000 8.00000000 	70.7106781187
-2.00000000 -12.00000000 	-70.7106781187
-2.00000000 -11.50000000 	-70.7106781187
-2.00000000 -11.00000000 	-70.7106781187
-2.00000000 -10.50000000 	-70.7106781187
-2.00000000 -10.00000000 	-70.7106781187
-2.00000000 -9.50000000 	-70.7106781187
-2.00000000 -9.00000000 	-70.7106781187
-2.00000000 -8.50000000 	-70.7106781187
-2.00000000 -8.00000000 	-70.7106781187
-2.00000000 -7.50000000 	-70.7106781187
-2.00000000 -7.00000000 	-70.7106781187
-2.00000000 -6.50000000 	-70.7106781187
-2.00000000 -6.00000000 	-70.7106781187
-2.00000000 -5.50000000 	-70.7106781187
-2.00000000 -5.00000000 	-70.7106781187
-2.00000000 -4.50000000 	-70.7106781187
-2.00000000 -4.00000000 	-61.0357834156
-2.00000000 -3.50000000 	-61.0357834156
-2.00000000 -3.00000000 	-25.7471115422
-2.00000000 -2.50000000 	-25.7471115422
-2.00000000 -2.00000000 	25.7471115422
-2.00000000 -1.50000000 	25.7471115422
-2.00000000 -1.00000000 	61.0357834156
-2.00000000 -0.50000000 	61.0357834156
-2.00000000 0.00000000 	70.7106781187
-2.00000000 0.50000000 	70.7106781187
-2.00000000 1.00000000 	70.7106781187
-2.00000000 1.50000000 	70.7106781187
-2.00000000 2.00000000 	70.7106781187
-2.00000000 2.50000000 	70.7106781187
-2.00000000 3.00000000 	70.7106781187
-2.00000000 3.50000000 	70.7106781187
-2.00000000 4.00000000 	70.7106781187
-2.00000000 4.50000000 	70.7106781187
-2.00000000 5.00000000 	70.7106781187
-2.00000000 5.50000000 	70.7106781187
-2.00000000 6.00000000 	70.7106781187
-2.00000000 6.50000000 	70.7106781187
-2.00000000 7.00000000 	70.7106781187
-2.00000000 7.50000000 	70.7106781187
-2.00000000 8.00000000 	70.7106781187
-1.50000000 -12.00000000 	-70.7106781187
-1.50000000 -11.50000000 	-70.7106781187
-1.50000000 -11.00000000 	-70.7106781187
-1.50000000 -10.50000000 	-70.7106781187
-1.50000000 -10.00000000 	-70.7106781187
-1.50000000 -9.50000000 	-70.7106781187
-1.50000000 -9.00000000 	-70.7106781187
-1.50000000 -8.50000000 	-70.7106781187
-1.50000000 -8.00000000 	-70.7106781187
-1.50000000 -7.50000000 	-70.7106781187
-1.50000000 -7.00000000 	-70.7106781187
-1.50000000 -6.50000000 	-70.7106781187
-1.50000000 -6.00000000 	-70.7106781187
-1.50000000 -5.50000000 	-70.7106781187
-1.50000000 -5.00000000 	-70.7106781187
-1.50000000 -4.50000000 	-70.7106781187
-1.50000000 -4.00000000 	-70.7106781187
-1.50000000 -3.50000000 	-61.0357834156
-1.50000000 -3.00000000 	-61.0357834156
-1.50000000 -2.50000000 	-25.7471115422
-1.50000000 -2.00000000 	-25.7471115422
-1.50000000 -1.50000000 	25.7471115422
-1.50000000 -1.00000000 	25.7471115422
-1.50000000 -0.50000000 	61.0357834156
-1.50000000 0.00000000 	61.0357834156
-1.50000000 0.50000000 	70.7106781187
-1.50000000 1.00000000 	70.7106781187
-1.50000000 1.50000000 	70.7106781187
-1.50000000 2.00000000 	70.7106781187
-1.50000000 2.50000000 	70.7106781187
-1.50000000 3.00000000 	70.7106781187
-1.50000000 3.50000000 	70.7106781187
-1.50000000 4.00000000 	70.7106781187
-1.50000000 4.50000000 	70.7106781187
-1.50000000 5.00000000 	70.7106781187
-1.50000000 5.50000000 	70.7106781187
-1.50000000 6.00000000 	70.7106781187
-1.50000000 6.50000000 	70.7106781187
-1.50000000 7.00000000 	70.7106781187
-1.50000000 7.50000000 	70.7106781187
-1.50000000 8.00000000 	70.7106781187
-1.00000000 -12.00000000 	-70.7106781187
-1.00000000 -11.50000000 	-70.7106781187
-1.00000000 -11.00000000 	-70.7106781187
-1.00000000 -10.50000000 	-70.7106781187
-1.00000000 -10.00000000 	-70.7106781187
-1.00000000 -9.50000000 	-70.7106781187
-1.00000000 -9.00000000 	-70.7106781187
-1.00000000 -8.50000000 	-70.7106781187
-1.00000000 -8.00000000 	-70.7106781187
-1.00000000 -7.50000000 	-70.7106781187
-1.00000000 -7.00000000 	-70.7106781187
-1.00000000 -6.50000000 	-70.7106781187
-1.00000000 -6.00000000 	-70.7106781187
-1.00000000 -5.50000000 	-70.7106781187
-1.00000000 -5.00000000 	-70.7106781187
-1.00000000 -4.50000000 	-70.7106781187
-1.00000000 -4.00000000 	-70.7106781187
-1.00000000 -3.50000000 	-70.7106781187
-1.00000000 -3.00000000 	-61.0357834156
-1.00000000 -2.50000000 	-61.0357834156
-1.00000000 -2.00000000 	-25.7471115422
-1.00000000 -1.50000000 	-25.7471115422
-1.00000000 -1.00000000 	25.7471115422
-1.00000000 -0.50000000 	25.7471115422
-1.00000000 0.00000000 	61.0357834156
-1.00000000 0.50000000 	61.0357834156
-1.00000000 1.00000000 	70.7106781187
-1.00000000 1.50000000 	70.7106781187
-1.00000000 2.00000000 	70.7106781187
-1.00000000 2.50000000 	70.7106781187
-1.00000000 3.00000000 	70.7106781187
-1.00000000 3.50000000 	70.7106781187
-1.00000000 4.00000000 	70.7106781187
-1.00000000 4.50000000 	70.7106781187
-1.00000000 5.00000000 	70.7106781187
-1.00000000 5.50000000 	70.7106781187
-1.00000000 6.00000000 	70.7106781187
-1.00000000 6.50000000 	70.7106781187
-1.00000000 7.00000000 	70.7106781187
-1.00000000 7.50000000 	70.7106781187
-1.00000000 8.00000000 	70.7106781187
-0.50000000 -12.00000000 	-70.7106781187
-0.50000000 -11.50000000 	-70.7106781187
-0.50000000 -11.00000000 	-70.7106781187
-0.50000000 -10.50000000 	-70.7106781187
-0.50000000 -10.00000000 	-70.7106781187
-0.50000000 -9.50000000 	-70.7106781187
-0.50000000 -9.00000000 	-70.7106781187
-0.50000000 -8.50000000 	-70.7106781187
-0.50000000 -8.00000000 	-70.7106781187
-0.50000000 -7.50000000 	-70.7106781187
-0.50000000 -7.00000000 	-70.7106781187
-0.50000000 -6.50000000 	-70.7106781187
-0.50000000 -6.00000000 	-70.7106781187
-0.50000000 -5.50000000 	-70.7106781187
-0.50000000 -5.00000000 	-70.7106781187
-0.50000000 -4.50000000 	-70.7106781187
-0.50000000 -4.00000000 	-70.7106781187
-0.50000000 -3.50000000 	-70.7106781187
-0.50000000 -3.00000000 	-70.7106781187
-0.50000000 -2.50000000 	-61.0357834156
-0.50000000 -2.00000000 	-61.0357834156
-0.50000000 -1.50000000 	-25.7471115422
-0.50000000 -1.00000000 	-25.7471115422
-0.50000000 -0.50000000 	25.7471115422
-0.50000000 0.00000000 	25.7471115422
-0.50000000 0.50000000 	61.0357834156
-0.50000000 1.00000000 	61.0357834156
-0.50000000 1.50000000 	70.7106781187
-0.50000000 2.00000000 	70.7106781187
-0.50000000 2.50000000 	70.7106781187
-0.50000000 3.00000000 	70.7106781187
-0.50000000 3.50000000 	70.7106781187
-0.50000000 4.00000000 	70.7106781187
-0.50000000 4.50000000 	70.7106781187
-0.50000000 5.00000000 	70.7106781187
-0.50000000 5.50000000 	70.7106781187
-0.50000000 6.00000000 	70.7106781187
-0.50000000 6.50000000 	70.7106781187
-0.50000000 7.00000000 	70.7106781187
-0.50000000 7.50000000 	70.7106781187
-0.50000000 8.00000000 	70.7106781187
0.00000000 -12.00000000 	-70.7106781187
0.00000000 -11.50000000 	-70.7106781187
0.00000000 -11.00000000 	-70.7106781187
0.00000000 -10.50000000 	-70.7106781187
0.00000000 -10.00000000 	-70.7106781187
0.00000000 -9.50000000 	-70.7106781187
0.00000000 -9.00000000 	-70.7106781187
0.00000000 -8.50000000 	-70.7106781187
0.00000000 -8.00000000 	-70.7106781187
0.00000000 -7.50000000 	-70.7106781187
0.00000000 -7.00000000 	-70.7106781187
0.00000000 -6.50000000 	-70.7106781187
0.00000000 -6.00000000 	-70.7106781187
0.00000000 -5.50000000 	-70.7106781187
0.00000000 -5.00000000 	-70.7106781187
0.00000000 -4.50000000 	-70.7106781187
0.00000000 -4.00000000 	-70.7106781187
0.00000000 -3.50000000 	-70.7106781187
0.00000000 -3.00000000 	-70.7106781187
0.00000000 -2.50000000 	-70.7106781187
0.00000000 -2.00000000 	-61.0357834156
0.00000000 -1.50000000 	-61.0357834156
0.00000000 -1.00000000 	-25.7471115422
0.00000000 -0.50000000 	-25.7471115422
0.00000000 0.00000000 	25.7471115422
0.00000000 0.50000000 	25.7471115422
0.00000000 1.00000000 	61.0357834156
0.00000000 1.50000000 	61.0357834156
0.00000000 2.00000000 	70.7106781187
0.00000000 2.50000000 	70.7106781187
0.00000000 3.00000000 	70.7106781187
0.00000000 3.50000000 	70.7106781187
0.00000000 4.00000000 	70.7106781187
0.00000000 4.50000000 	70.7106781187
0.00000000 5.00000000 	70.7106781187
0.00000000 5.50000000 	70.7106781187
0.00000000 6.00000000 	70.7106781187
0.00000000 6.50000000 	70.7106781187
0.00000000 7.00000000 	70.7106781187
0.00000000 7.50000000 	70.7106781187
0.00000000 8.00000000 	70.7106781187
0.50000000 -12.00000000 	-70.7106781187
0.50000000 -11.50000000 	-70.7106781187
0.50000000 -11.00000000 	-70.7106781187
0.50000000 -10.50000000 	-70.7106781187
0.50000000 -10.00000000 	-70.7106781187
0.50000000 -9.50000000 	-70.7106781187
0.50000000 -9.00000000 	-70.7106781187
0.50000000 -8.50000000 	-70.7106781187
0.50000000 -8.00000000 	-70.7106781187
0.50000000 -7.50000000 	-70.7106781187
0.50000000 -7.00000000 	-70.7106781187
0.50000000 -6.50000000 	-70.7106781187
0.50000000 -6.00000000 	-70.7106781187
0.50000000 -5.50000000 	-70.7106781187
0.50000000 -5.00000000 	-70.7106781187
0.50000000 -4.50000000 	-70.7106781187
0.50000000 -4.00000000 	-70.7106781187
0.50000000 -3.50000000 	-70.7106781187
0.50000000 -3.00000000 	-70.7106781187
0.50000000 -2.50000000 	-70.7106781187
0.50000000 -2.00000000 	-70.7106781187
0.50000000 -1.50000000 	-61.0357834156
0.50000000 -1.00000000 	-61.0357834156
0.50000000 -0.50000000 	-25.7471115422
0.50000000 0.00000000 	-25.7471115422
0.50000000 0.50000000 	25.7471115422
0.50000000 1.00000000 	25.7471115422
0.50000000 1.50000000 	61.0357834156
0.50000000 2.00000000 	61.5890542500
0.50000000 2.50000000 	70.7106781187
0.50000000 3.00000000 	70.7106781187
0.50000000 3.50000000 	70.7106781187
0.50000000 4.00000000 	70.7106781187
0.50000000 4.50000000 	70.7106781187
0.50000000 5.00000000 	70.7106781187
0.50000000 5.50000000 	70.7106781187
0.50000000 6.00000000 	70.7106781187
0.50000000 6.50000000 	70.7106781187
0.50000000 7.00000000 	70.7106781187
0.50000000 7.50000000 	70.7106781187
0.50000000 8.00000000 	70.7106781187
1.00000000 -12.00000000 	-70.7106781187
1.00000000 -11.50000000 	-70.7106781187
1.00000000 -11.00000000 	-70.7106781187
1.00000000 -10.50000000 	-70.7106781187
1.00000000 -10.00000000 	-70.7106781187
1.00000000 -9.50000000 	-70.7106781187
1.00000000 -9.00000000 	-70.7106781187
1.00000000 -8.50000000 	-70.7106781187
1.00000000 -8.00000000 	-70.7106781187
1.00000000 -7.50000000 	-70.7106781187
1.00000000 -7.00000000 	-70.7106781187
1.00000000 -6.50000000 	-70.7106781187
1.00000000 -6.00000000 	-70.7106781187
1.00000000 -5.50000000 	-70.7106781187
1.00000000 -5.00000000 	-70.7106781187
1.00000000 -4.50000000 	-70.7106781187
1.00000000 -4.00000000 	-70.7106781187
1.00000000 -3.50000000 	-70.7106781187
1.00000000 -3.00000000 	-70.7106781187
1.00000000 -2.50000000 	-70.7106781187
1.00000000 -2.00000000 	-70.7106781187
1.00000000 -1.50000000 	-70.7106781187
1.00000000 -1.00000000 	-61.0357834156
1.00000000 -0.50000000 	-61.0357834156
1.00000000 0.00000000 	-25.7471115422
1.00000000 0.50000000 	-25.7471115422
1.00000000 1.00000000 	25.7471115422
1.00000000 1.50000000 	28.4084943881
1.00000000 2.00000000 	61.5890542500
1.00000000 2.50000000 	63.9072195493
1.00000000 3.00000000 	70.7106781187
1.00000000 3.50000000 	70.7106781187
1.00000000 4.00000000 	70.7106781187
1.00000000 4.50000000 	70.7106781187
1.00000000 5.00000000 	70.7106781187
1.00000000 5.50000000 	70.7106781187
1.00000000 6.00000000 	70.7106781187
1.00000000 6.50000000 	70.7106781187
1.00000000 7.00000000 	70.7106781187
1.00000000 7.50000000 	70.7106781187
1.00000000 8.00000000 	70.7106781187
1.50000000 -12.00000000 	-70.7106781187
1.50000000 -11.50000000 	-70.7106781187
1.50000000 -11.00000000 	-70.7106781187
1.50000000 -10.50000000 	-70.7106781187
1.50000000 -10.00000000 	-70.7106781187
1.50000000 -9.50000000 	-70.7106781187
1.50000000 -9.00000000 	-70.7106781187
1.50000000 -8.50000000 	-70.7106781187
1.50000000 -8.00000000 	-70.7106781187
1.50000000 -7.50000000 	-70.7106781187
1.50000000 -7.00000000 	-70.7106781187
1.50000000 -6.50000000 	-70.7106781187
1.50000000 -6.00000000 	-70.7106781187
1.50000000 -5.50000000 	-70.7106781187
1.50000000 -5.00000000 	-70.7106781187
1.50000000 -4.50000000 	-70.7106781187
1.50000000 -4.00000000 	-70.7106781187
1.50000000 -3.50000000 	-70.7106781187
1.50000000 -3.00000000 	-70.7106781187
1.50000000 -2.50000000 	-70.7106781187
1.50000000 -2.00000000 	-70.7106781187
1.50000000 -1.50000000 	-70.7106781187
1.50000000 -1.00000000 	-70.7106781187
1.50000000 -0.50000000 	-61.0357834156
1.50000000 0.00000000 	-61.0357834156
1.50000000 0.50000000 	-25.7471115422
1.50000000 1.00000000 	-19.7661804883
1.50000000 1.50000000 	28.4084943881
1.50000000 2.00000000 	39.2777739175
1.50000000 2.50000000 	63.9072195493
1.50000000 3.00000000 	67.5351668873
1.50000000 3.50000000 	70.7106781187
1.50000000 4.00000000 	70.7106781187
1.50000000 4.50000000 	70.7106781187
1.50000000 5.00000000 	70.7106781187
1.50000000 5.50000000 	70.7106781187
1.50000000 6.00000000 	70.7106781187
1.50000000 6.50000000 	70.7106781187
1.50000000 7.00000000 	70.7106781187
1.50000000 7.50000000 	70.7106781187
1.50000000 8.00000000 	70.7106781187
2.00000000 -12.00000000 	-70.7106781187
2.00000000 -11.50000000 	-70.7106781187
2.00000000 -11.00000000 	-70.7106781187
2.00000000 -10.50000000 	-70.7106781187
2.00000000 -10.00000000 	-70.7106781187
2.00000000 -9.50000000 	-70.7106781187
2.00000000 -9.00000000 	-70.7106781187
2.00000000 -8.50000000 	-70.7106781187
2.00000000 -8.00000000 	-70.7106781187
2.00000000 -7.50000000 	-70.7106781187
2.00000000 -7.00000000 	-70.7106781187
2.00000000 -6.50000000 	-70.7106781187
2.00000000 -6.00000000 	-70.7106781187
2.00000000 -5.50000000 	-70.7106781187
2.00000000 -5.00000000 	-70.7106781187
2.00000000 -4.50000000 	-70.7106781187
2.00000000 -4.00000000 	-70.7106781187
2.00000000 -3.50000000 	-70.7106781187
2.00000000 -3.00000000 	-70.7106781187
2.00000000 -2.50000000 	-70.7106781187
2.00000000 -2.00000000 	-70.7106781187
2.00000000 -1.50000000 	-70.7106781187
2.00000000 -1.00000000 	-70.7106781187
2.00000000 -0.50000000 	-70.7106781187
2.00000000 0.00000000 	-61.0357834156
2.00000000 0.50000000 	-52.4600736069
2.00000000 1.00000000 	-19.7661804883
2.00000000 1.50000000 	3.8398770220
2.00000000 2.00000000 	39.2777739175
2.00000000 2.50000000 	55.9718213705
2.00000000 3.00000000 	67.5351668873
2.00000000 3.50000000 	70.0543876557
2.00000000 4.00000000 	70.7106781187
2.00000000 4.50000000 	70.7106781187
2.00000000 5.00000000 	70.7106781187
2.00000000 5.50000000 	70.7106781187
2.00000000 6.00000000 	70.7106781187
2.00000000 6.50000000 	70.7106781187
2.00000000 7.00000000 	70.7106781187
2.00000000 7.50000000 	70.7106781187
2.00000000 8.00000000 	70.7106781187
