-8.00000000 -12.00000000 	-70.7106781187
-8.00000000 -11.50000000 	-70.7106781187
-8.00000000 -11.00000000 	-70.7106781187
-8.00000000 -10.50000000 	-70.7106781187
-8.00000000 -10.00000000 	-70.7106781187
-8.00000000 -9.50000000 	-70.1333425094
-8.00000000 -9.00000000 	-63.9552554727
-8.00000000 -8.50000000 	-39.0636154731
-8.00000000 -8.00000000 	12.6633626896
-8.00000000 -7.50000000 	48.8867996953
-8.00000000 -7.00000000 	65.2935172354
-8.00000000 -6.50000000 	69.9023457438
-8.00000000 -6.00000000 	70.6458782180
-8.00000000 -5.50000000 	70.7085417196
-8.00000000 -5.00000000 	70.7106781187
-8.00000000 -4.50000000 	70.7106781187
-8.00000000 -4.00000000 	70.7106781187
-8.00000000 -3.50000000 	70.7106781187
-8.00000000 -3.00000000 	70.7106781187
-8.00000000 -2.50000000 	70.7106781187
-8.00000000 -2.00000000 	70.7106781187
-8.00000000 -1.50000000 	70.7106781187
-8.00000000 -1.00000000 	70.7106781187
-8.00000000 -0.50000000 	70.7106781187
-8.00000000 0.00000000 	70.7106781187
-8.00000000 0.50000000 	70.7106781187
-8.00000000 1.00000000 	70.7106781187
-8.00000000 1.50000000 	70.7106781187
-8.00000000 2.00000000 	70.7106781187
-8.00000000 2.50000000 	70.7106781187
-8.00000000 3.00000000 	70.7106781187
-8.00000000 3.50000000 	70.7106781187
-8.00000000 4.00000000 	70.7106781187
-8.00000000 4.50000000 	70.7106781187
-8.00000000 5.00000000 	70.7106781187
-8.00000000 5.50000000 	70.7106781187
-8.00000000 6.00000000 	70.7106781187
-8.00000000 6.50000000 	70.7106781187
-8.00000000 7.00000000 	70.7106781187
-8.00000000 7.50000000 	70.7106781187
-8.00000000 8.00000000 	70.7106781187
-7.50000000 -12.00000000 	-70.7106781187
-7.50000000 -11.50000000 	-70.7106781187
-7.50000000 -11.00000000 	-70.7106781187
-7.50000000 -10.50000000 	-70.7106781187
-7.50000000 -10.00000000 	-70.7106781187
-7.50000000 -9.50000000 	-70.4741479770
-7.50000000 -9.00000000 	-67.5517903272
-7.50000000 -8.50000000 	-53.9153833965
-7.50000000 -8.00000000 	-21.6194159164
-7.50000000 -7.50000000 	20.6789443417
-7.50000000 -7.00000000 	51.3553759787
-7.50000000 -6.50000000 	65.7563203364
-7.50000000 -6.00000000 	69.9452889392
-7.50000000 -5.50000000 	70.6473242376
-7.50000000 -5.00000000 	70.7085417196
-7.50000000 -4.50000000 	70.7106781187
-7.50000000 -4.00000000 	70.7106781187
-7.50000000 -3.50000000 	70.7106781187
-7.50000000 -3.00000000 	70.7106781187
-7.50000000 -2.50000000 	70.7106781187
-7.50000000 -2.00000000 	70.7106781187
-7.50000000 -1.50000000 	70.7106781187
-7.50000000 -1.00000000 	70.7106781187
-7.50000000 -0.50000000 	70.7106781187
-7.50000000 0.00000000 	70.7106781187
-7.50000000 0.50000000 	70.7106781187
-7.50000000 1.00000000 	70.7106781187
-7.50000000 1.50000000 	70.7106781187
-7.50000000 2.00000000 	70.7106781187
-7.50000000 2.50000000 	70.7106781187
-7.50000000 3.00000000 	70.7106781187
-7.50000000 3.50000000 	70.7106781187
-7.50000000 4.00000000 	70.7106781187
-7.50000000 4.50000000 	70.7106781187
-7.50000000 5.00000000 	70.7106781187
-7.50000000 5.50000000 	70.7106781187
-7.50000000 6.00000000 	70.7106781187
-7.50000000 6.50000000 	70.7106781187
-7.50000000 7.00000000 	70.7106781187
-7.50000000 7.50000000 	70.7106781187
-7.50000000 8.00000000 	70.7106781187
-7.00000000 -12.00000000 	-70.7106781187
-7.00000000 -11.50000000 	-70.7106781187
-7.00000000 -11.00000000 	-70.7106781187
-7.00000000 -10.50000000 	-70.7106781187
-7.00000000 -10.00000000 	-70.7106781187
-7.00000000 -9.50000000 	-70.6721353475
-7.00000000 -9.00000000 	-70.0412897680
-7.00000000 -8.50000000 	-65.8911890746
-7.00000000 -8.00000000 	-51.4044607362
-7.00000000 -7.50000000 	-20.8388466269
-7.00000000 -7.00000000 	20.8360223554
-7.00000000 -6.50000000 	51.3755516272
-7.00000000 -6.00000000 	65.7573683224
-7.00000000 -5.50000000 	69.9452889392
-7.00000000 -5.00000000 	70.6473242376
-7.00000000 -4.50000000 	70.7085417196
-7.00000000 -4.00000000 	70.7106781187
-7.00000000 -3.50000000 	70.7106781187
-7.00000000 -3.00000000 	70.7106781187
-7.00000000 -2.50000000 	70.7106781187
-7.00000000 -2.00000000 	70.7106781187
-7.00000000 -1.50000000 	70.7106781187
-7.00000000 -1.00000000 	70.7106781187
-7.00000000 -0.50000000 	70.7106781187
-7.00000000 0.00000000 	70.7106781187
-7.00000000 0.50000000 	70.7106781187
-7.00000000 1.00000000 	70.7106781187
-7.00000000 1.50000000 	70.7106781187
-7.00000000 2.00000000 	70.7106781187
-7.00000000 2.50000000 	70.7106781187
-7.00000000 3.00000000 	70.7106781187
-7.00000000 3.50000000 	70.7106781187
-7.00000000 4.00000000 	70.7106781187
-7.00000000 4.50000000 	70.7106781187
-7.00000000 5.00000000 	70.7106781187
-7.00000000 5.50000000 	70.7106781187
-7.00000000 6.00000000 	70.7106781187
-7.00000000 6.50000000 	70.7106781187
-7.00000000 7.00000000 	70.7106781187
-7.00000000 7.50000000 	70.7106781187
-7.00000000 8.00000000 	70.7106781187
-6.50000000 -12.00000000 	-70.7106781187
-6.50000000 -11.50000000 	-70.7106781187
-6.50000000 -11.00000000 	-70.7106781187
-6.50000000 -10.50000000 	-70.7106781187
-6.50000000 -10.00000000 	-70.7106781187
-6.50000000 -9.50000000 	-70.7085417196
-6.50000000 -9.00000000 	-70.6473242376
-6.50000000 -8.50000000 	-69.9452889392
-6.50000000 -8.00000000 	-65.7573683224
-6.50000000 -7.50000000 	-51.3755516272
-6.50000000 -7.00000000 	-20.8361669558
-6.50000000 -6.50000000 	20.8361669558
-6.50000000 -6.00000000 	51.3755516272
-6.50000000 -5.50000000 	65.7573683224
-6.50000000 -5.00000000 	69.9452889392
-6.50000000 -4.50000000 	70.6473242376
-6.50000000 -4.00000000 	70.7085417196
-6.50000000 -3.50000000 	70.7106781187
-6.50000000 -3.00000000 	70.7106781187
-6.50000000 -2.50000000 	70.7106781187
-6.50000000 -2.00000000 	70.7106781187
-6.50000000 -1.50000000 	70.7106781187
-6.50000000 -1.00000000 	70.7106781187
-6.50000000 -0.50000000 	70.7106781187
-6.50000000 0.00000000 	70.7106781187
-6.50000000 0.50000000 	70.7106781187
-6.50000000 1.00000000 	70.7106781187
-6.50000000 1.50000000 	70.7106781187
-6.50000000 2.00000000 	70.7106781187
-6.50000000 2.50000000 	70.7106781187
-6.50000000 3.00000000 	70.7106781187
-6.50000000 3.50000000 	70.7106781187
-6.50000000 4.00000000 	70.7106781187
-6.50000000 4.50000000 	70.7106781187
-6.50000000 5.00000000 	70.7106781187
-6.50000000 5.50000000 	70.7106781187
-6.50000000 6.00000000 	70.7106781187
-6.50000000 6.50000000 	70.7106781187
-6.50000000 7.00000000 	70.7106781187
-6.50000000 7.50000000 	70.7106781187
-6.50000000 8.00000000 	70.7106781187
-6.00000000 -12.00000000 	-70.7106781187
-6.00000000 -11.50000000 	-70.7106781187
-6.00000000 -11.00000000 	-70.7106781187
-6.00000000 -10.50000000 	-70.7106781187
-6.00000000 -10.00000000 	-70.7106781187
-6.00000000 -9.50000000 	-70.7106781187
-6.00000000 -9.00000000 	-70.7085417196
-6.00000000 -8.50000000 	-70.6473242376
-6.00000000 -8.00000000 	-69.9452889392
-6.00000000 -7.50000000 	-65.7573683224
-6.00000000 -7.00000000 	-51.3755516272
-6.00000000 -6.50000000 	-20.8361669558
-6.00000000 -6.00000000 	20.8361669558
-6.00000000 -5.50000000 	51.3755516272
-6.00000000 -5.00000000 	65.7573683224
-6.00000000 -4.50000000 	69.9452889392
-6.00000000 -4.00000000 	70.6473242376
-6.00000000 -3.50000000 	70.7085417196
-6.00000000 -3.00000000 	70.7106781187
-6.00000000 -2.50000000 	70.7106781187
-6.00000000 -2.00000000 	70.7106781187
-6.00000000 -1.50000000 	70.7106781187
-6.00000000 -1.00000000 	70.7106781187
-6.00000000 -0.50000000 	70.7106781187
-6.00000000 0.00000000 	70.7106781187
-6.00000000 0.50000000 	70.7106781187
-6.00000000 1.00000000 	70.7106781187
-6.00000000 1.50000000 	70.7106781187
-6.00000000 2.00000000 	70.7106781187
-6.00000000 2.50000000 	70.7106781187
-6.00000000 3.00000000 	70.7106781187
-6.00000000 3.50000000 	70.7106781187
-6.00000000 4.00000000 	70.7106781187
-6.00000000 4.50000000 	70.7106781187
-6.00000000 5.00000000 	70.7106781187
-6.00000000 5.50000000 	70.7106781187
-6.00000000 6.00000000 	70.7106781187
-6.00000000 6.50000000 	70.7106781187
-6.00000000 7.00000000 	70.7106781187
-6.00000000 7.50000000 	70.7106781187
-6.00000000 8.00000000 	70.7106781187
-5.50000000 -12.00000000 	-70.7106781187
-5.50000000 -11.50000000 	-70.7106781187
-5.50000000 -11.00000000 	-70.7106781187
-5.50000000 -10.50000000 	-70.7106781187
-5.50000000 -10.00000000 	-70.7106781187
-5.50000000 -9.50000000 	-70.7106781187
-5.50000000 -9.00000000 	-70.7106781187
-5.50000000 -8.50000000 	-70.7085417196
-5.50000000 -8.00000000 	-70.6473242376
-5.50000000 -7.50000000 	-69.9452889392
-5.50000000 -7.00000000 	-65.7573683224
-5.50000000 -6.50000000 	-51.3755516272
-5.50000000 -6.00000000 	-20.8361669558
-5.50000000 -5.50000000 	20.8361669558
-5.50000000 -5.00000000 	51.3755516272
-5.50000000 -4.50000000 	65.7573683224
-5.50000000 -4.00000000 	69.9452889392
-5.50000000 -3.50000000 	70.6473242376
-5.50000000 -3.00000000 	70.7085417196
-5.50000000 -2.50000000 	70.7106781187
-5.50000000 -2.00000000 	70.7106781187
-5.50000000 -1.50000000 	70.7106781187
-5.50000000 -1.00000000 	70.7106781187
-5.50000000 -0.50000000 	70.7106781187
-5.50000000 0.00000000 	70.7106781187
-5.50000000 0.50000000 	70.7106781187
-5.50000000 1.00000000 	70.7106781187
-5.50000000 1.50000000 	70.7106781187
-5.50000000 2.00000000 	70.7106781187
-5.50000000 2.50000000 	70.7106781187
-5.50000000 3.00000000 	70.7106781187
-5.50000000 3.50000000 	70.7106781187
-5.50000000 4.00000000 	70.7106781187
-5.50000000 4.50000000 	70.7106781187
-5.50000000 5.00000000 	70.7106781187
-5.50000000 5.50000000 	70.7106781187
-5.50000000 6.00000000 	70.7106781187
-5.50000000 6.50000000 	70.7106781187
-5.50000000 7.00000000 	70.7106781187
-5.50000000 7.50000000 	70.7106781187
-5.50000000 8.00000000 	70.7106781187
-5.00000000 -12.00000000 	-70.7106781187
-5.00000000 -11.50000000 	-70.7106781187
-5.00000000 -11.00000000 	-70.7106781187
-5.00000000 -10.50000000 	-70.7106781187
-5.00000000 -10.00000000 	-70.7106781187
-5.00000000 -9.50000000 	-70.7106781187
-5.00000000 -9.00000000 	-70.7106781187
-5.00000000 -8.50000000 	-70.7106781187
-5.00000000 -8.00000000 	-70.7085417196
-5.00000000 -7.50000000 	-70.6473242376
-5.00000000 -7.00000000 	-69.9452889392
-5.00000000 -6.50000000 	-65.7573683224
-5.00000000 -6.00000000 	-51.3755516272
-5.00000000 -5.50000000 	-20.8361669558
-5.00000000 -5.00000000 	20.8361669558
-5.00000000 -4.50000000 	51.3755516272
-5.00000000 -4.00000000 	65.7573683224
-5.00000000 -3.50000000 	69.9452889392
-5.00000000 -3.00000000 	70.6473242376
-5.00000000 -2.50000000 	70.7085417196
-5.00000000 -2.00000000 	70.7106781187
-5.00000000 -1.50000000 	70.7106781187
-5.00000000 -1.00000000 	70.7106781187
-5.00000000 -0.50000000 	70.7106781187
-5.00000000 0.00000000 	70.7106781187
-5.00000000 0.50000000 	70.7106781187
-5.00000000 1.00000000 	70.7106781187
-5.00000000 1.50000000 	70.7106781187
-5.00000000 2.00000000 	70.7106781187
-5.00000000 2.50000000 	70.7106781187
-5.00000000 3.00000000 	70.7106781187
-5.00000000 3.50000000 	70.7106781187
-5.00000000 4.00000000 	70.7106781187
-5.00000000 4.50000000 	70.7106781187
-5.00000000 5.00000000 	70.7106781187
-5.00000000 5.50000000 	70.7106781187
-5.00000000 6.00000000 	70.7106781187
-5.00000000 6.50000000 	70.7106781187
-5.00000000 7.00000000 	70.7106781187
-5.00000000 7.50000000 	70.7106781187
-5.00000000 8.00000000 	70.7106781187
-4.50000000 -12.00000000 	-70.7106781187
-4.50000000 -11.50000000 	-70.7106781187
-4.50000000 -11.00000000 	-70.7106781187
-4.50000000 -10.50000000 	-70.7106781187
-4.50000000 -10.00000000 	-70.7106781187
-4.50000000 -9.50000000 	-70.7106781187
-4.50000000 -9.00000000 	-70.7106781187
-4.50000000 -8.50000000 	-70.7106781187
-4.50000000 -8.00000000 	-70.7106781187
-4.50000000 -7.50000000 	-70.7085417196
-4.50000000 -7.00000000 	-70.6473242376
-4.50000000 -6.50000000 	-69.9452889392
-4.50000000 -6.00000000 	-65.7573683224
-4.50000000 -5.50000000 	-51.3755516272
-4.50000000 -5.00000000 	-20.8361669558
-4.50000000 -4.50000000 	20.8361669558
-4.50000000 -4.00000000 	51.3755516272
-4.50000000 -3.50000000 	65.7573683224
-4.50000000 -3.00000000 	69.9452889392
-4.50000000 -2.50000000 	70.6473242376
-4.50000000 -2.00000000 	70.7085417196
-4.50000000 -1.50000000 	70.7106781187
-4.50000000 -1.00000000 	70.7106781187
-4.50000000 -0.50000000 	70.7106781187
-4.50000000 0.00000000 	70.7106781187
-4.50000000 0.50000000 	70.7106781187
-4.50000000 1.00000000 	70.7106781187
-4.50000000 1.50000000 	70.7106781187
-4.50000000 2.00000000 	70.7106781187
-4.50000000 2.50000000 	70.7106781187
-4.50000000 3.00000000 	70.7106781187
-4.50000000 3.50000000 	70.7106781187
-4.50000000 4.00000000 	70.7106781187
-4.50000000 4.50000000 	70.7106781187
-4.50000000 5.00000000 	70.7106781187
-4.50000000 5.50000000 	70.7106781187
-4.50000000 6.00000000 	70.7106781187
-4.50000000 6.50000000 	70.7106781187
-4.50000000 7.00000000 	70.7106781187
-4.50000000 7.50000000 	70.7106781187
-4.50000000 8.00000000 	70.7106781187
-4.00000000 -12.00000000 	-70.7106781187
-4.00000000 -11.50000000 	-70.7106781187
-4.00000000 -11.00000000 	-70.7106781187
-4.00000000 -10.50000000 	-70.7106781187
-4.00000000 -10.00000000 	-70.7106781187
-4.00000000 -9.50000000 	-70.7106781187
-4.00000000 -9.00000000 	-70.7106781187
-4.00000000 -8.50000000 	-70.7106781187
-4.00000000 -8.00000000 	-70.7106781187
-4.00000000 -7.50000000 	-70.7106781187
-4.00000000 -7.00000000 	-70.7085417196
-4.00000000 -6.50000000 	-70.6473242376
-4.00000000 -6.00000000 	-69.9452889392
-4.00000000 -5.50000000 	-65.7573683224
-4.00000000 -5.00000000 	-51.3755516272
-4.00000000 -4.50000000 	-20.8361669558
-4.00000000 -4.00000000 	20.8361669558
-4.00000000 -3.50000000 	51.3755516272
-4.00000000 -3.00000000 	65.7573683224
-4.00000000 -2.50000000 	69.9452889392
-4.00000000 -2.00000000 	70.6473242376
-4.00000000 -1.50000000 	70.7085417196
-4.00000000 -1.00000000 	70.7106781187
-4.00000000 -0.50000000 	70.7106781187
-4.00000000 0.00000000 	70.7106781187
-4.00000000 0.50000000 	70.7106781187
-4.00000000 1.00000000 	70.7106781187
-4.00000000 1.50000000 	70.7106781187
-4.00000000 2.00000000 	70.7106781187
-4.00000000 2.50000000 	70.7106781187
-4.00000000 3.00000000 	70.7106781187
-4.00000000 3.50000000 	70.7106781187
-4.00000000 4.00000000 	70.7106781187
-4.00000000 4.50000000 	70.7106781187
-4.00000000 5.00000000 	70.7106781187
-4.00000000 5.50000000 	70.7106781187
-4.00000000 6.00000000 	70.7106781187
-4.00000000 6.50000000 	70.7106781187
-4.00000000 7.00000000 	70.7106781187
-4.00000000 7.50000000 	70.7106781187
-4.00000000 8.00000000 	70.7106781187
-3.50000000 -12.00000000 	-70.7106781187
-3.50000000 -11.50000000 	-70.7106781187
-3.50000000 -11.00000000 	-70.7106781187
-3.50000000 -10.50000000 	-70.7106781187
-3.50000000 -10.00000000 	-70.7106781187
-3.50000000 -9.50000000 	-70.7106781187
-3.50000000 -9.00000000 	-70.7106781187
-3.50000000 -8.50000000 	-70.7106781187
-3.50000000 -8.00000000 	-70.7106781187
-3.50000000 -7.50000000 	-70.7106781187
-3.50000000 -7.00000000 	-70.7106781187
-3.50000000 -6.50000000 	-70.7085417196
-3.50000000 -6.00000000 	-70.6473242376
-3.50000000 -5.50000000 	-69.9452889392
-3.50000000 -5.00000000 	-65.7573683224
-3.50000000 -4.50000000 	-51.3755516272
-3.50000000 -4.00000000 	-20.8361669558
-3.50000000 -3.50000000 	20.8361669558
-3.50000000 -3.00000000 	51.3755516272
-3.50000000 -2.50000000 	65.7573683224
-3.50000000 -2.00000000 	69.9452889392
-3.50000000 -1.50000000 	70.6473242376
-3.50000000 -1.00000000 	70.7085417196
-3.50000000 -0.50000000 	70.7106781187
-3.50000000 0.00000000 	70.7106781187
-3.50000000 0.50000000 	70.7106781187
-3.50000000 1.00000000 	70.7106781187
-3.50000000 1.50000000 	70.7106781187
-3.50000000 2.00000000 	70.7106781187
-3.50000000 2.50000000 	70.7106781187
-3.50000000 3.00000000 	70.7106781187
-3.50000000 3.50000000 	70.7106781187
-3.50000000 4.00000000 	70.7106781187
-3.50000000 4.50000000 	70.7106781187
-3.50000000 5.00000000 	70.7106781187
-3.50000000 5.50000000 	70.7106781187
-3.50000000 6.00000000 	70.7106781187
-3.50000000 6.50000000 	70.7106781187
-3.50000000 7.00000000 	70.7106781187
-3.50000000 7.50000000 	70.7106781187
-3.50000000 8.00000000 	70.7106781187
-3.00000000 -12.00000000 	-70.7106781187
-3.00000000 -11.50000000 	-70.7106781187
-3.00000000 -11.00000000 	-70.7106781187
-3.00000000 -10.50000000 	-70.7106781187
-3.00000000 -10.00000000 	-70.7106781187
-3.00000000 -9.50000000 	-70.7106781187
-3.00000000 -9.00000000 	-70.7106781187
-3.00000000 -8.50000000 	-70.7106781187
-3.00000000 -8.00000000 	-70.7106781187
-3.00000000 -7.50000000 	-70.7106781187
-3.00000000 -7.00000000 	-70.7106781187
-3.00000000 -6.50000000 	-70.7106781187
-3.00000000 -6.00000000 	-70.7085417196
-3.00000000 -5.50000000 	-70.6473242376
-3.00000000 -5.00000000 	-69.9452889392
-3.00000000 -4.50000000 	-65.7573683224
-3.00000000 -4.00000000 	-51.3755516272
-3.00000000 -3.50000000 	-20.8361669558
-3.00000000 -3.00000000 	20.8361669558
-3.00000000 -2.50000000 	51.3755516272
-3.00000000 -2.00000000 	65.7573683224
-3.00000000 -1.50000000 	69.9452889392
-3.00000000 -1.00000000 	70.6473242376
-3.00000000 -0.50000000 	70.7085417196
-3.00000000 0.00000000 	70.7106781187
-3.00000000 0.50000000 	70.7106781187
-3.00000000 1.00000000 	70.7106781187
-3.00000000 1.50000000 	70.7106781187
-3.00000000 2.00000000 	70.7106781187
-3.00000000 2.50000000 	70.7106781187
-3.00000000 3.00000000 	70.7106781187
-3.00000000 3.50000000 	70.7106781187
-3.00000000 4.00000000 	70.7106781187
-3.00000000 4.50000000 	70.7106781187
-3.00000000 5.00000000 	70.7106781187
-3.00000000 5.50000000 	70.7106781187
-3.00000000 6.00000000 	70.7106781187
-3.00000000 6.50000000 	70.7106781187
-3.00000000 7.00000000 	70.7106781187
-3.00000000 7.50000000 	70.7106781187
-3.00000000 8.00000000 	70.7106781187
-2.50000000 -12.00000000 	-70.7106781187
-2.50000000 -11.50000000 	-70.7106781187
-2.50000000 -11.00000000 	-70.7106781187
-2.50000000 -10.50000000 	-70.7106781187
-2.50000000 -10.00000000 	-70.7106781187
-2.50000000 -9.50000000 	-70.7106781187
-2.50000000 -9.00000000 	-70.7106781187
-2.50000000 -8.50000000 	-70.7106781187
-2.50000000 -8.00000000 	-70.7106781187
-2.50000000 -7.50000000 	-70.7106781187
-2.50000000 -7.00000000 	-70.7106781187
-2.50000000 -6.50000000 	-70.7106781187
-2.50000000 -6.00000000 	-70.7106781187
-2.50000000 -5.50000000 	-70.7085417196
-2.50000000 -5.00000000 	-70.6473242376
-2.50000000 -4.50000000 	-69.9452889392
-2.50000000 -4.00000000 	-65.7573683224
-2.50000000 -3.50000000 	-51.3755516272
-2.50000000 -3.00000000 	-20.8361669558
-2.50000000 -2.50000000 	20.8361669558
-2.50000000 -2.00000000 	51.3755516272
-2.50000000 -1.50000000 	65.7573683224
-2.50000000 -1.00000000 	69.9452889392
-2.50000000 -0.50000000 	70.6473242376
-2.50000000 0.00000000 	70.7085417196
-2.50000000 0.50000000 	70.7106781187
-2.50000000 1.00000000 	70.7106781187
-2.50000000 1.50000000 	70.7106781187
-2.50000000 2.00000000 	70.7106781187
-2.50000000 2.50000000 	70.7106781187
-2.50000000 3.00000000 	70.7106781187
-2.50000000 3.50000000 	70.7106781187
-2.50000000 4.00000000 	70.7106781187
-2.50000000 4.50000000 	70.7106781187
-2.50000000 5.00000000 	70.7106781187
-2.50000000 5.50000000 	70.7106781187
-2.50000000 6.00000000 	70.7106781187
-2.50000000 6.50000000 	70.7106781187
-2.50000000 7.00000000 	70.7106781187
-2.50000000 7.50000000 	70.7106781187
-2.50000000 8.00000000 	70.7106781187
-2.00000000 -12.00000000 	-70.7106781187
-2.00000000 -11.50000000 	-70.7106781187
-2.00000000 -11.00000000 	-70.7106781187
-2.00000000 -10.50000000 	-70.7106781187
-2.00000000 -10.00000000 	-70.7106781187
-2.00000000 -9.50000000 	-70.7106781187
-2.00000000 -9.00000000 	-70.7106781187
-2.00000000 -8.50000000 	-70.7106781187
-2.00000000 -8.00000000 	-70.7106781187
-2.00000000 -7.50000000 	-70.7106781187
-2.00000000 -7.00000000 	-70.7106781187
-2.00000000 -6.50000000 	-70.7106781187
-2.00000000 -6.00000000 	-70.7106781187
-2.00000000 -5.50000000 	-70.7106781187
-2.00000000 -5.00000000 	-70.7085417196
-2.00000000 -4.50000000 	-70.6473242376
-2.00000000 -4.00000000 	-69.9452889392
-2.00000000 -3.50000000 	-65.7573683224
-2.00000000 -3.00000000 	-51.3755516272
-2.00000000 -2.50000000 	-20.8361669558
-2.00000000 -2.00000000 	20.8361669558
-2.00000000 -1.50000000 	51.3755516272
-2.00000000 -1.00000000 	65.7573683224
-2.00000000 -0.50000000 	69.9452889392
-2.00000000 0.00000000 	70.6473242376
-2.00000000 0.50000000 	70.7085417196
-2.00000000 1.00000000 	70.7106781187
-2.00000000 1.50000000 	70.7106781187
-2.00000000 2.00000000 	70.7106781187
-2.00000000 2.50000000 	70.7106781187
-2.00000000 3.00000000 	70.7106781187
-2.00000000 3.50000000 	70.7106781187
-2.00000000 4.00000000 	70.7106781187
-2.00000000 4.50000000 	70.7106781187
-2.00000000 5.00000000 	70.7106781187
-2.00000000 5.50000000 	70.7106781187
-2.00000000 6.00000000 	70.7106781187
-2.00000000 6.50000000 	70.7106781187
-2.00000000 7.00000000 	70.7106781187
-2.00000000 7.50000000 	70.7106781187
-2.00000000 8.00000000 	70.7106781187
-1.50000000 -12.00000000 	-70.7106781187
-1.50000000 -11.50000000 	-70.7106781187
-1.50000000 -11.00000000 	-70.7106781187
-1.50000000 -10.50000000 	-70.7106781187
-1.50000000 -10.00000000 	-70.7106781187
-1.50000000 -9.50000000 	-70.7106781187
-1.50000000 -9.00000000 	-70.7106781187
-1.50000000 -8.50000000 	-70.7106781187
-1.50000000 -8.00000000 	-70.7106781187
-1.50000000 -7.50000000 	-70.7106781187
-1.50000000 -7.00000000 	-70.7106781187
-1.50000000 -6.50000000 	-70.7106781187
-1.50000000 -6.00000000 	-70.7106781187
-1.50000000 -5.50000000 	-70.7106781187
-1.50000000 -5.00000000 	-70.7106781187
-1.50000000 -4.50000000 	-70.7085417196
-1.50000000 -4.00000000 	-70.6473242376
-1.50000000 -3.50000000 	-69.9452889392
-1.50000000 -3.00000000 	-65.7573683224
-1.50000000 -2.50000000 	-51.3755516272
-1.50000000 -2.00000000 	-20.8361669558
-1.50000000 -1.50000000 	20.8361669558
-1.50000000 -1.00000000 	51.3755516272
-1.50000000 -0.50000000 	65.7573683224
-1.50000000 0.00000000 	69.9452889392
-1.50000000 0.50000000 	70.6473242376
-1.50000000 1.00000000 	70.7085417196
-1.50000000 1.50000000 	70.7106781187
-1.50000000 2.00000000 	70.7106781187
-1.50000000 2.50000000 	70.7106781187
-1.50000000 3.00000000 	70.7106781187
-1.50000000 3.50000000 	70.7106781187
-1.50000000 4.00000000 	70.7106781187
-1.50000000 4.50000000 	70.7106781187
-1.50000000 5.00000000 	70.7106781187
-1.50000000 5.50000000 	70.7106781187
-1.50000000 6.00000000 	70.7106781187
-1.50000000 6.50000000 	70.7106781187
-1.50000000 7.00000000 	70.7106781187
-1.50000000 7.50000000 	70.7106781187
-1.50000000 8.00000000 	70.7106781187
-1.00000000 -12.00000000 	-70.7106781187
-1.00000000 -11.50000000 	-70.7106781187
-1.00000000 -11.00000000 	-70.7106781187
-1.00000000 -10.50000000 	-70.7106781187
-1.00000000 -10.00000000 	-70.7106781187
-1.00000000 -9.50000000 	-70.7106781187
-1.00000000 -9.00000000 	-70.7106781187
-1.00000000 -8.50000000 	-70.7106781187
-1.00000000 -8.00000000 	-70.7106781187
-1.00000000 -7.50000000 	-70.7106781187
-1.00000000 -7.00000000 	-70.7106781187
-1.00000000 -6.50000000 	-70.7106781187
-1.00000000 -6.00000000 	-70.7106781187
-1.00000000 -5.50000000 	-70.7106781187
-1.00000000 -5.00000000 	-70.7106781187
-1.00000000 -4.50000000 	-70.7106781187
-1.00000000 -4.00000000 	-70.7085417196
-1.00000000 -3.50000000 	-70.6473242376
-1.00000000 -3.00000000 	-69.9452889392
-1.00000000 -2.50000000 	-65.7573683224
-1.00000000 -2.00000000 	-51.3755516272
-1.00000000 -1.50000000 	-20.8361669558
-1.00000000 -1.00000000 	20.8361669558
-1.00000000 -0.50000000 	51.3755516272
-1.00000000 0.00000000 	65.7573683224
-1.00000000 0.50000000 	69.9452889392
-1.00000000 1.00000000 	70.6473242376
-1.00000000 1.50000000 	70.7085417196
-1.00000000 2.00000000 	70.7106781187
-1.00000000 2.50000000 	70.7106781187
-1.00000000 3.00000000 	70.7106781187
-1.00000000 3.50000000 	70.7106781187
-1.00000000 4.00000000 	70.7106781187
-1.00000000 4.50000000 	70.7106781187
-1.00000000 5.00000000 	70.7106781187
-1.00000000 5.50000000 	70.7106781187
-1.00000000 6.00000000 	70.7106781187
-1.00000000 6.50000000 	70.7106781187
-1.00000000 7.00000000 	70.7106781187
-1.00000000 7.50000000 	70.7106781187
-1.00000000 8.00000000 	70.7106781187
-0.50000000 -12.00000000 	-70.7106781187
-0.50000000 -11.50000000 	-70.7106781187
-0.50000000 -11.00000000 	-70.7106781187
-0.50000000 -10.50000000 	-70.7106781187
-0.50000000 -10.00000000 	-70.7106781187
-0.50000000 -9.50000000 	-70.7106781187
-0.50000000 -9.00000000 	-70.7106781187
-0.50000000 -8.50000000 	-70.7106781187
-0.50000000 -8.00000000 	-70.7106781187
-0.50000000 -7.50000000 	-70.7106781187
-0.50000000 -7.00000000 	-70.7106781187
-0.50000000 -6.50000000 	-70.7106781187
-0.50000000 -6.00000000 	-70.7106781187
-0.50000000 -5.50000000 	-70.7106781187
-0.50000000 -5.00000000 	-70.7106781187
-0.50000000 -4.50000000 	-70.7106781187
-0.50000000 -4.00000000 	-70.7106781187
-0.50000000 -3.50000000 	-70.7085417196
-0.50000000 -3.00000000 	-70.6473242376
-0.50000000 -2.50000000 	-69.9452889392
-0.50000000 -2.00000000 	-65.7573683224
-0.50000000 -1.50000000 	-51.3755516272
-0.50000000 -1.00000000 	-20.8361669558
-0.50000000 -0.50000000 	20.8361669558
-0.50000000 0.00000000 	51.3755516272
-0.50000000 0.50000000 	65.7573683224
-0.50000000 1.00000000 	69.9452889392
-0.50000000 1.50000000 	70.6473242376
-0.50000000 2.00000000 	70.7085417196
-0.50000000 2.50000000 	70.7106781187
-0.50000000 3.00000000 	70.7106781187
-0.50000000 3.50000000 	70.7106781187
-0.50000000 4.00000000 	70.7106781187
-0.50000000 4.50000000 	70.7106781187
-0.50000000 5.00000000 	70.7106781187
-0.50000000 5.50000000 	70.7106781187
-0.50000000 6.00000000 	70.7106781187
-0.50000000 6.50000000 	70.7106781187
-0.50000000 7.00000000 	70.7106781187
-0.50000000 7.50000000 	70.7106781187
-0.50000000 8.00000000 	70.7106781187
0.00000000 -12.00000000 	-70.7106781187
0.00000000 -11.50000000 	-70.7106781187
0.00000000 -11.00000000 	-70.7106781187
0.00000000 -10.50000000 	-70.7106781187
0.00000000 -10.00000000 	-70.7106781187
0.00000000 -9.50000000 	-70.7106781187
0.00000000 -9.00000000 	-70.7106781187
0.00000000 -8.50000000 	-70.7106781187
0.00000000 -8.00000000 	-70.7106781187
0.00000000 -7.50000000 	-70.7106781187
0.00000000 -7.00000000 	-70.7106781187
0.00000000 -6.50000000 	-70.7106781187
0.00000000 -6.00000000 	-70.7106781187
0.00000000 -5.50000000 	-70.7106781187
0.00000000 -5.00000000 	-70.7106781187
0.00000000 -4.50000000 	-70.7106781187
0.00000000 -4.00000000 	-70.7106781187
0.00000000 -3.50000000 	-70.7106781187
0.00000000 -3.00000000 	-70.7085417196
0.00000000 -2.50000000 	-70.6473242376
0.00000000 -2.00000000 	-69.9452889392
0.00000000 -1.50000000 	-65.7573683224
0.00000000 -1.00000000 	-51.3755516272
0.00000000 -0.50000000 	-20.8361669558
0.00000000 0.00000000 	20.8361669558
0.00000000 0.50000000 	51.3755516272
0.00000000 1.00000000 	65.7573683224
0.00000000 1.50000000 	69.9452889392
0.00000000 2.00000000 	70.6473242376
0.00000000 2.50000000 	70.7085417196
0.00000000 3.00000000 	70.7106781187
0.00000000 3.50000000 	70.7106781187
0.00000000 4.00000000 	70.7106781187
0.00000000 4.50000000 	70.7106781187
0.00000000 5.00000000 	70.7106781187
0.00000000 5.50000000 	70.7106781187
0.00000000 6.00000000 	70.7106781187
0.00000000 6.50000000 	70.7106781187
0.00000000 7.00000000 	70.7106781187
0.00000000 7.50000000 	70.7106781187
0.00000000 8.00000000 	70.7106781187
0.50000000 -12.00000000 	-70.7106781187
0.50000000 -11.50000000 	-70.7106781187
0.50000000 -11.00000000 	-70.7106781187
0.50000000 -10.50000000 	-70.7106781187
0.50000000 -10.00000000 	-70.7106781187
0.50000000 -9.50000000 	-70.7106781187
0.50000000 -9.00000000 	-70.7106781187
0.50000000 -8.50000000 	-70.7106781187
0.50000000 -8.00000000 	-70.7106781187
0.50000000 -7.50000000 	-70.7106781187
0.50000000 -7.00000000 	-70.7106781187
0.50000000 -6.50000000 	-70.7106781187
0.50000000 -6.00000000 	-70.7106781187
0.50000000 -5.50000000 	-70.7106781187
0.50000000 -5.00000000 	-70.7106781187
0.50000000 -4.50000000 	-70.7106781187
0.50000000 -4.00000000 	-70.7106781187
0.50000000 -3.50000000 	-70.7106781187
0.50000000 -3.00000000 	-70.7106781187
0.50000000 -2.50000000 	-70.7085417196
0.50000000 -2.00000000 	-70.6473242376
0.50000000 -1.50000000 	-69.9452889392
0.50000000 -1.00000000 	-65.7573683224
0.50000000 -0.50000000 	-51.3755516272
0.50000000 0.00000000 	-20.8361669558
0.50000000 0.50000000 	20.8361669558
0.50000000 1.00000000 	51.3755516272
0.50000000 1.50000000 	65.7573683224
0.50000000 2.00000000 	69.9452889392
0.50000000 2.50000000 	70.6473242376
0.50000000 3.00000000 	70.7085417196
0.50000000 3.50000000 	70.7106781187
0.50000000 4.00000000 	70.7106781187
0.50000000 4.50000000 	70.7106781187
0.50000000 5.00000000 	70.7106781187
0.50000000 5.50000000 	70.7106781187
0.50000000 6.00000000 	70.7106781187
0.50000000 6.50000000 	70.7106781187
0.50000000 7.00000000 	70.7106781187
0.50000000 7.50000000 	70.7106781187
0.50000000 8.00000000 	70.7106781187
1.00000000 -12.00000000 	-70.7106781187
1.00000000 -11.50000000 	-70.7106781187
1.00000000 -11.00000000 	-70.7106781187
1.00000000 -10.50000000 	-70.7106781187
1.00000000 -10.00000000 	-70.7106781187
1.00000000 -9.50000000 	-70.7106781187
1.00000000 -9.00000000 	-70.7106781187
1.00000000 -8.50000000 	-70.7106781187
1.00000000 -8.00000000 	-70.7106781187
1.00000000 -7.50000000 	-70.7106781187
1.00000000 -7.00000000 	-70.7106781187
1.00000000 -6.50000000 	-70.7106781187
1.00000000 -6.00000000 	-70.7106781187
1.00000000 -5.50000000 	-70.7106781187
1.00000000 -5.00000000 	-70.7106781187
1.00000000 -4.50000000 	-70.7106781187
1.00000000 -4.00000000 	-70.7106781187
1.00000000 -3.50000000 	-70.7106781187
1.00000000 -3.00000000 	-70.7106781187
1.00000000 -2.50000000 	-70.7106781187
1.00000000 -2.00000000 	-70.7085417196
1.00000000 -1.50000000 	-70.6473242376
1.00000000 -1.00000000 	-69.9452889392
1.00000000 -0.50000000 	-65.7573683224
1.00000000 0.00000000 	-51.3755516272
1.00000000 0.50000000 	-20.8360223554
1.00000000 1.00000000 	20.8388466269
1.00000000 1.50000000 	51.4044607362
1.00000000 2.00000000 	65.8911890746
1.00000000 2.50000000 	70.0412897680
1.00000000 3.00000000 	70.6721353475
1.00000000 3.50000000 	70.7106781187
1.00000000 4.00000000 	70.7106781187
1.00000000 4.50000000 	70.7106781187
1.00000000 5.00000000 	70.7106781187
1.00000000 5.50000000 	70.7106781187
1.00000000 6.00000000 	70.7106781187
1.00000000 6.50000000 	70.7106781187
1.00000000 7.00000000 	70.7106781187
1.00000000 7.50000000 	70.7106781187
1.00000000 8.00000000 	70.7106781187
1.50000000 -12.00000000 	-70.7106781187
1.50000000 -11.50000000 	-70.7106781187
1.50000000 -11.00000000 	-70.7106781187
1.50000000 -10.50000000 	-70.7106781187
1.50000000 -10.00000000 	-70.7106781187
1.50000000 -9.50000000 	-70.7106781187
1.50000000 -9.00000000 	-70.7106781187
1.50000000 -8.50000000 	-70.7106781187
1.50000000 -8.00000000 	-70.7106781187
1.50000000 -7.50000000 	-70.7106781187
1.50000000 -7.00000000 	-70.7106781187
1.50000000 -6.50000000 	-70.7106781187
1.50000000 -6.00000000 	-70.7106781187
1.50000000 -5.50000000 	-70.7106781187
1.50000000 -5.00000000 	-70.7106781187
1.50000000 -4.50000000 	-70.7106781187
1.50000000 -4.00000000 	-70.7106781187
1.50000000 -3.50000000 	-70.7106781187
1.50000000 -3.00000000 	-70.7106781187
1.50000000 -2.50000000 	-70.7106781187
1.50000000 -2.00000000 	-70.7106781187
1.50000000 -1.50000000 	-70.7085417196
1.50000000 -1.00000000 	-70.6473242376
1.50000000 -0.50000000 	-69.9452889392
1.50000000 0.00000000 	-65.7563203364
1.50000000 0.50000000 	-51.3553759787
1.50000000 1.00000000 	-20.6789443417
1.50000000 1.50000000 	21.6194159164
1.50000000 2.00000000 	53.9153833965
1.50000000 2.50000000 	67.5517903272
1.50000000 3.00000000 	70.4741479770
1.50000000 3.50000000 	70.7106781187
1.50000000 4.00000000 	70.7106781187
1.50000000 4.50000000 	70.7106781187
1.50000000 5.00000000 	70.7106781187
1.50000000 5.50000000 	70.7106781187
1.50000000 6.00000000 	70.7106781187
1.50000000 6.50000000 	70.7106781187
1.50000000 7.00000000 	70.7106781187
1.50000000 7.50000000 	70.7106781187
1.50000000 8.00000000 	70.7106781187
2.00000000 -12.00000000 	-70.7106781187
2.00000000 -11.50000000 	-70.7106781187
2.00000000 -11.00000000 	-70.7106781187
2.00000000 -10.50000000 	-70.7106781187
2.00000000 -10.00000000 	-70.7106781187
2.00000000 -9.50000000 	-70.7106781187
2.00000000 -9.00000000 	-70.7106781187
2.00000000 -8.50000000 	-70.7106781187
2.00000000 -8.00000000 	-70.7106781187
2.00000000 -7.50000000 	-70.7106781187
2.00000000 -7.00000000 	-70.7106781187
2.00000000 -6.50000000 	-70.7106781187
2.00000000 -6.00000000 	-70.7106781187
2.00000000 -5.50000000 	-70.7106781187
2.00000000 -5.00000000 	-70.7106781187
2.00000000 -4.50000000 	-70.7106781187
2.00000000 -4.00000000 	-70.7106781187
2.00000000 -3.50000000 	-70.7106781187
2.00000000 -3.00000000 	-70.7106781187
2.00000000 -2.50000000 	-70.7106781187
2.00000000 -2.00000000 	-70.7106781187
2.00000000 -1.50000000 	-70.7106781187
2.00000000 -1.00000000 	-70.7085417196
2.00000000 -0.50000000 	-70.6458782180
2.00000000 0.00000000 	-69.9023457438
2.00000000 0.50000000 	-65.2935172354
2.00000000 1.00000000 	-48.8867996953
2.00000000 1.50000000 	-12.6633626896
2.00000000 2.00000000 	39.0636154731
2.00000000 2.50000000 	63.9552554727
2.00000000 3.00000000 	70.1333425094
2.00000000 3.50000000 	70.7106781187
2.00000000 4.00000000 	70.7106781187
2.00000000 4.50000000 	70.7106781187
2.00000000 5.00000000 	70.7106781187
2.00000000 5.50000000 	70.7106781187
2.00000000 6.00000000 	70.7106781187
2.00000000 6.50000000 	70.7106781187
2.00000000 7.00000000 	70.7106781187
2.00000000 7.50000000 	70.7106781187
2.00000000 8.00000000 	70.7106781187
