-8.00000000 -12.00000000 	0.0000000000
-8.00000000 -11.50000000 	0.0000000000
-8.00000000 -11.00000000 	0.0000000000
-8.00000000 -10.50000000 	0.0000000000
-8.00000000 -10.00000000 	0.0000000000
-8.00000000 -9.50000000 	0.0000000000
-8.00000000 -9.00000000 	0.0000000000
-8.00000000 -8.50000000 	0.0000000000
-8.00000000 -8.00000000 	0.0000000000
-8.00000000 -7.50000000 	0.0000000000
-8.00000000 -7.00000000 	0.0000000000
-8.00000000 -6.50000000 	0.0000000000
-8.00000000 -6.00000000 	0.0000000000
-8.00000000 -5.50000000 	0.0000000000
-8.00000000 -5.00000000 	0.0000000000
-8.00000000 -4.50000000 	0.0000000000
-8.00000000 -4.00000000 	0.0000000000
-8.00000000 -3.50000000 	0.0000000000
-8.00000000 -3.00000000 	0.0000000000
-8.00000000 -2.50000000 	0.0000000000
-8.00000000 -2.00000000 	0.0000000000
-8.00000000 -1.50000000 	0.0000000000
-8.00000000 -1.00000000 	0.0000000000
-8.00000000 -0.50000000 	0.0000000000
-8.00000000 0.00000000 	0.0000000000
-8.00000000 0.50000000 	0.0000000000
-8.00000000 1.00000000 	0.0000000000
-8.00000000 1.50000000 	0.0000000000
-8.00000000 2.00000000 	0.0000000000
-8.00000000 2.50000000 	0.0000000000
-8.00000000 3.00000000 	0.0000000000
-8.00000000 3.50000000 	0.0000000000
-8.00000000 4.00000000 	0.0000000000
-8.00000000 4.50000000 	0.0000000000
-8.00000000 5.00000000 	0.0000000000
-8.00000000 5.50000000 	0.0000000000
-8.00000000 6.00000000 	0.0000000000
-8.00000000 6.50000000 	0.0000000000
-8.00000000 7.00000000 	0.0000000000
-8.00000000 7.50000000 	0.0000000000
-8.00000000 8.00000000 	0.0000000000
-7.50000000 -12.00000000 	0.0000000000
-7.50000000 -11.50000000 	0.0000000000
-7.50000000 -11.00000000 	0.0000000000
-7.50000000 -10.50000000 	0.0000000000
-7.50000000 -10.00000000 	0.0000000000
-7.50000000 -9.50000000 	0.0000000000
-7.50000000 -9.00000000 	0.0000000000
-7.50000000 -8.50000000 	0.0000000000
-7.50000000 -8.00000000 	0.0000000000
-7.50000000 -7.50000000 	0.0000000000
-7.50000000 -7.00000000 	0.0000000000
-7.50000000 -6.50000000 	0.0000000000
-7.50000000 -6.00000000 	0.0000000000
-7.50000000 -5.50000000 	0.0000000000
-7.50000000 -5.00000000 	0.0000000000
-7.50000000 -4.50000000 	0.0000000000
-7.50000000 -4.00000000 	0.0000000000
-7.50000000 -3.50000000 	0.0000000000
-7.50000000 -3.00000000 	0.0000000000
-7.50000000 -2.50000000 	0.0000000000
-7.50000000 -2.00000000 	0.0000000000
-7.50000000 -1.50000000 	0.0000000000
-7.50000000 -1.00000000 	0.0000000000
-7.50000000 -0.50000000 	0.0000000000
-7.50000000 0.00000000 	0.0000000000
-7.50000000 0.50000000 	0.0000000000
-7.50000000 1.00000000 	0.0000000000
-7.50000000 1.50000000 	0.0000000000
-7.50000000 2.00000000 	0.0000000000
-7.50000000 2.50000000 	0.0000000000
-7.50000000 3.00000000 	0.0000000000
-7.50000000 3.50000000 	0.0000000000
-7.50000000 4.00000000 	0.0000000000
-7.50000000 4.50000000 	0.0000000000
-7.50000000 5.00000000 	0.0000000000
-7.50000000 5.50000000 	0.0000000000
-7.50000000 6.00000000 	0.0000000000
-7.50000000 6.50000000 	0.0000000000
-7.50000000 7.00000000 	0.0000000000
-7.50000000 7.50000000 	0.0000000000
-7.50000000 8.00000000 	0.0000000000
-7.00000000 -12.00000000 	0.0000000000
-7.00000000 -11.50000000 	0.0000000000
-7.00000000 -11.00000000 	0.0000000000
-7.00000000 -10.50000000 	0.0000000000
-7.00000000 -10.00000000 	0.0000000000
-7.00000000 -9.50000000 	0.0000000000
-7.00000000 -9.00000000 	0.0000000000
-7.00000000 -8.50000000 	0.0000000000
-7.00000000 -8.00000000 	0.0000000000
-7.00000000 -7.50000000 	0.0000000000
-7.00000000 -7.00000000 	0.0000000000
-7.00000000 -6.50000000 	0.0000000000
-7.00000000 -6.00000000 	0.0000000000
-7.00000000 -5.50000000 	0.0000000000
-7.00000000 -5.00000000 	0.0000000000
-7.00000000 -4.50000000 	0.0000000000
-7.00000000 -4.00000000 	0.0000000000
-7.00000000 -3.50000000 	0.0000000000
-7.00000000 -3.00000000 	0.0000000000
-7.00000000 -2.50000000 	0.0000000000
-7.00000000 -2.00000000 	0.0000000000
-7.00000000 -1.50000000 	0.0000000000
-7.00000000 -1.00000000 	0.0000000000
-7.00000000 -0.50000000 	0.0000000000
-7.00000000 0.00000000 	0.0000000000
-7.00000000 0.50000000 	0.0000000000
-7.00000000 1.00000000 	0.0000000000
-7.00000000 1.50000000 	0.0000000000
-7.00000000 2.00000000 	0.0000000000
-7.00000000 2.50000000 	0.0000000000
-7.00000000 3.00000000 	0.0000000000
-7.00000000 3.50000000 	0.0000000000
-7.00000000 4.00000000 	0.0000000000
-7.00000000 4.50000000 	0.0000000000
-7.00000000 5.00000000 	0.0000000000
-7.00000000 5.50000000 	0.0000000000
-7.00000000 6.00000000 	0.0000000000
-7.00000000 6.50000000 	0.0000000000
-7.00000000 7.00000000 	0.0000000000
-7.00000000 7.50000000 	0.0000000000
-7.00000000 8.00000000 	0.0000000000
-6.50000000 -12.00000000 	0.0000000000
-6.50000000 -11.50000000 	0.0000000000
-6.50000000 -11.00000000 	0.0000000000
-6.50000000 -10.50000000 	0.0000000000
-6.50000000 -10.00000000 	0.0000000000
-6.50000000 -9.50000000 	0.0000000000
-6.50000000 -9.00000000 	0.0000000000
-6.50000000 -8.50000000 	0.0000000000
-6.50000000 -8.00000000 	0.0000000000
-6.50000000 -7.50000000 	0.0000000000
-6.50000000 -7.00000000 	0.0000000000
-6.50000000 -6.50000000 	0.0000000000
-6.50000000 -6.00000000 	0.0000000000
-6.50000000 -5.50000000 	0.0000000000
-6.50000000 -5.00000000 	0.0000000000
-6.50000000 -4.50000000 	0.0000000000
-6.50000000 -4.00000000 	0.0000000000
-6.50000000 -3.50000000 	0.0000000000
-6.50000000 -3.00000000 	0.0000000000
-6.50000000 -2.50000000 	0.0000000000
-6.50000000 -2.00000000 	0.0000000000
-6.50000000 -1.50000000 	0.0000000000
-6.50000000 -1.00000000 	0.0000000000
-6.50000000 -0.50000000 	0.0000000000
-6.50000000 0.00000000 	0.0000000000
-6.50000000 0.50000000 	0.0000000000
-6.50000000 1.00000000 	0.0000000000
-6.50000000 1.50000000 	0.0000000000
-6.50000000 2.00000000 	0.0000000000
-6.50000000 2.50000000 	0.0000000000
-6.50000000 3.00000000 	0.0000000000
-6.50000000 3.50000000 	0.0000000000
-6.50000000 4.00000000 	0.0000000000
-6.50000000 4.50000000 	0.0000000000
-6.50000000 5.00000000 	0.0000000000
-6.50000000 5.50000000 	0.0000000000
-6.50000000 6.00000000 	0.0000000000
-6.50000000 6.50000000 	0.0000000000
-6.50000000 7.00000000 	0.0000000000
-6.50000000 7.50000000 	0.0000000000
-6.50000000 8.00000000 	0.0000000000
-6.00000000 -12.00000000 	0.0000000000
-6.00000000 -11.50000000 	0.0000000000
-6.00000000 -11.00000000 	0.0000000000
-6.00000000 -10.50000000 	0.0000000000
-6.00000000 -10.00000000 	0.0000000000
-6.00000000 -9.50000000 	0.0000000000
-6.00000000 -9.00000000 	0.0000000000
-6.00000000 -8.50000000 	0.0000000000
-6.00000000 -8.00000000 	0.0000000000
-6.00000000 -7.50000000 	0.0000000000
-6.00000000 -7.00000000 	0.0000000000
-6.00000000 -6.50000000 	0.0000000000
-6.00000000 -6.00000000 	0.0000000000
-6.00000000 -5.50000000 	0.0000000000
-6.00000000 -5.00000000 	0.0000000000
-6.00000000 -4.50000000 	0.0000000000
-6.00000000 -4.00000000 	0.0000000000
-6.00000000 -3.50000000 	0.0000000000
-6.00000000 -3.00000000 	0.0000000000
-6.00000000 -2.50000000 	0.0000000000
-6.00000000 -2.00000000 	0.0000000000
-6.00000000 -1.50000000 	0.0000000000
-6.00000000 -1.00000000 	0.0000000000
-6.00000000 -0.50000000 	0.0000000000
-6.00000000 0.00000000 	0.0000000000
-6.00000000 0.50000000 	0.0000000000
-6.00000000 1.00000000 	0.0000000000
-6.00000000 1.50000000 	0.0000000000
-6.00000000 2.00000000 	0.0000000000
-6.00000000 2.50000000 	0.0000000000
-6.00000000 3.00000000 	0.0000000000
-6.00000000 3.50000000 	0.0000000000
-6.00000000 4.00000000 	0.0000000000
-6.00000000 4.50000000 	0.0000000000
-6.00000000 5.00000000 	0.0000000000
-6.00000000 5.50000000 	0.0000000000
-6.00000000 6.00000000 	0.0000000000
-6.00000000 6.50000000 	0.0000000000
-6.00000000 7.00000000 	0.0000000000
-6.00000000 7.50000000 	0.0000000000
-6.00000000 8.00000000 	0.0000000000
-5.50000000 -12.00000000 	0.0000000000
-5.50000000 -11.50000000 	0.0000000000
-5.50000000 -11.00000000 	0.0000000000
-5.50000000 -10.50000000 	0.0000000000
-5.50000000 -10.00000000 	0.0000000000
-5.50000000 -9.50000000 	0.0000000000
-5.50000000 -9.00000000 	0.0000000000
-5.50000000 -8.50000000 	0.0000000000
-5.50000000 -8.00000000 	0.0000000000
-5.50000000 -7.50000000 	0.0000000000
-5.50000000 -7.00000000 	0.0000000000
-5.50000000 -6.50000000 	0.0000000000
-5.50000000 -6.00000000 	0.0000000000
-5.50000000 -5.50000000 	0.0000000000
-5.50000000 -5.00000000 	0.0000000000
-5.50000000 -4.50000000 	0.0000000000
-5.50000000 -4.00000000 	0.0000000000
-5.50000000 -3.50000000 	0.0000000000
-5.50000000 -3.00000000 	0.0000000000
-5.50000000 -2.50000000 	0.0000000000
-5.50000000 -2.00000000 	0.0000000000
-5.50000000 -1.50000000 	0.0000000000
-5.50000000 -1.00000000 	0.0000000000
-5.50000000 -0.50000000 	0.0000000000
-5.50000000 0.00000000 	0.0000000000
-5.50000000 0.50000000 	0.0000000000
-5.50000000 1.00000000 	0.0000000000
-5.50000000 1.50000000 	0.0000000000
-5.50000000 2.00000000 	0.0000000000
-5.50000000 2.50000000 	0.0000000000
-5.50000000 3.00000000 	0.0000000000
-5.50000000 3.50000000 	0.0000000000
-5.50000000 4.00000000 	0.0000000000
-5.50000000 4.50000000 	0.0000000000
-5.50000000 5.00000000 	0.0000000000
-5.50000000 5.50000000 	0.0000000000
-5.50000000 6.00000000 	0.0000000000
-5.50000000 6.50000000 	0.0000000000
-5.50000000 7.00000000 	0.0000000000
-5.50000000 7.50000000 	0.0000000000
-5.50000000 8.00000000 	0.0000000000
-5.00000000 -12.00000000 	0.0000000000
-5.00000000 -11.50000000 	0.0000000000
-5.00000000 -11.00000000 	0.0000000000
-5.00000000 -10.50000000 	0.0000000000
-5.00000000 -10.00000000 	0.0000000000
-5.00000000 -9.50000000 	0.0000000000
-5.00000000 -9.00000000 	0.0000000000
-5.00000000 -8.50000000 	0.0000000000
-5.00000000 -8.00000000 	0.0000000000
-5.00000000 -7.50000000 	0.0000000000
-5.00000000 -7.00000000 	0.0000000000
-5.00000000 -6.50000000 	0.0000000000
-5.00000000 -6.00000000 	0.0000000000
-5.00000000 -5.50000000 	0.0000000000
-5.00000000 -5.00000000 	0.0000000000
-5.00000000 -4.50000000 	0.0000000000
-5.00000000 -4.00000000 	0.0000000000
-5.00000000 -3.50000000 	0.0000000000
-5.00000000 -3.00000000 	0.0000000000
-5.00000000 -2.50000000 	0.0000000000
-5.00000000 -2.00000000 	0.0000000000
-5.00000000 -1.50000000 	0.0000000000
-5.00000000 -1.00000000 	0.0000000000
-5.00000000 -0.50000000 	0.0000000000
-5.00000000 0.00000000 	0.0000000000
-5.00000000 0.50000000 	0.0000000000
-5.00000000 1.00000000 	0.0000000000
-5.00000000 1.50000000 	0.0000000000
-5.00000000 2.00000000 	0.0000000000
-5.00000000 2.50000000 	0.0000000000
-5.00000000 3.00000000 	0.0000000000
-5.00000000 3.50000000 	0.0000000000
-5.00000000 4.00000000 	0.0000000000
-5.00000000 4.50000000 	0.0000000000
-5.00000000 5.00000000 	0.0000000000
-5.00000000 5.50000000 	0.0000000000
-5.00000000 6.00000000 	0.0000000000
-5.00000000 6.50000000 	0.0000000000
-5.00000000 7.00000000 	0.0000000000
-5.00000000 7.50000000 	0.0000000000
-5.00000000 8.00000000 	0.0000000000
-4.50000000 -12.00000000 	0.0000000000
-4.50000000 -11.50000000 	0.0000000000
-4.50000000 -11.00000000 	0.0000000000
-4.50000000 -10.50000000 	0.0000000000
-4.50000000 -10.00000000 	0.0000000000
-4.50000000 -9.50000000 	0.0000000000
-4.50000000 -9.00000000 	0.0000000000
-4.50000000 -8.50000000 	0.0000000000
-4.50000000 -8.00000000 	0.0000000000
-4.50000000 -7.50000000 	0.0000000000
-4.50000000 -7.00000000 	0.0000000000
-4.50000000 -6.50000000 	0.0000000000
-4.50000000 -6.00000000 	0.0000000000
-4.50000000 -5.50000000 	0.0000000000
-4.50000000 -5.00000000 	0.0000000000
-4.50000000 -4.50000000 	0.0000000000
-4.50000000 -4.00000000 	0.0000000000
-4.50000000 -3.50000000 	0.0000000000
-4.50000000 -3.00000000 	0.0000000000
-4.50000000 -2.50000000 	0.0000000000
-4.50000000 -2.00000000 	0.0000000000
-4.50000000 -1.50000000 	0.0000000000
-4.50000000 -1.00000000 	0.0000000000
-4.50000000 -0.50000000 	0.0000000000
-4.50000000 0.00000000 	0.0000000000
-4.50000000 0.50000000 	0.0000000000
-4.50000000 1.00000000 	0.0000000000
-4.50000000 1.50000000 	0.0000000000
-4.50000000 2.00000000 	0.0000000000
-4.50000000 2.50000000 	0.0000000000
-4.50000000 3.00000000 	0.0000000000
-4.50000000 3.50000000 	0.0000000000
-4.50000000 4.00000000 	0.0000000000
-4.50000000 4.50000000 	0.0000000000
-4.50000000 5.00000000 	0.0000000000
-4.50000000 5.50000000 	0.0000000000
-4.50000000 6.00000000 	0.0000000000
-4.50000000 6.50000000 	0.0000000000
-4.50000000 7.00000000 	0.0000000000
-4.50000000 7.50000000 	0.0000000000
-4.50000000 8.00000000 	0.0000000000
-4.00000000 -12.00000000 	0.0000000000
-4.00000000 -11.50000000 	0.0000000000
-4.00000000 -11.00000000 	0.0000000000
-4.00000000 -10.50000000 	0.0000000000
-4.00000000 -10.00000000 	0.0000000000
-4.00000000 -9.50000000 	0.0000000000
-4.00000000 -9.00000000 	0.0000000000
-4.00000000 -8.50000000 	0.0000000000
-4.00000000 -8.00000000 	0.0000000000
-4.00000000 -7.50000000 	0.0000000000
-4.00000000 -7.00000000 	0.0000000000
-4.00000000 -6.50000000 	0.0000000000
-4.00000000 -6.00000000 	0.0000000000
-4.00000000 -5.50000000 	0.0000000000
-4.00000000 -5.00000000 	0.0000000000
-4.00000000 -4.50000000 	0.0000000000
-4.00000000 -4.00000000 	0.0000000000
-4.00000000 -3.50000000 	0.0000000000
-4.00000000 -3.00000000 	0.0000000000
-4.00000000 -2.50000000 	0.0000000000
-4.00000000 -2.00000000 	0.0000000000
-4.00000000 -1.50000000 	0.0000000000
-4.00000000 -1.00000000 	0.0000000000
-4.00000000 -0.50000000 	0.0000000000
-4.00000000 0.00000000 	0.0000000000
-4.00000000 0.50000000 	0.0000000000
-4.00000000 1.00000000 	0.0000000000
-4.00000000 1.50000000 	0.0000000000
-4.00000000 2.00000000 	0.0000000000
-4.00000000 2.50000000 	0.0000000000
-4.00000000 3.00000000 	0.0000000000
-4.00000000 3.50000000 	0.0000000000
-4.00000000 4.00000000 	0.0000000000
-4.00000000 4.50000000 	0.0000000000
-4.00000000 5.00000000 	0.0000000000
-4.00000000 5.50000000 	0.0000000000
-4.00000000 6.00000000 	0.0000000000
-4.00000000 6.50000000 	0.0000000000
-4.00000000 7.00000000 	0.0000000000
-4.00000000 7.50000000 	0.0000000000
-4.00000000 8.00000000 	0.0000000000
-3.50000000 -12.00000000 	0.0000000000
-3.50000000 -11.50000000 	0.0000000000
-3.50000000 -11.00000000 	0.0000000000
-3.50000000 -10.50000000 	0.0000000000
-3.50000000 -10.00000000 	0.0000000000
-3.50000000 -9.50000000 	0.0000000000
-3.50000000 -9.00000000 	0.0000000000
-3.50000000 -8.50000000 	0.0000000000
-3.50000000 -8.00000000 	0.0000000000
-3.50000000 -7.50000000 	0.0000000000
-3.50000000 -7.00000000 	0.0000000000
-3.50000000 -6.50000000 	0.0000000000
-3.50000000 -6.00000000 	0.0000000000
-3.50000000 -5.50000000 	0.0000000000
-3.50000000 -5.00000000 	0.0000000000
-3.50000000 -4.50000000 	0.0000000000
-3.50000000 -4.00000000 	0.0000000000
-3.50000000 -3.50000000 	0.0000000000
-3.50000000 -3.00000000 	0.0000000000
-3.50000000 -2.50000000 	0.0000000000
-3.50000000 -2.00000000 	0.0000000000
-3.50000000 -1.50000000 	0.0000000000
-3.50000000 -1.00000000 	0.0000000000
-3.50000000 -0.50000000 	0.0000000000
-3.50000000 0.00000000 	0.0000000000
-3.50000000 0.50000000 	0.0000000000
-3.50000000 1.00000000 	0.0000000000
-3.50000000 1.50000000 	0.0000000000
-3.50000000 2.00000000 	0.0000000000
-3.50000000 2.50000000 	0.0000000000
-3.50000000 3.00000000 	0.0000000000
-3.50000000 3.50000000 	0.0000000000
-3.50000000 4.00000000 	0.0000000000
-3.50000000 4.50000000 	0.0000000000
-3.50000000 5.00000000 	0.0000000000
-3.50000000 5.50000000 	0.0000000000
-3.50000000 6.00000000 	0.0000000000
-3.50000000 6.50000000 	0.0000000000
-3.50000000 7.00000000 	0.0000000000
-3.50000000 7.50000000 	0.0000000000
-3.50000000 8.00000000 	0.0000000000
-3.00000000 -12.00000000 	0.0000000000
-3.00000000 -11.50000000 	0.0000000000
-3.00000000 -11.00000000 	0.0000000000
-3.00000000 -10.50000000 	0.0000000000
-3.00000000 -10.00000000 	0.0000000000
-3.00000000 -9.50000000 	0.0000000000
-3.00000000 -9.00000000 	0.0000000000
-3.00000000 -8.50000000 	0.0000000000
-3.00000000 -8.00000000 	0.0000000000
-3.00000000 -7.50000000 	0.0000000000
-3.00000000 -7.00000000 	0.0000000000
-3.00000000 -6.50000000 	0.0000000000
-3.00000000 -6.00000000 	0.0000000000
-3.00000000 -5.50000000 	0.0000000000
-3.00000000 -5.00000000 	0.0000000000
-3.00000000 -4.50000000 	0.0000000000
-3.00000000 -4.00000000 	0.0000000000
-3.00000000 -3.50000000 	0.0000000000
-3.00000000 -3.00000000 	0.0000000000
-3.00000000 -2.50000000 	0.0000000000
-3.00000000 -2.00000000 	0.0000766458
-3.00000000 -1.50000000 	0.0005363678
-3.00000000 -1.00000000 	0.0016087859
-3.00000000 -0.50000000 	0.0026810957
-3.00000000 0.00000000 	0.0026811092
-3.00000000 0.50000000 	0.0016086910
-3.00000000 1.00000000 	0.0004596235
-3.00000000 1.50000000 	-0.0004596235
-3.00000000 2.00000000 	-0.0016086910
-3.00000000 2.50000000 	-0.0026811092
-3.00000000 3.00000000 	-0.0026810957
-3.00000000 3.50000000 	-0.0016087859
-3.00000000 4.00000000 	-0.0005363678
-3.00000000 4.50000000 	-0.0000766458
-3.00000000 5.00000000 	0.0000000000
-3.00000000 5.50000000 	0.0000000000
-3.00000000 6.00000000 	0.0000000000
-3.00000000 6.50000000 	0.0000000000
-3.00000000 7.00000000 	0.0000000000
-3.00000000 7.50000000 	0.0000000000
-3.00000000 8.00000000 	0.0000000000
-2.50000000 -12.00000000 	0.0000000000
-2.50000000 -11.50000000 	0.0000000000
-2.50000000 -11.00000000 	0.0000000000
-2.50000000 -10.50000000 	0.0000000000
-2.50000000 -10.00000000 	0.0000000000
-2.50000000 -9.50000000 	0.0000000000
-2.50000000 -9.00000000 	0.0000000000
-2.50000000 -8.50000000 	0.0000000000
-2.50000000 -8.00000000 	0.0000000000
-2.50000000 -7.50000000 	0.0000000000
-2.50000000 -7.00000000 	0.0000000000
-2.50000000 -6.50000000 	0.0000000000
-2.50000000 -6.00000000 	0.0000000000
-2.50000000 -5.50000000 	0.0000000000
-2.50000000 -5.00000000 	0.0000000000
-2.50000000 -4.50000000 	0.0000000000
-2.50000000 -4.00000000 	0.0000000000
-2.50000000 -3.50000000 	0.0000000000
-2.50000000 -3.00000000 	0.0000000000
-2.50000000 -2.50000000 	0.0000766458
-2.50000000 -2.00000000 	0.0011478577
-2.50000000 -1.50000000 	0.0058872437
-2.50000000 -1.00000000 	0.0155176467
-2.50000000 -0.50000000 	0.0240922548
-2.50000000 0.00000000 	0.0230426473
-2.50000000 0.50000000 	0.0134053346
-2.50000000 1.00000000 	0.0037539497
-2.50000000 1.50000000 	-0.0037539497
-2.50000000 2.00000000 	-0.0134053346
-2.50000000 2.50000000 	-0.0230426473
-2.50000000 3.00000000 	-0.0240922548
-2.50000000 3.50000000 	-0.0155176467
-2.50000000 4.00000000 	-0.0058872437
-2.50000000 4.50000000 	-0.0011478577
-2.50000000 5.00000000 	-0.0000766458
-2.50000000 5.50000000 	0.0000000000
-2.50000000 6.00000000 	0.0000000000
-2.50000000 6.50000000 	0.0000000000
-2.50000000 7.00000000 	0.0000000000
-2.50000000 7.50000000 	0.0000000000
-2.50000000 8.00000000 	0.0000000000
-2.00000000 -12.00000000 	0.0000000000
-2.00000000 -11.50000000 	0.0000000000
-2.00000000 -11.00000000 	0.0000000000
-2.00000000 -10.50000000 	0.0000000000
-2.00000000 -10.00000000 	0.0000000000
-2.00000000 -9.50000000 	0.0000000000
-2.00000000 -9.00000000 	0.0000000000
-2.00000000 -8.50000000 	0.0000000000
-2.00000000 -8.00000000 	0.0000000000
-2.00000000 -7.50000000 	0.0000000000
-2.00000000 -7.00000000 	0.0000000000
-2.00000000 -6.50000000 	0.0000000000
-2.00000000 -6.00000000 	0.0000000000
-2.00000000 -5.50000000 	0.0000000000
-2.00000000 -5.00000000 	0.0000000000
-2.00000000 -4.50000000 	0.0000000000
-2.00000000 -4.00000000 	0.0000000000
-2.00000000 -3.50000000 	0.0000000000
-2.00000000 -3.00000000 	0.0000766458
-2.00000000 -2.50000000 	0.0011478577
-2.00000000 -2.00000000 	0.0080204980
-2.00000000 -1.50000000 	0.0304544248
-2.00000000 -1.00000000 	0.0690266136
-2.00000000 -0.50000000 	0.0983273507
-2.00000000 0.00000000 	0.0891082595
-2.00000000 0.50000000 	0.0499380706
-2.00000000 1.00000000 	0.0136428847
-2.00000000 1.50000000 	-0.0136428847
-2.00000000 2.00000000 	-0.0499380706
-2.00000000 2.50000000 	-0.0891082595
-2.00000000 3.00000000 	-0.0983273507
-2.00000000 3.50000000 	-0.0690266136
-2.00000000 4.00000000 	-0.0304544248
-2.00000000 4.50000000 	-0.0080204980
-2.00000000 5.00000000 	-0.0011478577
-2.00000000 5.50000000 	-0.0000766458
-2.00000000 6.00000000 	0.0000000000
-2.00000000 6.50000000 	0.0000000000
-2.00000000 7.00000000 	0.0000000000
-2.00000000 7.50000000 	0.0000000000
-2.00000000 8.00000000 	0.0000000000
-1.50000000 -12.00000000 	0.0000000000
-1.50000000 -11.50000000 	0.0000000000
-1.50000000 -11.00000000 	0.0000000000
-1.50000000 -10.50000000 	0.0000000000
-1.50000000 -10.00000000 	0.0000000000
-1.50000000 -9.50000000 	0.0000000000
-1.50000000 -9.00000000 	0.0000000000
-1.50000000 -8.50000000 	0.0000000000
-1.50000000 -8.00000000 	0.0000000000
-1.50000000 -7.50000000 	0.0000000000
-1.50000000 -7.00000000 	0.0000000000
-1.50000000 -6.50000000 	0.0000000000
-1.50000000 -6.00000000 	0.0000000000
-1.50000000 -5.50000000 	0.0000000000
-1.50000000 -5.00000000 	0.0000000000
-1.50000000 -4.50000000 	0.0000000000
-1.50000000 -4.00000000 	0.0000000000
-1.50000000 -3.50000000 	0.0000000000
-1.50000000 -3.00000000 	0.0006883409
-1.50000000 -2.50000000 	0.0069490283
-1.50000000 -2.00000000 	0.0336348988
-1.50000000 -1.50000000 	0.0989174957
-1.50000000 -1.00000000 	0.1900732770
-1.50000000 -0.50000000 	0.2437310864
-1.50000000 0.00000000 	0.2061686750
-1.50000000 0.50000000 	0.1100442632
-1.50000000 1.00000000 	0.0291015240
-1.50000000 1.50000000 	-0.0291015240
-1.50000000 2.00000000 	-0.1099642971
-1.50000000 2.50000000 	-0.2056950710
-1.50000000 3.00000000 	-0.2426482621
-1.50000000 3.50000000 	-0.1890132712
-1.50000000 4.00000000 	-0.0989314227
-1.50000000 4.50000000 	-0.0347091990
-1.50000000 5.00000000 	-0.0080204980
-1.50000000 5.50000000 	-0.0011478577
-1.50000000 6.00000000 	-0.0000766458
-1.50000000 6.50000000 	0.0000000000
-1.50000000 7.00000000 	0.0000000000
-1.50000000 7.50000000 	0.0000000000
-1.50000000 8.00000000 	0.0000000000
-1.00000000 -12.00000000 	0.0000000000
-1.00000000 -11.50000000 	0.0000000000
-1.00000000 -11.00000000 	0.0000000000
-1.00000000 -10.50000000 	0.0000000000
-1.00000000 -10.00000000 	0.0000000000
-1.00000000 -9.50000000 	0.0000000000
-1.00000000 -9.00000000 	0.0000000000
-1.00000000 -8.50000000 	0.0000000000
-1.00000000 -8.00000000 	0.0000000000
-1.00000000 -7.50000000 	0.0000000000
-1.00000000 -7.00000000 	0.0000000000
-1.00000000 -6.50000000 	0.0000000000
-1.00000000 -6.00000000 	0.0000000000
-1.00000000 -5.50000000 	0.0000000000
-1.00000000 -5.00000000 	0.0000000000
-1.00000000 -4.50000000 	0.0000000000
-1.00000000 -4.00000000 	0.0000000000
-1.00000000 -3.50000000 	0.0000766458
-1.00000000 -3.00000000 	0.0032831297
-1.00000000 -2.50000000 	0.0250776804
-1.00000000 -2.00000000 	0.0955819647
-1.00000000 -1.50000000 	0.2275172943
-1.00000000 -1.00000000 	0.3681540622
-1.00000000 -0.50000000 	0.4141444415
-1.00000000 0.00000000 	0.3177857830
-1.00000000 0.50000000 	0.1577221526
-1.00000000 1.00000000 	0.0397522790
-1.00000000 1.50000000 	-0.0397522790
-1.00000000 2.00000000 	-0.1570562332
-1.00000000 2.50000000 	-0.3138745521
-1.00000000 3.00000000 	-0.4053431384
-1.00000000 3.50000000 	-0.3597454617
-1.00000000 4.00000000 	-0.2278082827
-1.00000000 4.50000000 	-0.1042380263
-1.00000000 5.00000000 	-0.0336348988
-1.00000000 5.50000000 	-0.0069490283
-1.00000000 6.00000000 	-0.0006883409
-1.00000000 6.50000000 	0.0000000000
-1.00000000 7.00000000 	0.0000000000
-1.00000000 7.50000000 	0.0000000000
-1.00000000 8.00000000 	0.0000000000
-0.50000000 -12.00000000 	0.0000000000
-0.50000000 -11.50000000 	0.0000000000
-0.50000000 -11.00000000 	0.0000000000
-0.50000000 -10.50000000 	0.0000000000
-0.50000000 -10.00000000 	0.0000000000
-0.50000000 -9.50000000 	0.0000000000
-0.50000000 -9.00000000 	0.0000000000
-0.50000000 -8.50000000 	0.0000000000
-0.50000000 -8.00000000 	0.0000000000
-0.50000000 -7.50000000 	0.0000000000
-0.50000000 -7.00000000 	0.0000000000
-0.50000000 -6.50000000 	0.0000000000
-0.50000000 -6.00000000 	0.0000000000
-0.50000000 -5.50000000 	0.0000000000
-0.50000000 -5.00000000 	0.0000000000
-0.50000000 -4.50000000 	0.0000000000
-0.50000000 -4.00000000 	0.0000000000
-0.50000000 -3.50000000 	0.0006883409
-0.50000000 -3.00000000 	0.0112076373
-0.50000000 -2.50000000 	0.0645114468
-0.50000000 -2.00000000 	0.2009164705
-0.50000000 -1.50000000 	0.3980888516
-0.50000000 -1.00000000 	0.5407897330
-0.50000000 -0.50000000 	0.5163540553
-0.50000000 0.00000000 	0.3425125584
-0.50000000 0.50000000 	0.1509887797
-0.50000000 1.00000000 	0.0351786758
-0.50000000 1.50000000 	-0.0351786758
-0.50000000 2.00000000 	-0.1485683891
-0.50000000 2.50000000 	-0.3283169916
-0.50000000 3.00000000 	-0.4847068635
-0.50000000 3.50000000 	-0.5113383487
-0.50000000 4.00000000 	-0.4000122368
-0.50000000 4.50000000 	-0.2317667103
-0.50000000 5.00000000 	-0.0945004481
-0.50000000 5.50000000 	-0.0240066875
-0.50000000 6.00000000 	-0.0028239189
-0.50000000 6.50000000 	0.0000000000
-0.50000000 7.00000000 	0.0000000000
-0.50000000 7.50000000 	0.0000000000
-0.50000000 8.00000000 	0.0000000000
0.00000000 -12.00000000 	0.0000000000
0.00000000 -11.50000000 	0.0000000000
0.00000000 -11.00000000 	0.0000000000
0.00000000 -10.50000000 	0.0000000000
0.00000000 -10.00000000 	0.0000000000
0.00000000 -9.50000000 	0.0000000000
0.00000000 -9.00000000 	0.0000000000
0.00000000 -8.50000000 	0.0000000000
0.00000000 -8.00000000 	0.0000000000
0.00000000 -7.50000000 	0.0000000000
0.00000000 -7.00000000 	0.0000000000
0.00000000 -6.50000000 	0.0000000000
0.00000000 -6.00000000 	0.0000000000
0.00000000 -5.50000000 	0.0000000000
0.00000000 -5.00000000 	0.0000000000
0.00000000 -4.50000000 	0.0000000000
0.00000000 -4.00000000 	0.0000000000
0.00000000 -3.50000000 	0.0028239189
0.00000000 -3.00000000 	0.0293159999
0.00000000 -2.50000000 	0.1307453712
0.00000000 -2.00000000 	0.3362421111
0.00000000 -1.50000000 	0.5603333362
0.00000000 -1.00000000 	0.6360755051
0.00000000 -0.50000000 	0.4983320691
0.00000000 0.00000000 	0.2682522806
0.00000000 0.50000000 	0.0973532448
0.00000000 1.00000000 	0.0197459545
0.00000000 1.50000000 	-0.0197459545
0.00000000 2.00000000 	-0.0924073194
0.00000000 2.50000000 	-0.2390458654
0.00000000 3.00000000 	-0.4330106496
0.00000000 3.50000000 	-0.5762792594
0.00000000 4.00000000 	-0.5660547211
0.00000000 4.50000000 	-0.3996578418
0.00000000 5.00000000 	-0.1910371835
0.00000000 5.50000000 	-0.0548713517
0.00000000 6.00000000 	-0.0070843897
0.00000000 6.50000000 	0.0000000000
0.00000000 7.00000000 	0.0000000000
0.00000000 7.50000000 	0.0000000000
0.00000000 8.00000000 	0.0000000000
0.50000000 -12.00000000 	0.0000000000
0.50000000 -11.50000000 	0.0000000000
0.50000000 -11.00000000 	0.0000000000
0.50000000 -10.50000000 	0.0000000000
0.50000000 -10.00000000 	0.0000000000
0.50000000 -9.50000000 	0.0000000000
0.50000000 -9.00000000 	0.0000000000
0.50000000 -8.50000000 	0.0000000000
0.50000000 -8.00000000 	0.0000000000
0.50000000 -7.50000000 	0.0000000000
0.50000000 -7.00000000 	0.0000000000
0.50000000 -6.50000000 	0.0000000000
0.50000000 -6.00000000 	0.0000000000
0.50000000 -5.50000000 	0.0000000000
0.50000000 -5.00000000 	0.0000000000
0.50000000 -4.50000000 	0.0000000000
0.50000000 -4.00000000 	0.0000000000
0.50000000 -3.50000000 	0.0070843897
0.50000000 -3.00000000 	0.0591091824
0.50000000 -2.50000000 	0.2188650632
0.50000000 -2.00000000 	0.4756907895
0.50000000 -1.50000000 	0.6708869558
0.50000000 -1.00000000 	0.6324484743
0.50000000 -0.50000000 	0.3962345027
0.50000000 0.00000000 	0.1626489704
0.50000000 0.50000000 	0.0433584272
0.50000000 1.00000000 	0.0067159445
0.50000000 1.50000000 	-0.0067159445
0.50000000 2.00000000 	-0.0371395209
0.50000000 2.50000000 	-0.1255972616
0.50000000 3.00000000 	-0.3124208386
0.50000000 3.50000000 	-0.5558577601
0.50000000 4.00000000 	-0.6797914928
0.50000000 4.50000000 	-0.5573000695
0.50000000 5.00000000 	-0.2947996911
0.50000000 5.50000000 	-0.0910228630
0.50000000 6.00000000 	-0.0123970269
0.50000000 6.50000000 	0.0000000000
0.50000000 7.00000000 	0.0000000000
0.50000000 7.50000000 	0.0000000000
0.50000000 8.00000000 	0.0000000000
1.00000000 -12.00000000 	0.0000000000
1.00000000 -11.50000000 	0.0000000000
1.00000000 -11.00000000 	0.0000000000
1.00000000 -10.50000000 	0.0000000000
1.00000000 -10.00000000 	0.0000000000
1.00000000 -9.50000000 	0.0000000000
1.00000000 -9.00000000 	0.0000000000
1.00000000 -8.50000000 	0.0000000000
1.00000000 -8.00000000 	0.0000000000
1.00000000 -7.50000000 	0.0000000000
1.00000000 -7.00000000 	0.0000000000
1.00000000 -6.50000000 	0.0000000000
1.00000000 -6.00000000 	0.0000000000
1.00000000 -5.50000000 	0.0000000000
1.00000000 -5.00000000 	0.0000000000
1.00000000 -4.50000000 	0.0000000000
1.00000000 -4.00000000 	0.0000000000
1.00000000 -3.50000000 	0.0123970269
1.00000000 -3.00000000 	0.0931368183
1.00000000 -2.50000000 	0.3083165394
1.00000000 -2.00000000 	0.5928783542
1.00000000 -1.50000000 	0.7247613347
1.00000000 -1.00000000 	0.5710580769
1.00000000 -0.50000000 	0.2830706940
1.00000000 0.00000000 	0.0845136088
1.00000000 0.50000000 	0.0142437911
1.00000000 1.00000000 	0.0012347728
1.00000000 1.50000000 	-0.0012347728
1.00000000 2.00000000 	-0.0092751797
1.00000000 2.50000000 	-0.0547429914
1.00000000 3.00000000 	-0.2149947071
1.00000000 3.50000000 	-0.5084261637
1.00000000 4.00000000 	-0.7326305114
1.00000000 4.50000000 	-0.6596213867
1.00000000 5.00000000 	-0.3694528101
1.00000000 5.50000000 	-0.1186437386
1.00000000 6.00000000 	-0.0166371102
1.00000000 6.50000000 	0.0000000000
1.00000000 7.00000000 	0.0000000000
1.00000000 7.50000000 	0.0000000000
1.00000000 8.00000000 	0.0000000000
1.50000000 -12.00000000 	0.0000000000
1.50000000 -11.50000000 	0.0000000000
1.50000000 -11.00000000 	0.0000000000
1.50000000 -10.50000000 	0.0000000000
1.50000000 -10.00000000 	0.0000000000
1.50000000 -9.50000000 	0.0000000000
1.50000000 -9.00000000 	0.0000000000
1.50000000 -8.50000000 	0.0000000000
1.50000000 -8.00000000 	0.0000000000
1.50000000 -7.50000000 	0.0000000000
1.50000000 -7.00000000 	0.0000000000
1.50000000 -6.50000000 	0.0000000000
1.50000000 -6.00000000 	0.0000000000
1.50000000 -5.50000000 	0.0000000000
1.50000000 -5.00000000 	0.0000000000
1.50000000 -4.50000000 	0.0000000000
1.50000000 -4.00000000 	0.0000000000
1.50000000 -3.50000000 	0.0166371102
1.50000000 -3.00000000 	0.1192458496
1.50000000 -2.50000000 	0.3732236816
1.50000000 -2.00000000 	0.6692539679
1.50000000 -1.50000000 	0.7439586456
1.50000000 -1.00000000 	0.5105416073
1.50000000 -0.50000000 	0.2054684532
1.50000000 0.00000000 	0.0436427991
1.50000000 0.50000000 	0.0038002357
1.50000000 1.00000000 	0.0000880708
1.50000000 1.50000000 	-0.0000880708
1.50000000 2.00000000 	-0.0013228429
1.50000000 2.50000000 	-0.0287669322
1.50000000 3.00000000 	-0.1712444867
1.50000000 3.50000000 	-0.4788508891
1.50000000 4.00000000 	-0.7480335044
1.50000000 4.50000000 	-0.7030017065
1.50000000 5.00000000 	-0.4038774074
1.50000000 5.50000000 	-0.1319798617
1.50000000 6.00000000 	-0.0187523144
1.50000000 6.50000000 	0.0000000000
1.50000000 7.00000000 	0.0000000000
1.50000000 7.50000000 	0.0000000000
1.50000000 8.00000000 	0.0000000000
2.00000000 -12.00000000 	0.0000000000
2.00000000 -11.50000000 	0.0000000000
2.00000000 -11.00000000 	0.0000000000
2.00000000 -10.50000000 	0.0000000000
2.00000000 -10.00000000 	0.0000000000
2.00000000 -9.50000000 	0.0000000000
2.00000000 -9.00000000 	0.0000000000
2.00000000 -8.50000000 	0.0000000000
2.00000000 -8.00000000 	0.0000000000
2.00000000 -7.50000000 	0.0000000000
2.00000000 -7.00000000 	0.0000000000
2.00000000 -6.50000000 	0.0000000000
2.00000000 -6.00000000 	0.0000000000
2.00000000 -5.50000000 	0.0000000000
2.00000000 -5.00000000 	0.0000000000
2.00000000 -4.50000000 	0.0000000000
2.00000000 -4.00000000 	0.0000000000
2.00000000 -3.50000000 	0.0186771117
2.00000000 -3.00000000 	0.1316022310
2.00000000 -2.50000000 	0.4032479982
2.00000000 -2.00000000 	0.7029453281
2.00000000 -1.50000000 	0.7491584288
2.00000000 -1.00000000 	0.4800801737
2.00000000 -0.50000000 	0.1712610168
2.00000000 0.00000000 	0.0280629752
2.00000000 0.50000000 	0.0008821325
2.00000000 1.00000000 	0.0000000000
2.00000000 1.50000000 	0.0000000000
2.00000000 2.00000000 	-0.0000880708
2.00000000 2.50000000 	-0.0232931787
2.00000000 3.00000000 	-0.1602649365
2.00000000 3.50000000 	-0.4698700700
2.00000000 4.00000000 	-0.7504802689
2.00000000 4.50000000 	-0.7138177921
2.00000000 5.00000000 	-0.4130932354
2.00000000 5.50000000 	-0.1356858047
2.00000000 6.00000000 	-0.0193553714
2.00000000 6.50000000 	0.0000000000
2.00000000 7.00000000 	0.0000000000
2.00000000 7.50000000 	0.0000000000
2.00000000 8.00000000 	0.0000000000
