-8.00000000 -12.00000000 	-70.7106781187
-8.00000000 -11.50000000 	-70.7106781187
-8.00000000 -11.00000000 	-70.7106781187
-8.00000000 -10.50000000 	-70.7106781187
-8.00000000 -10.00000000 	-70.7106781187
-8.00000000 -9.50000000 	-70.7106781187
-8.00000000 -9.00000000 	-70.7106781187
-8.00000000 -8.50000000 	-53.0822368231
-8.00000000 -8.00000000 	35.2926072584
-8.00000000 -7.50000000 	70.7106781187
-8.00000000 -7.00000000 	70.7106781187
-8.00000000 -6.50000000 	70.7106781187
-8.00000000 -6.00000000 	70.7106781187
-8.00000000 -5.50000000 	70.7106781187
-8.00000000 -5.00000000 	70.7106781187
-8.00000000 -4.50000000 	70.7106781187
-8.00000000 -4.00000000 	70.7106781187
-8.00000000 -3.50000000 	70.7106781187
-8.00000000 -3.00000000 	70.7106781187
-8.00000000 -2.50000000 	70.7106781187
-8.00000000 -2.00000000 	70.7106781187
-8.00000000 -1.50000000 	70.7106781187
-8.00000000 -1.00000000 	70.7106781187
-8.00000000 -0.50000000 	70.7106781187
-8.00000000 0.00000000 	70.7106781187
-8.00000000 0.50000000 	70.7106781187
-8.00000000 1.00000000 	70.7106781187
-8.00000000 1.50000000 	70.7106781187
-8.00000000 2.00000000 	70.7106781187
-8.00000000 2.50000000 	70.7106781187
-8.00000000 3.00000000 	70.7106781187
-8.00000000 3.50000000 	70.7106781187
-8.00000000 4.00000000 	70.7106781187
-8.00000000 4.50000000 	70.7106781187
-8.00000000 5.00000000 	70.7106781187
-8.00000000 5.50000000 	70.7106781187
-8.00000000 6.00000000 	70.7106781187
-8.00000000 6.50000000 	70.7106781187
-8.00000000 7.00000000 	70.7106781187
-8.00000000 7.50000000 	70.7106781187
-8.00000000 8.00000000 	70.7106781187
-7.50000000 -12.00000000 	-70.7106781187
-7.50000000 -11.50000000 	-70.7106781187
-7.50000000 -11.00000000 	-70.7106781187
-7.50000000 -10.50000000 	-70.7106781187
-7.50000000 -10.00000000 	-70.7106781187
-7.50000000 -9.50000000 	-70.7106781187
-7.50000000 -9.00000000 	-70.7106781187
-7.50000000 -8.50000000 	-70.7106781187
-7.50000000 -8.00000000 	-35.2926072584
-7.50000000 -7.50000000 	35.2926072584
-7.50000000 -7.00000000 	70.7106781187
-7.50000000 -6.50000000 	70.7106781187
-7.50000000 -6.00000000 	70.7106781187
-7.50000000 -5.50000000 	70.7106781187
-7.50000000 -5.00000000 	70.7106781187
-7.50000000 -4.50000000 	70.7106781187
-7.50000000 -4.00000000 	70.7106781187
-7.50000000 -3.50000000 	70.7106781187
-7.50000000 -3.00000000 	70.7106781187
-7.50000000 -2.50000000 	70.7106781187
-7.50000000 -2.00000000 	70.7106781187
-7.50000000 -1.50000000 	70.7106781187
-7.50000000 -1.00000000 	70.7106781187
-7.50000000 -0.50000000 	70.7106781187
-7.50000000 0.00000000 	70.7106781187
-7.50000000 0.50000000 	70.7106781187
-7.50000000 1.00000000 	70.7106781187
-7.50000000 1.50000000 	70.7106781187
-7.50000000 2.00000000 	70.7106781187
-7.50000000 2.50000000 	70.7106781187
-7.50000000 3.00000000 	70.7106781187
-7.50000000 3.50000000 	70.7106781187
-7.50000000 4.00000000 	70.7106781187
-7.50000000 4.50000000 	70.7106781187
-7.50000000 5.00000000 	70.7106781187
-7.50000000 5.50000000 	70.7106781187
-7.50000000 6.00000000 	70.7106781187
-7.50000000 6.50000000 	70.7106781187
-7.50000000 7.00000000 	70.7106781187
-7.50000000 7.50000000 	70.7106781187
-7.50000000 8.00000000 	70.7106781187
-7.00000000 -12.00000000 	-70.7106781187
-7.00000000 -11.50000000 	-70.7106781187
-7.00000000 -11.00000000 	-70.7106781187
-7.00000000 -10.50000000 	-70.7106781187
-7.00000000 -10.00000000 	-70.7106781187
-7.00000000 -9.50000000 	-70.7106781187
-7.00000000 -9.00000000 	-70.7106781187
-7.00000000 -8.50000000 	-70.7106781187
-7.00000000 -8.00000000 	-70.7106781187
-7.00000000 -7.50000000 	-35.2926072584
-7.00000000 -7.00000000 	35.2926072584
-7.00000000 -6.50000000 	70.7106781187
-7.00000000 -6.00000000 	70.7106781187
-7.00000000 -5.50000000 	70.7106781187
-7.00000000 -5.00000000 	70.7106781187
-7.00000000 -4.50000000 	70.7106781187
-7.00000000 -4.00000000 	70.7106781187
-7.00000000 -3.50000000 	70.7106781187
-7.00000000 -3.00000000 	70.7106781187
-7.00000000 -2.50000000 	70.7106781187
-7.00000000 -2.00000000 	70.7106781187
-7.00000000 -1.50000000 	70.7106781187
-7.00000000 -1.00000000 	70.7106781187
-7.00000000 -0.50000000 	70.7106781187
-7.00000000 0.00000000 	70.7106781187
-7.00000000 0.50000000 	70.7106781187
-7.00000000 1.00000000 	70.7106781187
-7.00000000 1.50000000 	70.7106781187
-7.00000000 2.00000000 	70.7106781187
-7.00000000 2.50000000 	70.7106781187
-7.00000000 3.00000000 	70.7106781187
-7.00000000 3.50000000 	70.7106781187
-7.00000000 4.00000000 	70.7106781187
-7.00000000 4.50000000 	70.7106781187
-7.00000000 5.00000000 	70.7106781187
-7.00000000 5.50000000 	70.7106781187
-7.00000000 6.00000000 	70.7106781187
-7.00000000 6.50000000 	70.7106781187
-7.00000000 7.00000000 	70.7106781187
-7.00000000 7.50000000 	70.7106781187
-7.00000000 8.00000000 	70.7106781187
-6.50000000 -12.00000000 	-70.7106781187
-6.50000000 -11.50000000 	-70.7106781187
-6.50000000 -11.00000000 	-70.7106781187
-6.50000000 -10.50000000 	-70.7106781187
-6.50000000 -10.00000000 	-70.7106781187
-6.50000000 -9.50000000 	-70.7106781187
-6.50000000 -9.00000000 	-70.7106781187
-6.50000000 -8.50000000 	-70.7106781187
-6.50000000 -8.00000000 	-70.7106781187
-6.50000000 -7.50000000 	-70.7106781187
-6.50000000 -7.00000000 	-35.2926072584
-6.50000000 -6.50000000 	35.2926072584
-6.50000000 -6.00000000 	70.7106781187
-6.50000000 -5.50000000 	70.7106781187
-6.50000000 -5.00000000 	70.7106781187
-6.50000000 -4.50000000 	70.7106781187
-6.50000000 -4.00000000 	70.7106781187
-6.50000000 -3.50000000 	70.7106781187
-6.50000000 -3.00000000 	70.7106781187
-6.50000000 -2.50000000 	70.7106781187
-6.50000000 -2.00000000 	70.7106781187
-6.50000000 -1.50000000 	70.7106781187
-6.50000000 -1.00000000 	70.7106781187
-6.50000000 -0.50000000 	70.7106781187
-6.50000000 0.00000000 	70.7106781187
-6.50000000 0.50000000 	70.7106781187
-6.50000000 1.00000000 	70.7106781187
-6.50000000 1.50000000 	70.7106781187
-6.50000000 2.00000000 	70.7106781187
-6.50000000 2.50000000 	70.7106781187
-6.50000000 3.00000000 	70.7106781187
-6.50000000 3.50000000 	70.7106781187
-6.50000000 4.00000000 	70.7106781187
-6.50000000 4.50000000 	70.7106781187
-6.50000000 5.00000000 	70.7106781187
-6.50000000 5.50000000 	70.7106781187
-6.50000000 6.00000000 	70.7106781187
-6.50000000 6.50000000 	70.7106781187
-6.50000000 7.00000000 	70.7106781187
-6.50000000 7.50000000 	70.7106781187
-6.50000000 8.00000000 	70.7106781187
-6.00000000 -12.00000000 	-70.7106781187
-6.00000000 -11.50000000 	-70.7106781187
-6.00000000 -11.00000000 	-70.7106781187
-6.00000000 -10.50000000 	-70.7106781187
-6.00000000 -10.00000000 	-70.7106781187
-6.00000000 -9.50000000 	-70.7106781187
-6.00000000 -9.00000000 	-70.7106781187
-6.00000000 -8.50000000 	-70.7106781187
-6.00000000 -8.00000000 	-70.7106781187
-6.00000000 -7.50000000 	-70.7106781187
-6.00000000 -7.00000000 	-70.7106781187
-6.00000000 -6.50000000 	-35.2926072584
-6.00000000 -6.00000000 	35.2926072584
-6.00000000 -5.50000000 	70.7106781187
-6.00000000 -5.00000000 	70.7106781187
-6.00000000 -4.50000000 	70.7106781187
-6.00000000 -4.00000000 	70.7106781187
-6.00000000 -3.50000000 	70.7106781187
-6.00000000 -3.00000000 	70.7106781187
-6.00000000 -2.50000000 	70.7106781187
-6.00000000 -2.00000000 	70.7106781187
-6.00000000 -1.50000000 	70.7106781187
-6.00000000 -1.00000000 	70.7106781187
-6.00000000 -0.50000000 	70.7106781187
-6.00000000 0.00000000 	70.7106781187
-6.00000000 0.50000000 	70.7106781187
-6.00000000 1.00000000 	70.7106781187
-6.00000000 1.50000000 	70.7106781187
-6.00000000 2.00000000 	70.7106781187
-6.00000000 2.50000000 	70.7106781187
-6.00000000 3.00000000 	70.7106781187
-6.00000000 3.50000000 	70.7106781187
-6.00000000 4.00000000 	70.7106781187
-6.00000000 4.50000000 	70.7106781187
-6.00000000 5.00000000 	70.7106781187
-6.00000000 5.50000000 	70.7106781187
-6.00000000 6.00000000 	70.7106781187
-6.00000000 6.50000000 	70.7106781187
-6.00000000 7.00000000 	70.7106781187
-6.00000000 7.50000000 	70.7106781187
-6.00000000 8.00000000 	70.7106781187
-5.50000000 -12.00000000 	-70.7106781187
-5.50000000 -11.50000000 	-70.7106781187
-5.50000000 -11.00000000 	-70.7106781187
-5.50000000 -10.50000000 	-70.7106781187
-5.50000000 -10.00000000 	-70.7106781187
-5.50000000 -9.50000000 	-70.7106781187
-5.50000000 -9.00000000 	-70.7106781187
-5.50000000 -8.50000000 	-70.7106781187
-5.50000000 -8.00000000 	-70.7106781187
-5.50000000 -7.50000000 	-70.7106781187
-5.50000000 -7.00000000 	-70.7106781187
-5.50000000 -6.50000000 	-70.7106781187
-5.50000000 -6.00000000 	-35.2926072584
-5.50000000 -5.50000000 	35.2926072584
-5.50000000 -5.00000000 	70.7106781187
-5.50000000 -4.50000000 	70.7106781187
-5.50000000 -4.00000000 	70.7106781187
-5.50000000 -3.50000000 	70.7106781187
-5.50000000 -3.00000000 	70.7106781187
-5.50000000 -2.50000000 	70.7106781187
-5.50000000 -2.00000000 	70.7106781187
-5.50000000 -1.50000000 	70.7106781187
-5.50000000 -1.00000000 	70.7106781187
-5.50000000 -0.50000000 	70.7106781187
-5.50000000 0.00000000 	70.7106781187
-5.50000000 0.50000000 	70.7106781187
-5.50000000 1.00000000 	70.7106781187
-5.50000000 1.50000000 	70.7106781187
-5.50000000 2.00000000 	70.7106781187
-5.50000000 2.50000000 	70.7106781187
-5.50000000 3.00000000 	70.7106781187
-5.50000000 3.50000000 	70.7106781187
-5.50000000 4.00000000 	70.7106781187
-5.50000000 4.50000000 	70.7106781187
-5.50000000 5.00000000 	70.7106781187
-5.50000000 5.50000000 	70.7106781187
-5.50000000 6.00000000 	70.7106781187
-5.50000000 6.50000000 	70.7106781187
-5.50000000 7.00000000 	70.7106781187
-5.50000000 7.50000000 	70.7106781187
-5.50000000 8.00000000 	70.7106781187
-5.00000000 -12.00000000 	-70.7106781187
-5.00000000 -11.50000000 	-70.7106781187
-5.00000000 -11.00000000 	-70.7106781187
-5.00000000 -10.50000000 	-70.7106781187
-5.00000000 -10.00000000 	-70.7106781187
-5.00000000 -9.50000000 	-70.7106781187
-5.00000000 -9.00000000 	-70.7106781187
-5.00000000 -8.50000000 	-70.7106781187
-5.00000000 -8.00000000 	-70.7106781187
-5.00000000 -7.50000000 	-70.7106781187
-5.00000000 -7.00000000 	-70.7106781187
-5.00000000 -6.50000000 	-70.7106781187
-5.00000000 -6.00000000 	-70.7106781187
-5.00000000 -5.50000000 	-35.2926072584
-5.00000000 -5.00000000 	35.2926072584
-5.00000000 -4.50000000 	70.7106781187
-5.00000000 -4.00000000 	70.7106781187
-5.00000000 -3.50000000 	70.7106781187
-5.00000000 -3.00000000 	70.7106781187
-5.00000000 -2.50000000 	70.7106781187
-5.00000000 -2.00000000 	70.7106781187
-5.00000000 -1.50000000 	70.7106781187
-5.00000000 -1.00000000 	70.7106781187
-5.00000000 -0.50000000 	70.7106781187
-5.00000000 0.00000000 	70.7106781187
-5.00000000 0.50000000 	70.7106781187
-5.00000000 1.00000000 	70.7106781187
-5.00000000 1.50000000 	70.7106781187
-5.00000000 2.00000000 	70.7106781187
-5.00000000 2.50000000 	70.7106781187
-5.00000000 3.00000000 	70.7106781187
-5.00000000 3.50000000 	70.7106781187
-5.00000000 4.00000000 	70.7106781187
-5.00000000 4.50000000 	70.7106781187
-5.00000000 5.00000000 	70.7106781187
-5.00000000 5.50000000 	70.7106781187
-5.00000000 6.00000000 	70.7106781187
-5.00000000 6.50000000 	70.7106781187
-5.00000000 7.00000000 	70.7106781187
-5.00000000 7.50000000 	70.7106781187
-5.00000000 8.00000000 	70.7106781187
-4.50000000 -12.00000000 	-70.7106781187
-4.50000000 -11.50000000 	-70.7106781187
-4.50000000 -11.00000000 	-70.7106781187
-4.50000000 -10.50000000 	-70.7106781187
-4.50000000 -10.00000000 	-70.7106781187
-4.50000000 -9.50000000 	-70.7106781187
-4.50000000 -9.00000000 	-70.7106781187
-4.50000000 -8.50000000 	-70.7106781187
-4.50000000 -8.00000000 	-70.7106781187
-4.50000000 -7.50000000 	-70.7106781187
-4.50000000 -7.00000000 	-70.7106781187
-4.50000000 -6.50000000 	-70.7106781187
-4.50000000 -6.00000000 	-70.7106781187
-4.50000000 -5.50000000 	-70.7106781187
-4.50000000 -5.00000000 	-35.2926072584
-4.50000000 -4.50000000 	35.2926072584
-4.50000000 -4.00000000 	70.7106781187
-4.50000000 -3.50000000 	70.7106781187
-4.50000000 -3.00000000 	70.7106781187
-4.50000000 -2.50000000 	70.7106781187
-4.50000000 -2.00000000 	70.7106781187
-4.50000000 -1.50000000 	70.7106781187
-4.50000000 -1.00000000 	70.7106781187
-4.50000000 -0.50000000 	70.7106781187
-4.50000000 0.00000000 	70.7106781187
-4.50000000 0.50000000 	70.7106781187
-4.50000000 1.00000000 	70.7106781187
-4.50000000 1.50000000 	70.7106781187
-4.50000000 2.00000000 	70.7106781187
-4.50000000 2.50000000 	70.7106781187
-4.50000000 3.00000000 	70.7106781187
-4.50000000 3.50000000 	70.7106781187
-4.50000000 4.00000000 	70.7106781187
-4.50000000 4.50000000 	70.7106781187
-4.50000000 5.00000000 	70.7106781187
-4.50000000 5.50000000 	70.7106781187
-4.50000000 6.00000000 	70.7106781187
-4.50000000 6.50000000 	70.7106781187
-4.50000000 7.00000000 	70.7106781187
-4.50000000 7.50000000 	70.7106781187
-4.50000000 8.00000000 	70.7106781187
-4.00000000 -12.00000000 	-70.7106781187
-4.00000000 -11.50000000 	-70.7106781187
-4.00000000 -11.00000000 	-70.7106781187
-4.00000000 -10.50000000 	-70.7106781187
-4.00000000 -10.00000000 	-70.7106781187
-4.00000000 -9.50000000 	-70.7106781187
-4.00000000 -9.00000000 	-70.7106781187
-4.00000000 -8.50000000 	-70.7106781187
-4.00000000 -8.00000000 	-70.7106781187
-4.00000000 -7.50000000 	-70.7106781187
-4.00000000 -7.00000000 	-70.7106781187
-4.00000000 -6.50000000 	-70.7106781187
-4.00000000 -6.00000000 	-70.7106781187
-4.00000000 -5.50000000 	-70.7106781187
-4.00000000 -5.00000000 	-70.7106781187
-4.00000000 -4.50000000 	-35.2926072584
-4.00000000 -4.00000000 	35.2926072584
-4.00000000 -3.50000000 	70.7106781187
-4.00000000 -3.00000000 	70.7106781187
-4.00000000 -2.50000000 	70.7106781187
-4.00000000 -2.00000000 	70.7106781187
-4.00000000 -1.50000000 	70.7106781187
-4.00000000 -1.00000000 	70.7106781187
-4.00000000 -0.50000000 	70.7106781187
-4.00000000 0.00000000 	70.7106781187
-4.00000000 0.50000000 	70.7106781187
-4.00000000 1.00000000 	70.7106781187
-4.00000000 1.50000000 	70.7106781187
-4.00000000 2.00000000 	70.7106781187
-4.00000000 2.50000000 	70.7106781187
-4.00000000 3.00000000 	70.7106781187
-4.00000000 3.50000000 	70.7106781187
-4.00000000 4.00000000 	70.7106781187
-4.00000000 4.50000000 	70.7106781187
-4.00000000 5.00000000 	70.7106781187
-4.00000000 5.50000000 	70.7106781187
-4.00000000 6.00000000 	70.7106781187
-4.00000000 6.50000000 	70.7106781187
-4.00000000 7.00000000 	70.7106781187
-4.00000000 7.50000000 	70.7106781187
-4.00000000 8.00000000 	70.7106781187
-3.50000000 -12.00000000 	-70.7106781187
-3.50000000 -11.50000000 	-70.7106781187
-3.50000000 -11.00000000 	-70.7106781187
-3.50000000 -10.50000000 	-70.7106781187
-3.50000000 -10.00000000 	-70.7106781187
-3.50000000 -9.50000000 	-70.7106781187
-3.50000000 -9.00000000 	-70.7106781187
-3.50000000 -8.50000000 	-70.7106781187
-3.50000000 -8.00000000 	-70.7106781187
-3.50000000 -7.50000000 	-70.7106781187
-3.50000000 -7.00000000 	-70.7106781187
-3.50000000 -6.50000000 	-70.7106781187
-3.50000000 -6.00000000 	-70.7106781187
-3.50000000 -5.50000000 	-70.7106781187
-3.50000000 -5.00000000 	-70.7106781187
-3.50000000 -4.50000000 	-70.7106781187
-3.50000000 -4.00000000 	-35.2926072584
-3.50000000 -3.50000000 	35.2926072584
-3.50000000 -3.00000000 	70.7106781187
-3.50000000 -2.50000000 	70.7106781187
-3.50000000 -2.00000000 	70.7106781187
-3.50000000 -1.50000000 	70.7106781187
-3.50000000 -1.00000000 	70.7106781187
-3.50000000 -0.50000000 	70.7106781187
-3.50000000 0.00000000 	70.7106781187
-3.50000000 0.50000000 	70.7106781187
-3.50000000 1.00000000 	70.7106781187
-3.50000000 1.50000000 	70.7106781187
-3.50000000 2.00000000 	70.7106781187
-3.50000000 2.50000000 	70.7106781187
-3.50000000 3.00000000 	70.7106781187
-3.50000000 3.50000000 	70.7106781187
-3.50000000 4.00000000 	70.7106781187
-3.50000000 4.50000000 	70.7106781187
-3.50000000 5.00000000 	70.7106781187
-3.50000000 5.50000000 	70.7106781187
-3.50000000 6.00000000 	70.7106781187
-3.50000000 6.50000000 	70.7106781187
-3.50000000 7.00000000 	70.7106781187
-3.50000000 7.50000000 	70.7106781187
-3.50000000 8.00000000 	70.7106781187
-3.00000000 -12.00000000 	-70.7106781187
-3.00000000 -11.50000000 	-70.7106781187
-3.00000000 -11.00000000 	-70.7106781187
-3.00000000 -10.50000000 	-70.7106781187
-3.00000000 -10.00000000 	-70.7106781187
-3.00000000 -9.50000000 	-70.7106781187
-3.00000000 -9.00000000 	-70.7106781187
-3.00000000 -8.50000000 	-70.7106781187
-3.00000000 -8.00000000 	-70.7106781187
-3.00000000 -7.50000000 	-70.7106781187
-3.00000000 -7.00000000 	-70.7106781187
-3.00000000 -6.50000000 	-70.7106781187
-3.00000000 -6.00000000 	-70.7106781187
-3.00000000 -5.50000000 	-70.7106781187
-3.00000000 -5.00000000 	-70.7106781187
-3.00000000 -4.50000000 	-70.7106781187
-3.00000000 -4.00000000 	-70.7106781187
-3.00000000 -3.50000000 	-35.2926072584
-3.00000000 -3.00000000 	35.2926072584
-3.00000000 -2.50000000 	70.7106781187
-3.00000000 -2.00000000 	70.7106781187
-3.00000000 -1.50000000 	70.7106781187
-3.00000000 -1.00000000 	70.7106781187
-3.00000000 -0.50000000 	70.7106781187
-3.00000000 0.00000000 	70.7106781187
-3.00000000 0.50000000 	70.7106781187
-3.00000000 1.00000000 	70.7106781187
-3.00000000 1.50000000 	70.7106781187
-3.00000000 2.00000000 	70.7106781187
-3.00000000 2.50000000 	70.7106781187
-3.00000000 3.00000000 	70.7106781187
-3.00000000 3.50000000 	70.7106781187
-3.00000000 4.00000000 	70.7106781187
-3.00000000 4.50000000 	70.7106781187
-3.00000000 5.00000000 	70.7106781187
-3.00000000 5.50000000 	70.7106781187
-3.00000000 6.00000000 	70.7106781187
-3.00000000 6.50000000 	70.7106781187
-3.00000000 7.00000000 	70.7106781187
-3.00000000 7.50000000 	70.7106781187
-3.00000000 8.00000000 	70.7106781187
-2.50000000 -12.00000000 	-70.7106781187
-2.50000000 -11.50000000 	-70.7106781187
-2.50000000 -11.00000000 	-70.7106781187
-2.50000000 -10.50000000 	-70.7106781187
-2.50000000 -10.00000000 	-70.7106781187
-2.50000000 -9.50000000 	-70.7106781187
-2.50000000 -9.00000000 	-70.7106781187
-2.50000000 -8.50000000 	-70.7106781187
-2.50000000 -8.00000000 	-70.7106781187
-2.50000000 -7.50000000 	-70.7106781187
-2.50000000 -7.00000000 	-70.7106781187
-2.50000000 -6.50000000 	-70.7106781187
-2.50000000 -6.00000000 	-70.7106781187
-2.50000000 -5.50000000 	-70.7106781187
-2.50000000 -5.00000000 	-70.7106781187
-2.50000000 -4.50000000 	-70.7106781187
-2.50000000 -4.00000000 	-70.7106781187
-2.50000000 -3.50000000 	-70.7106781187
-2.50000000 -3.00000000 	-35.2926072584
-2.50000000 -2.50000000 	35.2926072584
-2.50000000 -2.00000000 	70.7106781187
-2.50000000 -1.50000000 	70.7106781187
-2.50000000 -1.00000000 	70.7106781187
-2.50000000 -0.50000000 	70.7106781187
-2.50000000 0.00000000 	70.7106781187
-2.50000000 0.50000000 	70.7106781187
-2.50000000 1.00000000 	70.7106781187
-2.50000000 1.50000000 	70.7106781187
-2.50000000 2.00000000 	70.7106781187
-2.50000000 2.50000000 	70.7106781187
-2.50000000 3.00000000 	70.7106781187
-2.50000000 3.50000000 	70.7106781187
-2.50000000 4.00000000 	70.7106781187
-2.50000000 4.50000000 	70.7106781187
-2.50000000 5.00000000 	70.7106781187
-2.50000000 5.50000000 	70.7106781187
-2.50000000 6.00000000 	70.7106781187
-2.50000000 6.50000000 	70.7106781187
-2.50000000 7.00000000 	70.7106781187
-2.50000000 7.50000000 	70.7106781187
-2.50000000 8.00000000 	70.7106781187
-2.00000000 -12.00000000 	-70.7106781187
-2.00000000 -11.50000000 	-70.7106781187
-2.00000000 -11.00000000 	-70.7106781187
-2.00000000 -10.50000000 	-70.7106781187
-2.00000000 -10.00000000 	-70.7106781187
-2.00000000 -9.50000000 	-70.7106781187
-2.00000000 -9.00000000 	-70.7106781187
-2.00000000 -8.50000000 	-70.7106781187
-2.00000000 -8.00000000 	-70.7106781187
-2.00000000 -7.50000000 	-70.7106781187
-2.00000000 -7.00000000 	-70.7106781187
-2.00000000 -6.50000000 	-70.7106781187
-2.00000000 -6.00000000 	-70.7106781187
-2.00000000 -5.50000000 	-70.7106781187
-2.00000000 -5.00000000 	-70.7106781187
-2.00000000 -4.50000000 	-70.7106781187
-2.00000000 -4.00000000 	-70.7106781187
-2.00000000 -3.50000000 	-70.7106781187
-2.00000000 -3.00000000 	-70.7106781187
-2.00000000 -2.50000000 	-35.2926072584
-2.00000000 -2.00000000 	35.2926072584
-2.00000000 -1.50000000 	70.7106781187
-2.00000000 -1.00000000 	70.7106781187
-2.00000000 -0.50000000 	70.7106781187
-2.00000000 0.00000000 	70.7106781187
-2.00000000 0.50000000 	70.7106781187
-2.00000000 1.00000000 	70.7106781187
-2.00000000 1.50000000 	70.7106781187
-2.00000000 2.00000000 	70.7106781187
-2.00000000 2.50000000 	70.7106781187
-2.00000000 3.00000000 	70.7106781187
-2.00000000 3.50000000 	70.7106781187
-2.00000000 4.00000000 	70.7106781187
-2.00000000 4.50000000 	70.7106781187
-2.00000000 5.00000000 	70.7106781187
-2.00000000 5.50000000 	70.7106781187
-2.00000000 6.00000000 	70.7106781187
-2.00000000 6.50000000 	70.7106781187
-2.00000000 7.00000000 	70.7106781187
-2.00000000 7.50000000 	70.7106781187
-2.00000000 8.00000000 	70.7106781187
-1.50000000 -12.00000000 	-70.7106781187
-1.50000000 -11.50000000 	-70.7106781187
-1.50000000 -11.00000000 	-70.7106781187
-1.50000000 -10.50000000 	-70.7106781187
-1.50000000 -10.00000000 	-70.7106781187
-1.50000000 -9.50000000 	-70.7106781187
-1.50000000 -9.00000000 	-70.7106781187
-1.50000000 -8.50000000 	-70.7106781187
-1.50000000 -8.00000000 	-70.7106781187
-1.50000000 -7.50000000 	-70.7106781187
-1.50000000 -7.00000000 	-70.7106781187
-1.50000000 -6.50000000 	-70.7106781187
-1.50000000 -6.00000000 	-70.7106781187
-1.50000000 -5.50000000 	-70.7106781187
-1.50000000 -5.00000000 	-70.7106781187
-1.50000000 -4.50000000 	-70.7106781187
-1.50000000 -4.00000000 	-70.7106781187
-1.50000000 -3.50000000 	-70.7106781187
-1.50000000 -3.00000000 	-70.7106781187
-1.50000000 -2.50000000 	-70.7106781187
-1.50000000 -2.00000000 	-35.2926072584
-1.50000000 -1.50000000 	35.2926072584
-1.50000000 -1.00000000 	70.7106781187
-1.50000000 -0.50000000 	70.7106781187
-1.50000000 0.00000000 	70.7106781187
-1.50000000 0.50000000 	70.7106781187
-1.50000000 1.00000000 	70.7106781187
-1.50000000 1.50000000 	70.7106781187
-1.50000000 2.00000000 	70.7106781187
-1.50000000 2.50000000 	70.7106781187
-1.50000000 3.00000000 	70.7106781187
-1.50000000 3.50000000 	70.7106781187
-1.50000000 4.00000000 	70.7106781187
-1.50000000 4.50000000 	70.7106781187
-1.50000000 5.00000000 	70.7106781187
-1.50000000 5.50000000 	70.7106781187
-1.50000000 6.00000000 	70.7106781187
-1.50000000 6.50000000 	70.7106781187
-1.50000000 7.00000000 	70.7106781187
-1.50000000 7.50000000 	70.7106781187
-1.50000000 8.00000000 	70.7106781187
-1.00000000 -12.00000000 	-70.7106781187
-1.00000000 -11.50000000 	-70.7106781187
-1.00000000 -11.00000000 	-70.7106781187
-1.00000000 -10.50000000 	-70.7106781187
-1.00000000 -10.00000000 	-70.7106781187
-1.00000000 -9.50000000 	-70.7106781187
-1.00000000 -9.00000000 	-70.7106781187
-1.00000000 -8.50000000 	-70.7106781187
-1.00000000 -8.00000000 	-70.7106781187
-1.00000000 -7.50000000 	-70.7106781187
-1.00000000 -7.00000000 	-70.7106781187
-1.00000000 -6.50000000 	-70.7106781187
-1.00000000 -6.00000000 	-70.7106781187
-1.00000000 -5.50000000 	-70.7106781187
-1.00000000 -5.00000000 	-70.7106781187
-1.00000000 -4.50000000 	-70.7106781187
-1.00000000 -4.00000000 	-70.7106781187
-1.00000000 -3.50000000 	-70.7106781187
-1.00000000 -3.00000000 	-70.7106781187
-1.00000000 -2.50000000 	-70.7106781187
-1.00000000 -2.00000000 	-70.7106781187
-1.00000000 -1.50000000 	-35.2926072584
-1.00000000 -1.00000000 	35.2926072584
-1.00000000 -0.50000000 	70.7106781187
-1.00000000 0.00000000 	70.7106781187
-1.00000000 0.50000000 	70.7106781187
-1.00000000 1.00000000 	70.7106781187
-1.00000000 1.50000000 	70.7106781187
-1.00000000 2.00000000 	70.7106781187
-1.00000000 2.50000000 	70.7106781187
-1.00000000 3.00000000 	70.7106781187
-1.00000000 3.50000000 	70.7106781187
-1.00000000 4.00000000 	70.7106781187
-1.00000000 4.50000000 	70.7106781187
-1.00000000 5.00000000 	70.7106781187
-1.00000000 5.50000000 	70.7106781187
-1.00000000 6.00000000 	70.7106781187
-1.00000000 6.50000000 	70.7106781187
-1.00000000 7.00000000 	70.7106781187
-1.00000000 7.50000000 	70.7106781187
-1.00000000 8.00000000 	70.7106781187
-0.50000000 -12.00000000 	-70.7106781187
-0.50000000 -11.50000000 	-70.7106781187
-0.50000000 -11.00000000 	-70.7106781187
-0.50000000 -10.50000000 	-70.7106781187
-0.50000000 -10.00000000 	-70.7106781187
-0.50000000 -9.50000000 	-70.7106781187
-0.50000000 -9.00000000 	-70.7106781187
-0.50000000 -8.50000000 	-70.7106781187
-0.50000000 -8.00000000 	-70.7106781187
-0.50000000 -7.50000000 	-70.7106781187
-0.50000000 -7.00000000 	-70.7106781187
-0.50000000 -6.50000000 	-70.7106781187
-0.50000000 -6.00000000 	-70.7106781187
-0.50000000 -5.50000000 	-70.7106781187
-0.50000000 -5.00000000 	-70.7106781187
-0.50000000 -4.50000000 	-70.7106781187
-0.50000000 -4.00000000 	-70.7106781187
-0.50000000 -3.50000000 	-70.7106781187
-0.50000000 -3.00000000 	-70.7106781187
-0.50000000 -2.50000000 	-70.7106781187
-0.50000000 -2.00000000 	-70.7106781187
-0.50000000 -1.50000000 	-70.7106781187
-0.50000000 -1.00000000 	-35.2926072584
-0.50000000 -0.50000000 	35.2926072584
-0.50000000 0.00000000 	70.7106781187
-0.50000000 0.50000000 	70.7106781187
-0.50000000 1.00000000 	70.7106781187
-0.50000000 1.50000000 	70.7106781187
-0.50000000 2.00000000 	70.7106781187
-0.50000000 2.50000000 	70.7106781187
-0.50000000 3.00000000 	70.7106781187
-0.50000000 3.50000000 	70.7106781187
-0.50000000 4.00000000 	70.7106781187
-0.50000000 4.50000000 	70.7106781187
-0.50000000 5.00000000 	70.7106781187
-0.50000000 5.50000000 	70.7106781187
-0.50000000 6.00000000 	70.7106781187
-0.50000000 6.50000000 	70.7106781187
-0.50000000 7.00000000 	70.7106781187
-0.50000000 7.50000000 	70.7106781187
-0.50000000 8.00000000 	70.7106781187
0.00000000 -12.00000000 	-70.7106781187
0.00000000 -11.50000000 	-70.7106781187
0.00000000 -11.00000000 	-70.7106781187
0.00000000 -10.50000000 	-70.7106781187
0.00000000 -10.00000000 	-70.7106781187
0.00000000 -9.50000000 	-70.7106781187
0.00000000 -9.00000000 	-70.7106781187
0.00000000 -8.50000000 	-70.7106781187
0.00000000 -8.00000000 	-70.7106781187
0.00000000 -7.50000000 	-70.7106781187
0.00000000 -7.00000000 	-70.7106781187
0.00000000 -6.50000000 	-70.7106781187
0.00000000 -6.00000000 	-70.7106781187
0.00000000 -5.50000000 	-70.7106781187
0.00000000 -5.00000000 	-70.7106781187
0.00000000 -4.50000000 	-70.7106781187
0.00000000 -4.00000000 	-70.7106781187
0.00000000 -3.50000000 	-70.7106781187
0.00000000 -3.00000000 	-70.7106781187
0.00000000 -2.50000000 	-70.7106781187
0.00000000 -2.00000000 	-70.7106781187
0.00000000 -1.50000000 	-70.7106781187
0.00000000 -1.00000000 	-70.7106781187
0.00000000 -0.50000000 	-35.2926072584
0.00000000 0.00000000 	35.2926072584
0.00000000 0.50000000 	70.7106781187
0.00000000 1.00000000 	70.7106781187
0.00000000 1.50000000 	70.7106781187
0.00000000 2.00000000 	70.7106781187
0.00000000 2.50000000 	70.7106781187
0.00000000 3.00000000 	70.7106781187
0.00000000 3.50000000 	70.7106781187
0.00000000 4.00000000 	70.7106781187
0.00000000 4.50000000 	70.7106781187
0.00000000 5.00000000 	70.7106781187
0.00000000 5.50000000 	70.7106781187
0.00000000 6.00000000 	70.7106781187
0.00000000 6.50000000 	70.7106781187
0.00000000 7.00000000 	70.7106781187
0.00000000 7.50000000 	70.7106781187
0.00000000 8.00000000 	70.7106781187
0.50000000 -12.00000000 	-70.7106781187
0.50000000 -11.50000000 	-70.7106781187
0.50000000 -11.00000000 	-70.7106781187
0.50000000 -10.50000000 	-70.7106781187
0.50000000 -10.00000000 	-70.7106781187
0.50000000 -9.50000000 	-70.7106781187
0.50000000 -9.00000000 	-70.7106781187
0.50000000 -8.50000000 	-70.7106781187
0.50000000 -8.00000000 	-70.7106781187
0.50000000 -7.50000000 	-70.7106781187
0.50000000 -7.00000000 	-70.7106781187
0.50000000 -6.50000000 	-70.7106781187
0.50000000 -6.00000000 	-70.7106781187
0.50000000 -5.50000000 	-70.7106781187
0.50000000 -5.00000000 	-70.7106781187
0.50000000 -4.50000000 	-70.7106781187
0.50000000 -4.00000000 	-70.7106781187
0.50000000 -3.50000000 	-70.7106781187
0.50000000 -3.00000000 	-70.7106781187
0.50000000 -2.50000000 	-70.7106781187
0.50000000 -2.00000000 	-70.7106781187
0.50000000 -1.50000000 	-70.7106781187
0.50000000 -1.00000000 	-70.7106781187
0.50000000 -0.50000000 	-70.7106781187
0.50000000 0.00000000 	-35.2926072584
0.50000000 0.50000000 	35.2926072584
0.50000000 1.00000000 	70.7106781187
0.50000000 1.50000000 	70.7106781187
0.50000000 2.00000000 	70.7106781187
0.50000000 2.50000000 	70.7106781187
0.50000000 3.00000000 	70.7106781187
0.50000000 3.50000000 	70.7106781187
0.50000000 4.00000000 	70.7106781187
0.50000000 4.50000000 	70.7106781187
0.50000000 5.00000000 	70.7106781187
0.50000000 5.50000000 	70.7106781187
0.50000000 6.00000000 	70.7106781187
0.50000000 6.50000000 	70.7106781187
0.50000000 7.00000000 	70.7106781187
0.50000000 7.50000000 	70.7106781187
0.50000000 8.00000000 	70.7106781187
1.00000000 -12.00000000 	-70.7106781187
1.00000000 -11.50000000 	-70.7106781187
1.00000000 -11.00000000 	-70.7106781187
1.00000000 -10.50000000 	-70.7106781187
1.00000000 -10.00000000 	-70.7106781187
1.00000000 -9.50000000 	-70.7106781187
1.00000000 -9.00000000 	-70.7106781187
1.00000000 -8.50000000 	-70.7106781187
1.00000000 -8.00000000 	-70.7106781187
1.00000000 -7.50000000 	-70.7106781187
1.00000000 -7.00000000 	-70.7106781187
1.00000000 -6.50000000 	-70.7106781187
1.00000000 -6.00000000 	-70.7106781187
1.00000000 -5.50000000 	-70.7106781187
1.00000000 -5.00000000 	-70.7106781187
1.00000000 -4.50000000 	-70.7106781187
1.00000000 -4.00000000 	-70.7106781187
1.00000000 -3.50000000 	-70.7106781187
1.00000000 -3.00000000 	-70.7106781187
1.00000000 -2.50000000 	-70.7106781187
1.00000000 -2.00000000 	-70.7106781187
1.00000000 -1.50000000 	-70.7106781187
1.00000000 -1.00000000 	-70.7106781187
1.00000000 -0.50000000 	-70.7106781187
1.00000000 0.00000000 	-70.7106781187
1.00000000 0.50000000 	-35.2926072584
1.00000000 1.00000000 	35.2926072584
1.00000000 1.50000000 	70.7106781187
1.00000000 2.00000000 	70.7106781187
1.00000000 2.50000000 	70.7106781187
1.00000000 3.00000000 	70.7106781187
1.00000000 3.50000000 	70.7106781187
1.00000000 4.00000000 	70.7106781187
1.00000000 4.50000000 	70.7106781187
1.00000000 5.00000000 	70.7106781187
1.00000000 5.50000000 	70.7106781187
1.00000000 6.00000000 	70.7106781187
1.00000000 6.50000000 	70.7106781187
1.00000000 7.00000000 	70.7106781187
1.00000000 7.50000000 	70.7106781187
1.00000000 8.00000000 	70.7106781187
1.50000000 -12.00000000 	-70.7106781187
1.50000000 -11.50000000 	-70.7106781187
1.50000000 -11.00000000 	-70.7106781187
1.50000000 -10.50000000 	-70.7106781187
1.50000000 -10.00000000 	-70.7106781187
1.50000000 -9.50000000 	-70.7106781187
1.50000000 -9.00000000 	-70.7106781187
1.50000000 -8.50000000 	-70.7106781187
1.50000000 -8.00000000 	-70.7106781187
1.50000000 -7.50000000 	-70.7106781187
1.50000000 -7.00000000 	-70.7106781187
1.50000000 -6.50000000 	-70.7106781187
1.50000000 -6.00000000 	-70.7106781187
1.50000000 -5.50000000 	-70.7106781187
1.50000000 -5.00000000 	-70.7106781187
1.50000000 -4.50000000 	-70.7106781187
1.50000000 -4.00000000 	-70.7106781187
1.50000000 -3.50000000 	-70.7106781187
1.50000000 -3.00000000 	-70.7106781187
1.50000000 -2.50000000 	-70.7106781187
1.50000000 -2.00000000 	-70.7106781187
1.50000000 -1.50000000 	-70.7106781187
1.50000000 -1.00000000 	-70.7106781187
1.50000000 -0.50000000 	-70.7106781187
1.50000000 0.00000000 	-70.7106781187
1.50000000 0.50000000 	-70.7106781187
1.50000000 1.00000000 	-35.2926072584
1.50000000 1.50000000 	35.2926072584
1.50000000 2.00000000 	70.7106781187
1.50000000 2.50000000 	70.7106781187
1.50000000 3.00000000 	70.7106781187
1.50000000 3.50000000 	70.7106781187
1.50000000 4.00000000 	70.7106781187
1.50000000 4.50000000 	70.7106781187
1.50000000 5.00000000 	70.7106781187
1.50000000 5.50000000 	70.7106781187
1.50000000 6.00000000 	70.7106781187
1.50000000 6.50000000 	70.7106781187
1.50000000 7.00000000 	70.7106781187
1.50000000 7.50000000 	70.7106781187
1.50000000 8.00000000 	70.7106781187
2.00000000 -12.00000000 	-70.7106781187
2.00000000 -11.50000000 	-70.7106781187
2.00000000 -11.00000000 	-70.7106781187
2.00000000 -10.50000000 	-70.7106781187
2.00000000 -10.00000000 	-70.7106781187
2.00000000 -9.50000000 	-70.7106781187
2.00000000 -9.00000000 	-70.7106781187
2.00000000 -8.50000000 	-70.7106781187
2.00000000 -8.00000000 	-70.7106781187
2.00000000 -7.50000000 	-70.7106781187
2.00000000 -7.00000000 	-70.7106781187
2.00000000 -6.50000000 	-70.7106781187
2.00000000 -6.00000000 	-70.7106781187
2.00000000 -5.50000000 	-70.7106781187
2.00000000 -5.00000000 	-70.7106781187
2.00000000 -4.50000000 	-70.7106781187
2.00000000 -4.00000000 	-70.7106781187
2.00000000 -3.50000000 	-70.7106781187
2.00000000 -3.00000000 	-70.7106781187
2.00000000 -2.50000000 	-70.7106781187
2.00000000 -2.00000000 	-70.7106781187
2.00000000 -1.50000000 	-70.7106781187
2.00000000 -1.00000000 	-70.7106781187
2.00000000 -0.50000000 	-70.7106781187
2.00000000 0.00000000 	-70.7106781187
2.00000000 0.50000000 	-70.7106781187
2.00000000 1.00000000 	-70.7106781187
2.00000000 1.50000000 	-35.2926072584
2.00000000 2.00000000 	53.0822368231
2.00000000 2.50000000 	70.7106781187
2.00000000 3.00000000 	70.7106781187
2.00000000 3.50000000 	70.7106781187
2.00000000 4.00000000 	70.7106781187
2.00000000 4.50000000 	70.7106781187
2.00000000 5.00000000 	70.7106781187
2.00000000 5.50000000 	70.7106781187
2.00000000 6.00000000 	70.7106781187
2.00000000 6.50000000 	70.7106781187
2.00000000 7.00000000 	70.7106781187
2.00000000 7.50000000 	70.7106781187
2.00000000 8.00000000 	70.7106781187
