-8.00000000 -12.00000000 	-70.7106781187
-8.00000000 -11.50000000 	-70.7106781187
-8.00000000 -11.00000000 	-70.7106781187
-8.00000000 -10.50000000 	-70.7106781187
-8.00000000 -10.00000000 	-70.7106781187
-8.00000000 -9.50000000 	-70.7106781187
-8.00000000 -9.00000000 	-70.7106781187
-8.00000000 -8.50000000 	-54.7385685209
-8.00000000 -8.00000000 	39.8001208631
-8.00000000 -7.50000000 	67.9325885675
-8.00000000 -7.00000000 	70.7106781187
-8.00000000 -6.50000000 	70.7106781187
-8.00000000 -6.00000000 	70.7106781187
-8.00000000 -5.50000000 	70.7106781187
-8.00000000 -5.00000000 	70.7106781187
-8.00000000 -4.50000000 	70.7106781187
-8.00000000 -4.00000000 	70.7106781187
-8.00000000 -3.50000000 	70.7106781187
-8.00000000 -3.00000000 	70.7106781187
-8.00000000 -2.50000000 	70.7106781187
-8.00000000 -2.00000000 	70.7106781187
-8.00000000 -1.50000000 	70.7106781187
-8.00000000 -1.00000000 	70.7106781187
-8.00000000 -0.50000000 	70.7106781187
-8.00000000 0.00000000 	70.7106781187
-8.00000000 0.50000000 	70.7106781187
-8.00000000 1.00000000 	70.7106781187
-8.00000000 1.50000000 	70.7106781187
-8.00000000 2.00000000 	70.7106781187
-8.00000000 2.50000000 	70.7106781187
-8.00000000 3.00000000 	70.7106781187
-8.00000000 3.50000000 	70.7106781187
-8.00000000 4.00000000 	70.7106781187
-8.00000000 4.50000000 	70.7106781187
-8.00000000 5.00000000 	70.7106781187
-8.00000000 5.50000000 	70.7106781187
-8.00000000 6.00000000 	70.7106781187
-8.00000000 6.50000000 	70.7106781187
-8.00000000 7.00000000 	70.7106781187
-8.00000000 7.50000000 	70.7106781187
-8.00000000 8.00000000 	70.7106781187
-7.50000000 -12.00000000 	-70.7106781187
-7.50000000 -11.50000000 	-70.7106781187
-7.50000000 -11.00000000 	-70.7106781187
-7.50000000 -10.50000000 	-70.7106781187
-7.50000000 -10.00000000 	-70.7106781187
-7.50000000 -9.50000000 	-70.7106781187
-7.50000000 -9.00000000 	-70.7106781187
-7.50000000 -8.50000000 	-67.9325885675
-7.50000000 -8.00000000 	-41.5353555345
-7.50000000 -7.50000000 	41.5353555345
-7.50000000 -7.00000000 	67.9325885675
-7.50000000 -6.50000000 	70.7106781187
-7.50000000 -6.00000000 	70.7106781187
-7.50000000 -5.50000000 	70.7106781187
-7.50000000 -5.00000000 	70.7106781187
-7.50000000 -4.50000000 	70.7106781187
-7.50000000 -4.00000000 	70.7106781187
-7.50000000 -3.50000000 	70.7106781187
-7.50000000 -3.00000000 	70.7106781187
-7.50000000 -2.50000000 	70.7106781187
-7.50000000 -2.00000000 	70.7106781187
-7.50000000 -1.50000000 	70.7106781187
-7.50000000 -1.00000000 	70.7106781187
-7.50000000 -0.50000000 	70.7106781187
-7.50000000 0.00000000 	70.7106781187
-7.50000000 0.50000000 	70.7106781187
-7.50000000 1.00000000 	70.7106781187
-7.50000000 1.50000000 	70.7106781187
-7.50000000 2.00000000 	70.7106781187
-7.50000000 2.50000000 	70.7106781187
-7.50000000 3.00000000 	70.7106781187
-7.50000000 3.50000000 	70.7106781187
-7.50000000 4.00000000 	70.7106781187
-7.50000000 4.50000000 	70.7106781187
-7.50000000 5.00000000 	70.7106781187
-7.50000000 5.50000000 	70.7106781187
-7.50000000 6.00000000 	70.7106781187
-7.50000000 6.50000000 	70.7106781187
-7.50000000 7.00000000 	70.7106781187
-7.50000000 7.50000000 	70.7106781187
-7.50000000 8.00000000 	70.7106781187
-7.00000000 -12.00000000 	-70.7106781187
-7.00000000 -11.50000000 	-70.7106781187
-7.00000000 -11.00000000 	-70.7106781187
-7.00000000 -10.50000000 	-70.7106781187
-7.00000000 -10.00000000 	-70.7106781187
-7.00000000 -9.50000000 	-70.7106781187
-7.00000000 -9.00000000 	-70.7106781187
-7.00000000 -8.50000000 	-70.7106781187
-7.00000000 -8.00000000 	-67.9325885675
-7.00000000 -7.50000000 	-41.5353555345
-7.00000000 -7.00000000 	41.5353555345
-7.00000000 -6.50000000 	67.9325885675
-7.00000000 -6.00000000 	70.7106781187
-7.00000000 -5.50000000 	70.7106781187
-7.00000000 -5.00000000 	70.7106781187
-7.00000000 -4.50000000 	70.7106781187
-7.00000000 -4.00000000 	70.7106781187
-7.00000000 -3.50000000 	70.7106781187
-7.00000000 -3.00000000 	70.7106781187
-7.00000000 -2.50000000 	70.7106781187
-7.00000000 -2.00000000 	70.7106781187
-7.00000000 -1.50000000 	70.7106781187
-7.00000000 -1.00000000 	70.7106781187
-7.00000000 -0.50000000 	70.7106781187
-7.00000000 0.00000000 	70.7106781187
-7.00000000 0.50000000 	70.7106781187
-7.00000000 1.00000000 	70.7106781187
-7.00000000 1.50000000 	70.7106781187
-7.00000000 2.00000000 	70.7106781187
-7.00000000 2.50000000 	70.7106781187
-7.00000000 3.00000000 	70.7106781187
-7.00000000 3.50000000 	70.7106781187
-7.00000000 4.00000000 	70.7106781187
-7.00000000 4.50000000 	70.7106781187
-7.00000000 5.00000000 	70.7106781187
-7.00000000 5.50000000 	70.7106781187
-7.00000000 6.00000000 	70.7106781187
-7.00000000 6.50000000 	70.7106781187
-7.00000000 7.00000000 	70.7106781187
-7.00000000 7.50000000 	70.7106781187
-7.00000000 8.00000000 	70.7106781187
-6.50000000 -12.00000000 	-70.7106781187
-6.50000000 -11.50000000 	-70.7106781187
-6.50000000 -11.00000000 	-70.7106781187
-6.50000000 -10.50000000 	-70.7106781187
-6.50000000 -10.00000000 	-70.7106781187
-6.50000000 -9.50000000 	-70.7106781187
-6.50000000 -9.00000000 	-70.7106781187
-6.50000000 -8.50000000 	-70.7106781187
-6.50000000 -8.00000000 	-70.7106781187
-6.50000000 -7.50000000 	-67.9325885675
-6.50000000 -7.00000000 	-41.5353555345
-6.50000000 -6.50000000 	41.5353555345
-6.50000000 -6.00000000 	67.9325885675
-6.50000000 -5.50000000 	70.7106781187
-6.50000000 -5.00000000 	70.7106781187
-6.50000000 -4.50000000 	70.7106781187
-6.50000000 -4.00000000 	70.7106781187
-6.50000000 -3.50000000 	70.7106781187
-6.50000000 -3.00000000 	70.7106781187
-6.50000000 -2.50000000 	70.7106781187
-6.50000000 -2.00000000 	70.7106781187
-6.50000000 -1.50000000 	70.7106781187
-6.50000000 -1.00000000 	70.7106781187
-6.50000000 -0.50000000 	70.7106781187
-6.50000000 0.00000000 	70.7106781187
-6.50000000 0.50000000 	70.7106781187
-6.50000000 1.00000000 	70.7106781187
-6.50000000 1.50000000 	70.7106781187
-6.50000000 2.00000000 	70.7106781187
-6.50000000 2.50000000 	70.7106781187
-6.50000000 3.00000000 	70.7106781187
-6.50000000 3.50000000 	70.7106781187
-6.50000000 4.00000000 	70.7106781187
-6.50000000 4.50000000 	70.7106781187
-6.50000000 5.00000000 	70.7106781187
-6.50000000 5.50000000 	70.7106781187
-6.50000000 6.00000000 	70.7106781187
-6.50000000 6.50000000 	70.7106781187
-6.50000000 7.00000000 	70.7106781187
-6.50000000 7.50000000 	70.7106781187
-6.50000000 8.00000000 	70.7106781187
-6.00000000 -12.00000000 	-70.7106781187
-6.00000000 -11.50000000 	-70.7106781187
-6.00000000 -11.00000000 	-70.7106781187
-6.00000000 -10.50000000 	-70.7106781187
-6.00000000 -10.00000000 	-70.7106781187
-6.00000000 -9.50000000 	-70.7106781187
-6.00000000 -9.00000000 	-70.7106781187
-6.00000000 -8.50000000 	-70.7106781187
-6.00000000 -8.00000000 	-70.7106781187
-6.00000000 -7.50000000 	-70.7106781187
-6.00000000 -7.00000000 	-67.9325885675
-6.00000000 -6.50000000 	-41.5353555345
-6.00000000 -6.00000000 	41.5353555345
-6.00000000 -5.50000000 	67.9325885675
-6.00000000 -5.00000000 	70.7106781187
-6.00000000 -4.50000000 	70.7106781187
-6.00000000 -4.00000000 	70.7106781187
-6.00000000 -3.50000000 	70.7106781187
-6.00000000 -3.00000000 	70.7106781187
-6.00000000 -2.50000000 	70.7106781187
-6.00000000 -2.00000000 	70.7106781187
-6.00000000 -1.50000000 	70.7106781187
-6.00000000 -1.00000000 	70.7106781187
-6.00000000 -0.50000000 	70.7106781187
-6.00000000 0.00000000 	70.7106781187
-6.00000000 0.50000000 	70.7106781187
-6.00000000 1.00000000 	70.7106781187
-6.00000000 1.50000000 	70.7106781187
-6.00000000 2.00000000 	70.7106781187
-6.00000000 2.50000000 	70.7106781187
-6.00000000 3.00000000 	70.7106781187
-6.00000000 3.50000000 	70.7106781187
-6.00000000 4.00000000 	70.7106781187
-6.00000000 4.50000000 	70.7106781187
-6.00000000 5.00000000 	70.7106781187
-6.00000000 5.50000000 	70.7106781187
-6.00000000 6.00000000 	70.7106781187
-6.00000000 6.50000000 	70.7106781187
-6.00000000 7.00000000 	70.7106781187
-6.00000000 7.50000000 	70.7106781187
-6.00000000 8.00000000 	70.7106781187
-5.50000000 -12.00000000 	-70.7106781187
-5.50000000 -11.50000000 	-70.7106781187
-5.50000000 -11.00000000 	-70.7106781187
-5.50000000 -10.50000000 	-70.7106781187
-5.50000000 -10.00000000 	-70.7106781187
-5.50000000 -9.50000000 	-70.7106781187
-5.50000000 -9.00000000 	-70.7106781187
-5.50000000 -8.50000000 	-70.7106781187
-5.50000000 -8.00000000 	-70.7106781187
-5.50000000 -7.50000000 	-70.7106781187
-5.50000000 -7.00000000 	-70.7106781187
-5.50000000 -6.50000000 	-67.9325885675
-5.50000000 -6.00000000 	-41.5353555345
-5.50000000 -5.50000000 	41.5353555345
-5.50000000 -5.00000000 	67.9325885675
-5.50000000 -4.50000000 	70.7106781187
-5.50000000 -4.00000000 	70.7106781187
-5.50000000 -3.50000000 	70.7106781187
-5.50000000 -3.00000000 	70.7106781187
-5.50000000 -2.50000000 	70.7106781187
-5.50000000 -2.00000000 	70.7106781187
-5.50000000 -1.50000000 	70.7106781187
-5.50000000 -1.00000000 	70.7106781187
-5.50000000 -0.50000000 	70.7106781187
-5.50000000 0.00000000 	70.7106781187
-5.50000000 0.50000000 	70.7106781187
-5.50000000 1.00000000 	70.7106781187
-5.50000000 1.50000000 	70.7106781187
-5.50000000 2.00000000 	70.7106781187
-5.50000000 2.50000000 	70.7106781187
-5.50000000 3.00000000 	70.7106781187
-5.50000000 3.50000000 	70.7106781187
-5.50000000 4.00000000 	70.7106781187
-5.50000000 4.50000000 	70.7106781187
-5.50000000 5.00000000 	70.7106781187
-5.50000000 5.50000000 	70.7106781187
-5.50000000 6.00000000 	70.7106781187
-5.50000000 6.50000000 	70.7106781187
-5.50000000 7.00000000 	70.7106781187
-5.50000000 7.50000000 	70.7106781187
-5.50000000 8.00000000 	70.7106781187
-5.00000000 -12.00000000 	-70.7106781187
-5.00000000 -11.50000000 	-70.7106781187
-5.00000000 -11.00000000 	-70.7106781187
-5.00000000 -10.50000000 	-70.7106781187
-5.00000000 -10.00000000 	-70.7106781187
-5.00000000 -9.50000000 	-70.7106781187
-5.00000000 -9.00000000 	-70.7106781187
-5.00000000 -8.50000000 	-70.7106781187
-5.00000000 -8.00000000 	-70.7106781187
-5.00000000 -7.50000000 	-70.7106781187
-5.00000000 -7.00000000 	-70.7106781187
-5.00000000 -6.50000000 	-70.7106781187
-5.00000000 -6.00000000 	-67.9325885675
-5.00000000 -5.50000000 	-41.5353555345
-5.00000000 -5.00000000 	41.5353555345
-5.00000000 -4.50000000 	67.9325885675
-5.00000000 -4.00000000 	70.7106781187
-5.00000000 -3.50000000 	70.7106781187
-5.00000000 -3.00000000 	70.7106781187
-5.00000000 -2.50000000 	70.7106781187
-5.00000000 -2.00000000 	70.7106781187
-5.00000000 -1.50000000 	70.7106781187
-5.00000000 -1.00000000 	70.7106781187
-5.00000000 -0.50000000 	70.7106781187
-5.00000000 0.00000000 	70.7106781187
-5.00000000 0.50000000 	70.7106781187
-5.00000000 1.00000000 	70.7106781187
-5.00000000 1.50000000 	70.7106781187
-5.00000000 2.00000000 	70.7106781187
-5.00000000 2.50000000 	70.7106781187
-5.00000000 3.00000000 	70.7106781187
-5.00000000 3.50000000 	70.7106781187
-5.00000000 4.00000000 	70.7106781187
-5.00000000 4.50000000 	70.7106781187
-5.00000000 5.00000000 	70.7106781187
-5.00000000 5.50000000 	70.7106781187
-5.00000000 6.00000000 	70.7106781187
-5.00000000 6.50000000 	70.7106781187
-5.00000000 7.00000000 	70.7106781187
-5.00000000 7.50000000 	70.7106781187
-5.00000000 8.00000000 	70.7106781187
-4.50000000 -12.00000000 	-70.7106781187
-4.50000000 -11.50000000 	-70.7106781187
-4.50000000 -11.00000000 	-70.7106781187
-4.50000000 -10.50000000 	-70.7106781187
-4.50000000 -10.00000000 	-70.7106781187
-4.50000000 -9.50000000 	-70.7106781187
-4.50000000 -9.00000000 	-70.7106781187
-4.50000000 -8.50000000 	-70.7106781187
-4.50000000 -8.00000000 	-70.7106781187
-4.50000000 -7.50000000 	-70.7106781187
-4.50000000 -7.00000000 	-70.7106781187
-4.50000000 -6.50000000 	-70.7106781187
-4.50000000 -6.00000000 	-70.7106781187
-4.50000000 -5.50000000 	-67.9325885675
-4.50000000 -5.00000000 	-41.5353555345
-4.50000000 -4.50000000 	41.5353555345
-4.50000000 -4.00000000 	67.9325885675
-4.50000000 -3.50000000 	70.7106781187
-4.50000000 -3.00000000 	70.7106781187
-4.50000000 -2.50000000 	70.7106781187
-4.50000000 -2.00000000 	70.7106781187
-4.50000000 -1.50000000 	70.7106781187
-4.50000000 -1.00000000 	70.7106781187
-4.50000000 -0.50000000 	70.7106781187
-4.50000000 0.00000000 	70.7106781187
-4.50000000 0.50000000 	70.7106781187
-4.50000000 1.00000000 	70.7106781187
-4.50000000 1.50000000 	70.7106781187
-4.50000000 2.00000000 	70.7106781187
-4.50000000 2.50000000 	70.7106781187
-4.50000000 3.00000000 	70.7106781187
-4.50000000 3.50000000 	70.7106781187
-4.50000000 4.00000000 	70.7106781187
-4.50000000 4.50000000 	70.7106781187
-4.50000000 5.00000000 	70.7106781187
-4.50000000 5.50000000 	70.7106781187
-4.50000000 6.00000000 	70.7106781187
-4.50000000 6.50000000 	70.7106781187
-4.50000000 7.00000000 	70.7106781187
-4.50000000 7.50000000 	70.7106781187
-4.50000000 8.00000000 	70.7106781187
-4.00000000 -12.00000000 	-70.7106781187
-4.00000000 -11.50000000 	-70.7106781187
-4.00000000 -11.00000000 	-70.7106781187
-4.00000000 -10.50000000 	-70.7106781187
-4.00000000 -10.00000000 	-70.7106781187
-4.00000000 -9.50000000 	-70.7106781187
-4.00000000 -9.00000000 	-70.7106781187
-4.00000000 -8.50000000 	-70.7106781187
-4.00000000 -8.00000000 	-70.7106781187
-4.00000000 -7.50000000 	-70.7106781187
-4.00000000 -7.00000000 	-70.7106781187
-4.00000000 -6.50000000 	-70.7106781187
-4.00000000 -6.00000000 	-70.7106781187
-4.00000000 -5.50000000 	-70.7106781187
-4.00000000 -5.00000000 	-67.9325885675
-4.00000000 -4.50000000 	-41.5353555345
-4.00000000 -4.00000000 	41.5353555345
-4.00000000 -3.50000000 	67.9325885675
-4.00000000 -3.00000000 	70.7106781187
-4.00000000 -2.50000000 	70.7106781187
-4.00000000 -2.00000000 	70.7106781187
-4.00000000 -1.50000000 	70.7106781187
-4.00000000 -1.00000000 	70.7106781187
-4.00000000 -0.50000000 	70.7106781187
-4.00000000 0.00000000 	70.7106781187
-4.00000000 0.50000000 	70.7106781187
-4.00000000 1.00000000 	70.7106781187
-4.00000000 1.50000000 	70.7106781187
-4.00000000 2.00000000 	70.7106781187
-4.00000000 2.50000000 	70.7106781187
-4.00000000 3.00000000 	70.7106781187
-4.00000000 3.50000000 	70.7106781187
-4.00000000 4.00000000 	70.7106781187
-4.00000000 4.50000000 	70.7106781187
-4.00000000 5.00000000 	70.7106781187
-4.00000000 5.50000000 	70.7106781187
-4.00000000 6.00000000 	70.7106781187
-4.00000000 6.50000000 	70.7106781187
-4.00000000 7.00000000 	70.7106781187
-4.00000000 7.50000000 	70.7106781187
-4.00000000 8.00000000 	70.7106781187
-3.50000000 -12.00000000 	-70.7106781187
-3.50000000 -11.50000000 	-70.7106781187
-3.50000000 -11.00000000 	-70.7106781187
-3.50000000 -10.50000000 	-70.7106781187
-3.50000000 -10.00000000 	-70.7106781187
-3.50000000 -9.50000000 	-70.7106781187
-3.50000000 -9.00000000 	-70.7106781187
-3.50000000 -8.50000000 	-70.7106781187
-3.50000000 -8.00000000 	-70.7106781187
-3.50000000 -7.50000000 	-70.7106781187
-3.50000000 -7.00000000 	-70.7106781187
-3.50000000 -6.50000000 	-70.7106781187
-3.50000000 -6.00000000 	-70.7106781187
-3.50000000 -5.50000000 	-70.7106781187
-3.50000000 -5.00000000 	-70.7106781187
-3.50000000 -4.50000000 	-67.9325885675
-3.50000000 -4.00000000 	-41.5353555345
-3.50000000 -3.50000000 	41.5353555345
-3.50000000 -3.00000000 	67.9325885675
-3.50000000 -2.50000000 	70.7106781187
-3.50000000 -2.00000000 	70.7106781187
-3.50000000 -1.50000000 	70.7106781187
-3.50000000 -1.00000000 	70.7106781187
-3.50000000 -0.50000000 	70.7106781187
-3.50000000 0.00000000 	70.7106781187
-3.50000000 0.50000000 	70.7106781187
-3.50000000 1.00000000 	70.7106781187
-3.50000000 1.50000000 	70.7106781187
-3.50000000 2.00000000 	70.7106781187
-3.50000000 2.50000000 	70.7106781187
-3.50000000 3.00000000 	70.7106781187
-3.50000000 3.50000000 	70.7106781187
-3.50000000 4.00000000 	70.7106781187
-3.50000000 4.50000000 	70.7106781187
-3.50000000 5.00000000 	70.7106781187
-3.50000000 5.50000000 	70.7106781187
-3.50000000 6.00000000 	70.7106781187
-3.50000000 6.50000000 	70.7106781187
-3.50000000 7.00000000 	70.7106781187
-3.50000000 7.50000000 	70.7106781187
-3.50000000 8.00000000 	70.7106781187
-3.00000000 -12.00000000 	-70.7106781187
-3.00000000 -11.50000000 	-70.7106781187
-3.00000000 -11.00000000 	-70.7106781187
-3.00000000 -10.50000000 	-70.7106781187
-3.00000000 -10.00000000 	-70.7106781187
-3.00000000 -9.50000000 	-70.7106781187
-3.00000000 -9.00000000 	-70.7106781187
-3.00000000 -8.50000000 	-70.7106781187
-3.00000000 -8.00000000 	-70.7106781187
-3.00000000 -7.50000000 	-70.7106781187
-3.00000000 -7.00000000 	-70.7106781187
-3.00000000 -6.50000000 	-70.7106781187
-3.00000000 -6.00000000 	-70.7106781187
-3.00000000 -5.50000000 	-70.7106781187
-3.00000000 -5.00000000 	-70.7106781187
-3.00000000 -4.50000000 	-70.7106781187
-3.00000000 -4.00000000 	-67.9325885675
-3.00000000 -3.50000000 	-41.5353555345
-3.00000000 -3.00000000 	41.5353555345
-3.00000000 -2.50000000 	67.9325885675
-3.00000000 -2.00000000 	70.7106781187
-3.00000000 -1.50000000 	70.7106781187
-3.00000000 -1.00000000 	70.7106781187
-3.00000000 -0.50000000 	70.7106781187
-3.00000000 0.00000000 	70.7106781187
-3.00000000 0.50000000 	70.7106781187
-3.00000000 1.00000000 	70.7106781187
-3.00000000 1.50000000 	70.7106781187
-3.00000000 2.00000000 	70.7106781187
-3.00000000 2.50000000 	70.7106781187
-3.00000000 3.00000000 	70.7106781187
-3.00000000 3.50000000 	70.7106781187
-3.00000000 4.00000000 	70.7106781187
-3.00000000 4.50000000 	70.7106781187
-3.00000000 5.00000000 	70.7106781187
-3.00000000 5.50000000 	70.7106781187
-3.00000000 6.00000000 	70.7106781187
-3.00000000 6.50000000 	70.7106781187
-3.00000000 7.00000000 	70.7106781187
-3.00000000 7.50000000 	70.7106781187
-3.00000000 8.00000000 	70.7106781187
-2.50000000 -12.00000000 	-70.7106781187
-2.50000000 -11.50000000 	-70.7106781187
-2.50000000 -11.00000000 	-70.7106781187
-2.50000000 -10.50000000 	-70.7106781187
-2.50000000 -10.00000000 	-70.7106781187
-2.50000000 -9.50000000 	-70.7106781187
-2.50000000 -9.00000000 	-70.7106781187
-2.50000000 -8.50000000 	-70.7106781187
-2.50000000 -8.00000000 	-70.7106781187
-2.50000000 -7.50000000 	-70.7106781187
-2.50000000 -7.00000000 	-70.7106781187
-2.50000000 -6.50000000 	-70.7106781187
-2.50000000 -6.00000000 	-70.7106781187
-2.50000000 -5.50000000 	-70.7106781187
-2.50000000 -5.00000000 	-70.7106781187
-2.50000000 -4.50000000 	-70.7106781187
-2.50000000 -4.00000000 	-70.7106781187
-2.50000000 -3.50000000 	-67.9325885675
-2.50000000 -3.00000000 	-41.5353555345
-2.50000000 -2.50000000 	41.5353555345
-2.50000000 -2.00000000 	67.9325885675
-2.50000000 -1.50000000 	70.7106781187
-2.50000000 -1.00000000 	70.7106781187
-2.50000000 -0.50000000 	70.7106781187
-2.50000000 0.00000000 	70.7106781187
-2.50000000 0.50000000 	70.7106781187
-2.50000000 1.00000000 	70.7106781187
-2.50000000 1.50000000 	70.7106781187
-2.50000000 2.00000000 	70.7106781187
-2.50000000 2.50000000 	70.7106781187
-2.50000000 3.00000000 	70.7106781187
-2.50000000 3.50000000 	70.7106781187
-2.50000000 4.00000000 	70.7106781187
-2.50000000 4.50000000 	70.7106781187
-2.50000000 5.00000000 	70.7106781187
-2.50000000 5.50000000 	70.7106781187
-2.50000000 6.00000000 	70.7106781187
-2.50000000 6.50000000 	70.7106781187
-2.50000000 7.00000000 	70.7106781187
-2.50000000 7.50000000 	70.7106781187
-2.50000000 8.00000000 	70.7106781187
-2.00000000 -12.00000000 	-70.7106781187
-2.00000000 -11.50000000 	-70.7106781187
-2.00000000 -11.00000000 	-70.7106781187
-2.00000000 -10.50000000 	-70.7106781187
-2.00000000 -10.00000000 	-70.7106781187
-2.00000000 -9.50000000 	-70.7106781187
-2.00000000 -9.00000000 	-70.7106781187
-2.00000000 -8.50000000 	-70.7106781187
-2.00000000 -8.00000000 	-70.7106781187
-2.00000000 -7.50000000 	-70.7106781187
-2.00000000 -7.00000000 	-70.7106781187
-2.00000000 -6.50000000 	-70.7106781187
-2.00000000 -6.00000000 	-70.7106781187
-2.00000000 -5.50000000 	-70.7106781187
-2.00000000 -5.00000000 	-70.7106781187
-2.00000000 -4.50000000 	-70.7106781187
-2.00000000 -4.00000000 	-70.7106781187
-2.00000000 -3.50000000 	-70.7106781187
-2.00000000 -3.00000000 	-67.9325885675
-2.00000000 -2.50000000 	-41.5353555345
-2.00000000 -2.00000000 	41.5353555345
-2.00000000 -1.50000000 	67.9325885675
-2.00000000 -1.00000000 	70.7106781187
-2.00000000 -0.50000000 	70.7106781187
-2.00000000 0.00000000 	70.7106781187
-2.00000000 0.50000000 	70.7106781187
-2.00000000 1.00000000 	70.7106781187
-2.00000000 1.50000000 	70.7106781187
-2.00000000 2.00000000 	70.7106781187
-2.00000000 2.50000000 	70.7106781187
-2.00000000 3.00000000 	70.7106781187
-2.00000000 3.50000000 	70.7106781187
-2.00000000 4.00000000 	70.7106781187
-2.00000000 4.50000000 	70.7106781187
-2.00000000 5.00000000 	70.7106781187
-2.00000000 5.50000000 	70.7106781187
-2.00000000 6.00000000 	70.7106781187
-2.00000000 6.50000000 	70.7106781187
-2.00000000 7.00000000 	70.7106781187
-2.00000000 7.50000000 	70.7106781187
-2.00000000 8.00000000 	70.7106781187
-1.50000000 -12.00000000 	-70.7106781187
-1.50000000 -11.50000000 	-70.7106781187
-1.50000000 -11.00000000 	-70.7106781187
-1.50000000 -10.50000000 	-70.7106781187
-1.50000000 -10.00000000 	-70.7106781187
-1.50000000 -9.50000000 	-70.7106781187
-1.50000000 -9.00000000 	-70.7106781187
-1.50000000 -8.50000000 	-70.7106781187
-1.50000000 -8.00000000 	-70.7106781187
-1.50000000 -7.50000000 	-70.7106781187
-1.50000000 -7.00000000 	-70.7106781187
-1.50000000 -6.50000000 	-70.7106781187
-1.50000000 -6.00000000 	-70.7106781187
-1.50000000 -5.50000000 	-70.7106781187
-1.50000000 -5.00000000 	-70.7106781187
-1.50000000 -4.50000000 	-70.7106781187
-1.50000000 -4.00000000 	-70.7106781187
-1.50000000 -3.50000000 	-70.7106781187
-1.50000000 -3.00000000 	-70.7106781187
-1.50000000 -2.50000000 	-67.9325885675
-1.50000000 -2.00000000 	-41.5353555345
-1.50000000 -1.50000000 	41.5353555345
-1.50000000 -1.00000000 	67.9325885675
-1.50000000 -0.50000000 	70.7106781187
-1.50000000 0.00000000 	70.7106781187
-1.50000000 0.50000000 	70.7106781187
-1.50000000 1.00000000 	70.7106781187
-1.50000000 1.50000000 	70.7106781187
-1.50000000 2.00000000 	70.7106781187
-1.50000000 2.50000000 	70.7106781187
-1.50000000 3.00000000 	70.7106781187
-1.50000000 3.50000000 	70.7106781187
-1.50000000 4.00000000 	70.7106781187
-1.50000000 4.50000000 	70.7106781187
-1.50000000 5.00000000 	70.7106781187
-1.50000000 5.50000000 	70.7106781187
-1.50000000 6.00000000 	70.7106781187
-1.50000000 6.50000000 	70.7106781187
-1.50000000 7.00000000 	70.7106781187
-1.50000000 7.50000000 	70.7106781187
-1.50000000 8.00000000 	70.7106781187
-1.00000000 -12.00000000 	-70.7106781187
-1.00000000 -11.50000000 	-70.7106781187
-1.00000000 -11.00000000 	-70.7106781187
-1.00000000 -10.50000000 	-70.7106781187
-1.00000000 -10.00000000 	-70.7106781187
-1.00000000 -9.50000000 	-70.7106781187
-1.00000000 -9.00000000 	-70.7106781187
-1.00000000 -8.50000000 	-70.7106781187
-1.00000000 -8.00000000 	-70.7106781187
-1.00000000 -7.50000000 	-70.7106781187
-1.00000000 -7.00000000 	-70.7106781187
-1.00000000 -6.50000000 	-70.7106781187
-1.00000000 -6.00000000 	-70.7106781187
-1.00000000 -5.50000000 	-70.7106781187
-1.00000000 -5.00000000 	-70.7106781187
-1.00000000 -4.50000000 	-70.7106781187
-1.00000000 -4.00000000 	-70.7106781187
-1.00000000 -3.50000000 	-70.7106781187
-1.00000000 -3.00000000 	-70.7106781187
-1.00000000 -2.50000000 	-70.7106781187
-1.00000000 -2.00000000 	-67.9325885675
-1.00000000 -1.50000000 	-41.5353555345
-1.00000000 -1.00000000 	41.5353555345
-1.00000000 -0.50000000 	67.9325885675
-1.00000000 0.00000000 	70.7106781187
-1.00000000 0.50000000 	70.7106781187
-1.00000000 1.00000000 	70.7106781187
-1.00000000 1.50000000 	70.7106781187
-1.00000000 2.00000000 	70.7106781187
-1.00000000 2.50000000 	70.7106781187
-1.00000000 3.00000000 	70.7106781187
-1.00000000 3.50000000 	70.7106781187
-1.00000000 4.00000000 	70.7106781187
-1.00000000 4.50000000 	70.7106781187
-1.00000000 5.00000000 	70.7106781187
-1.00000000 5.50000000 	70.7106781187
-1.00000000 6.00000000 	70.7106781187
-1.00000000 6.50000000 	70.7106781187
-1.00000000 7.00000000 	70.7106781187
-1.00000000 7.50000000 	70.7106781187
-1.00000000 8.00000000 	70.7106781187
-0.50000000 -12.00000000 	-70.7106781187
-0.50000000 -11.50000000 	-70.7106781187
-0.50000000 -11.00000000 	-70.7106781187
-0.50000000 -10.50000000 	-70.7106781187
-0.50000000 -10.00000000 	-70.7106781187
-0.50000000 -9.50000000 	-70.7106781187
-0.50000000 -9.00000000 	-70.7106781187
-0.50000000 -8.50000000 	-70.7106781187
-0.50000000 -8.00000000 	-70.7106781187
-0.50000000 -7.50000000 	-70.7106781187
-0.50000000 -7.00000000 	-70.7106781187
-0.50000000 -6.50000000 	-70.7106781187
-0.50000000 -6.00000000 	-70.7106781187
-0.50000000 -5.50000000 	-70.7106781187
-0.50000000 -5.00000000 	-70.7106781187
-0.50000000 -4.50000000 	-70.7106781187
-0.50000000 -4.00000000 	-70.7106781187
-0.50000000 -3.50000000 	-70.7106781187
-0.50000000 -3.00000000 	-70.7106781187
-0.50000000 -2.50000000 	-70.7106781187
-0.50000000 -2.00000000 	-70.7106781187
-0.50000000 -1.50000000 	-67.9325885675
-0.50000000 -1.00000000 	-41.5353555345
-0.50000000 -0.50000000 	41.5353555345
-0.50000000 0.00000000 	67.9325885675
-0.50000000 0.50000000 	70.7106781187
-0.50000000 1.00000000 	70.7106781187
-0.50000000 1.50000000 	70.7106781187
-0.50000000 2.00000000 	70.7106781187
-0.50000000 2.50000000 	70.7106781187
-0.50000000 3.00000000 	70.7106781187
-0.50000000 3.50000000 	70.7106781187
-0.50000000 4.00000000 	70.7106781187
-0.50000000 4.50000000 	70.7106781187
-0.50000000 5.00000000 	70.7106781187
-0.50000000 5.50000000 	70.7106781187
-0.50000000 6.00000000 	70.7106781187
-0.50000000 6.50000000 	70.7106781187
-0.50000000 7.00000000 	70.7106781187
-0.50000000 7.50000000 	70.7106781187
-0.50000000 8.00000000 	70.7106781187
0.00000000 -12.00000000 	-70.7106781187
0.00000000 -11.50000000 	-70.7106781187
0.00000000 -11.00000000 	-70.7106781187
0.00000000 -10.50000000 	-70.7106781187
0.00000000 -10.00000000 	-70.7106781187
0.00000000 -9.50000000 	-70.7106781187
0.00000000 -9.00000000 	-70.7106781187
0.00000000 -8.50000000 	-70.7106781187
0.00000000 -8.00000000 	-70.7106781187
0.00000000 -7.50000000 	-70.7106781187
0.00000000 -7.00000000 	-70.7106781187
0.00000000 -6.50000000 	-70.7106781187
0.00000000 -6.00000000 	-70.7106781187
0.00000000 -5.50000000 	-70.7106781187
0.00000000 -5.00000000 	-70.7106781187
0.00000000 -4.50000000 	-70.7106781187
0.00000000 -4.00000000 	-70.7106781187
0.00000000 -3.50000000 	-70.7106781187
0.00000000 -3.00000000 	-70.7106781187
0.00000000 -2.50000000 	-70.7106781187
0.00000000 -2.00000000 	-70.7106781187
0.00000000 -1.50000000 	-70.7106781187
0.00000000 -1.00000000 	-67.9325885675
0.00000000 -0.50000000 	-41.5353555345
0.00000000 0.00000000 	41.5353555345
0.00000000 0.50000000 	67.9325885675
0.00000000 1.00000000 	70.7106781187
0.00000000 1.50000000 	70.7106781187
0.00000000 2.00000000 	70.7106781187
0.00000000 2.50000000 	70.7106781187
0.00000000 3.00000000 	70.7106781187
0.00000000 3.50000000 	70.7106781187
0.00000000 4.00000000 	70.7106781187
0.00000000 4.50000000 	70.7106781187
0.00000000 5.00000000 	70.7106781187
0.00000000 5.50000000 	70.7106781187
0.00000000 6.00000000 	70.7106781187
0.00000000 6.50000000 	70.7106781187
0.00000000 7.00000000 	70.7106781187
0.00000000 7.50000000 	70.7106781187
0.00000000 8.00000000 	70.7106781187
0.50000000 -12.00000000 	-70.7106781187
0.50000000 -11.50000000 	-70.7106781187
0.50000000 -11.00000000 	-70.7106781187
0.50000000 -10.50000000 	-70.7106781187
0.50000000 -10.00000000 	-70.7106781187
0.50000000 -9.50000000 	-70.7106781187
0.50000000 -9.00000000 	-70.7106781187
0.50000000 -8.50000000 	-70.7106781187
0.50000000 -8.00000000 	-70.7106781187
0.50000000 -7.50000000 	-70.7106781187
0.50000000 -7.00000000 	-70.7106781187
0.50000000 -6.50000000 	-70.7106781187
0.50000000 -6.00000000 	-70.7106781187
0.50000000 -5.50000000 	-70.7106781187
0.50000000 -5.00000000 	-70.7106781187
0.50000000 -4.50000000 	-70.7106781187
0.50000000 -4.00000000 	-70.7106781187
0.50000000 -3.50000000 	-70.7106781187
0.50000000 -3.00000000 	-70.7106781187
0.50000000 -2.50000000 	-70.7106781187
0.50000000 -2.00000000 	-70.7106781187
0.50000000 -1.50000000 	-70.7106781187
0.50000000 -1.00000000 	-70.7106781187
0.50000000 -0.50000000 	-67.9325885675
0.50000000 0.00000000 	-41.5353555345
0.50000000 0.50000000 	41.5353555345
0.50000000 1.00000000 	67.9325885675
0.50000000 1.50000000 	70.7106781187
0.50000000 2.00000000 	70.7106781187
0.50000000 2.50000000 	70.7106781187
0.50000000 3.00000000 	70.7106781187
0.50000000 3.50000000 	70.7106781187
0.50000000 4.00000000 	70.7106781187
0.50000000 4.50000000 	70.7106781187
0.50000000 5.00000000 	70.7106781187
0.50000000 5.50000000 	70.7106781187
0.50000000 6.00000000 	70.7106781187
0.50000000 6.50000000 	70.7106781187
0.50000000 7.00000000 	70.7106781187
0.50000000 7.50000000 	70.7106781187
0.50000000 8.00000000 	70.7106781187
1.00000000 -12.00000000 	-70.7106781187
1.00000000 -11.50000000 	-70.7106781187
1.00000000 -11.00000000 	-70.7106781187
1.00000000 -10.50000000 	-70.7106781187
1.00000000 -10.00000000 	-70.7106781187
1.00000000 -9.50000000 	-70.7106781187
1.00000000 -9.00000000 	-70.7106781187
1.00000000 -8.50000000 	-70.7106781187
1.00000000 -8.00000000 	-70.7106781187
1.00000000 -7.50000000 	-70.7106781187
1.00000000 -7.00000000 	-70.7106781187
1.00000000 -6.50000000 	-70.7106781187
1.00000000 -6.00000000 	-70.7106781187
1.00000000 -5.50000000 	-70.7106781187
1.00000000 -5.00000000 	-70.7106781187
1.00000000 -4.50000000 	-70.7106781187
1.00000000 -4.00000000 	-70.7106781187
1.00000000 -3.50000000 	-70.7106781187
1.00000000 -3.00000000 	-70.7106781187
1.00000000 -2.50000000 	-70.7106781187
1.00000000 -2.00000000 	-70.7106781187
1.00000000 -1.50000000 	-70.7106781187
1.00000000 -1.00000000 	-70.7106781187
1.00000000 -0.50000000 	-70.7106781187
1.00000000 0.00000000 	-67.9325885675
1.00000000 0.50000000 	-41.5353555345
1.00000000 1.00000000 	41.5353555345
1.00000000 1.50000000 	67.9325885675
1.00000000 2.00000000 	70.7106781187
1.00000000 2.50000000 	70.7106781187
1.00000000 3.00000000 	70.7106781187
1.00000000 3.50000000 	70.7106781187
1.00000000 4.00000000 	70.7106781187
1.00000000 4.50000000 	70.7106781187
1.00000000 5.00000000 	70.7106781187
1.00000000 5.50000000 	70.7106781187
1.00000000 6.00000000 	70.7106781187
1.00000000 6.50000000 	70.7106781187
1.00000000 7.00000000 	70.7106781187
1.00000000 7.50000000 	70.7106781187
1.00000000 8.00000000 	70.7106781187
1.50000000 -12.00000000 	-70.7106781187
1.50000000 -11.50000000 	-70.7106781187
1.50000000 -11.00000000 	-70.7106781187
1.50000000 -10.50000000 	-70.7106781187
1.50000000 -10.00000000 	-70.7106781187
1.50000000 -9.50000000 	-70.7106781187
1.50000000 -9.00000000 	-70.7106781187
1.50000000 -8.50000000 	-70.7106781187
1.50000000 -8.00000000 	-70.7106781187
1.50000000 -7.50000000 	-70.7106781187
1.50000000 -7.00000000 	-70.7106781187
1.50000000 -6.50000000 	-70.7106781187
1.50000000 -6.00000000 	-70.7106781187
1.50000000 -5.50000000 	-70.7106781187
1.50000000 -5.00000000 	-70.7106781187
1.50000000 -4.50000000 	-70.7106781187
1.50000000 -4.00000000 	-70.7106781187
1.50000000 -3.50000000 	-70.7106781187
1.50000000 -3.00000000 	-70.7106781187
1.50000000 -2.50000000 	-70.7106781187
1.50000000 -2.00000000 	-70.7106781187
1.50000000 -1.50000000 	-70.7106781187
1.50000000 -1.00000000 	-70.7106781187
1.50000000 -0.50000000 	-70.7106781187
1.50000000 0.00000000 	-70.7106781187
1.50000000 0.50000000 	-67.9325885675
1.50000000 1.00000000 	-41.5353555345
1.50000000 1.50000000 	41.5353555345
1.50000000 2.00000000 	67.9325885675
1.50000000 2.50000000 	70.7106781187
1.50000000 3.00000000 	70.7106781187
1.50000000 3.50000000 	70.7106781187
1.50000000 4.00000000 	70.7106781187
1.50000000 4.50000000 	70.7106781187
1.50000000 5.00000000 	70.7106781187
1.50000000 5.50000000 	70.7106781187
1.50000000 6.00000000 	70.7106781187
1.50000000 6.50000000 	70.7106781187
1.50000000 7.00000000 	70.7106781187
1.50000000 7.50000000 	70.7106781187
1.50000000 8.00000000 	70.7106781187
2.00000000 -12.00000000 	-70.7106781187
2.00000000 -11.50000000 	-70.7106781187
2.00000000 -11.00000000 	-70.7106781187
2.00000000 -10.50000000 	-70.7106781187
2.00000000 -10.00000000 	-70.7106781187
2.00000000 -9.50000000 	-70.7106781187
2.00000000 -9.00000000 	-70.7106781187
2.00000000 -8.50000000 	-70.7106781187
2.00000000 -8.00000000 	-70.7106781187
2.00000000 -7.50000000 	-70.7106781187
2.00000000 -7.00000000 	-70.7106781187
2.00000000 -6.50000000 	-70.7106781187
2.00000000 -6.00000000 	-70.7106781187
2.00000000 -5.50000000 	-70.7106781187
2.00000000 -5.00000000 	-70.7106781187
2.00000000 -4.50000000 	-70.7106781187
2.00000000 -4.00000000 	-70.7106781187
2.00000000 -3.50000000 	-70.7106781187
2.00000000 -3.00000000 	-70.7106781187
2.00000000 -2.50000000 	-70.7106781187
2.00000000 -2.00000000 	-70.7106781187
2.00000000 -1.50000000 	-70.7106781187
2.00000000 -1.00000000 	-70.7106781187
2.00000000 -0.50000000 	-70.7106781187
2.00000000 0.00000000 	-70.7106781187
2.00000000 0.50000000 	-70.7106781187
2.00000000 1.00000000 	-67.9325885675
2.00000000 1.50000000 	-39.8001208631
2.00000000 2.00000000 	54.7385685209
2.00000000 2.50000000 	70.7106781187
2.00000000 3.00000000 	70.7106781187
2.00000000 3.50000000 	70.7106781187
2.00000000 4.00000000 	70.7106781187
2.00000000 4.50000000 	70.7106781187
2.00000000 5.00000000 	70.7106781187
2.00000000 5.50000000 	70.7106781187
2.00000000 6.00000000 	70.7106781187
2.00000000 6.50000000 	70.7106781187
2.00000000 7.00000000 	70.7106781187
2.00000000 7.50000000 	70.7106781187
2.00000000 8.00000000 	70.7106781187
