-8.00000000 -12.00000000 	50.0000000000
-8.00000000 -11.50000000 	50.0000000000
-8.00000000 -11.00000000 	50.0000000000
-8.00000000 -10.50000000 	50.0000000000
-8.00000000 -10.00000000 	50.0000000000
-8.00000000 -9.50000000 	50.0000000000
-8.00000000 -9.00000000 	50.0000000000
-8.00000000 -8.50000000 	50.0000000000
-8.00000000 -8.00000000 	50.0000000000
-8.00000000 -7.50000000 	50.0000000000
-8.00000000 -7.00000000 	50.0000000000
-8.00000000 -6.50000000 	50.0000000000
-8.00000000 -6.00000000 	50.0000000000
-8.00000000 -5.50000000 	50.0000000000
-8.00000000 -5.00000000 	50.0000000000
-8.00000000 -4.50000000 	50.0000000000
-8.00000000 -4.00000000 	50.0000000000
-8.00000000 -3.50000000 	50.0000000000
-8.00000000 -3.00000000 	50.0000000000
-8.00000000 -2.50000000 	50.0000000000
-8.00000000 -2.00000000 	50.0000000000
-8.00000000 -1.50000000 	50.0000000000
-8.00000000 -1.00000000 	50.0000000000
-8.00000000 -0.50000000 	50.0000000000
-8.00000000 0.00000000 	50.0000000000
-8.00000000 0.50000000 	50.0000000000
-8.00000000 1.00000000 	50.0000000000
-8.00000000 1.50000000 	50.0000000000
-8.00000000 2.00000000 	50.0000000000
-8.00000000 2.50000000 	50.0000000000
-8.00000000 3.00000000 	50.0000000000
-8.00000000 3.50000000 	50.0000000000
-8.00000000 4.00000000 	50.0000000000
-8.00000000 4.50000000 	50.0000000000
-8.00000000 5.00000000 	50.0000000000
-8.00000000 5.50000000 	50.0000000000
-8.00000000 6.00000000 	50.0000000000
-8.00000000 6.50000000 	50.0000000000
-8.00000000 7.00000000 	50.0000000000
-8.00000000 7.50000000 	50.0000000000
-8.00000000 8.00000000 	50.0000000000
-7.50000000 -12.00000000 	50.0000000000
-7.50000000 -11.50000000 	50.0000000000
-7.50000000 -11.00000000 	50.0000000000
-7.50000000 -10.50000000 	50.0000000000
-7.50000000 -10.00000000 	50.0000000000
-7.50000000 -9.50000000 	50.0000000000
-7.50000000 -9.00000000 	50.0000000000
-7.50000000 -8.50000000 	50.0000000000
-7.50000000 -8.00000000 	50.0000000000
-7.50000000 -7.50000000 	50.0000000000
-7.50000000 -7.00000000 	50.0000000000
-7.50000000 -6.50000000 	50.0000000000
-7.50000000 -6.00000000 	50.0000000000
-7.50000000 -5.50000000 	50.0000000000
-7.50000000 -5.00000000 	50.0000000000
-7.50000000 -4.50000000 	50.0000000000
-7.50000000 -4.00000000 	50.0000000000
-7.50000000 -3.50000000 	50.0000000000
-7.50000000 -3.00000000 	50.0000000000
-7.50000000 -2.50000000 	50.0000000000
-7.50000000 -2.00000000 	50.0000000000
-7.50000000 -1.50000000 	50.0000000000
-7.50000000 -1.00000000 	50.0000000000
-7.50000000 -0.50000000 	50.0000000000
-7.50000000 0.00000000 	50.0000000000
-7.50000000 0.50000000 	50.0000000000
-7.50000000 1.00000000 	50.0000000000
-7.50000000 1.50000000 	50.0000000000
-7.50000000 2.00000000 	50.0000000000
-7.50000000 2.50000000 	50.0000000000
-7.50000000 3.00000000 	50.0000000000
-7.50000000 3.50000000 	50.0000000000
-7.50000000 4.00000000 	50.0000000000
-7.50000000 4.50000000 	50.0000000000
-7.50000000 5.00000000 	50.0000000000
-7.50000000 5.50000000 	50.0000000000
-7.50000000 6.00000000 	50.0000000000
-7.50000000 6.50000000 	50.0000000000
-7.50000000 7.00000000 	50.0000000000
-7.50000000 7.50000000 	50.0000000000
-7.50000000 8.00000000 	50.0000000000
-7.00000000 -12.00000000 	49.6084641715
-7.00000000 -11.50000000 	49.6360417062
-7.00000000 -11.00000000 	49.7318789063
-7.00000000 -10.50000000 	49.8603100210
-7.00000000 -10.00000000 	49.9554926885
-7.00000000 -9.50000000 	49.9935786286
-7.00000000 -9.00000000 	50.0000000000
-7.00000000 -8.50000000 	50.0000000000
-7.00000000 -8.00000000 	50.0000000000
-7.00000000 -7.50000000 	50.0000000000
-7.00000000 -7.00000000 	50.0000000000
-7.00000000 -6.50000000 	50.0000000000
-7.00000000 -6.00000000 	50.0000000000
-7.00000000 -5.50000000 	50.0000000000
-7.00000000 -5.00000000 	50.0000000000
-7.00000000 -4.50000000 	50.0000000000
-7.00000000 -4.00000000 	50.0000000000
-7.00000000 -3.50000000 	50.0000000000
-7.00000000 -3.00000000 	50.0000000000
-7.00000000 -2.50000000 	50.0000000000
-7.00000000 -2.00000000 	50.0000000000
-7.00000000 -1.50000000 	50.0000000000
-7.00000000 -1.00000000 	50.0000000000
-7.00000000 -0.50000000 	50.0000000000
-7.00000000 0.00000000 	50.0000000000
-7.00000000 0.50000000 	50.0000000000
-7.00000000 1.00000000 	50.0000000000
-7.00000000 1.50000000 	50.0000000000
-7.00000000 2.00000000 	50.0000000000
-7.00000000 2.50000000 	50.0000000000
-7.00000000 3.00000000 	50.0000000000
-7.00000000 3.50000000 	50.0000000000
-7.00000000 4.00000000 	50.0000000000
-7.00000000 4.50000000 	50.0000000000
-7.00000000 5.00000000 	50.0000000000
-7.00000000 5.50000000 	50.0000000000
-7.00000000 6.00000000 	50.0000000000
-7.00000000 6.50000000 	50.0000000000
-7.00000000 7.00000000 	50.0000000000
-7.00000000 7.50000000 	50.0000000000
-7.00000000 8.00000000 	50.0000000000
-6.50000000 -12.00000000 	46.6821826388
-6.50000000 -11.50000000 	46.9917048817
-6.50000000 -11.00000000 	47.7505722048
-6.50000000 -10.50000000 	48.6977706451
-6.50000000 -10.00000000 	49.4383327376
-6.50000000 -9.50000000 	49.8182942231
-6.50000000 -9.00000000 	49.9554926885
-6.50000000 -8.50000000 	49.9935786286
-6.50000000 -8.00000000 	50.0000000000
-6.50000000 -7.50000000 	50.0000000000
-6.50000000 -7.00000000 	50.0000000000
-6.50000000 -6.50000000 	50.0000000000
-6.50000000 -6.00000000 	50.0000000000
-6.50000000 -5.50000000 	50.0000000000
-6.50000000 -5.00000000 	50.0000000000
-6.50000000 -4.50000000 	50.0000000000
-6.50000000 -4.00000000 	50.0000000000
-6.50000000 -3.50000000 	50.0000000000
-6.50000000 -3.00000000 	50.0000000000
-6.50000000 -2.50000000 	50.0000000000
-6.50000000 -2.00000000 	50.0000000000
-6.50000000 -1.50000000 	50.0000000000
-6.50000000 -1.00000000 	50.0000000000
-6.50000000 -0.50000000 	50.0000000000
-6.50000000 0.00000000 	50.0000000000
-6.50000000 0.50000000 	50.0000000000
-6.50000000 1.00000000 	50.0000000000
-6.50000000 1.50000000 	50.0000000000
-6.50000000 2.00000000 	50.0000000000
-6.50000000 2.50000000 	50.0000000000
-6.50000000 3.00000000 	50.0000000000
-6.50000000 3.50000000 	50.0000000000
-6.50000000 4.00000000 	50.0000000000
-6.50000000 4.50000000 	50.0000000000
-6.50000000 5.00000000 	50.0000000000
-6.50000000 5.50000000 	50.0000000000
-6.50000000 6.00000000 	50.0000000000
-6.50000000 6.50000000 	50.0000000000
-6.50000000 7.00000000 	50.0000000000
-6.50000000 7.50000000 	50.0000000000
-6.50000000 8.00000000 	50.0000000000
-6.00000000 -12.00000000 	36.8470232119
-6.00000000 -11.50000000 	38.2634232468
-6.00000000 -11.00000000 	41.0234533159
-6.00000000 -10.50000000 	44.2526084975
-6.00000000 -10.00000000 	46.9155706791
-6.00000000 -9.50000000 	48.5797282157
-6.00000000 -9.00000000 	49.4383327376
-6.00000000 -8.50000000 	49.8182942231
-6.00000000 -8.00000000 	49.9554926885
-6.00000000 -7.50000000 	49.9935786286
-6.00000000 -7.00000000 	50.0000000000
-6.00000000 -6.50000000 	50.0000000000
-6.00000000 -6.00000000 	50.0000000000
-6.00000000 -5.50000000 	50.0000000000
-6.00000000 -5.00000000 	50.0000000000
-6.00000000 -4.50000000 	50.0000000000
-6.00000000 -4.00000000 	50.0000000000
-6.00000000 -3.50000000 	50.0000000000
-6.00000000 -3.00000000 	50.0000000000
-6.00000000 -2.50000000 	50.0000000000
-6.00000000 -2.00000000 	50.0000000000
-6.00000000 -1.50000000 	50.0000000000
-6.00000000 -1.00000000 	50.0000000000
-6.00000000 -0.50000000 	50.0000000000
-6.00000000 0.00000000 	50.0000000000
-6.00000000 0.50000000 	50.0000000000
-6.00000000 1.00000000 	50.0000000000
-6.00000000 1.50000000 	50.0000000000
-6.00000000 2.00000000 	50.0000000000
-6.00000000 2.50000000 	50.0000000000
-6.00000000 3.00000000 	50.0000000000
-6.00000000 3.50000000 	50.0000000000
-6.00000000 4.00000000 	50.0000000000
-6.00000000 4.50000000 	50.0000000000
-6.00000000 5.00000000 	50.0000000000
-6.00000000 5.50000000 	50.0000000000
-6.00000000 6.00000000 	50.0000000000
-6.00000000 6.50000000 	50.0000000000
-6.00000000 7.00000000 	50.0000000000
-6.00000000 7.50000000 	50.0000000000
-6.00000000 8.00000000 	50.0000000000
-5.50000000 -12.00000000 	17.2258755006
-5.50000000 -11.50000000 	20.8237631349
-5.50000000 -11.00000000 	26.8953207162
-5.50000000 -10.50000000 	33.7165554486
-5.50000000 -10.00000000 	39.6875617073
-5.50000000 -9.50000000 	44.0674478134
-5.50000000 -9.00000000 	46.9155706791
-5.50000000 -8.50000000 	48.5797282157
-5.50000000 -8.00000000 	49.4383327376
-5.50000000 -7.50000000 	49.8182942231
-5.50000000 -7.00000000 	49.9554926885
-5.50000000 -6.50000000 	49.9935786286
-5.50000000 -6.00000000 	50.0000000000
-5.50000000 -5.50000000 	50.0000000000
-5.50000000 -5.00000000 	50.0000000000
-5.50000000 -4.50000000 	50.0000000000
-5.50000000 -4.00000000 	50.0000000000
-5.50000000 -3.50000000 	50.0000000000
-5.50000000 -3.00000000 	50.0000000000
-5.50000000 -2.50000000 	50.0000000000
-5.50000000 -2.00000000 	50.0000000000
-5.50000000 -1.50000000 	50.0000000000
-5.50000000 -1.00000000 	50.0000000000
-5.50000000 -0.50000000 	50.0000000000
-5.50000000 0.00000000 	50.0000000000
-5.50000000 0.50000000 	50.0000000000
-5.50000000 1.00000000 	50.0000000000
-5.50000000 1.50000000 	50.0000000000
-5.50000000 2.00000000 	50.0000000000
-5.50000000 2.50000000 	50.0000000000
-5.50000000 3.00000000 	50.0000000000
-5.50000000 3.50000000 	50.0000000000
-5.50000000 4.00000000 	50.0000000000
-5.50000000 4.50000000 	50.0000000000
-5.50000000 5.00000000 	50.0000000000
-5.50000000 5.50000000 	50.0000000000
-5.50000000 6.00000000 	50.0000000000
-5.50000000 6.50000000 	50.0000000000
-5.50000000 7.00000000 	50.0000000000
-5.50000000 7.50000000 	50.0000000000
-5.50000000 8.00000000 	50.0000000000
-5.00000000 -12.00000000 	-8.1744233032
-5.00000000 -11.50000000 	-2.5651219197
-5.00000000 -11.00000000 	6.2453478251
-5.00000000 -10.50000000 	16.1804005753
-5.00000000 -10.00000000 	25.5962404649
-5.00000000 -9.50000000 	33.5413292818
-5.00000000 -9.00000000 	39.6875617073
-5.00000000 -8.50000000 	44.0674478134
-5.00000000 -8.00000000 	46.9155706791
-5.00000000 -7.50000000 	48.5797282157
-5.00000000 -7.00000000 	49.4383327376
-5.00000000 -6.50000000 	49.8182942231
-5.00000000 -6.00000000 	49.9554926885
-5.00000000 -5.50000000 	49.9935786286
-5.00000000 -5.00000000 	50.0000000000
-5.00000000 -4.50000000 	50.0000000000
-5.00000000 -4.00000000 	50.0000000000
-5.00000000 -3.50000000 	50.0000000000
-5.00000000 -3.00000000 	50.0000000000
-5.00000000 -2.50000000 	50.0000000000
-5.00000000 -2.00000000 	50.0000000000
-5.00000000 -1.50000000 	50.0000000000
-5.00000000 -1.00000000 	50.0000000000
-5.00000000 -0.50000000 	50.0000000000
-5.00000000 0.00000000 	50.0000000000
-5.00000000 0.50000000 	50.0000000000
-5.00000000 1.00000000 	50.0000000000
-5.00000000 1.50000000 	50.0000000000
-5.00000000 2.00000000 	50.0000000000
-5.00000000 2.50000000 	50.0000000000
-5.00000000 3.00000000 	50.0000000000
-5.00000000 3.50000000 	50.0000000000
-5.00000000 4.00000000 	50.0000000000
-5.00000000 4.50000000 	50.0000000000
-5.00000000 5.00000000 	50.0000000000
-5.00000000 5.50000000 	50.0000000000
-5.00000000 6.00000000 	50.0000000000
-5.00000000 6.50000000 	50.0000000000
-5.00000000 7.00000000 	50.0000000000
-5.00000000 7.50000000 	50.0000000000
-5.00000000 8.00000000 	50.0000000000
-4.50000000 -12.00000000 	-30.1879967605
-4.50000000 -11.50000000 	-24.5718975712
-4.50000000 -11.00000000 	-15.8482588409
-4.50000000 -10.50000000 	-5.4607687866
-4.50000000 -10.00000000 	5.4891611395
-4.50000000 -9.50000000 	16.0819874522
-4.50000000 -9.00000000 	25.5962404649
-4.50000000 -8.50000000 	33.5413292818
-4.50000000 -8.00000000 	39.6875617073
-4.50000000 -7.50000000 	44.0674478134
-4.50000000 -7.00000000 	46.9155706791
-4.50000000 -6.50000000 	48.5797282157
-4.50000000 -6.00000000 	49.4383327376
-4.50000000 -5.50000000 	49.8182942231
-4.50000000 -5.00000000 	49.9554926885
-4.50000000 -4.50000000 	49.9935786286
-4.50000000 -4.00000000 	50.0000000000
-4.50000000 -3.50000000 	50.0000000000
-4.50000000 -3.00000000 	50.0000000000
-4.50000000 -2.50000000 	50.0000000000
-4.50000000 -2.00000000 	50.0000000000
-4.50000000 -1.50000000 	50.0000000000
-4.50000000 -1.00000000 	50.0000000000
-4.50000000 -0.50000000 	50.0000000000
-4.50000000 0.00000000 	50.0000000000
-4.50000000 0.50000000 	50.0000000000
-4.50000000 1.00000000 	50.0000000000
-4.50000000 1.50000000 	50.0000000000
-4.50000000 2.00000000 	50.0000000000
-4.50000000 2.50000000 	50.0000000000
-4.50000000 3.00000000 	50.0000000000
-4.50000000 3.50000000 	50.0000000000
-4.50000000 4.00000000 	50.0000000000
-4.50000000 4.50000000 	50.0000000000
-4.50000000 5.00000000 	50.0000000000
-4.50000000 5.50000000 	50.0000000000
-4.50000000 6.00000000 	50.0000000000
-4.50000000 6.50000000 	50.0000000000
-4.50000000 7.00000000 	50.0000000000
-4.50000000 7.50000000 	50.0000000000
-4.50000000 8.00000000 	50.0000000000
-4.00000000 -12.00000000 	-43.2068979499
-4.00000000 -11.50000000 	-39.5229743651
-4.00000000 -11.00000000 	-33.5177144322
-4.00000000 -10.50000000 	-25.5943264980
-4.00000000 -10.00000000 	-16.0819874522
-4.00000000 -9.50000000 	-5.4891611395
-4.00000000 -9.00000000 	5.4891611395
-4.00000000 -8.50000000 	16.0819874522
-4.00000000 -8.00000000 	25.5962404649
-4.00000000 -7.50000000 	33.5413292818
-4.00000000 -7.00000000 	39.6875617073
-4.00000000 -6.50000000 	44.0674478134
-4.00000000 -6.00000000 	46.9155706791
-4.00000000 -5.50000000 	48.5797282157
-4.00000000 -5.00000000 	49.4383327376
-4.00000000 -4.50000000 	49.8182942231
-4.00000000 -4.00000000 	49.9554926885
-4.00000000 -3.50000000 	49.9935786286
-4.00000000 -3.00000000 	50.0000000000
-4.00000000 -2.50000000 	50.0000000000
-4.00000000 -2.00000000 	50.0000000000
-4.00000000 -1.50000000 	50.0000000000
-4.00000000 -1.00000000 	50.0000000000
-4.00000000 -0.50000000 	50.0000000000
-4.00000000 0.00000000 	50.0000000000
-4.00000000 0.50000000 	50.0000000000
-4.00000000 1.00000000 	50.0000000000
-4.00000000 1.50000000 	50.0000000000
-4.00000000 2.00000000 	50.0000000000
-4.00000000 2.50000000 	50.0000000000
-4.00000000 3.00000000 	50.0000000000
-4.00000000 3.50000000 	50.0000000000
-4.00000000 4.00000000 	50.0000000000
-4.00000000 4.50000000 	50.0000000000
-4.00000000 5.00000000 	50.0000000000
-4.00000000 5.50000000 	50.0000000000
-4.00000000 6.00000000 	50.0000000000
-4.00000000 6.50000000 	50.0000000000
-4.00000000 7.00000000 	50.0000000000
-4.00000000 7.50000000 	50.0000000000
-4.00000000 8.00000000 	50.0000000000
-3.50000000 -12.00000000 	-48.4536413464
-3.50000000 -11.50000000 	-46.9121815504
-3.50000000 -11.00000000 	-44.0702671465
-3.50000000 -10.50000000 	-39.6881517520
-3.50000000 -10.00000000 	-33.5413292818
-3.50000000 -9.50000000 	-25.5962404649
-3.50000000 -9.00000000 	-16.0819874522
-3.50000000 -8.50000000 	-5.4891611395
-3.50000000 -8.00000000 	5.4891611395
-3.50000000 -7.50000000 	16.0819874522
-3.50000000 -7.00000000 	25.5962404649
-3.50000000 -6.50000000 	33.5413292818
-3.50000000 -6.00000000 	39.6875617073
-3.50000000 -5.50000000 	44.0674478134
-3.50000000 -5.00000000 	46.9155706791
-3.50000000 -4.50000000 	48.5797282157
-3.50000000 -4.00000000 	49.4383327376
-3.50000000 -3.50000000 	49.8182942231
-3.50000000 -3.00000000 	49.9554926885
-3.50000000 -2.50000000 	49.9935786286
-3.50000000 -2.00000000 	50.0000000000
-3.50000000 -1.50000000 	50.0000000000
-3.50000000 -1.00000000 	50.0000000000
-3.50000000 -0.50000000 	50.0000000000
-3.50000000 0.00000000 	50.0000000000
-3.50000000 0.50000000 	50.0000000000
-3.50000000 1.00000000 	50.0000000000
-3.50000000 1.50000000 	50.0000000000
-3.50000000 2.00000000 	50.0000000000
-3.50000000 2.50000000 	50.0000000000
-3.50000000 3.00000000 	50.0000000000
-3.50000000 3.50000000 	50.0000000000
-3.50000000 4.00000000 	50.0000000000
-3.50000000 4.50000000 	50.0000000000
-3.50000000 5.00000000 	50.0000000000
-3.50000000 5.50000000 	50.0000000000
-3.50000000 6.00000000 	50.0000000000
-3.50000000 6.50000000 	50.0000000000
-3.50000000 7.00000000 	50.0000000000
-3.50000000 7.50000000 	50.0000000000
-3.50000000 8.00000000 	50.0000000000
-3.00000000 -12.00000000 	-49.8084659942
-3.00000000 -11.50000000 	-49.4385093281
-3.00000000 -11.00000000 	-48.5797282157
-3.00000000 -10.50000000 	-46.9155706791
-3.00000000 -10.00000000 	-44.0674478134
-3.00000000 -9.50000000 	-39.6875617073
-3.00000000 -9.00000000 	-33.5413292818
-3.00000000 -8.50000000 	-25.5962404649
-3.00000000 -8.00000000 	-16.0819874522
-3.00000000 -7.50000000 	-5.4891611395
-3.00000000 -7.00000000 	5.4891611395
-3.00000000 -6.50000000 	16.0819874522
-3.00000000 -6.00000000 	25.5962404649
-3.00000000 -5.50000000 	33.5413292818
-3.00000000 -5.00000000 	39.6875617073
-3.00000000 -4.50000000 	44.0674478134
-3.00000000 -4.00000000 	46.9155706791
-3.00000000 -3.50000000 	48.5797282157
-3.00000000 -3.00000000 	49.4383327376
-3.00000000 -2.50000000 	49.8182942231
-3.00000000 -2.00000000 	49.9554926885
-3.00000000 -1.50000000 	49.9935786286
-3.00000000 -1.00000000 	50.0000000000
-3.00000000 -0.50000000 	50.0000000000
-3.00000000 0.00000000 	50.0000000000
-3.00000000 0.50000000 	50.0000000000
-3.00000000 1.00000000 	50.0000000000
-3.00000000 1.50000000 	50.0000000000
-3.00000000 2.00000000 	50.0000000000
-3.00000000 2.50000000 	50.0000000000
-3.00000000 3.00000000 	50.0000000000
-3.00000000 3.50000000 	50.0000000000
-3.00000000 4.00000000 	50.0000000000
-3.00000000 4.50000000 	50.0000000000
-3.00000000 5.00000000 	50.0000000000
-3.00000000 5.50000000 	50.0000000000
-3.00000000 6.00000000 	50.0000000000
-3.00000000 6.50000000 	50.0000000000
-3.00000000 7.00000000 	50.0000000000
-3.00000000 7.50000000 	50.0000000000
-3.00000000 8.00000000 	50.0000000000
-2.50000000 -12.00000000 	-49.9935786286
-2.50000000 -11.50000000 	-49.9554926885
-2.50000000 -11.00000000 	-49.8182942231
-2.50000000 -10.50000000 	-49.4383327376
-2.50000000 -10.00000000 	-48.5797282157
-2.50000000 -9.50000000 	-46.9155706791
-2.50000000 -9.00000000 	-44.0674478134
-2.50000000 -8.50000000 	-39.6875617073
-2.50000000 -8.00000000 	-33.5413292818
-2.50000000 -7.50000000 	-25.5962404649
-2.50000000 -7.00000000 	-16.0819874522
-2.50000000 -6.50000000 	-5.4891611395
-2.50000000 -6.00000000 	5.4891611395
-2.50000000 -5.50000000 	16.0819874522
-2.50000000 -5.00000000 	25.5962404649
-2.50000000 -4.50000000 	33.5413292818
-2.50000000 -4.00000000 	39.6875617073
-2.50000000 -3.50000000 	44.0674478134
-2.50000000 -3.00000000 	46.9155706791
-2.50000000 -2.50000000 	48.5797282157
-2.50000000 -2.00000000 	49.4383327376
-2.50000000 -1.50000000 	49.8182942231
-2.50000000 -1.00000000 	49.9554926885
-2.50000000 -0.50000000 	49.9935786286
-2.50000000 0.00000000 	50.0000000000
-2.50000000 0.50000000 	50.0000000000
-2.50000000 1.00000000 	50.0000000000
-2.50000000 1.50000000 	50.0000000000
-2.50000000 2.00000000 	50.0000000000
-2.50000000 2.50000000 	50.0000000000
-2.50000000 3.00000000 	50.0000000000
-2.50000000 3.50000000 	50.0000000000
-2.50000000 4.00000000 	50.0000000000
-2.50000000 4.50000000 	50.0000000000
-2.50000000 5.00000000 	50.0000000000
-2.50000000 5.50000000 	50.0000000000
-2.50000000 6.00000000 	50.0000000000
-2.50000000 6.50000000 	50.0000000000
-2.50000000 7.00000000 	50.0000000000
-2.50000000 7.50000000 	50.0000000000
-2.50000000 8.00000000 	50.0000000000
-2.00000000 -12.00000000 	-50.0000000000
-2.00000000 -11.50000000 	-50.0000000000
-2.00000000 -11.00000000 	-49.9935786286
-2.00000000 -10.50000000 	-49.9554926885
-2.00000000 -10.00000000 	-49.8182942231
-2.00000000 -9.50000000 	-49.4383327376
-2.00000000 -9.00000000 	-48.5797282157
-2.00000000 -8.50000000 	-46.9155706791
-2.00000000 -8.00000000 	-44.0674478134
-2.00000000 -7.50000000 	-39.6875617073
-2.00000000 -7.00000000 	-33.5413292818
-2.00000000 -6.50000000 	-25.5962404649
-2.00000000 -6.00000000 	-16.0819874522
-2.00000000 -5.50000000 	-5.4891611395
-2.00000000 -5.00000000 	5.4891611395
-2.00000000 -4.50000000 	16.0819874522
-2.00000000 -4.00000000 	25.5962404649
-2.00000000 -3.50000000 	33.5413292818
-2.00000000 -3.00000000 	39.6875617073
-2.00000000 -2.50000000 	44.0674478134
-2.00000000 -2.00000000 	46.9155706791
-2.00000000 -1.50000000 	48.5797282157
-2.00000000 -1.00000000 	49.4383327376
-2.00000000 -0.50000000 	49.8182942231
-2.00000000 0.00000000 	49.9554926885
-2.00000000 0.50000000 	49.9935786286
-2.00000000 1.00000000 	50.0000000000
-2.00000000 1.50000000 	50.0000000000
-2.00000000 2.00000000 	50.0000000000
-2.00000000 2.50000000 	50.0000000000
-2.00000000 3.00000000 	50.0000000000
-2.00000000 3.50000000 	50.0000000000
-2.00000000 4.00000000 	50.0000000000
-2.00000000 4.50000000 	50.0000000000
-2.00000000 5.00000000 	50.0000000000
-2.00000000 5.50000000 	50.0000000000
-2.00000000 6.00000000 	50.0000000000
-2.00000000 6.50000000 	50.0000000000
-2.00000000 7.00000000 	50.0000000000
-2.00000000 7.50000000 	50.0000000000
-2.00000000 8.00000000 	50.0000000000
-1.50000000 -12.00000000 	-50.0000000000
-1.50000000 -11.50000000 	-50.0000000000
-1.50000000 -11.00000000 	-50.0000000000
-1.50000000 -10.50000000 	-50.0000000000
-1.50000000 -10.00000000 	-49.9935786286
-1.50000000 -9.50000000 	-49.9554926885
-1.50000000 -9.00000000 	-49.8182942231
-1.50000000 -8.50000000 	-49.4383327376
-1.50000000 -8.00000000 	-48.5797282157
-1.50000000 -7.50000000 	-46.9155706791
-1.50000000 -7.00000000 	-44.0674478134
-1.50000000 -6.50000000 	-39.6875617073
-1.50000000 -6.00000000 	-33.5413292818
-1.50000000 -5.50000000 	-25.5962404649
-1.50000000 -5.00000000 	-16.0819874522
-1.50000000 -4.50000000 	-5.4891611395
-1.50000000 -4.00000000 	5.4891611395
-1.50000000 -3.50000000 	16.0819874522
-1.50000000 -3.00000000 	25.5962404649
-1.50000000 -2.50000000 	33.5413292818
-1.50000000 -2.00000000 	39.6875617073
-1.50000000 -1.50000000 	44.0674478134
-1.50000000 -1.00000000 	46.9155706791
-1.50000000 -0.50000000 	48.5797282157
-1.50000000 0.00000000 	49.4383327376
-1.50000000 0.50000000 	49.8182942231
-1.50000000 1.00000000 	49.9554926885
-1.50000000 1.50000000 	49.9935786286
-1.50000000 2.00000000 	50.0000000000
-1.50000000 2.50000000 	50.0000000000
-1.50000000 3.00000000 	50.0000000000
-1.50000000 3.50000000 	50.0000000000
-1.50000000 4.00000000 	50.0000000000
-1.50000000 4.50000000 	50.0000000000
-1.50000000 5.00000000 	50.0000000000
-1.50000000 5.50000000 	50.0000000000
-1.50000000 6.00000000 	50.0000000000
-1.50000000 6.50000000 	50.0000000000
-1.50000000 7.00000000 	50.0000000000
-1.50000000 7.50000000 	50.0000000000
-1.50000000 8.00000000 	50.0000000000
-1.00000000 -12.00000000 	-50.0000000000
-1.00000000 -11.50000000 	-50.0000000000
-1.00000000 -11.00000000 	-50.0000000000
-1.00000000 -10.50000000 	-50.0000000000
-1.00000000 -10.00000000 	-50.0000000000
-1.00000000 -9.50000000 	-50.0000000000
-1.00000000 -9.00000000 	-49.9935786286
-1.00000000 -8.50000000 	-49.9554926885
-1.00000000 -8.00000000 	-49.8182942231
-1.00000000 -7.50000000 	-49.4383327376
-1.00000000 -7.00000000 	-48.5797282157
-1.00000000 -6.50000000 	-46.9155706791
-1.00000000 -6.00000000 	-44.0674478134
-1.00000000 -5.50000000 	-39.6875617073
-1.00000000 -5.00000000 	-33.5413292818
-1.00000000 -4.50000000 	-25.5962404649
-1.00000000 -4.00000000 	-16.0819874522
-1.00000000 -3.50000000 	-5.4891611395
-1.00000000 -3.00000000 	5.4891611395
-1.00000000 -2.50000000 	16.0819874522
-1.00000000 -2.00000000 	25.5962404649
-1.00000000 -1.50000000 	33.5413292818
-1.00000000 -1.00000000 	39.6875617073
-1.00000000 -0.50000000 	44.0674478134
-1.00000000 0.00000000 	46.9155706791
-1.00000000 0.50000000 	48.5797282157
-1.00000000 1.00000000 	49.4383327376
-1.00000000 1.50000000 	49.8182942231
-1.00000000 2.00000000 	49.9554926885
-1.00000000 2.50000000 	49.9935786286
-1.00000000 3.00000000 	50.0000000000
-1.00000000 3.50000000 	50.0000000000
-1.00000000 4.00000000 	50.0000000000
-1.00000000 4.50000000 	50.0000000000
-1.00000000 5.00000000 	50.0000000000
-1.00000000 5.50000000 	50.0000000000
-1.00000000 6.00000000 	50.0000000000
-1.00000000 6.50000000 	50.0000000000
-1.00000000 7.00000000 	50.0000000000
-1.00000000 7.50000000 	50.0000000000
-1.00000000 8.00000000 	50.0000000000
-0.50000000 -12.00000000 	-50.0000000000
-0.50000000 -11.50000000 	-50.0000000000
-0.50000000 -11.00000000 	-50.0000000000
-0.50000000 -10.50000000 	-50.0000000000
-0.50000000 -10.00000000 	-50.0000000000
-0.50000000 -9.50000000 	-50.0000000000
-0.50000000 -9.00000000 	-50.0000000000
-0.50000000 -8.50000000 	-50.0000000000
-0.50000000 -8.00000000 	-49.9935786286
-0.50000000 -7.50000000 	-49.9554926885
-0.50000000 -7.00000000 	-49.8182942231
-0.50000000 -6.50000000 	-49.4383327376
-0.50000000 -6.00000000 	-48.5797282157
-0.50000000 -5.50000000 	-46.9155706791
-0.50000000 -5.00000000 	-44.0674478134
-0.50000000 -4.50000000 	-39.6875617073
-0.50000000 -4.00000000 	-33.5413292818
-0.50000000 -3.50000000 	-25.5962404649
-0.50000000 -3.00000000 	-16.0819874522
-0.50000000 -2.50000000 	-5.4891611395
-0.50000000 -2.00000000 	5.4891611395
-0.50000000 -1.50000000 	16.0819874522
-0.50000000 -1.00000000 	25.5962404649
-0.50000000 -0.50000000 	33.5413292818
-0.50000000 0.00000000 	39.6875617073
-0.50000000 0.50000000 	44.0674478134
-0.50000000 1.00000000 	46.9155706791
-0.50000000 1.50000000 	48.5797282157
-0.50000000 2.00000000 	49.4383327376
-0.50000000 2.50000000 	49.8182942231
-0.50000000 3.00000000 	49.9554926885
-0.50000000 3.50000000 	49.9935786286
-0.50000000 4.00000000 	50.0000000000
-0.50000000 4.50000000 	50.0000000000
-0.50000000 5.00000000 	50.0000000000
-0.50000000 5.50000000 	50.0000000000
-0.50000000 6.00000000 	50.0000000000
-0.50000000 6.50000000 	50.0000000000
-0.50000000 7.00000000 	50.0000000000
-0.50000000 7.50000000 	50.0000000000
-0.50000000 8.00000000 	50.0000000000
0.00000000 -12.00000000 	-50.0000000000
0.00000000 -11.50000000 	-50.0000000000
0.00000000 -11.00000000 	-50.0000000000
0.00000000 -10.50000000 	-50.0000000000
0.00000000 -10.00000000 	-50.0000000000
0.00000000 -9.50000000 	-50.0000000000
0.00000000 -9.00000000 	-50.0000000000
0.00000000 -8.50000000 	-50.0000000000
0.00000000 -8.00000000 	-50.0000000000
0.00000000 -7.50000000 	-50.0000000000
0.00000000 -7.00000000 	-49.9935786286
0.00000000 -6.50000000 	-49.9554926885
0.00000000 -6.00000000 	-49.8182942231
0.00000000 -5.50000000 	-49.4383327376
0.00000000 -5.00000000 	-48.5797282157
0.00000000 -4.50000000 	-46.9155706791
0.00000000 -4.00000000 	-44.0674478134
0.00000000 -3.50000000 	-39.6875617073
0.00000000 -3.00000000 	-33.5413292818
0.00000000 -2.50000000 	-25.5962404649
0.00000000 -2.00000000 	-16.0819874522
0.00000000 -1.50000000 	-5.4891611395
0.00000000 -1.00000000 	5.4891611395
0.00000000 -0.50000000 	16.0819874522
0.00000000 0.00000000 	25.5962404649
0.00000000 0.50000000 	33.5413292818
0.00000000 1.00000000 	39.6875617073
0.00000000 1.50000000 	44.0674478134
0.00000000 2.00000000 	46.9155706791
0.00000000 2.50000000 	48.5797282157
0.00000000 3.00000000 	49.4383327376
0.00000000 3.50000000 	49.8182942231
0.00000000 4.00000000 	49.9554926885
0.00000000 4.50000000 	49.9935786286
0.00000000 5.00000000 	50.0000000000
0.00000000 5.50000000 	50.0000000000
0.00000000 6.00000000 	50.0000000000
0.00000000 6.50000000 	50.0000000000
0.00000000 7.00000000 	50.0000000000
0.00000000 7.50000000 	50.0000000000
0.00000000 8.00000000 	50.0000000000
0.50000000 -12.00000000 	-50.0000000000
0.50000000 -11.50000000 	-50.0000000000
0.50000000 -11.00000000 	-50.0000000000
0.50000000 -10.50000000 	-50.0000000000
0.50000000 -10.00000000 	-50.0000000000
0.50000000 -9.50000000 	-50.0000000000
0.50000000 -9.00000000 	-50.0000000000
0.50000000 -8.50000000 	-50.0000000000
0.50000000 -8.00000000 	-50.0000000000
0.50000000 -7.50000000 	-50.0000000000
0.50000000 -7.00000000 	-50.0000000000
0.50000000 -6.50000000 	-50.0000000000
0.50000000 -6.00000000 	-49.9935786286
0.50000000 -5.50000000 	-49.9554926885
0.50000000 -5.00000000 	-49.8182942231
0.50000000 -4.50000000 	-49.4383327376
0.50000000 -4.00000000 	-48.5797282157
0.50000000 -3.50000000 	-46.9155706791
0.50000000 -3.00000000 	-44.0674478134
0.50000000 -2.50000000 	-39.6875617073
0.50000000 -2.00000000 	-33.5413292818
0.50000000 -1.50000000 	-25.5962404649
0.50000000 -1.00000000 	-16.0819874522
0.50000000 -0.50000000 	-5.4891611395
0.50000000 0.00000000 	5.4891611395
0.50000000 0.50000000 	16.0819874522
0.50000000 1.00000000 	25.5956027286
0.50000000 1.50000000 	33.5381485874
0.50000000 2.00000000 	39.6880694239
0.50000000 2.50000000 	44.1077059924
0.50000000 3.00000000 	47.0490570104
0.50000000 3.50000000 	48.8032959710
0.50000000 4.00000000 	49.6605507743
0.50000000 4.50000000 	49.9513082150
0.50000000 5.00000000 	50.0000000000
0.50000000 5.50000000 	50.0000000000
0.50000000 6.00000000 	50.0000000000
0.50000000 6.50000000 	50.0000000000
0.50000000 7.00000000 	50.0000000000
0.50000000 7.50000000 	50.0000000000
0.50000000 8.00000000 	50.0000000000
1.00000000 -12.00000000 	-50.0000000000
1.00000000 -11.50000000 	-50.0000000000
1.00000000 -11.00000000 	-50.0000000000
1.00000000 -10.50000000 	-50.0000000000
1.00000000 -10.00000000 	-50.0000000000
1.00000000 -9.50000000 	-50.0000000000
1.00000000 -9.00000000 	-50.0000000000
1.00000000 -8.50000000 	-50.0000000000
1.00000000 -8.00000000 	-50.0000000000
1.00000000 -7.50000000 	-50.0000000000
1.00000000 -7.00000000 	-50.0000000000
1.00000000 -6.50000000 	-50.0000000000
1.00000000 -6.00000000 	-50.0000000000
1.00000000 -5.50000000 	-50.0000000000
1.00000000 -5.00000000 	-49.9935786286
1.00000000 -4.50000000 	-49.9554926885
1.00000000 -4.00000000 	-49.8182942231
1.00000000 -3.50000000 	-49.4383327376
1.00000000 -3.00000000 	-48.5797282157
1.00000000 -2.50000000 	-46.9155706791
1.00000000 -2.00000000 	-44.0674478134
1.00000000 -1.50000000 	-39.6875617073
1.00000000 -1.00000000 	-33.5413292818
1.00000000 -0.50000000 	-25.5962404649
1.00000000 0.00000000 	-16.0798357435
1.00000000 0.50000000 	-5.4737251982
1.00000000 1.00000000 	5.5417682446
1.00000000 1.50000000 	16.2093011765
1.00000000 2.00000000 	25.8983969361
1.00000000 2.50000000 	34.2693949070
1.00000000 3.00000000 	41.1178374626
1.00000000 3.50000000 	46.0713801427
1.00000000 4.00000000 	48.8401648291
1.00000000 4.50000000 	49.8347775700
1.00000000 5.00000000 	50.0000000000
1.00000000 5.50000000 	50.0000000000
1.00000000 6.00000000 	50.0000000000
1.00000000 6.50000000 	50.0000000000
1.00000000 7.00000000 	50.0000000000
1.00000000 7.50000000 	50.0000000000
1.00000000 8.00000000 	50.0000000000
1.50000000 -12.00000000 	-50.0000000000
1.50000000 -11.50000000 	-50.0000000000
1.50000000 -11.00000000 	-50.0000000000
1.50000000 -10.50000000 	-50.0000000000
1.50000000 -10.00000000 	-50.0000000000
1.50000000 -9.50000000 	-50.0000000000
1.50000000 -9.00000000 	-50.0000000000
1.50000000 -8.50000000 	-50.0000000000
1.50000000 -8.00000000 	-50.0000000000
1.50000000 -7.50000000 	-50.0000000000
1.50000000 -7.00000000 	-50.0000000000
1.50000000 -6.50000000 	-50.0000000000
1.50000000 -6.00000000 	-50.0000000000
1.50000000 -5.50000000 	-50.0000000000
1.50000000 -5.00000000 	-50.0000000000
1.50000000 -4.50000000 	-50.0000000000
1.50000000 -4.00000000 	-49.9935786286
1.50000000 -3.50000000 	-49.9554926885
1.50000000 -3.00000000 	-49.8182942231
1.50000000 -2.50000000 	-49.4383327376
1.50000000 -2.00000000 	-48.5797282157
1.50000000 -1.50000000 	-46.9155706791
1.50000000 -1.00000000 	-44.0636901284
1.50000000 -0.50000000 	-39.6610221773
1.50000000 0.00000000 	-33.4346739348
1.50000000 0.50000000 	-25.2744167460
1.50000000 1.00000000 	-15.3125068827
1.50000000 1.50000000 	-3.9602983992
1.50000000 2.00000000 	8.2322655762
1.50000000 2.50000000 	20.7248881150
1.50000000 3.00000000 	32.5900336059
1.50000000 3.50000000 	42.0736218926
1.50000000 4.00000000 	47.6399126752
1.50000000 4.50000000 	49.6661824309
1.50000000 5.00000000 	50.0000000000
1.50000000 5.50000000 	50.0000000000
1.50000000 6.00000000 	50.0000000000
1.50000000 6.50000000 	50.0000000000
1.50000000 7.00000000 	50.0000000000
1.50000000 7.50000000 	50.0000000000
1.50000000 8.00000000 	50.0000000000
2.00000000 -12.00000000 	-50.0000000000
2.00000000 -11.50000000 	-50.0000000000
2.00000000 -11.00000000 	-50.0000000000
2.00000000 -10.50000000 	-50.0000000000
2.00000000 -10.00000000 	-50.0000000000
2.00000000 -9.50000000 	-50.0000000000
2.00000000 -9.00000000 	-50.0000000000
2.00000000 -8.50000000 	-50.0000000000
2.00000000 -8.00000000 	-50.0000000000
2.00000000 -7.50000000 	-50.0000000000
2.00000000 -7.00000000 	-50.0000000000
2.00000000 -6.50000000 	-50.0000000000
2.00000000 -6.00000000 	-50.0000000000
2.00000000 -5.50000000 	-50.0000000000
2.00000000 -5.00000000 	-50.0000000000
2.00000000 -4.50000000 	-50.0000000000
2.00000000 -4.00000000 	-50.0000000000
2.00000000 -3.50000000 	-50.0000000000
2.00000000 -3.00000000 	-49.9935786286
2.00000000 -2.50000000 	-49.9554926885
2.00000000 -2.00000000 	-49.8131535535
2.00000000 -1.50000000 	-49.4023935836
2.00000000 -1.00000000 	-48.4336449131
2.00000000 -0.50000000 	-46.4672666880
2.00000000 0.00000000 	-42.9461316695
2.00000000 0.50000000 	-37.2895782912
2.00000000 1.00000000 	-29.0504405292
2.00000000 1.50000000 	-18.1197146423
2.00000000 2.00000000 	-4.7171542455
2.00000000 2.50000000 	10.5946359986
2.00000000 3.00000000 	26.2129714748
2.00000000 3.50000000 	39.1180964274
2.00000000 4.00000000 	46.7643065316
2.00000000 4.50000000 	49.5445271229
2.00000000 5.00000000 	50.0000000000
2.00000000 5.50000000 	50.0000000000
2.00000000 6.00000000 	50.0000000000
2.00000000 6.50000000 	50.0000000000
2.00000000 7.00000000 	50.0000000000
2.00000000 7.50000000 	50.0000000000
2.00000000 8.00000000 	50.0000000000
