-8.00000000 -12.00000000 	50.0000000000
-8.00000000 -11.50000000 	50.0000000000
-8.00000000 -11.00000000 	50.0000000000
-8.00000000 -10.50000000 	50.0000000000
-8.00000000 -10.00000000 	50.0000000000
-8.00000000 -9.50000000 	50.0000000000
-8.00000000 -9.00000000 	50.0000000000
-8.00000000 -8.50000000 	50.0000000000
-8.00000000 -8.00000000 	50.0000000000
-8.00000000 -7.50000000 	50.0000000000
-8.00000000 -7.00000000 	50.0000000000
-8.00000000 -6.50000000 	50.0000000000
-8.00000000 -6.00000000 	50.0000000000
-8.00000000 -5.50000000 	50.0000000000
-8.00000000 -5.00000000 	50.0000000000
-8.00000000 -4.50000000 	50.0000000000
-8.00000000 -4.00000000 	50.0000000000
-8.00000000 -3.50000000 	50.0000000000
-8.00000000 -3.00000000 	50.0000000000
-8.00000000 -2.50000000 	50.0000000000
-8.00000000 -2.00000000 	50.0000000000
-8.00000000 -1.50000000 	50.0000000000
-8.00000000 -1.00000000 	50.0000000000
-8.00000000 -0.50000000 	50.0000000000
-8.00000000 0.00000000 	50.0000000000
-8.00000000 0.50000000 	50.0000000000
-8.00000000 1.00000000 	50.0000000000
-8.00000000 1.50000000 	50.0000000000
-8.00000000 2.00000000 	50.0000000000
-8.00000000 2.50000000 	50.0000000000
-8.00000000 3.00000000 	50.0000000000
-8.00000000 3.50000000 	50.0000000000
-8.00000000 4.00000000 	50.0000000000
-8.00000000 4.50000000 	50.0000000000
-8.00000000 5.00000000 	50.0000000000
-8.00000000 5.50000000 	50.0000000000
-8.00000000 6.00000000 	50.0000000000
-8.00000000 6.50000000 	50.0000000000
-8.00000000 7.00000000 	50.0000000000
-8.00000000 7.50000000 	50.0000000000
-8.00000000 8.00000000 	50.0000000000
-7.50000000 -12.00000000 	50.0000000000
-7.50000000 -11.50000000 	50.0000000000
-7.50000000 -11.00000000 	50.0000000000
-7.50000000 -10.50000000 	50.0000000000
-7.50000000 -10.00000000 	50.0000000000
-7.50000000 -9.50000000 	50.0000000000
-7.50000000 -9.00000000 	50.0000000000
-7.50000000 -8.50000000 	50.0000000000
-7.50000000 -8.00000000 	50.0000000000
-7.50000000 -7.50000000 	50.0000000000
-7.50000000 -7.00000000 	50.0000000000
-7.50000000 -6.50000000 	50.0000000000
-7.50000000 -6.00000000 	50.0000000000
-7.50000000 -5.50000000 	50.0000000000
-7.50000000 -5.00000000 	50.0000000000
-7.50000000 -4.50000000 	50.0000000000
-7.50000000 -4.00000000 	50.0000000000
-7.50000000 -3.50000000 	50.0000000000
-7.50000000 -3.00000000 	50.0000000000
-7.50000000 -2.50000000 	50.0000000000
-7.50000000 -2.00000000 	50.0000000000
-7.50000000 -1.50000000 	50.0000000000
-7.50000000 -1.00000000 	50.0000000000
-7.50000000 -0.50000000 	50.0000000000
-7.50000000 0.00000000 	50.0000000000
-7.50000000 0.50000000 	50.0000000000
-7.50000000 1.00000000 	50.0000000000
-7.50000000 1.50000000 	50.0000000000
-7.50000000 2.00000000 	50.0000000000
-7.50000000 2.50000000 	50.0000000000
-7.50000000 3.00000000 	50.0000000000
-7.50000000 3.50000000 	50.0000000000
-7.50000000 4.00000000 	50.0000000000
-7.50000000 4.50000000 	50.0000000000
-7.50000000 5.00000000 	50.0000000000
-7.50000000 5.50000000 	50.0000000000
-7.50000000 6.00000000 	50.0000000000
-7.50000000 6.50000000 	50.0000000000
-7.50000000 7.00000000 	50.0000000000
-7.50000000 7.50000000 	50.0000000000
-7.50000000 8.00000000 	50.0000000000
-7.00000000 -12.00000000 	50.0000000000
-7.00000000 -11.50000000 	50.0000000000
-7.00000000 -11.00000000 	50.0000000000
-7.00000000 -10.50000000 	50.0000000000
-7.00000000 -10.00000000 	50.0000000000
-7.00000000 -9.50000000 	50.0000000000
-7.00000000 -9.00000000 	50.0000000000
-7.00000000 -8.50000000 	50.0000000000
-7.00000000 -8.00000000 	50.0000000000
-7.00000000 -7.50000000 	50.0000000000
-7.00000000 -7.00000000 	50.0000000000
-7.00000000 -6.50000000 	50.0000000000
-7.00000000 -6.00000000 	50.0000000000
-7.00000000 -5.50000000 	50.0000000000
-7.00000000 -5.00000000 	50.0000000000
-7.00000000 -4.50000000 	50.0000000000
-7.00000000 -4.00000000 	50.0000000000
-7.00000000 -3.50000000 	50.0000000000
-7.00000000 -3.00000000 	50.0000000000
-7.00000000 -2.50000000 	50.0000000000
-7.00000000 -2.00000000 	50.0000000000
-7.00000000 -1.50000000 	50.0000000000
-7.00000000 -1.00000000 	50.0000000000
-7.00000000 -0.50000000 	50.0000000000
-7.00000000 0.00000000 	50.0000000000
-7.00000000 0.50000000 	50.0000000000
-7.00000000 1.00000000 	50.0000000000
-7.00000000 1.50000000 	50.0000000000
-7.00000000 2.00000000 	50.0000000000
-7.00000000 2.50000000 	50.0000000000
-7.00000000 3.00000000 	50.0000000000
-7.00000000 3.50000000 	50.0000000000
-7.00000000 4.00000000 	50.0000000000
-7.00000000 4.50000000 	50.0000000000
-7.00000000 5.00000000 	50.0000000000
-7.00000000 5.50000000 	50.0000000000
-7.00000000 6.00000000 	50.0000000000
-7.00000000 6.50000000 	50.0000000000
-7.00000000 7.00000000 	50.0000000000
-7.00000000 7.50000000 	50.0000000000
-7.00000000 8.00000000 	50.0000000000
-6.50000000 -12.00000000 	49.7867827503
-6.50000000 -11.50000000 	49.7934705314
-6.50000000 -11.00000000 	49.8914468599
-6.50000000 -10.50000000 	49.9755487980
-6.50000000 -10.00000000 	49.9980743881
-6.50000000 -9.50000000 	50.0000000000
-6.50000000 -9.00000000 	50.0000000000
-6.50000000 -8.50000000 	50.0000000000
-6.50000000 -8.00000000 	50.0000000000
-6.50000000 -7.50000000 	50.0000000000
-6.50000000 -7.00000000 	50.0000000000
-6.50000000 -6.50000000 	50.0000000000
-6.50000000 -6.00000000 	50.0000000000
-6.50000000 -5.50000000 	50.0000000000
-6.50000000 -5.00000000 	50.0000000000
-6.50000000 -4.50000000 	50.0000000000
-6.50000000 -4.00000000 	50.0000000000
-6.50000000 -3.50000000 	50.0000000000
-6.50000000 -3.00000000 	50.0000000000
-6.50000000 -2.50000000 	50.0000000000
-6.50000000 -2.00000000 	50.0000000000
-6.50000000 -1.50000000 	50.0000000000
-6.50000000 -1.00000000 	50.0000000000
-6.50000000 -0.50000000 	50.0000000000
-6.50000000 0.00000000 	50.0000000000
-6.50000000 0.50000000 	50.0000000000
-6.50000000 1.00000000 	50.0000000000
-6.50000000 1.50000000 	50.0000000000
-6.50000000 2.00000000 	50.0000000000
-6.50000000 2.50000000 	50.0000000000
-6.50000000 3.00000000 	50.0000000000
-6.50000000 3.50000000 	50.0000000000
-6.50000000 4.00000000 	50.0000000000
-6.50000000 4.50000000 	50.0000000000
-6.50000000 5.00000000 	50.0000000000
-6.50000000 5.50000000 	50.0000000000
-6.50000000 6.00000000 	50.0000000000
-6.50000000 6.50000000 	50.0000000000
-6.50000000 7.00000000 	50.0000000000
-6.50000000 7.50000000 	50.0000000000
-6.50000000 8.00000000 	50.0000000000
-6.00000000 -12.00000000 	46.2241191799
-6.00000000 -11.50000000 	46.4417261261
-6.00000000 -11.00000000 	48.0824447963
-6.00000000 -10.50000000 	49.4062903898
-6.00000000 -10.00000000 	49.8600851943
-6.00000000 -9.50000000 	49.9755487980
-6.00000000 -9.00000000 	49.9980743881
-6.00000000 -8.50000000 	50.0000000000
-6.00000000 -8.00000000 	50.0000000000
-6.00000000 -7.50000000 	50.0000000000
-6.00000000 -7.00000000 	50.0000000000
-6.00000000 -6.50000000 	50.0000000000
-6.00000000 -6.00000000 	50.0000000000
-6.00000000 -5.50000000 	50.0000000000
-6.00000000 -5.00000000 	50.0000000000
-6.00000000 -4.50000000 	50.0000000000
-6.00000000 -4.00000000 	50.0000000000
-6.00000000 -3.50000000 	50.0000000000
-6.00000000 -3.00000000 	50.0000000000
-6.00000000 -2.50000000 	50.0000000000
-6.00000000 -2.00000000 	50.0000000000
-6.00000000 -1.50000000 	50.0000000000
-6.00000000 -1.00000000 	50.0000000000
-6.00000000 -0.50000000 	50.0000000000
-6.00000000 0.00000000 	50.0000000000
-6.00000000 0.50000000 	50.0000000000
-6.00000000 1.00000000 	50.0000000000
-6.00000000 1.50000000 	50.0000000000
-6.00000000 2.00000000 	50.0000000000
-6.00000000 2.50000000 	50.0000000000
-6.00000000 3.00000000 	50.0000000000
-6.00000000 3.50000000 	50.0000000000
-6.00000000 4.00000000 	50.0000000000
-6.00000000 4.50000000 	50.0000000000
-6.00000000 5.00000000 	50.0000000000
-6.00000000 5.50000000 	50.0000000000
-6.00000000 6.00000000 	50.0000000000
-6.00000000 6.50000000 	50.0000000000
-6.00000000 7.00000000 	50.0000000000
-6.00000000 7.50000000 	50.0000000000
-6.00000000 8.00000000 	50.0000000000
-5.50000000 -12.00000000 	25.2462073429
-5.50000000 -11.50000000 	27.8544541230
-5.50000000 -11.00000000 	37.7067260082
-5.50000000 -10.50000000 	44.5333972318
-5.50000000 -10.00000000 	47.9245065793
-5.50000000 -9.50000000 	49.4062903898
-5.50000000 -9.00000000 	49.8600851943
-5.50000000 -8.50000000 	49.9755487980
-5.50000000 -8.00000000 	49.9980743881
-5.50000000 -7.50000000 	50.0000000000
-5.50000000 -7.00000000 	50.0000000000
-5.50000000 -6.50000000 	50.0000000000
-5.50000000 -6.00000000 	50.0000000000
-5.50000000 -5.50000000 	50.0000000000
-5.50000000 -5.00000000 	50.0000000000
-5.50000000 -4.50000000 	50.0000000000
-5.50000000 -4.00000000 	50.0000000000
-5.50000000 -3.50000000 	50.0000000000
-5.50000000 -3.00000000 	50.0000000000
-5.50000000 -2.50000000 	50.0000000000
-5.50000000 -2.00000000 	50.0000000000
-5.50000000 -1.50000000 	50.0000000000
-5.50000000 -1.00000000 	50.0000000000
-5.50000000 -0.50000000 	50.0000000000
-5.50000000 0.00000000 	50.0000000000
-5.50000000 0.50000000 	50.0000000000
-5.50000000 1.00000000 	50.0000000000
-5.50000000 1.50000000 	50.0000000000
-5.50000000 2.00000000 	50.0000000000
-5.50000000 2.50000000 	50.0000000000
-5.50000000 3.00000000 	50.0000000000
-5.50000000 3.50000000 	50.0000000000
-5.50000000 4.00000000 	50.0000000000
-5.50000000 4.50000000 	50.0000000000
-5.50000000 5.00000000 	50.0000000000
-5.50000000 5.50000000 	50.0000000000
-5.50000000 6.00000000 	50.0000000000
-5.50000000 6.50000000 	50.0000000000
-5.50000000 7.00000000 	50.0000000000
-5.50000000 7.50000000 	50.0000000000
-5.50000000 8.00000000 	50.0000000000
-5.00000000 -12.00000000 	-21.8167462042
-5.00000000 -11.50000000 	-11.2085627386
-5.00000000 -11.00000000 	11.7283083586
-5.00000000 -10.50000000 	25.0029635899
-5.00000000 -10.00000000 	37.4662611845
-5.00000000 -9.50000000 	44.5333972318
-5.00000000 -9.00000000 	47.9245065793
-5.00000000 -8.50000000 	49.4062903898
-5.00000000 -8.00000000 	49.8600851943
-5.00000000 -7.50000000 	49.9755487980
-5.00000000 -7.00000000 	49.9980743881
-5.00000000 -6.50000000 	50.0000000000
-5.00000000 -6.00000000 	50.0000000000
-5.00000000 -5.50000000 	50.0000000000
-5.00000000 -5.00000000 	50.0000000000
-5.00000000 -4.50000000 	50.0000000000
-5.00000000 -4.00000000 	50.0000000000
-5.00000000 -3.50000000 	50.0000000000
-5.00000000 -3.00000000 	50.0000000000
-5.00000000 -2.50000000 	50.0000000000
-5.00000000 -2.00000000 	50.0000000000
-5.00000000 -1.50000000 	50.0000000000
-5.00000000 -1.00000000 	50.0000000000
-5.00000000 -0.50000000 	50.0000000000
-5.00000000 0.00000000 	50.0000000000
-5.00000000 0.50000000 	50.0000000000
-5.00000000 1.00000000 	50.0000000000
-5.00000000 1.50000000 	50.0000000000
-5.00000000 2.00000000 	50.0000000000
-5.00000000 2.50000000 	50.0000000000
-5.00000000 3.00000000 	50.0000000000
-5.00000000 3.50000000 	50.0000000000
-5.00000000 4.00000000 	50.0000000000
-5.00000000 4.50000000 	50.0000000000
-5.00000000 5.00000000 	50.0000000000
-5.00000000 5.50000000 	50.0000000000
-5.00000000 6.00000000 	50.0000000000
-5.00000000 6.50000000 	50.0000000000
-5.00000000 7.00000000 	50.0000000000
-5.00000000 7.50000000 	50.0000000000
-5.00000000 8.00000000 	50.0000000000
-4.50000000 -12.00000000 	-44.2970719721
-4.50000000 -11.50000000 	-37.4704035440
-4.50000000 -11.00000000 	-25.0037031270
-4.50000000 -10.50000000 	-11.6892642105
-4.50000000 -10.00000000 	11.6892642105
-4.50000000 -9.50000000 	25.0029635899
-4.50000000 -9.00000000 	37.4662611845
-4.50000000 -8.50000000 	44.5333972318
-4.50000000 -8.00000000 	47.9245065793
-4.50000000 -7.50000000 	49.4062903898
-4.50000000 -7.00000000 	49.8600851943
-4.50000000 -6.50000000 	49.9755487980
-4.50000000 -6.00000000 	49.9980743881
-4.50000000 -5.50000000 	50.0000000000
-4.50000000 -5.00000000 	50.0000000000
-4.50000000 -4.50000000 	50.0000000000
-4.50000000 -4.00000000 	50.0000000000
-4.50000000 -3.50000000 	50.0000000000
-4.50000000 -3.00000000 	50.0000000000
-4.50000000 -2.50000000 	50.0000000000
-4.50000000 -2.00000000 	50.0000000000
-4.50000000 -1.50000000 	50.0000000000
-4.50000000 -1.00000000 	50.0000000000
-4.50000000 -0.50000000 	50.0000000000
-4.50000000 0.00000000 	50.0000000000
-4.50000000 0.50000000 	50.0000000000
-4.50000000 1.00000000 	50.0000000000
-4.50000000 1.50000000 	50.0000000000
-4.50000000 2.00000000 	50.0000000000
-4.50000000 2.50000000 	50.0000000000
-4.50000000 3.00000000 	50.0000000000
-4.50000000 3.50000000 	50.0000000000
-4.50000000 4.00000000 	50.0000000000
-4.50000000 4.50000000 	50.0000000000
-4.50000000 5.00000000 	50.0000000000
-4.50000000 5.50000000 	50.0000000000
-4.50000000 6.00000000 	50.0000000000
-4.50000000 6.50000000 	50.0000000000
-4.50000000 7.00000000 	50.0000000000
-4.50000000 7.50000000 	50.0000000000
-4.50000000 8.00000000 	50.0000000000
-4.00000000 -12.00000000 	-49.3995346520
-4.00000000 -11.50000000 	-47.9275390106
-4.00000000 -11.00000000 	-44.5336894312
-4.00000000 -10.50000000 	-37.4662611845
-4.00000000 -10.00000000 	-25.0029635899
-4.00000000 -9.50000000 	-11.6892642105
-4.00000000 -9.00000000 	11.6892642105
-4.00000000 -8.50000000 	25.0029635899
-4.00000000 -8.00000000 	37.4662611845
-4.00000000 -7.50000000 	44.5333972318
-4.00000000 -7.00000000 	47.9245065793
-4.00000000 -6.50000000 	49.4062903898
-4.00000000 -6.00000000 	49.8600851943
-4.00000000 -5.50000000 	49.9755487980
-4.00000000 -5.00000000 	49.9980743881
-4.00000000 -4.50000000 	50.0000000000
-4.00000000 -4.00000000 	50.0000000000
-4.00000000 -3.50000000 	50.0000000000
-4.00000000 -3.00000000 	50.0000000000
-4.00000000 -2.50000000 	50.0000000000
-4.00000000 -2.00000000 	50.0000000000
-4.00000000 -1.50000000 	50.0000000000
-4.00000000 -1.00000000 	50.0000000000
-4.00000000 -0.50000000 	50.0000000000
-4.00000000 0.00000000 	50.0000000000
-4.00000000 0.50000000 	50.0000000000
-4.00000000 1.00000000 	50.0000000000
-4.00000000 1.50000000 	50.0000000000
-4.00000000 2.00000000 	50.0000000000
-4.00000000 2.50000000 	50.0000000000
-4.00000000 3.00000000 	50.0000000000
-4.00000000 3.50000000 	50.0000000000
-4.00000000 4.00000000 	50.0000000000
-4.00000000 4.50000000 	50.0000000000
-4.00000000 5.00000000 	50.0000000000
-4.00000000 5.50000000 	50.0000000000
-4.00000000 6.00000000 	50.0000000000
-4.00000000 6.50000000 	50.0000000000
-4.00000000 7.00000000 	50.0000000000
-4.00000000 7.50000000 	50.0000000000
-4.00000000 8.00000000 	50.0000000000
-3.50000000 -12.00000000 	-49.9753620616
-3.50000000 -11.50000000 	-49.8600851943
-3.50000000 -11.00000000 	-49.4062903898
-3.50000000 -10.50000000 	-47.9245065793
-3.50000000 -10.00000000 	-44.5333972318
-3.50000000 -9.50000000 	-37.4662611845
-3.50000000 -9.00000000 	-25.0029635899
-3.50000000 -8.50000000 	-11.6892642105
-3.50000000 -8.00000000 	11.6892642105
-3.50000000 -7.50000000 	25.0029635899
-3.50000000 -7.00000000 	37.4662611845
-3.50000000 -6.50000000 	44.5333972318
-3.50000000 -6.00000000 	47.9245065793
-3.50000000 -5.50000000 	49.4062903898
-3.50000000 -5.00000000 	49.8600851943
-3.50000000 -4.50000000 	49.9755487980
-3.50000000 -4.00000000 	49.9980743881
-3.50000000 -3.50000000 	50.0000000000
-3.50000000 -3.00000000 	50.0000000000
-3.50000000 -2.50000000 	50.0000000000
-3.50000000 -2.00000000 	50.0000000000
-3.50000000 -1.50000000 	50.0000000000
-3.50000000 -1.00000000 	50.0000000000
-3.50000000 -0.50000000 	50.0000000000
-3.50000000 0.00000000 	50.0000000000
-3.50000000 0.50000000 	50.0000000000
-3.50000000 1.00000000 	50.0000000000
-3.50000000 1.50000000 	50.0000000000
-3.50000000 2.00000000 	50.0000000000
-3.50000000 2.50000000 	50.0000000000
-3.50000000 3.00000000 	50.0000000000
-3.50000000 3.50000000 	50.0000000000
-3.50000000 4.00000000 	50.0000000000
-3.50000000 4.50000000 	50.0000000000
-3.50000000 5.00000000 	50.0000000000
-3.50000000 5.50000000 	50.0000000000
-3.50000000 6.00000000 	50.0000000000
-3.50000000 6.50000000 	50.0000000000
-3.50000000 7.00000000 	50.0000000000
-3.50000000 7.50000000 	50.0000000000
-3.50000000 8.00000000 	50.0000000000
-3.00000000 -12.00000000 	-50.0000000000
-3.00000000 -11.50000000 	-49.9980743881
-3.00000000 -11.00000000 	-49.9755487980
-3.00000000 -10.50000000 	-49.8600851943
-3.00000000 -10.00000000 	-49.4062903898
-3.00000000 -9.50000000 	-47.9245065793
-3.00000000 -9.00000000 	-44.5333972318
-3.00000000 -8.50000000 	-37.4662611845
-3.00000000 -8.00000000 	-25.0029635899
-3.00000000 -7.50000000 	-11.6892642105
-3.00000000 -7.00000000 	11.6892642105
-3.00000000 -6.50000000 	25.0029635899
-3.00000000 -6.00000000 	37.4662611845
-3.00000000 -5.50000000 	44.5333972318
-3.00000000 -5.00000000 	47.9245065793
-3.00000000 -4.50000000 	49.4062903898
-3.00000000 -4.00000000 	49.8600851943
-3.00000000 -3.50000000 	49.9755487980
-3.00000000 -3.00000000 	49.9980743881
-3.00000000 -2.50000000 	50.0000000000
-3.00000000 -2.00000000 	50.0000000000
-3.00000000 -1.50000000 	50.0000000000
-3.00000000 -1.00000000 	50.0000000000
-3.00000000 -0.50000000 	50.0000000000
-3.00000000 0.00000000 	50.0000000000
-3.00000000 0.50000000 	50.0000000000
-3.00000000 1.00000000 	50.0000000000
-3.00000000 1.50000000 	50.0000000000
-3.00000000 2.00000000 	50.0000000000
-3.00000000 2.50000000 	50.0000000000
-3.00000000 3.00000000 	50.0000000000
-3.00000000 3.50000000 	50.0000000000
-3.00000000 4.00000000 	50.0000000000
-3.00000000 4.50000000 	50.0000000000
-3.00000000 5.00000000 	50.0000000000
-3.00000000 5.50000000 	50.0000000000
-3.00000000 6.00000000 	50.0000000000
-3.00000000 6.50000000 	50.0000000000
-3.00000000 7.00000000 	50.0000000000
-3.00000000 7.50000000 	50.0000000000
-3.00000000 8.00000000 	50.0000000000
-2.50000000 -12.00000000 	-50.0000000000
-2.50000000 -11.50000000 	-50.0000000000
-2.50000000 -11.00000000 	-50.0000000000
-2.50000000 -10.50000000 	-49.9980743881
-2.50000000 -10.00000000 	-49.9755487980
-2.50000000 -9.50000000 	-49.8600851943
-2.50000000 -9.00000000 	-49.4062903898
-2.50000000 -8.50000000 	-47.9245065793
-2.50000000 -8.00000000 	-44.5333972318
-2.50000000 -7.50000000 	-37.4662611845
-2.50000000 -7.00000000 	-25.0029635899
-2.50000000 -6.50000000 	-11.6892642105
-2.50000000 -6.00000000 	11.6892642105
-2.50000000 -5.50000000 	25.0029635899
-2.50000000 -5.00000000 	37.4662611845
-2.50000000 -4.50000000 	44.5333972318
-2.50000000 -4.00000000 	47.9245065793
-2.50000000 -3.50000000 	49.4062903898
-2.50000000 -3.00000000 	49.8600851943
-2.50000000 -2.50000000 	49.9755487980
-2.50000000 -2.00000000 	49.9980743881
-2.50000000 -1.50000000 	50.0000000000
-2.50000000 -1.00000000 	50.0000000000
-2.50000000 -0.50000000 	50.0000000000
-2.50000000 0.00000000 	50.0000000000
-2.50000000 0.50000000 	50.0000000000
-2.50000000 1.00000000 	50.0000000000
-2.50000000 1.50000000 	50.0000000000
-2.50000000 2.00000000 	50.0000000000
-2.50000000 2.50000000 	50.0000000000
-2.50000000 3.00000000 	50.0000000000
-2.50000000 3.50000000 	50.0000000000
-2.50000000 4.00000000 	50.0000000000
-2.50000000 4.50000000 	50.0000000000
-2.50000000 5.00000000 	50.0000000000
-2.50000000 5.50000000 	50.0000000000
-2.50000000 6.00000000 	50.0000000000
-2.50000000 6.50000000 	50.0000000000
-2.50000000 7.00000000 	50.0000000000
-2.50000000 7.50000000 	50.0000000000
-2.50000000 8.00000000 	50.0000000000
-2.00000000 -12.00000000 	-50.0000000000
-2.00000000 -11.50000000 	-50.0000000000
-2.00000000 -11.00000000 	-50.0000000000
-2.00000000 -10.50000000 	-50.0000000000
-2.00000000 -10.00000000 	-50.0000000000
-2.00000000 -9.50000000 	-49.9980743881
-2.00000000 -9.00000000 	-49.9755487980
-2.00000000 -8.50000000 	-49.8600851943
-2.00000000 -8.00000000 	-49.4062903898
-2.00000000 -7.50000000 	-47.9245065793
-2.00000000 -7.00000000 	-44.5333972318
-2.00000000 -6.50000000 	-37.4662611845
-2.00000000 -6.00000000 	-25.0029635899
-2.00000000 -5.50000000 	-11.6892642105
-2.00000000 -5.00000000 	11.6892642105
-2.00000000 -4.50000000 	25.0029635899
-2.00000000 -4.00000000 	37.4662611845
-2.00000000 -3.50000000 	44.5333972318
-2.00000000 -3.00000000 	47.9245065793
-2.00000000 -2.50000000 	49.4062903898
-2.00000000 -2.00000000 	49.8600851943
-2.00000000 -1.50000000 	49.9755487980
-2.00000000 -1.00000000 	49.9980743881
-2.00000000 -0.50000000 	50.0000000000
-2.00000000 0.00000000 	50.0000000000
-2.00000000 0.50000000 	50.0000000000
-2.00000000 1.00000000 	50.0000000000
-2.00000000 1.50000000 	50.0000000000
-2.00000000 2.00000000 	50.0000000000
-2.00000000 2.50000000 	50.0000000000
-2.00000000 3.00000000 	50.0000000000
-2.00000000 3.50000000 	50.0000000000
-2.00000000 4.00000000 	50.0000000000
-2.00000000 4.50000000 	50.0000000000
-2.00000000 5.00000000 	50.0000000000
-2.00000000 5.50000000 	50.0000000000
-2.00000000 6.00000000 	50.0000000000
-2.00000000 6.50000000 	50.0000000000
-2.00000000 7.00000000 	50.0000000000
-2.00000000 7.50000000 	50.0000000000
-2.00000000 8.00000000 	50.0000000000
-1.50000000 -12.00000000 	-50.0000000000
-1.50000000 -11.50000000 	-50.0000000000
-1.50000000 -11.00000000 	-50.0000000000
-1.50000000 -10.50000000 	-50.0000000000
-1.50000000 -10.00000000 	-50.0000000000
-1.50000000 -9.50000000 	-50.0000000000
-1.50000000 -9.00000000 	-50.0000000000
-1.50000000 -8.50000000 	-49.9980743881
-1.50000000 -8.00000000 	-49.9755487980
-1.50000000 -7.50000000 	-49.8600851943
-1.50000000 -7.00000000 	-49.4062903898
-1.50000000 -6.50000000 	-47.9245065793
-1.50000000 -6.00000000 	-44.5333972318
-1.50000000 -5.50000000 	-37.4662611845
-1.50000000 -5.00000000 	-25.0029635899
-1.50000000 -4.50000000 	-11.6892642105
-1.50000000 -4.00000000 	11.6892642105
-1.50000000 -3.50000000 	25.0029635899
-1.50000000 -3.00000000 	37.4662611845
-1.50000000 -2.50000000 	44.5333972318
-1.50000000 -2.00000000 	47.9245065793
-1.50000000 -1.50000000 	49.4062903898
-1.50000000 -1.00000000 	49.8600851943
-1.50000000 -0.50000000 	49.9755487980
-1.50000000 0.00000000 	49.9980743881
-1.50000000 0.50000000 	50.0000000000
-1.50000000 1.00000000 	50.0000000000
-1.50000000 1.50000000 	50.0000000000
-1.50000000 2.00000000 	50.0000000000
-1.50000000 2.50000000 	50.0000000000
-1.50000000 3.00000000 	50.0000000000
-1.50000000 3.50000000 	50.0000000000
-1.50000000 4.00000000 	50.0000000000
-1.50000000 4.50000000 	50.0000000000
-1.50000000 5.00000000 	50.0000000000
-1.50000000 5.50000000 	50.0000000000
-1.50000000 6.00000000 	50.0000000000
-1.50000000 6.50000000 	50.0000000000
-1.50000000 7.00000000 	50.0000000000
-1.50000000 7.50000000 	50.0000000000
-1.50000000 8.00000000 	50.0000000000
-1.00000000 -12.00000000 	-50.0000000000
-1.00000000 -11.50000000 	-50.0000000000
-1.00000000 -11.00000000 	-50.0000000000
-1.00000000 -10.50000000 	-50.0000000000
-1.00000000 -10.00000000 	-50.0000000000
-1.00000000 -9.50000000 	-50.0000000000
-1.00000000 -9.00000000 	-50.0000000000
-1.00000000 -8.50000000 	-50.0000000000
-1.00000000 -8.00000000 	-50.0000000000
-1.00000000 -7.50000000 	-49.9980743881
-1.00000000 -7.00000000 	-49.9755487980
-1.00000000 -6.50000000 	-49.8600851943
-1.00000000 -6.00000000 	-49.4062903898
-1.00000000 -5.50000000 	-47.9245065793
-1.00000000 -5.00000000 	-44.5333972318
-1.00000000 -4.50000000 	-37.4662611845
-1.00000000 -4.00000000 	-25.0029635899
-1.00000000 -3.50000000 	-11.6892642105
-1.00000000 -3.00000000 	11.6892642105
-1.00000000 -2.50000000 	25.0029635899
-1.00000000 -2.00000000 	37.4662611845
-1.00000000 -1.50000000 	44.5333972318
-1.00000000 -1.00000000 	47.9245065793
-1.00000000 -0.50000000 	49.4062903898
-1.00000000 0.00000000 	49.8600851943
-1.00000000 0.50000000 	49.9755487980
-1.00000000 1.00000000 	49.9980743881
-1.00000000 1.50000000 	50.0000000000
-1.00000000 2.00000000 	50.0000000000
-1.00000000 2.50000000 	50.0000000000
-1.00000000 3.00000000 	50.0000000000
-1.00000000 3.50000000 	50.0000000000
-1.00000000 4.00000000 	50.0000000000
-1.00000000 4.50000000 	50.0000000000
-1.00000000 5.00000000 	50.0000000000
-1.00000000 5.50000000 	50.0000000000
-1.00000000 6.00000000 	50.0000000000
-1.00000000 6.50000000 	50.0000000000
-1.00000000 7.00000000 	50.0000000000
-1.00000000 7.50000000 	50.0000000000
-1.00000000 8.00000000 	50.0000000000
-0.50000000 -12.00000000 	-50.0000000000
-0.50000000 -11.50000000 	-50.0000000000
-0.50000000 -11.00000000 	-50.0000000000
-0.50000000 -10.50000000 	-50.0000000000
-0.50000000 -10.00000000 	-50.0000000000
-0.50000000 -9.50000000 	-50.0000000000
-0.50000000 -9.00000000 	-50.0000000000
-0.50000000 -8.50000000 	-50.0000000000
-0.50000000 -8.00000000 	-50.0000000000
-0.50000000 -7.50000000 	-50.0000000000
-0.50000000 -7.00000000 	-50.0000000000
-0.50000000 -6.50000000 	-49.9980743881
-0.50000000 -6.00000000 	-49.9755487980
-0.50000000 -5.50000000 	-49.8600851943
-0.50000000 -5.00000000 	-49.4062903898
-0.50000000 -4.50000000 	-47.9245065793
-0.50000000 -4.00000000 	-44.5333972318
-0.50000000 -3.50000000 	-37.4662611845
-0.50000000 -3.00000000 	-25.0029635899
-0.50000000 -2.50000000 	-11.6892642105
-0.50000000 -2.00000000 	11.6892642105
-0.50000000 -1.50000000 	25.0029635899
-0.50000000 -1.00000000 	37.4662611845
-0.50000000 -0.50000000 	44.5333972318
-0.50000000 0.00000000 	47.9245065793
-0.50000000 0.50000000 	49.4062903898
-0.50000000 1.00000000 	49.8600851943
-0.50000000 1.50000000 	49.9755487980
-0.50000000 2.00000000 	49.9980743881
-0.50000000 2.50000000 	50.0000000000
-0.50000000 3.00000000 	50.0000000000
-0.50000000 3.50000000 	50.0000000000
-0.50000000 4.00000000 	50.0000000000
-0.50000000 4.50000000 	50.0000000000
-0.50000000 5.00000000 	50.0000000000
-0.50000000 5.50000000 	50.0000000000
-0.50000000 6.00000000 	50.0000000000
-0.50000000 6.50000000 	50.0000000000
-0.50000000 7.00000000 	50.0000000000
-0.50000000 7.50000000 	50.0000000000
-0.50000000 8.00000000 	50.0000000000
0.00000000 -12.00000000 	-50.0000000000
0.00000000 -11.50000000 	-50.0000000000
0.00000000 -11.00000000 	-50.0000000000
0.00000000 -10.50000000 	-50.0000000000
0.00000000 -10.00000000 	-50.0000000000
0.00000000 -9.50000000 	-50.0000000000
0.00000000 -9.00000000 	-50.0000000000
0.00000000 -8.50000000 	-50.0000000000
0.00000000 -8.00000000 	-50.0000000000
0.00000000 -7.50000000 	-50.0000000000
0.00000000 -7.00000000 	-50.0000000000
0.00000000 -6.50000000 	-50.0000000000
0.00000000 -6.00000000 	-50.0000000000
0.00000000 -5.50000000 	-49.9980743881
0.00000000 -5.00000000 	-49.9755487980
0.00000000 -4.50000000 	-49.8600851943
0.00000000 -4.00000000 	-49.4062903898
0.00000000 -3.50000000 	-47.9245065793
0.00000000 -3.00000000 	-44.5333972318
0.00000000 -2.50000000 	-37.4662611845
0.00000000 -2.00000000 	-25.0029635899
0.00000000 -1.50000000 	-11.6892642105
0.00000000 -1.00000000 	11.6892642105
0.00000000 -0.50000000 	25.0029635899
0.00000000 0.00000000 	37.4662611845
0.00000000 0.50000000 	44.5333972318
0.00000000 1.00000000 	47.9245065793
0.00000000 1.50000000 	49.4062903898
0.00000000 2.00000000 	49.8600851943
0.00000000 2.50000000 	49.9755487980
0.00000000 3.00000000 	49.9980743881
0.00000000 3.50000000 	50.0000000000
0.00000000 4.00000000 	50.0000000000
0.00000000 4.50000000 	50.0000000000
0.00000000 5.00000000 	50.0000000000
0.00000000 5.50000000 	50.0000000000
0.00000000 6.00000000 	50.0000000000
0.00000000 6.50000000 	50.0000000000
0.00000000 7.00000000 	50.0000000000
0.00000000 7.50000000 	50.0000000000
0.00000000 8.00000000 	50.0000000000
0.50000000 -12.00000000 	-50.0000000000
0.50000000 -11.50000000 	-50.0000000000
0.50000000 -11.00000000 	-50.0000000000
0.50000000 -10.50000000 	-50.0000000000
0.50000000 -10.00000000 	-50.0000000000
0.50000000 -9.50000000 	-50.0000000000
0.50000000 -9.00000000 	-50.0000000000
0.50000000 -8.50000000 	-50.0000000000
0.50000000 -8.00000000 	-50.0000000000
0.50000000 -7.50000000 	-50.0000000000
0.50000000 -7.00000000 	-50.0000000000
0.50000000 -6.50000000 	-50.0000000000
0.50000000 -6.00000000 	-50.0000000000
0.50000000 -5.50000000 	-50.0000000000
0.50000000 -5.00000000 	-50.0000000000
0.50000000 -4.50000000 	-49.9980743881
0.50000000 -4.00000000 	-49.9755487980
0.50000000 -3.50000000 	-49.8600851943
0.50000000 -3.00000000 	-49.4062903898
0.50000000 -2.50000000 	-47.9245065793
0.50000000 -2.00000000 	-44.5333972318
0.50000000 -1.50000000 	-37.4662611845
0.50000000 -1.00000000 	-25.0029635899
0.50000000 -0.50000000 	-11.6892642105
0.50000000 0.00000000 	11.6892642105
0.50000000 0.50000000 	25.0029635899
0.50000000 1.00000000 	37.4662611845
0.50000000 1.50000000 	44.5333972318
0.50000000 2.00000000 	47.9245065793
0.50000000 2.50000000 	49.4062903898
0.50000000 3.00000000 	49.8600851943
0.50000000 3.50000000 	49.9755487980
0.50000000 4.00000000 	49.9980743881
0.50000000 4.50000000 	50.0000000000
0.50000000 5.00000000 	50.0000000000
0.50000000 5.50000000 	50.0000000000
0.50000000 6.00000000 	50.0000000000
0.50000000 6.50000000 	50.0000000000
0.50000000 7.00000000 	50.0000000000
0.50000000 7.50000000 	50.0000000000
0.50000000 8.00000000 	50.0000000000
1.00000000 -12.00000000 	-50.0000000000
1.00000000 -11.50000000 	-50.0000000000
1.00000000 -11.00000000 	-50.0000000000
1.00000000 -10.50000000 	-50.0000000000
1.00000000 -10.00000000 	-50.0000000000
1.00000000 -9.50000000 	-50.0000000000
1.00000000 -9.00000000 	-50.0000000000
1.00000000 -8.50000000 	-50.0000000000
1.00000000 -8.00000000 	-50.0000000000
1.00000000 -7.50000000 	-50.0000000000
1.00000000 -7.00000000 	-50.0000000000
1.00000000 -6.50000000 	-50.0000000000
1.00000000 -6.00000000 	-50.0000000000
1.00000000 -5.50000000 	-50.0000000000
1.00000000 -5.00000000 	-50.0000000000
1.00000000 -4.50000000 	-50.0000000000
1.00000000 -4.00000000 	-50.0000000000
1.00000000 -3.50000000 	-49.9980743881
1.00000000 -3.00000000 	-49.9755487980
1.00000000 -2.50000000 	-49.8600851943
1.00000000 -2.00000000 	-49.4062903898
1.00000000 -1.50000000 	-47.9245065793
1.00000000 -1.00000000 	-44.5333972318
1.00000000 -0.50000000 	-37.4662611845
1.00000000 0.00000000 	-25.0029635899
1.00000000 0.50000000 	-11.6892642105
1.00000000 1.00000000 	11.6892642105
1.00000000 1.50000000 	25.0026511819
1.00000000 2.00000000 	37.4629553485
1.00000000 2.50000000 	44.5361701199
1.00000000 3.00000000 	48.0266357554
1.00000000 3.50000000 	49.5871686693
1.00000000 4.00000000 	49.9665584326
1.00000000 4.50000000 	50.0000000000
1.00000000 5.00000000 	50.0000000000
1.00000000 5.50000000 	50.0000000000
1.00000000 6.00000000 	50.0000000000
1.00000000 6.50000000 	50.0000000000
1.00000000 7.00000000 	50.0000000000
1.00000000 7.50000000 	50.0000000000
1.00000000 8.00000000 	50.0000000000
1.50000000 -12.00000000 	-50.0000000000
1.50000000 -11.50000000 	-50.0000000000
1.50000000 -11.00000000 	-50.0000000000
1.50000000 -10.50000000 	-50.0000000000
1.50000000 -10.00000000 	-50.0000000000
1.50000000 -9.50000000 	-50.0000000000
1.50000000 -9.00000000 	-50.0000000000
1.50000000 -8.50000000 	-50.0000000000
1.50000000 -8.00000000 	-50.0000000000
1.50000000 -7.50000000 	-50.0000000000
1.50000000 -7.00000000 	-50.0000000000
1.50000000 -6.50000000 	-50.0000000000
1.50000000 -6.00000000 	-50.0000000000
1.50000000 -5.50000000 	-50.0000000000
1.50000000 -5.00000000 	-50.0000000000
1.50000000 -4.50000000 	-50.0000000000
1.50000000 -4.00000000 	-50.0000000000
1.50000000 -3.50000000 	-50.0000000000
1.50000000 -3.00000000 	-50.0000000000
1.50000000 -2.50000000 	-49.9980743881
1.50000000 -2.00000000 	-49.9755487980
1.50000000 -1.50000000 	-49.8600851943
1.50000000 -1.00000000 	-49.4062903898
1.50000000 -0.50000000 	-47.9245065793
1.50000000 0.00000000 	-44.5333972318
1.50000000 0.50000000 	-37.4655255874
1.50000000 1.00000000 	-24.9932911088
1.50000000 1.50000000 	-11.6398867439
1.50000000 2.00000000 	11.8078360528
1.50000000 2.50000000 	25.3500761882
1.50000000 3.00000000 	39.4827473050
1.50000000 3.50000000 	47.6823314528
1.50000000 4.00000000 	49.8073895159
1.50000000 4.50000000 	50.0000000000
1.50000000 5.00000000 	50.0000000000
1.50000000 5.50000000 	50.0000000000
1.50000000 6.00000000 	50.0000000000
1.50000000 6.50000000 	50.0000000000
1.50000000 7.00000000 	50.0000000000
1.50000000 7.50000000 	50.0000000000
1.50000000 8.00000000 	50.0000000000
2.00000000 -12.00000000 	-50.0000000000
2.00000000 -11.50000000 	-50.0000000000
2.00000000 -11.00000000 	-50.0000000000
2.00000000 -10.50000000 	-50.0000000000
2.00000000 -10.00000000 	-50.0000000000
2.00000000 -9.50000000 	-50.0000000000
2.00000000 -9.00000000 	-50.0000000000
2.00000000 -8.50000000 	-50.0000000000
2.00000000 -8.00000000 	-50.0000000000
2.00000000 -7.50000000 	-50.0000000000
2.00000000 -7.00000000 	-50.0000000000
2.00000000 -6.50000000 	-50.0000000000
2.00000000 -6.00000000 	-50.0000000000
2.00000000 -5.50000000 	-50.0000000000
2.00000000 -5.00000000 	-50.0000000000
2.00000000 -4.50000000 	-50.0000000000
2.00000000 -4.00000000 	-50.0000000000
2.00000000 -3.50000000 	-50.0000000000
2.00000000 -3.00000000 	-50.0000000000
2.00000000 -2.50000000 	-50.0000000000
2.00000000 -2.00000000 	-50.0000000000
2.00000000 -1.50000000 	-49.9980743881
2.00000000 -1.00000000 	-49.9755487980
2.00000000 -0.50000000 	-49.8588786532
2.00000000 0.00000000 	-49.3904859188
2.00000000 0.50000000 	-47.8305326809
2.00000000 1.00000000 	-44.1435624827
2.00000000 1.50000000 	-36.1633983615
2.00000000 2.00000000 	-21.8770405354
2.00000000 2.50000000 	-5.9292432612
2.00000000 3.00000000 	27.1289228747
2.00000000 3.50000000 	44.9914683216
2.00000000 4.00000000 	49.5726347525
2.00000000 4.50000000 	50.0000000000
2.00000000 5.00000000 	50.0000000000
2.00000000 5.50000000 	50.0000000000
2.00000000 6.00000000 	50.0000000000
2.00000000 6.50000000 	50.0000000000
2.00000000 7.00000000 	50.0000000000
2.00000000 7.50000000 	50.0000000000
2.00000000 8.00000000 	50.0000000000
