-8.00000000 -12.00000000 	0.0000000000
-8.00000000 -11.00000000 	0.0000000000
-8.00000000 -10.00000000 	0.0000000000
-8.00000000 -9.00000000 	0.0000000000
-8.00000000 -8.00000000 	0.0000000000
-8.00000000 -7.00000000 	0.0000000000
-8.00000000 -6.00000000 	0.0000000000
-8.00000000 -5.00000000 	0.0000000000
-8.00000000 -4.00000000 	0.0000000000
-8.00000000 -3.00000000 	0.0000000000
-8.00000000 -2.00000000 	0.0000000000
-8.00000000 -1.00000000 	0.0000000000
-8.00000000 0.00000000 	0.0000000000
-8.00000000 1.00000000 	0.0000000000
-8.00000000 2.00000000 	0.0000000000
-8.00000000 3.00000000 	0.0000000000
-8.00000000 4.00000000 	0.0000000000
-8.00000000 5.00000000 	0.0000000000
-8.00000000 6.00000000 	0.0000000000
-8.00000000 7.00000000 	0.0000000000
-8.00000000 8.00000000 	0.0000000000
-7.00000000 -12.00000000 	-0.0028963822
-7.00000000 -11.00000000 	-0.0023504290
-7.00000000 -10.00000000 	-0.0023504290
-7.00000000 -9.00000000 	-0.0009066889
-7.00000000 -8.00000000 	-0.0009066889
-7.00000000 -7.00000000 	0.0000000000
-7.00000000 -6.00000000 	0.0000000000
-7.00000000 -5.00000000 	0.0000000000
-7.00000000 -4.00000000 	0.0000000000
-7.00000000 -3.00000000 	0.0000000000
-7.00000000 -2.00000000 	0.0000000000
-7.00000000 -1.00000000 	0.0000000000
-7.00000000 0.00000000 	0.0000000000
-7.00000000 1.00000000 	0.0000000000
-7.00000000 2.00000000 	0.0000000000
-7.00000000 3.00000000 	0.0000000000
-7.00000000 4.00000000 	0.0000000000
-7.00000000 5.00000000 	0.0000000000
-7.00000000 6.00000000 	0.0000000000
-7.00000000 7.00000000 	0.0000000000
-7.00000000 8.00000000 	0.0000000000
-6.00000000 -12.00000000 	-0.1302393585
-6.00000000 -11.00000000 	-0.8953127014
-6.00000000 -10.00000000 	-0.8953127014
-6.00000000 -9.00000000 	-0.7102347883
-6.00000000 -8.00000000 	-0.7102347883
-6.00000000 -7.00000000 	-0.0009066889
-6.00000000 -6.00000000 	-0.0009066889
-6.00000000 -5.00000000 	0.0000000000
-6.00000000 -4.00000000 	0.0000000000
-6.00000000 -3.00000000 	0.0000000000
-6.00000000 -2.00000000 	0.0000000000
-6.00000000 -1.00000000 	0.0000000000
-6.00000000 0.00000000 	0.0000000000
-6.00000000 1.00000000 	0.0000000000
-6.00000000 2.00000000 	0.0000000000
-6.00000000 3.00000000 	0.0000000000
-6.00000000 4.00000000 	0.0000000000
-6.00000000 5.00000000 	0.0000000000
-6.00000000 6.00000000 	0.0000000000
-6.00000000 7.00000000 	0.0000000000
-6.00000000 8.00000000 	0.0000000000
-5.00000000 -12.00000000 	0.0022499404
-5.00000000 -11.00000000 	-0.1872775460
-5.00000000 -10.00000000 	-0.1872775460
-5.00000000 -9.00000000 	-0.8930986956
-5.00000000 -8.00000000 	-0.8930986956
-5.00000000 -7.00000000 	-0.7102347883
-5.00000000 -6.00000000 	-0.7102347883
-5.00000000 -5.00000000 	-0.0009066889
-5.00000000 -4.00000000 	-0.0009066889
-5.00000000 -3.00000000 	0.0000000000
-5.00000000 -2.00000000 	0.0000000000
-5.00000000 -1.00000000 	0.0000000000
-5.00000000 0.00000000 	0.0000000000
-5.00000000 1.00000000 	0.0000000000
-5.00000000 2.00000000 	0.0000000000
-5.00000000 3.00000000 	0.0000000000
-5.00000000 4.00000000 	0.0000000000
-5.00000000 5.00000000 	0.0000000000
-5.00000000 6.00000000 	0.0000000000
-5.00000000 7.00000000 	0.0000000000
-5.00000000 8.00000000 	0.0000000000
-4.00000000 -12.00000000 	0.3389208106
-4.00000000 -11.00000000 	0.0020758526
-4.00000000 -10.00000000 	0.0020758526
-4.00000000 -9.00000000 	-0.6991737997
-4.00000000 -8.00000000 	-0.6991737997
-4.00000000 -7.00000000 	-0.8930986956
-4.00000000 -6.00000000 	-0.8930986956
-4.00000000 -5.00000000 	-0.7102347883
-4.00000000 -4.00000000 	-0.7102347883
-4.00000000 -3.00000000 	-0.0009066889
-4.00000000 -2.00000000 	-0.0009066889
-4.00000000 -1.00000000 	0.0000000000
-4.00000000 0.00000000 	0.0000000000
-4.00000000 1.00000000 	0.0000000000
-4.00000000 2.00000000 	0.0000000000
-4.00000000 3.00000000 	0.0000000000
-4.00000000 4.00000000 	0.0000000000
-4.00000000 5.00000000 	0.0000000000
-4.00000000 6.00000000 	0.0000000000
-4.00000000 7.00000000 	0.0000000000
-4.00000000 8.00000000 	0.0000000000
-3.00000000 -12.00000000 	-0.0011522269
-3.00000000 -11.00000000 	0.5101961560
-3.00000000 -10.00000000 	0.5101961560
-3.00000000 -9.00000000 	0.0000000000
-3.00000000 -8.00000000 	-0.0000000000
-3.00000000 -7.00000000 	-0.6991737997
-3.00000000 -6.00000000 	-0.6991737997
-3.00000000 -5.00000000 	-0.8930986956
-3.00000000 -4.00000000 	-0.8930986956
-3.00000000 -3.00000000 	-0.7102347883
-3.00000000 -2.00000000 	-0.7102347883
-3.00000000 -1.00000000 	-0.0009066889
-3.00000000 0.00000000 	-0.0009066889
-3.00000000 1.00000000 	0.0000000000
-3.00000000 2.00000000 	0.0000000000
-3.00000000 3.00000000 	0.0000000000
-3.00000000 4.00000000 	0.0000000000
-3.00000000 5.00000000 	0.0000000000
-3.00000000 6.00000000 	0.0000000000
-3.00000000 7.00000000 	0.0000000000
-3.00000000 8.00000000 	0.0000000000
-2.00000000 -12.00000000 	0.4739522355
-2.00000000 -11.00000000 	0.8926278057
-2.00000000 -10.00000000 	0.8926278057
-2.00000000 -9.00000000 	0.6991737997
-2.00000000 -8.00000000 	0.6991737997
-2.00000000 -7.00000000 	0.0000000000
-2.00000000 -6.00000000 	-0.0000000000
-2.00000000 -5.00000000 	-0.6991737997
-2.00000000 -4.00000000 	-0.6991737997
-2.00000000 -3.00000000 	-0.8930986956
-2.00000000 -2.00000000 	-0.8930986956
-2.00000000 -1.00000000 	-0.7102347883
-2.00000000 0.00000000 	-0.7102347883
-2.00000000 1.00000000 	-0.0009066889
-2.00000000 2.00000000 	-0.0009066889
-2.00000000 3.00000000 	0.0000000000
-2.00000000 4.00000000 	0.0000000000
-2.00000000 5.00000000 	0.0000000000
-2.00000000 6.00000000 	0.0000000000
-2.00000000 7.00000000 	0.0000000000
-2.00000000 8.00000000 	0.0000000000
-1.00000000 -12.00000000 	0.0017986687
-1.00000000 -11.00000000 	0.7102347883
-1.00000000 -10.00000000 	0.7102347883
-1.00000000 -9.00000000 	0.8930986956
-1.00000000 -8.00000000 	0.8930986956
-1.00000000 -7.00000000 	0.6991737997
-1.00000000 -6.00000000 	0.6991737997
-1.00000000 -5.00000000 	0.0000000000
-1.00000000 -4.00000000 	-0.0000000000
-1.00000000 -3.00000000 	-0.6991737997
-1.00000000 -2.00000000 	-0.6991737997
-1.00000000 -1.00000000 	-0.8930986956
-1.00000000 0.00000000 	-0.8930986956
-1.00000000 1.00000000 	-0.7102347883
-1.00000000 2.00000000 	-0.7102347883
-1.00000000 3.00000000 	-0.0009066889
-1.00000000 4.00000000 	-0.0009066889
-1.00000000 5.00000000 	0.0000000000
-1.00000000 6.00000000 	0.0000000000
-1.00000000 7.00000000 	0.0000000000
-1.00000000 8.00000000 	0.0000000000
0.00000000 -12.00000000 	0.0000000000
0.00000000 -11.00000000 	0.0009066889
0.00000000 -10.00000000 	0.0009066889
0.00000000 -9.00000000 	0.7102347883
0.00000000 -8.00000000 	0.7102347883
0.00000000 -7.00000000 	0.8930986956
0.00000000 -6.00000000 	0.8930986956
0.00000000 -5.00000000 	0.6991737997
0.00000000 -4.00000000 	0.6991737997
0.00000000 -3.00000000 	0.0000000000
0.00000000 -2.00000000 	-0.0000000000
0.00000000 -1.00000000 	-0.6993201214
0.00000000 0.00000000 	-0.6993201214
0.00000000 1.00000000 	-0.8934516382
0.00000000 2.00000000 	-0.8934516382
0.00000000 3.00000000 	-0.7100053336
0.00000000 4.00000000 	-0.7100053336
0.00000000 5.00000000 	0.0000000000
0.00000000 6.00000000 	0.0000000000
0.00000000 7.00000000 	0.0000000000
0.00000000 8.00000000 	0.0000000000
1.00000000 -12.00000000 	0.0000000000
1.00000000 -11.00000000 	0.0000000000
1.00000000 -10.00000000 	0.0000000000
1.00000000 -9.00000000 	0.0009066889
1.00000000 -8.00000000 	0.0009066889
1.00000000 -7.00000000 	0.7102347883
1.00000000 -6.00000000 	0.7102347883
1.00000000 -5.00000000 	0.8930986956
1.00000000 -4.00000000 	0.8930986956
1.00000000 -3.00000000 	0.7002772098
1.00000000 -2.00000000 	0.7002772098
1.00000000 -1.00000000 	-0.1874913896
1.00000000 0.00000000 	-0.1874913896
1.00000000 1.00000000 	-1.4012665841
1.00000000 2.00000000 	-1.4012665841
1.00000000 3.00000000 	-0.7075442883
1.00000000 4.00000000 	-0.7075442883
1.00000000 5.00000000 	0.0000000000
1.00000000 6.00000000 	0.0000000000
1.00000000 7.00000000 	0.0000000000
1.00000000 8.00000000 	0.0000000000
2.00000000 -12.00000000 	0.0000000000
2.00000000 -11.00000000 	0.0000000000
2.00000000 -10.00000000 	0.0000000000
2.00000000 -9.00000000 	0.0000000000
2.00000000 -8.00000000 	0.0000000000
2.00000000 -7.00000000 	0.0009066889
2.00000000 -6.00000000 	0.0009066889
2.00000000 -5.00000000 	0.7091995405
2.00000000 -4.00000000 	0.7091995405
2.00000000 -3.00000000 	1.2964224797
2.00000000 -2.00000000 	1.2964224797
2.00000000 -1.00000000 	0.4032075412
2.00000000 0.00000000 	0.4032075412
2.00000000 1.00000000 	-1.2929656289
2.00000000 2.00000000 	-1.2929656289
2.00000000 3.00000000 	-1.1091923802
2.00000000 4.00000000 	-1.1091923802
2.00000000 5.00000000 	0.0000000000
2.00000000 6.00000000 	0.0000000000
2.00000000 7.00000000 	0.0000000000
2.00000000 8.00000000 	0.0000000000
