-8.00000000 -12.00000000 	0.0000000000
-8.00000000 -11.50000000 	0.0000000000
-8.00000000 -11.00000000 	0.0000000000
-8.00000000 -10.50000000 	0.0000000000
-8.00000000 -10.00000000 	0.0930133152
-8.00000000 -9.50000000 	1.1771938573
-8.00000000 -9.00000000 	5.0531306485
-8.00000000 -8.50000000 	7.1503887643
-8.00000000 -8.00000000 	-0.2836565844
-8.00000000 -7.50000000 	-6.7268544415
-8.00000000 -7.00000000 	-4.6485460550
-8.00000000 -6.50000000 	-1.5399426444
-8.00000000 -6.00000000 	-0.2953978771
-8.00000000 -5.50000000 	-0.0336036148
-8.00000000 -5.00000000 	-0.0021085430
-8.00000000 -4.50000000 	-0.0000561928
-8.00000000 -4.00000000 	0.0000000000
-8.00000000 -3.50000000 	0.0000000000
-8.00000000 -3.00000000 	0.0000000000
-8.00000000 -2.50000000 	0.0000000000
-8.00000000 -2.00000000 	0.0000000000
-8.00000000 -1.50000000 	0.0000000000
-8.00000000 -1.00000000 	0.0000000000
-8.00000000 -0.50000000 	0.0000000000
-8.00000000 0.00000000 	0.0000000000
-8.00000000 0.50000000 	0.0000000000
-8.00000000 1.00000000 	0.0000000000
-8.00000000 1.50000000 	0.0000000000
-8.00000000 2.00000000 	0.0000000000
-8.00000000 2.50000000 	0.0000000000
-8.00000000 3.00000000 	0.0000000000
-8.00000000 3.50000000 	0.0000000000
-8.00000000 4.00000000 	0.0000000000
-8.00000000 4.50000000 	0.0000000000
-8.00000000 5.00000000 	0.0000000000
-8.00000000 5.50000000 	0.0000000000
-8.00000000 6.00000000 	0.0000000000
-8.00000000 6.50000000 	0.0000000000
-8.00000000 7.00000000 	0.0000000000
-8.00000000 7.50000000 	0.0000000000
-8.00000000 8.00000000 	0.0000000000
-7.50000000 -12.00000000 	0.0000000000
-7.50000000 -11.50000000 	0.0000000000
-7.50000000 -11.00000000 	0.0000000000
-7.50000000 -10.50000000 	0.0000000000
-7.50000000 -10.00000000 	0.0461048953
-7.50000000 -9.50000000 	0.6613097299
-7.50000000 -9.00000000 	3.4451382937
-7.50000000 -8.50000000 	7.4393497028
-7.50000000 -8.00000000 	4.8185381923
-7.50000000 -7.50000000 	-3.6093547540
-7.50000000 -7.00000000 	-6.9073532455
-7.50000000 -6.50000000 	-4.2410018109
-7.50000000 -6.00000000 	-1.4068101635
-7.50000000 -5.50000000 	-0.2772985405
-7.50000000 -5.00000000 	-0.0324216163
-7.50000000 -4.50000000 	-0.0020770447
-7.50000000 -4.00000000 	-0.0000561928
-7.50000000 -3.50000000 	0.0000000000
-7.50000000 -3.00000000 	0.0000000000
-7.50000000 -2.50000000 	0.0000000000
-7.50000000 -2.00000000 	0.0000000000
-7.50000000 -1.50000000 	0.0000000000
-7.50000000 -1.00000000 	0.0000000000
-7.50000000 -0.50000000 	0.0000000000
-7.50000000 0.00000000 	0.0000000000
-7.50000000 0.50000000 	0.0000000000
-7.50000000 1.00000000 	0.0000000000
-7.50000000 1.50000000 	0.0000000000
-7.50000000 2.00000000 	0.0000000000
-7.50000000 2.50000000 	0.0000000000
-7.50000000 3.00000000 	0.0000000000
-7.50000000 3.50000000 	0.0000000000
-7.50000000 4.00000000 	0.0000000000
-7.50000000 4.50000000 	0.0000000000
-7.50000000 5.00000000 	0.0000000000
-7.50000000 5.50000000 	0.0000000000
-7.50000000 6.00000000 	0.0000000000
-7.50000000 6.50000000 	0.0000000000
-7.50000000 7.00000000 	0.0000000000
-7.50000000 7.50000000 	0.0000000000
-7.50000000 8.00000000 	0.0000000000
-7.00000000 -12.00000000 	0.0000000000
-7.00000000 -11.50000000 	0.0000000000
-7.00000000 -11.00000000 	0.0000000000
-7.00000000 -10.50000000 	0.0000000000
-7.00000000 -10.00000000 	0.0110703668
-7.00000000 -9.50000000 	0.1903146750
-7.00000000 -9.00000000 	1.2849298615
-7.00000000 -8.50000000 	4.2728415131
-7.00000000 -8.00000000 	7.0233096976
-7.00000000 -7.50000000 	3.8721298130
-7.00000000 -7.00000000 	-3.8307126386
-7.00000000 -6.50000000 	-6.8980926403
-7.00000000 -6.00000000 	-4.2330929032
-7.00000000 -5.50000000 	-1.4060081715
-7.00000000 -5.00000000 	-0.2772765212
-7.00000000 -4.50000000 	-0.0324216163
-7.00000000 -4.00000000 	-0.0020770447
-7.00000000 -3.50000000 	-0.0000561928
-7.00000000 -3.00000000 	0.0000000000
-7.00000000 -2.50000000 	0.0000000000
-7.00000000 -2.00000000 	0.0000000000
-7.00000000 -1.50000000 	0.0000000000
-7.00000000 -1.00000000 	0.0000000000
-7.00000000 -0.50000000 	0.0000000000
-7.00000000 0.00000000 	0.0000000000
-7.00000000 0.50000000 	0.0000000000
-7.00000000 1.00000000 	0.0000000000
-7.00000000 1.50000000 	0.0000000000
-7.00000000 2.00000000 	0.0000000000
-7.00000000 2.50000000 	0.0000000000
-7.00000000 3.00000000 	0.0000000000
-7.00000000 3.50000000 	0.0000000000
-7.00000000 4.00000000 	0.0000000000
-7.00000000 4.50000000 	0.0000000000
-7.00000000 5.00000000 	0.0000000000
-7.00000000 5.50000000 	0.0000000000
-7.00000000 6.00000000 	0.0000000000
-7.00000000 6.50000000 	0.0000000000
-7.00000000 7.00000000 	0.0000000000
-7.00000000 7.50000000 	0.0000000000
-7.00000000 8.00000000 	0.0000000000
-6.50000000 -12.00000000 	0.0000000000
-6.50000000 -11.50000000 	0.0000000000
-6.50000000 -11.00000000 	0.0000000000
-6.50000000 -10.50000000 	0.0000000000
-6.50000000 -10.00000000 	0.0012711032
-6.50000000 -9.50000000 	0.0284804219
-6.50000000 -9.00000000 	0.2705870964
-6.50000000 -8.50000000 	1.4063550724
-6.50000000 -8.00000000 	4.2387306819
-6.50000000 -7.50000000 	6.8999773641
-6.50000000 -7.00000000 	3.8342106054
-6.50000000 -6.50000000 	-3.8339622549
-6.50000000 -6.00000000 	-6.8979881134
-6.50000000 -5.50000000 	-4.2330753357
-6.50000000 -5.00000000 	-1.4060081715
-6.50000000 -4.50000000 	-0.2772765212
-6.50000000 -4.00000000 	-0.0324216163
-6.50000000 -3.50000000 	-0.0020770447
-6.50000000 -3.00000000 	-0.0000561928
-6.50000000 -2.50000000 	0.0000000000
-6.50000000 -2.00000000 	0.0000000000
-6.50000000 -1.50000000 	0.0000000000
-6.50000000 -1.00000000 	0.0000000000
-6.50000000 -0.50000000 	0.0000000000
-6.50000000 0.00000000 	0.0000000000
-6.50000000 0.50000000 	0.0000000000
-6.50000000 1.00000000 	0.0000000000
-6.50000000 1.50000000 	0.0000000000
-6.50000000 2.00000000 	0.0000000000
-6.50000000 2.50000000 	0.0000000000
-6.50000000 3.00000000 	0.0000000000
-6.50000000 3.50000000 	0.0000000000
-6.50000000 4.00000000 	0.0000000000
-6.50000000 4.50000000 	0.0000000000
-6.50000000 5.00000000 	0.0000000000
-6.50000000 5.50000000 	0.0000000000
-6.50000000 6.00000000 	0.0000000000
-6.50000000 6.50000000 	0.0000000000
-6.50000000 7.00000000 	0.0000000000
-6.50000000 7.50000000 	0.0000000000
-6.50000000 8.00000000 	0.0000000000
-6.00000000 -12.00000000 	0.0000000000
-6.00000000 -11.50000000 	0.0000000000
-6.00000000 -11.00000000 	0.0000000000
-6.00000000 -10.50000000 	0.0000000000
-6.00000000 -10.00000000 	0.0000561928
-6.00000000 -9.50000000 	0.0020770447
-6.00000000 -9.00000000 	0.0324216163
-6.00000000 -8.50000000 	0.2772765212
-6.00000000 -8.00000000 	1.4060081715
-6.00000000 -7.50000000 	4.2330753357
-6.00000000 -7.00000000 	6.8979881134
-6.00000000 -6.50000000 	3.8339713653
-6.00000000 -6.00000000 	-3.8339713653
-6.00000000 -5.50000000 	-6.8979881134
-6.00000000 -5.00000000 	-4.2330753357
-6.00000000 -4.50000000 	-1.4060081715
-6.00000000 -4.00000000 	-0.2772765212
-6.00000000 -3.50000000 	-0.0324216163
-6.00000000 -3.00000000 	-0.0020770447
-6.00000000 -2.50000000 	-0.0000561928
-6.00000000 -2.00000000 	0.0000000000
-6.00000000 -1.50000000 	0.0000000000
-6.00000000 -1.00000000 	0.0000000000
-6.00000000 -0.50000000 	0.0000000000
-6.00000000 0.00000000 	0.0000000000
-6.00000000 0.50000000 	0.0000000000
-6.00000000 1.00000000 	0.0000000000
-6.00000000 1.50000000 	0.0000000000
-6.00000000 2.00000000 	0.0000000000
-6.00000000 2.50000000 	0.0000000000
-6.00000000 3.00000000 	0.0000000000
-6.00000000 3.50000000 	0.0000000000
-6.00000000 4.00000000 	0.0000000000
-6.00000000 4.50000000 	0.0000000000
-6.00000000 5.00000000 	0.0000000000
-6.00000000 5.50000000 	0.0000000000
-6.00000000 6.00000000 	0.0000000000
-6.00000000 6.50000000 	0.0000000000
-6.00000000 7.00000000 	0.0000000000
-6.00000000 7.50000000 	0.0000000000
-6.00000000 8.00000000 	0.0000000000
-5.50000000 -12.00000000 	0.0000000000
-5.50000000 -11.50000000 	0.0000000000
-5.50000000 -11.00000000 	0.0000000000
-5.50000000 -10.50000000 	0.0000000000
-5.50000000 -10.00000000 	0.0000000000
-5.50000000 -9.50000000 	0.0000561928
-5.50000000 -9.00000000 	0.0020770447
-5.50000000 -8.50000000 	0.0324216163
-5.50000000 -8.00000000 	0.2772765212
-5.50000000 -7.50000000 	1.4060081715
-5.50000000 -7.00000000 	4.2330753357
-5.50000000 -6.50000000 	6.8979881134
-5.50000000 -6.00000000 	3.8339713653
-5.50000000 -5.50000000 	-3.8339713653
-5.50000000 -5.00000000 	-6.8979881134
-5.50000000 -4.50000000 	-4.2330753357
-5.50000000 -4.00000000 	-1.4060081715
-5.50000000 -3.50000000 	-0.2772765212
-5.50000000 -3.00000000 	-0.0324216163
-5.50000000 -2.50000000 	-0.0020770447
-5.50000000 -2.00000000 	-0.0000561928
-5.50000000 -1.50000000 	0.0000000000
-5.50000000 -1.00000000 	0.0000000000
-5.50000000 -0.50000000 	0.0000000000
-5.50000000 0.00000000 	0.0000000000
-5.50000000 0.50000000 	0.0000000000
-5.50000000 1.00000000 	0.0000000000
-5.50000000 1.50000000 	0.0000000000
-5.50000000 2.00000000 	0.0000000000
-5.50000000 2.50000000 	0.0000000000
-5.50000000 3.00000000 	0.0000000000
-5.50000000 3.50000000 	0.0000000000
-5.50000000 4.00000000 	0.0000000000
-5.50000000 4.50000000 	0.0000000000
-5.50000000 5.00000000 	0.0000000000
-5.50000000 5.50000000 	0.0000000000
-5.50000000 6.00000000 	0.0000000000
-5.50000000 6.50000000 	0.0000000000
-5.50000000 7.00000000 	0.0000000000
-5.50000000 7.50000000 	0.0000000000
-5.50000000 8.00000000 	0.0000000000
-5.00000000 -12.00000000 	0.0000000000
-5.00000000 -11.50000000 	0.0000000000
-5.00000000 -11.00000000 	0.0000000000
-5.00000000 -10.50000000 	0.0000000000
-5.00000000 -10.00000000 	0.0000000000
-5.00000000 -9.50000000 	0.0000000000
-5.00000000 -9.00000000 	0.0000561928
-5.00000000 -8.50000000 	0.0020770447
-5.00000000 -8.00000000 	0.0324216163
-5.00000000 -7.50000000 	0.2772765212
-5.00000000 -7.00000000 	1.4060081715
-5.00000000 -6.50000000 	4.2330753357
-5.00000000 -6.00000000 	6.8979881134
-5.00000000 -5.50000000 	3.8339713653
-5.00000000 -5.00000000 	-3.8339713653
-5.00000000 -4.50000000 	-6.8979881134
-5.00000000 -4.00000000 	-4.2330753357
-5.00000000 -3.50000000 	-1.4060081715
-5.00000000 -3.00000000 	-0.2772765212
-5.00000000 -2.50000000 	-0.0324216163
-5.00000000 -2.00000000 	-0.0020770447
-5.00000000 -1.50000000 	-0.0000561928
-5.00000000 -1.00000000 	0.0000000000
-5.00000000 -0.50000000 	0.0000000000
-5.00000000 0.00000000 	0.0000000000
-5.00000000 0.50000000 	0.0000000000
-5.00000000 1.00000000 	0.0000000000
-5.00000000 1.50000000 	0.0000000000
-5.00000000 2.00000000 	0.0000000000
-5.00000000 2.50000000 	0.0000000000
-5.00000000 3.00000000 	0.0000000000
-5.00000000 3.50000000 	0.0000000000
-5.00000000 4.00000000 	0.0000000000
-5.00000000 4.50000000 	0.0000000000
-5.00000000 5.00000000 	0.0000000000
-5.00000000 5.50000000 	0.0000000000
-5.00000000 6.00000000 	0.0000000000
-5.00000000 6.50000000 	0.0000000000
-5.00000000 7.00000000 	0.0000000000
-5.00000000 7.50000000 	0.0000000000
-5.00000000 8.00000000 	0.0000000000
-4.50000000 -12.00000000 	0.0000000000
-4.50000000 -11.50000000 	0.0000000000
-4.50000000 -11.00000000 	0.0000000000
-4.50000000 -10.50000000 	0.0000000000
-4.50000000 -10.00000000 	0.0000000000
-4.50000000 -9.50000000 	0.0000000000
-4.50000000 -9.00000000 	0.0000000000
-4.50000000 -8.50000000 	0.0000561928
-4.50000000 -8.00000000 	0.0020770447
-4.50000000 -7.50000000 	0.0324216163
-4.50000000 -7.00000000 	0.2772765212
-4.50000000 -6.50000000 	1.4060081715
-4.50000000 -6.00000000 	4.2330753357
-4.50000000 -5.50000000 	6.8979881134
-4.50000000 -5.00000000 	3.8339713653
-4.50000000 -4.50000000 	-3.8339713653
-4.50000000 -4.00000000 	-6.8979881134
-4.50000000 -3.50000000 	-4.2330753357
-4.50000000 -3.00000000 	-1.4060081715
-4.50000000 -2.50000000 	-0.2772765212
-4.50000000 -2.00000000 	-0.0324216163
-4.50000000 -1.50000000 	-0.0020770447
-4.50000000 -1.00000000 	-0.0000561928
-4.50000000 -0.50000000 	0.0000000000
-4.50000000 0.00000000 	0.0000000000
-4.50000000 0.50000000 	0.0000000000
-4.50000000 1.00000000 	0.0000000000
-4.50000000 1.50000000 	0.0000000000
-4.50000000 2.00000000 	0.0000000000
-4.50000000 2.50000000 	0.0000000000
-4.50000000 3.00000000 	0.0000000000
-4.50000000 3.50000000 	0.0000000000
-4.50000000 4.00000000 	0.0000000000
-4.50000000 4.50000000 	0.0000000000
-4.50000000 5.00000000 	0.0000000000
-4.50000000 5.50000000 	0.0000000000
-4.50000000 6.00000000 	0.0000000000
-4.50000000 6.50000000 	0.0000000000
-4.50000000 7.00000000 	0.0000000000
-4.50000000 7.50000000 	0.0000000000
-4.50000000 8.00000000 	0.0000000000
-4.00000000 -12.00000000 	0.0000000000
-4.00000000 -11.50000000 	0.0000000000
-4.00000000 -11.00000000 	0.0000000000
-4.00000000 -10.50000000 	0.0000000000
-4.00000000 -10.00000000 	0.0000000000
-4.00000000 -9.50000000 	0.0000000000
-4.00000000 -9.00000000 	0.0000000000
-4.00000000 -8.50000000 	0.0000000000
-4.00000000 -8.00000000 	0.0000561928
-4.00000000 -7.50000000 	0.0020770447
-4.00000000 -7.00000000 	0.0324216163
-4.00000000 -6.50000000 	0.2772765212
-4.00000000 -6.00000000 	1.4060081715
-4.00000000 -5.50000000 	4.2330753357
-4.00000000 -5.00000000 	6.8979881134
-4.00000000 -4.50000000 	3.8339713653
-4.00000000 -4.00000000 	-3.8339713653
-4.00000000 -3.50000000 	-6.8979881134
-4.00000000 -3.00000000 	-4.2330753357
-4.00000000 -2.50000000 	-1.4060081715
-4.00000000 -2.00000000 	-0.2772765212
-4.00000000 -1.50000000 	-0.0324216163
-4.00000000 -1.00000000 	-0.0020770447
-4.00000000 -0.50000000 	-0.0000561928
-4.00000000 0.00000000 	0.0000000000
-4.00000000 0.50000000 	0.0000000000
-4.00000000 1.00000000 	0.0000000000
-4.00000000 1.50000000 	0.0000000000
-4.00000000 2.00000000 	0.0000000000
-4.00000000 2.50000000 	0.0000000000
-4.00000000 3.00000000 	0.0000000000
-4.00000000 3.50000000 	0.0000000000
-4.00000000 4.00000000 	0.0000000000
-4.00000000 4.50000000 	0.0000000000
-4.00000000 5.00000000 	0.0000000000
-4.00000000 5.50000000 	0.0000000000
-4.00000000 6.00000000 	0.0000000000
-4.00000000 6.50000000 	0.0000000000
-4.00000000 7.00000000 	0.0000000000
-4.00000000 7.50000000 	0.0000000000
-4.00000000 8.00000000 	0.0000000000
-3.50000000 -12.00000000 	0.0000000000
-3.50000000 -11.50000000 	0.0000000000
-3.50000000 -11.00000000 	0.0000000000
-3.50000000 -10.50000000 	0.0000000000
-3.50000000 -10.00000000 	0.0000000000
-3.50000000 -9.50000000 	0.0000000000
-3.50000000 -9.00000000 	0.0000000000
-3.50000000 -8.50000000 	0.0000000000
-3.50000000 -8.00000000 	0.0000000000
-3.50000000 -7.50000000 	0.0000561928
-3.50000000 -7.00000000 	0.0020770447
-3.50000000 -6.50000000 	0.0324216163
-3.50000000 -6.00000000 	0.2772765212
-3.50000000 -5.50000000 	1.4060081715
-3.50000000 -5.00000000 	4.2330753357
-3.50000000 -4.50000000 	6.8979881134
-3.50000000 -4.00000000 	3.8339713653
-3.50000000 -3.50000000 	-3.8339713653
-3.50000000 -3.00000000 	-6.8979881134
-3.50000000 -2.50000000 	-4.2330753357
-3.50000000 -2.00000000 	-1.4060081715
-3.50000000 -1.50000000 	-0.2772765212
-3.50000000 -1.00000000 	-0.0324216163
-3.50000000 -0.50000000 	-0.0020770447
-3.50000000 0.00000000 	-0.0000561928
-3.50000000 0.50000000 	0.0000000000
-3.50000000 1.00000000 	0.0000000000
-3.50000000 1.50000000 	0.0000000000
-3.50000000 2.00000000 	0.0000000000
-3.50000000 2.50000000 	0.0000000000
-3.50000000 3.00000000 	0.0000000000
-3.50000000 3.50000000 	0.0000000000
-3.50000000 4.00000000 	0.0000000000
-3.50000000 4.50000000 	0.0000000000
-3.50000000 5.00000000 	0.0000000000
-3.50000000 5.50000000 	0.0000000000
-3.50000000 6.00000000 	0.0000000000
-3.50000000 6.50000000 	0.0000000000
-3.50000000 7.00000000 	0.0000000000
-3.50000000 7.50000000 	0.0000000000
-3.50000000 8.00000000 	0.0000000000
-3.00000000 -12.00000000 	0.0000000000
-3.00000000 -11.50000000 	0.0000000000
-3.00000000 -11.00000000 	0.0000000000
-3.00000000 -10.50000000 	0.0000000000
-3.00000000 -10.00000000 	0.0000000000
-3.00000000 -9.50000000 	0.0000000000
-3.00000000 -9.00000000 	0.0000000000
-3.00000000 -8.50000000 	0.0000000000
-3.00000000 -8.00000000 	0.0000000000
-3.00000000 -7.50000000 	0.0000000000
-3.00000000 -7.00000000 	0.0000561928
-3.00000000 -6.50000000 	0.0020770447
-3.00000000 -6.00000000 	0.0324216163
-3.00000000 -5.50000000 	0.2772765212
-3.00000000 -5.00000000 	1.4060081715
-3.00000000 -4.50000000 	4.2330753357
-3.00000000 -4.00000000 	6.8979881134
-3.00000000 -3.50000000 	3.8339713653
-3.00000000 -3.00000000 	-3.8339713653
-3.00000000 -2.50000000 	-6.8979881134
-3.00000000 -2.00000000 	-4.2330753357
-3.00000000 -1.50000000 	-1.4060081715
-3.00000000 -1.00000000 	-0.2772765212
-3.00000000 -0.50000000 	-0.0324216163
-3.00000000 0.00000000 	-0.0020770447
-3.00000000 0.50000000 	-0.0000561928
-3.00000000 1.00000000 	0.0000000000
-3.00000000 1.50000000 	0.0000000000
-3.00000000 2.00000000 	0.0000000000
-3.00000000 2.50000000 	0.0000000000
-3.00000000 3.00000000 	0.0000000000
-3.00000000 3.50000000 	0.0000000000
-3.00000000 4.00000000 	0.0000000000
-3.00000000 4.50000000 	0.0000000000
-3.00000000 5.00000000 	0.0000000000
-3.00000000 5.50000000 	0.0000000000
-3.00000000 6.00000000 	0.0000000000
-3.00000000 6.50000000 	0.0000000000
-3.00000000 7.00000000 	0.0000000000
-3.00000000 7.50000000 	0.0000000000
-3.00000000 8.00000000 	0.0000000000
-2.50000000 -12.00000000 	0.0000000000
-2.50000000 -11.50000000 	0.0000000000
-2.50000000 -11.00000000 	0.0000000000
-2.50000000 -10.50000000 	0.0000000000
-2.50000000 -10.00000000 	0.0000000000
-2.50000000 -9.50000000 	0.0000000000
-2.50000000 -9.00000000 	0.0000000000
-2.50000000 -8.50000000 	0.0000000000
-2.50000000 -8.00000000 	0.0000000000
-2.50000000 -7.50000000 	0.0000000000
-2.50000000 -7.00000000 	0.0000000000
-2.50000000 -6.50000000 	0.0000561928
-2.50000000 -6.00000000 	0.0020770447
-2.50000000 -5.50000000 	0.0324216163
-2.50000000 -5.00000000 	0.2772765212
-2.50000000 -4.50000000 	1.4060081715
-2.50000000 -4.00000000 	4.2330753357
-2.50000000 -3.50000000 	6.8979881134
-2.50000000 -3.00000000 	3.8339713653
-2.50000000 -2.50000000 	-3.8339713653
-2.50000000 -2.00000000 	-6.8979881134
-2.50000000 -1.50000000 	-4.2330753357
-2.50000000 -1.00000000 	-1.4060081715
-2.50000000 -0.50000000 	-0.2772765212
-2.50000000 0.00000000 	-0.0324216163
-2.50000000 0.50000000 	-0.0020770447
-2.50000000 1.00000000 	-0.0000561928
-2.50000000 1.50000000 	0.0000000000
-2.50000000 2.00000000 	0.0000000000
-2.50000000 2.50000000 	0.0000000000
-2.50000000 3.00000000 	0.0000000000
-2.50000000 3.50000000 	0.0000000000
-2.50000000 4.00000000 	0.0000000000
-2.50000000 4.50000000 	0.0000000000
-2.50000000 5.00000000 	0.0000000000
-2.50000000 5.50000000 	0.0000000000
-2.50000000 6.00000000 	0.0000000000
-2.50000000 6.50000000 	0.0000000000
-2.50000000 7.00000000 	0.0000000000
-2.50000000 7.50000000 	0.0000000000
-2.50000000 8.00000000 	0.0000000000
-2.00000000 -12.00000000 	0.0000000000
-2.00000000 -11.50000000 	0.0000000000
-2.00000000 -11.00000000 	0.0000000000
-2.00000000 -10.50000000 	0.0000000000
-2.00000000 -10.00000000 	0.0000000000
-2.00000000 -9.50000000 	0.0000000000
-2.00000000 -9.00000000 	0.0000000000
-2.00000000 -8.50000000 	0.0000000000
-2.00000000 -8.00000000 	0.0000000000
-2.00000000 -7.50000000 	0.0000000000
-2.00000000 -7.00000000 	0.0000000000
-2.00000000 -6.50000000 	0.0000000000
-2.00000000 -6.00000000 	0.0000561928
-2.00000000 -5.50000000 	0.0020770447
-2.00000000 -5.00000000 	0.0324216163
-2.00000000 -4.50000000 	0.2772765212
-2.00000000 -4.00000000 	1.4060081715
-2.00000000 -3.50000000 	4.2330753357
-2.00000000 -3.00000000 	6.8979881134
-2.00000000 -2.50000000 	3.8339713653
-2.00000000 -2.00000000 	-3.8339713653
-2.00000000 -1.50000000 	-6.8979881134
-2.00000000 -1.00000000 	-4.2330753357
-2.00000000 -0.50000000 	-1.4060081715
-2.00000000 0.00000000 	-0.2772765212
-2.00000000 0.50000000 	-0.0324216163
-2.00000000 1.00000000 	-0.0020770447
-2.00000000 1.50000000 	-0.0000561928
-2.00000000 2.00000000 	0.0000000000
-2.00000000 2.50000000 	0.0000000000
-2.00000000 3.00000000 	0.0000000000
-2.00000000 3.50000000 	0.0000000000
-2.00000000 4.00000000 	0.0000000000
-2.00000000 4.50000000 	0.0000000000
-2.00000000 5.00000000 	0.0000000000
-2.00000000 5.50000000 	0.0000000000
-2.00000000 6.00000000 	0.0000000000
-2.00000000 6.50000000 	0.0000000000
-2.00000000 7.00000000 	0.0000000000
-2.00000000 7.50000000 	0.0000000000
-2.00000000 8.00000000 	0.0000000000
-1.50000000 -12.00000000 	0.0000000000
-1.50000000 -11.50000000 	0.0000000000
-1.50000000 -11.00000000 	0.0000000000
-1.50000000 -10.50000000 	0.0000000000
-1.50000000 -10.00000000 	0.0000000000
-1.50000000 -9.50000000 	0.0000000000
-1.50000000 -9.00000000 	0.0000000000
-1.50000000 -8.50000000 	0.0000000000
-1.50000000 -8.00000000 	0.0000000000
-1.50000000 -7.50000000 	0.0000000000
-1.50000000 -7.00000000 	0.0000000000
-1.50000000 -6.50000000 	0.0000000000
-1.50000000 -6.00000000 	0.0000000000
-1.50000000 -5.50000000 	0.0000561928
-1.50000000 -5.00000000 	0.0020770447
-1.50000000 -4.50000000 	0.0324216163
-1.50000000 -4.00000000 	0.2772765212
-1.50000000 -3.50000000 	1.4060081715
-1.50000000 -3.00000000 	4.2330753357
-1.50000000 -2.50000000 	6.8979881134
-1.50000000 -2.00000000 	3.8339713653
-1.50000000 -1.50000000 	-3.8339713653
-1.50000000 -1.00000000 	-6.8979881134
-1.50000000 -0.50000000 	-4.2330753357
-1.50000000 0.00000000 	-1.4060081715
-1.50000000 0.50000000 	-0.2772765212
-1.50000000 1.00000000 	-0.0324216163
-1.50000000 1.50000000 	-0.0020770447
-1.50000000 2.00000000 	-0.0000561928
-1.50000000 2.50000000 	0.0000000000
-1.50000000 3.00000000 	0.0000000000
-1.50000000 3.50000000 	0.0000000000
-1.50000000 4.00000000 	0.0000000000
-1.50000000 4.50000000 	0.0000000000
-1.50000000 5.00000000 	0.0000000000
-1.50000000 5.50000000 	0.0000000000
-1.50000000 6.00000000 	0.0000000000
-1.50000000 6.50000000 	0.0000000000
-1.50000000 7.00000000 	0.0000000000
-1.50000000 7.50000000 	0.0000000000
-1.50000000 8.00000000 	0.0000000000
-1.00000000 -12.00000000 	0.0000000000
-1.00000000 -11.50000000 	0.0000000000
-1.00000000 -11.00000000 	0.0000000000
-1.00000000 -10.50000000 	0.0000000000
-1.00000000 -10.00000000 	0.0000000000
-1.00000000 -9.50000000 	0.0000000000
-1.00000000 -9.00000000 	0.0000000000
-1.00000000 -8.50000000 	0.0000000000
-1.00000000 -8.00000000 	0.0000000000
-1.00000000 -7.50000000 	0.0000000000
-1.00000000 -7.00000000 	0.0000000000
-1.00000000 -6.50000000 	0.0000000000
-1.00000000 -6.00000000 	0.0000000000
-1.00000000 -5.50000000 	0.0000000000
-1.00000000 -5.00000000 	0.0000561928
-1.00000000 -4.50000000 	0.0020770447
-1.00000000 -4.00000000 	0.0324216163
-1.00000000 -3.50000000 	0.2772765212
-1.00000000 -3.00000000 	1.4060081715
-1.00000000 -2.50000000 	4.2330753357
-1.00000000 -2.00000000 	6.8979881134
-1.00000000 -1.50000000 	3.8339713653
-1.00000000 -1.00000000 	-3.8339713653
-1.00000000 -0.50000000 	-6.8979881134
-1.00000000 0.00000000 	-4.2330753357
-1.00000000 0.50000000 	-1.4060081715
-1.00000000 1.00000000 	-0.2772765212
-1.00000000 1.50000000 	-0.0324216163
-1.00000000 2.00000000 	-0.0020770447
-1.00000000 2.50000000 	-0.0000561928
-1.00000000 3.00000000 	0.0000000000
-1.00000000 3.50000000 	0.0000000000
-1.00000000 4.00000000 	0.0000000000
-1.00000000 4.50000000 	0.0000000000
-1.00000000 5.00000000 	0.0000000000
-1.00000000 5.50000000 	0.0000000000
-1.00000000 6.00000000 	0.0000000000
-1.00000000 6.50000000 	0.0000000000
-1.00000000 7.00000000 	0.0000000000
-1.00000000 7.50000000 	0.0000000000
-1.00000000 8.00000000 	0.0000000000
-0.50000000 -12.00000000 	0.0000000000
-0.50000000 -11.50000000 	0.0000000000
-0.50000000 -11.00000000 	0.0000000000
-0.50000000 -10.50000000 	0.0000000000
-0.50000000 -10.00000000 	0.0000000000
-0.50000000 -9.50000000 	0.0000000000
-0.50000000 -9.00000000 	0.0000000000
-0.50000000 -8.50000000 	0.0000000000
-0.50000000 -8.00000000 	0.0000000000
-0.50000000 -7.50000000 	0.0000000000
-0.50000000 -7.00000000 	0.0000000000
-0.50000000 -6.50000000 	0.0000000000
-0.50000000 -6.00000000 	0.0000000000
-0.50000000 -5.50000000 	0.0000000000
-0.50000000 -5.00000000 	0.0000000000
-0.50000000 -4.50000000 	0.0000561928
-0.50000000 -4.00000000 	0.0020770447
-0.50000000 -3.50000000 	0.0324216163
-0.50000000 -3.00000000 	0.2772765212
-0.50000000 -2.50000000 	1.4060081715
-0.50000000 -2.00000000 	4.2330753357
-0.50000000 -1.50000000 	6.8979881134
-0.50000000 -1.00000000 	3.8339713653
-0.50000000 -0.50000000 	-3.8339713653
-0.50000000 0.00000000 	-6.8979881134
-0.50000000 0.50000000 	-4.2330753357
-0.50000000 1.00000000 	-1.4060081715
-0.50000000 1.50000000 	-0.2772765212
-0.50000000 2.00000000 	-0.0324216163
-0.50000000 2.50000000 	-0.0020770447
-0.50000000 3.00000000 	-0.0000561928
-0.50000000 3.50000000 	0.0000000000
-0.50000000 4.00000000 	0.0000000000
-0.50000000 4.50000000 	0.0000000000
-0.50000000 5.00000000 	0.0000000000
-0.50000000 5.50000000 	0.0000000000
-0.50000000 6.00000000 	0.0000000000
-0.50000000 6.50000000 	0.0000000000
-0.50000000 7.00000000 	0.0000000000
-0.50000000 7.50000000 	0.0000000000
-0.50000000 8.00000000 	0.0000000000
0.00000000 -12.00000000 	0.0000000000
0.00000000 -11.50000000 	0.0000000000
0.00000000 -11.00000000 	0.0000000000
0.00000000 -10.50000000 	0.0000000000
0.00000000 -10.00000000 	0.0000000000
0.00000000 -9.50000000 	0.0000000000
0.00000000 -9.00000000 	0.0000000000
0.00000000 -8.50000000 	0.0000000000
0.00000000 -8.00000000 	0.0000000000
0.00000000 -7.50000000 	0.0000000000
0.00000000 -7.00000000 	0.0000000000
0.00000000 -6.50000000 	0.0000000000
0.00000000 -6.00000000 	0.0000000000
0.00000000 -5.50000000 	0.0000000000
0.00000000 -5.00000000 	0.0000000000
0.00000000 -4.50000000 	0.0000000000
0.00000000 -4.00000000 	0.0000561928
0.00000000 -3.50000000 	0.0020770447
0.00000000 -3.00000000 	0.0324216163
0.00000000 -2.50000000 	0.2772765212
0.00000000 -2.00000000 	1.4060081715
0.00000000 -1.50000000 	4.2330753357
0.00000000 -1.00000000 	6.8979881134
0.00000000 -0.50000000 	3.8339713653
0.00000000 0.00000000 	-3.8339713653
0.00000000 0.50000000 	-6.8979881134
0.00000000 1.00000000 	-4.2330753357
0.00000000 1.50000000 	-1.4060081715
0.00000000 2.00000000 	-0.2772765212
0.00000000 2.50000000 	-0.0324216163
0.00000000 3.00000000 	-0.0020770447
0.00000000 3.50000000 	-0.0000561928
0.00000000 4.00000000 	0.0000000000
0.00000000 4.50000000 	0.0000000000
0.00000000 5.00000000 	0.0000000000
0.00000000 5.50000000 	0.0000000000
0.00000000 6.00000000 	0.0000000000
0.00000000 6.50000000 	0.0000000000
0.00000000 7.00000000 	0.0000000000
0.00000000 7.50000000 	0.0000000000
0.00000000 8.00000000 	0.0000000000
0.50000000 -12.00000000 	0.0000000000
0.50000000 -11.50000000 	0.0000000000
0.50000000 -11.00000000 	0.0000000000
0.50000000 -10.50000000 	0.0000000000
0.50000000 -10.00000000 	0.0000000000
0.50000000 -9.50000000 	0.0000000000
0.50000000 -9.00000000 	0.0000000000
0.50000000 -8.50000000 	0.0000000000
0.50000000 -8.00000000 	0.0000000000
0.50000000 -7.50000000 	0.0000000000
0.50000000 -7.00000000 	0.0000000000
0.50000000 -6.50000000 	0.0000000000
0.50000000 -6.00000000 	0.0000000000
0.50000000 -5.50000000 	0.0000000000
0.50000000 -5.00000000 	0.0000000000
0.50000000 -4.50000000 	0.0000000000
0.50000000 -4.00000000 	0.0000000000
0.50000000 -3.50000000 	0.0000561928
0.50000000 -3.00000000 	0.0020770447
0.50000000 -2.50000000 	0.0324216163
0.50000000 -2.00000000 	0.2772765212
0.50000000 -1.50000000 	1.4060081715
0.50000000 -1.00000000 	4.2330753357
0.50000000 -0.50000000 	6.8979881134
0.50000000 0.00000000 	3.8339622549
0.50000000 0.50000000 	-3.8342106054
0.50000000 1.00000000 	-6.8999773641
0.50000000 1.50000000 	-4.2387306819
0.50000000 2.00000000 	-1.4063550724
0.50000000 2.50000000 	-0.2705870964
0.50000000 3.00000000 	-0.0284804219
0.50000000 3.50000000 	-0.0012711032
0.50000000 4.00000000 	0.0000000000
0.50000000 4.50000000 	0.0000000000
0.50000000 5.00000000 	0.0000000000
0.50000000 5.50000000 	0.0000000000
0.50000000 6.00000000 	0.0000000000
0.50000000 6.50000000 	0.0000000000
0.50000000 7.00000000 	0.0000000000
0.50000000 7.50000000 	0.0000000000
0.50000000 8.00000000 	0.0000000000
1.00000000 -12.00000000 	0.0000000000
1.00000000 -11.50000000 	0.0000000000
1.00000000 -11.00000000 	0.0000000000
1.00000000 -10.50000000 	0.0000000000
1.00000000 -10.00000000 	0.0000000000
1.00000000 -9.50000000 	0.0000000000
1.00000000 -9.00000000 	0.0000000000
1.00000000 -8.50000000 	0.0000000000
1.00000000 -8.00000000 	0.0000000000
1.00000000 -7.50000000 	0.0000000000
1.00000000 -7.00000000 	0.0000000000
1.00000000 -6.50000000 	0.0000000000
1.00000000 -6.00000000 	0.0000000000
1.00000000 -5.50000000 	0.0000000000
1.00000000 -5.00000000 	0.0000000000
1.00000000 -4.50000000 	0.0000000000
1.00000000 -4.00000000 	0.0000000000
1.00000000 -3.50000000 	0.0000000000
1.00000000 -3.00000000 	0.0000561928
1.00000000 -2.50000000 	0.0020770447
1.00000000 -2.00000000 	0.0324216163
1.00000000 -1.50000000 	0.2772765212
1.00000000 -1.00000000 	1.4060081715
1.00000000 -0.50000000 	4.2330929032
1.00000000 0.00000000 	6.8980926403
1.00000000 0.50000000 	3.8307126386
1.00000000 1.00000000 	-3.8721298130
1.00000000 1.50000000 	-7.0233096976
1.00000000 2.00000000 	-4.2728415131
1.00000000 2.50000000 	-1.2849298615
1.00000000 3.00000000 	-0.1903146750
1.00000000 3.50000000 	-0.0110703668
1.00000000 4.00000000 	0.0000000000
1.00000000 4.50000000 	0.0000000000
1.00000000 5.00000000 	0.0000000000
1.00000000 5.50000000 	0.0000000000
1.00000000 6.00000000 	0.0000000000
1.00000000 6.50000000 	0.0000000000
1.00000000 7.00000000 	0.0000000000
1.00000000 7.50000000 	0.0000000000
1.00000000 8.00000000 	0.0000000000
1.50000000 -12.00000000 	0.0000000000
1.50000000 -11.50000000 	0.0000000000
1.50000000 -11.00000000 	0.0000000000
1.50000000 -10.50000000 	0.0000000000
1.50000000 -10.00000000 	0.0000000000
1.50000000 -9.50000000 	0.0000000000
1.50000000 -9.00000000 	0.0000000000
1.50000000 -8.50000000 	0.0000000000
1.50000000 -8.00000000 	0.0000000000
1.50000000 -7.50000000 	0.0000000000
1.50000000 -7.00000000 	0.0000000000
1.50000000 -6.50000000 	0.0000000000
1.50000000 -6.00000000 	0.0000000000
1.50000000 -5.50000000 	0.0000000000
1.50000000 -5.00000000 	0.0000000000
1.50000000 -4.50000000 	0.0000000000
1.50000000 -4.00000000 	0.0000000000
1.50000000 -3.50000000 	0.0000000000
1.50000000 -3.00000000 	0.0000000000
1.50000000 -2.50000000 	0.0000561928
1.50000000 -2.00000000 	0.0020770447
1.50000000 -1.50000000 	0.0324216163
1.50000000 -1.00000000 	0.2772985405
1.50000000 -0.50000000 	1.4068101635
1.50000000 0.00000000 	4.2410018109
1.50000000 0.50000000 	6.9073532455
1.50000000 1.00000000 	3.6093547540
1.50000000 1.50000000 	-4.8185381923
1.50000000 2.00000000 	-7.4393497028
1.50000000 2.50000000 	-3.4451382937
1.50000000 3.00000000 	-0.6613097299
1.50000000 3.50000000 	-0.0461048953
1.50000000 4.00000000 	0.0000000000
1.50000000 4.50000000 	0.0000000000
1.50000000 5.00000000 	0.0000000000
1.50000000 5.50000000 	0.0000000000
1.50000000 6.00000000 	0.0000000000
1.50000000 6.50000000 	0.0000000000
1.50000000 7.00000000 	0.0000000000
1.50000000 7.50000000 	0.0000000000
1.50000000 8.00000000 	0.0000000000
2.00000000 -12.00000000 	0.0000000000
2.00000000 -11.50000000 	0.0000000000
2.00000000 -11.00000000 	0.0000000000
2.00000000 -10.50000000 	0.0000000000
2.00000000 -10.00000000 	0.0000000000
2.00000000 -9.50000000 	0.0000000000
2.00000000 -9.00000000 	0.0000000000
2.00000000 -8.50000000 	0.0000000000
2.00000000 -8.00000000 	0.0000000000
2.00000000 -7.50000000 	0.0000000000
2.00000000 -7.00000000 	0.0000000000
2.00000000 -6.50000000 	0.0000000000
2.00000000 -6.00000000 	0.0000000000
2.00000000 -5.50000000 	0.0000000000
2.00000000 -5.00000000 	0.0000000000
2.00000000 -4.50000000 	0.0000000000
2.00000000 -4.00000000 	0.0000000000
2.00000000 -3.50000000 	0.0000000000
2.00000000 -3.00000000 	0.0000000000
2.00000000 -2.50000000 	0.0000000000
2.00000000 -2.00000000 	0.0000561928
2.00000000 -1.50000000 	0.0021085430
2.00000000 -1.00000000 	0.0336036148
2.00000000 -0.50000000 	0.2953978771
2.00000000 0.00000000 	1.5399426444
2.00000000 0.50000000 	4.6485460550
2.00000000 1.00000000 	6.7268544415
2.00000000 1.50000000 	0.2836565844
2.00000000 2.00000000 	-7.1503887643
2.00000000 2.50000000 	-5.0531306485
2.00000000 3.00000000 	-1.1771938573
2.00000000 3.50000000 	-0.0930133152
2.00000000 4.00000000 	0.0000000000
2.00000000 4.50000000 	0.0000000000
2.00000000 5.00000000 	0.0000000000
2.00000000 5.50000000 	0.0000000000
2.00000000 6.00000000 	0.0000000000
2.00000000 6.50000000 	0.0000000000
2.00000000 7.00000000 	0.0000000000
2.00000000 7.50000000 	0.0000000000
2.00000000 8.00000000 	0.0000000000
